t,Tpos,Tpro,Tneg,o2,test
0,0.0,0.0,10.0,100.0,0.0
60,0.0,0.0,9.919356208675563,997.7466006432419,0.0
120,0.0,0.0,9.842155734116565,999.6037174505357,0.0
180,0.0,0.0,9.768210482168081,1000.1994757643396,0.0
240,0.0,0.0,9.697345492318926,1000.5993795688287,0.0
300,0.0,0.0,9.629397809796727,999.1761799787929,0.0
360,0.0,0.0,9.5642154720624,998.4916195111409,0.0
420,0.0,0.0,9.501656596503258,999.6049212906963,0.0
480,0.0,0.0,9.441588557586508,1001.2338012988617,0.0
540,0.0,0.0,9.383887243492676,1000.3493862827826,0.0
600,0.0,0.0,9.328436383343055,1000.024187687741,0.0
660,0.0,0.0,9.275126937410441,997.8207618264937,0.0
720,0.0,0.0,9.223856543438194,999.3409886782804,0.0
780,0.0,0.0,9.174529013224488,1000.5613014734708,0.0
840,0.0,0.0,9.127053874152185,1000.7617295489215,0.0
900,0.0,0.0,9.08134595109077,999.9077608767593,0.0
960,0.0,0.0,9.037324984564814,999.160512755249,0.0
1020,0.0,0.0,8.994915281581214,999.0267574669546,0.0
1080,0.0,0.0,8.954045395890104,999.8700290353395,0.0
1140,0.0,0.0,8.914647834824098,1000.5833815954938,0.0
1200,0.0,0.0,8.876658790176808,1000.595328110123,0.0
1260,0.0,0.0,8.840017890843937,998.1327857918452,0.0
1320,0.0,0.0,8.804667975194551,999.0936237966106,0.0
1380,0.0,0.0,8.770554881385827,1000.0407371684178,0.0
1440,0.0,0.0,8.737627253951658,1000.3201339035041,0.0
1500,0.0,0.0,8.705836365235179,1001.2867244080755,0.0
1560,0.0,0.0,8.675135950348642,999.4704827422,0.0
1620,0.0,0.0,8.645482054455771,998.8978060915065,0.0
1680,0.0,0.0,8.616832891354722,999.9824955814893,0.0
1740,0.0,0.0,8.589148712358694,1000.1923621870513,0.0
1800,0.0,0.0,8.562391684625824,1001.1066213782522,0.0
1860,0.0,0.0,8.536525778154443,998.573784519922,0.0
1920,0.0,0.0,8.511516660712191,998.9329741873454,0.0
1980,0.0,0.0,8.487331600083925,998.9971153840186,0.0
2040,0.0,0.0,8.4639393730211,1000.2096583974562,0.0
2100,0.0,0.0,8.441310180378041,1000.5921801877453,0.0
2160,0.0,0.0,8.419415567942325,999.5672351405773,0.0
2220,0.0,0.0,8.398228352516252,999.8380186379885,0.0
2280,0.0,0.0,8.377722552852708,998.3536211532538,0.0
2340,0.0,0.0,8.357873325066057,999.6150420201847,0.0
2400,0.0,0.0,8.338656902192481,1001.3806847020098,0.0
2460,0.0,0.0,8.320050537584404,1000.2742571376863,0.0
2520,0.0,0.0,8.30203245185407,1000.086727455743,0.0
2580,0.0,0.0,8.284581783120219,998.6173947477886,0.0
2640,0.0,0.0,8.267678540304571,999.300700748995,0.0
2700,0.0,0.0,8.25130355927303,1000.5169242641236,0.0
2760,0.0,0.0,8.235438461612778,1000.7475855981943,0.0
2820,0.0,0.0,8.22006561586482,999.1781333899714,0.0
2880,0.0,0.0,8.205168101039435,999.3871446026906,0.0
2940,0.0,0.0,8.190729672263084,998.9292530707305,0.0
3000,0.0,0.0,8.176734728405819,1000.5866167278374,0.0
3060,0.0,0.0,8.163168281561136,1000.4945296237876,0.0
3120,0.0,0.0,8.150015928251682,1000.7484424132223,0.0
3180,0.0,0.0,8.137263822249938,997.7142643850755,0.0
3240,0.0,0.0,8.124898648904818,999.1506102896199,0.0
3300,0.0,0.0,8.11290760088228,1000.2130519039207,0.0
3360,0.0,0.0,8.101278355223716,1000.2592178907089,0.0
3420,0.0,0.0,8.089999051640856,1001.3792004398935,0.0
3480,0.0,0.0,8.07905827197204,999.4320533166356,0.0
3540,0.0,0.0,8.068445020720558,998.9454678010884,0.0
3600,0.0,0.0,8.058148706617608,999.5058036055317,0.0
3660,0.0,0.0,8.048159125138975,1000.2642409102714,0.0
3720,0.0,0.0,8.038466441922102,1000.3778908895617,0.0
3780,0.0,0.0,8.029061177027748,1000.332970849188,0.0
3840,0.0,0.0,8.019934189997073,997.9018122668102,0.0
3900,0.0,0.0,8.011076665655393,999.1674234594788,0.0
3960,0.0,0.0,8.002480100621648,1000.6592245767617,0.0
4020,0.0,0.0,7.99413629048003,1000.4432555387309,0.0
4080,0.0,0.0,7.986037317576212,1000.8835841064767,0.0
4140,0.0,0.0,7.978175539404735,997.3805979799968,0.0
4200,0.0,0.0,7.970543577550131,998.9846730744134,0.0
4260,0.0,0.0,7.963134307155557,999.8083774646442,0.0
4320,0.0,0.0,7.955940846885328,1001.3426865640146,0.0
4380,0.0,0.0,7.9489565493566525,1000.2727824621543,0.0
4440,0.0,0.0,7.9421749920137925,1000.0595883787972,0.0
4500,0.0,0.0,7.935589968421683,998.6316178611829,0.0
4560,0.0,0.0,7.92919547995504,999.3205727728892,0.0
4620,0.0,0.0,7.922985727863512,1000.5021295274364,0.0
4680,0.0,0.0,7.916955105691541,1000.7185611083245,0.0
4740,0.0,0.0,7.911098192035255,998.9596189039393,0.0
4800,0.0,0.0,7.905409743617986,999.4517624078608,0.0
4860,0.0,0.0,7.8998846886694905,999.0129152823469,0.0
4920,0.0,0.0,7.8945181205915205,999.9444753664623,0.0
4980,0.0,0.0,7.889305291896261,1001.5049350438258,0.0
5040,0.0,0.0,7.884241608404126,1000.0235325391195,0.0
5100,0.0,0.0,7.879322623686299,999.4908290936102,0.0
5160,0.0,0.0,7.874544033742486,998.8005714300048,0.0
5220,0.0,0.0,7.869901671899896,999.6988569552329,0.0
5280,0.0,0.0,7.865391503924058,1000.6593908634485,0.0
5340,0.0,0.0,7.86100962333057,1000.6867929751248,0.0
5400,0.0,0.0,7.856752246888529,998.6621211998499,0.0
5460,0.0,0.0,7.852615710305883,998.3292776768244,0.0
5520,0.0,0.0,7.848596464089164,999.3740229628615,0.0
5580,0.0,0.0,7.844691069568149,1001.6660828407865,0.0
5640,0.0,0.0,7.840896195078848,1000.0994529458687,0.0
5700,0.0,0.0,7.837208612296273,1000.3793297354231,0.0
5760,0.0,0.0,7.833625192711833,997.7295384043667,0.0
5820,0.0,0.0,7.830142904246755,999.2269739552167,0.0
5880,0.0,0.0,7.826758807997167,1000.7565092501432,0.0
5940,0.0,0.0,7.823470055103808,1000.3827256598321,0.0
6000,0.0,0.0,7.820273883740854,1000.941686413225,0.0
6060,0.0,0.0,7.81716761621956,999.0101220900614,0.0
6120,0.0,0.0,7.814148656200139,998.9153810383441,0.0
6180,0.0,0.0,7.811214486008799,999.987544341475,0.0
6240,0.0,0.0,7.808362664054023,1000.5572077625453,0.0
6300,0.0,0.0,7.805590822338624,999.9907311024757,0.0
6360,0.0,0.0,7.802896664063032,999.9743218389514,0.0
6420,0.0,0.0,7.80027796131641,998.1195315440484,0.0
6480,0.0,0.0,7.797732552851353,999.4305026627845,0.0
6540,0.0,0.0,7.795258341939159,1001.1110146312643,0.0
6600,0.0,0.0,7.792853294302099,1000.2179619326474,0.0
6660,0.0,0.0,7.790515436119202,1000.0756214751037,0.0
6720,0.0,0.0,7.788242852103365,998.4754449485567,0.0
6780,0.0,0.0,7.7860336836459245,999.5016971456838,0.0
6840,0.0,0.0,7.7838861270267525,999.9213632989744,0.0
6900,0.0,0.0,7.781798431686613,1001.6616274345906,0.0
6960,0.0,0.0,7.779768898559917,999.9586205236844,0.0
7020,0.0,0.0,7.777795878464649,999.5960076768097,0.0
7080,0.0,0.0,7.775877770548277,998.8483911172024,0.0
7140,0.0,0.0,7.774013020786473,999.7038495735675,0.0
7200,0.0,0.0,7.772200120533195,1000.6081369922706,0.0
7260,0.0,0.0,7.77043760511985,1000.6655040873922,0.0
7320,0.0,0.0,7.7687240525018275,998.3848242608541,0.0
7380,0.0,0.0,7.767058081950371,999.1486460135252,0.0
7440,0.0,0.0,7.765438352788423,999.7212220325225,0.0
7500,0.0,0.0,7.763863563168432,1000.2262118788635,0.0
7560,0.0,0.0,7.762332448890617,1001.3993706114746,0.0
7620,0.0,0.0,7.760843782260489,999.6630074682017,0.0
7680,0.0,0.0,7.759396370983569,999.0263564906612,0.0
7740,0.0,0.0,7.757989057096671,999.2070442217506,0.0
7800,0.0,0.0,7.756620715933783,1000.1015227214024,0.0
7860,0.0,0.0,7.7552902551256135,1001.5383702255649,0.0
7920,0.0,0.0,7.753996613631509,999.6315195324789,0.0
7980,0.0,0.0,7.7527387608024805,999.6799750947248,0.0
8040,0.0,0.0,7.751515695474456,998.6444291725785,0.0
8100,0.0,0.0,7.7503264450904075,999.9512009037782,0.0
8160,0.0,0.0,7.7491700648504995,1000.5842149887901,0.0
8220,0.0,0.0,7.748045636889259,999.7764052008579,0.0
8280,0.0,0.0,7.746952269478666,1000.0296331912754,0.0
8340,0.0,0.0,7.745889096256529,998.0940287810806,0.0
8400,0.0,0.0,7.744855275478966,999.4595187610561,0.0
8460,0.0,0.0,7.743849989296406,1001.2319851049572,0.0
8520,0.0,0.0,7.742872443052192,1000.3480297630036,0.0
8580,0.0,0.0,7.741921864602865,1000.3885380672235,0.0
8640,0.0,0.0,7.740997503659792,998.6656955240701,0.0
8700,0.0,0.0,7.740098631150908,999.1314221923005,0.0
8760,0.0,0.0,7.739224538602339,1000.3769263397849,0.0
8820,0.0,0.0,7.738374537538931,1000.7211350870872,0.0
8880,0.0,0.0,7.7375479589032015,999.4731336595383,0.0
8940,0.0,0.0,7.736744152492032,999.5767112886577,0.0
9000,0.0,0.0,7.735962486410595,998.616360307284,0.0
9060,0.0,0.0,7.735202346542838,1000.377273549656,0.0
9120,0.0,0.0,7.734463136038053,1000.4191758509253,0.0
9180,0.0,0.0,7.733744274812989,1001.0817020130144,0.0
9240,0.0,0.0,7.733045199068991,997.9501760132144,0.0
9300,0.0,0.0,7.732365360823631,999.2226882773858,0.0
9360,0.0,0.0,7.731704227456513,999.8544241364175,0.0
9420,0.0,0.0,7.731061281268602,1000.166137203062,0.0
9480,0.0,0.0,7.73043601905472,1001.5049458341706,0.0
9540,0.0,0.0,7.729827951688918,999.6273186299737,0.0
9600,0.0,0.0,7.729236603721998,999.0788489266679,0.0
9660,0.0,0.0,7.72866151299119,999.2685013092221,0.0
9720,0.0,0.0,7.728102230241263,1000.0935665135139,0.0
9780,0.0,0.0,7.727558318756916,1000.5060489834673,0.0
9840,0.0,0.0,7.727029354005974,1000.4711789274195,0.0
9900,0.0,0.0,7.726514923293154,997.9565476858958,0.0
9960,0.0,0.0,7.726014625423943,999.0959345720977,0.0
10020,0.0,0.0,7.725528070378433,1000.376687956256,0.0
10080,0.0,0.0,7.725054878994651,1000.4062512400122,0.0
10140,0.0,0.0,7.724594682661148,1001.0911295508237,0.0
10200,0.0,0.0,7.724147123018626,997.5424544656059,0.0
10260,0.0,0.0,7.723711851670177,998.9802839096932,0.0
10320,0.0,0.0,7.723288529900054,999.5486859530371,0.0
10380,0.0,0.0,7.722876828400542,1001.3861550634416,0.0
10440,0.0,0.0,7.722476427006773,1000.3357608922558,0.0
10500,0.0,0.0,7.722087014439236,1000.3612191038261,0.0
10560,0.0,0.0,7.721708288053727,998.6580472163903,0.0
10620,0.0,0.0,7.721339953598512,999.1752194048764,0.0
10680,0.0,0.0,7.720981724978521,1000.3869774592371,0.0
10740,0.0,0.0,7.720633324026318,1000.6928058200531,0.0
10800,0.0,0.0,7.720294480279649,999.2534325467975,0.0
10860,0.0,0.0,7.719964930765394,999.6190248056467,0.0
10920,0.0,0.0,7.719644419789713,998.6931899161766,0.0
10980,0.0,0.0,7.719332698734229,999.7947840113791,0.0
11040,0.0,0.0,7.719029525857992,1001.468681094602,0.0
11100,0.0,0.0,7.718734666105168,1000.1606313009657,0.0
11160,0.0,0.0,7.718447890918155,999.7540194643293,0.0
11220,0.0,0.0,7.718168978056083,998.6742285735191,0.0
11280,0.0,0.0,7.717897711418453,999.5071543497164,0.0
11340,0.0,0.0,7.717633880873816,1000.6195588342264,0.0
11400,0.0,0.0,7.717377282093299,1000.7362760349048,0.0
11460,0.0,0.0,7.717127716388886,999.013882156888,0.0
11520,0.0,0.0,7.7168849905562515,998.2127730931272,0.0
11580,0.0,0.0,7.716648916722092,999.2450733206954,0.0
11640,0.0,0.0,7.716419312195751,1001.4856662058971,0.0
11700,0.0,0.0,7.716195999325049,1000.2526908390952,0.0
11760,0.0,0.0,7.715978805356188,1000.5090822745435,0.0
11820,0.0,0.0,7.715767562297622,997.7218861492296,0.0
11880,0.0,0.0,7.715562106787748,999.1719620266572,0.0
11940,0.0,0.0,7.715362279966349,1000.4801448912369,0.0
12000,0.0,0.0,7.7151679273496585,1000.3543181055359,0.0
12060,0.0,0.0,7.714978898708911,1001.1482428014863,0.0
12120,0.0,0.0,7.714795047952353,999.1981933772004,0.0
12180,0.0,0.0,7.714616233010524,998.8875343406643,0.0
12240,0.0,0.0,7.714442315724811,999.771523325039,0.0
12300,0.0,0.0,7.714273161739085,1000.4412468501927,0.0
12360,0.0,0.0,7.7141086403944,1000.1990280491118,0.0
12420,0.0,0.0,7.713948624626632,1000.1443040659447,0.0
12480,0.0,0.0,7.713792990867006,997.9806636152533,0.0
12540,0.0,0.0,7.713641618945378,999.2909919596784,0.0
12600,0.0,0.0,7.7134943919962415,1000.9179160322412,0.0
12660,0.0,0.0,7.713351196367367,1000.453336395632,0.0
12720,0.0,0.0,7.7132119215309665,1000.2102250733951,0.0
12780,0.0,0.0,7.713076459997371,998.618807557152,0.0
12840,0.0,0.0,7.712944707231098,999.1088342624371,0.0
12900,0.0,0.0,7.712816561569266,999.7842669735545,0.0
12960,0.0,0.0,7.712691924142279,1001.6396851401969,0.0
13020,0.0,0.0,7.712570698796733,1000.0867023076689,0.0
13080,0.0,0.0,7.71245279202045,999.8514470656288,0.0
13140,0.0,0.0,7.712338112869619,998.7179634639252,0.0
13200,0.0,0.0,7.712226572897947,999.5272978842271,0.0
13260,0.0,0.0,7.712118086087796,1000.5911543745228,0.0
13320,0.0,0.0,7.712012568783218,1000.7089210132873,0.0
13380,0.0,0.0,7.711909939624873,998.6557133566904,0.0
13440,0.0,0.0,7.711810119486721,999.2586585693241,0.0
13500,0.0,0.0,7.711713031414509,999.397398632147,0.0
13560,0.0,0.0,7.71161860056594,1000.1122210888956,0.0
13620,0.0,0.0,7.711526754152503,1001.4654467571208,0.0
13680,0.0,0.0,7.711437421382936,999.8411667830667,0.0
13740,0.0,0.0,7.7113505334082255,999.2077191286795,0.0
13800,0.0,0.0,7.711266023268156,999.0004450101135,0.0
13860,0.0,0.0,7.711183825839331,999.923060619497,0.0
13920,0.0,0.0,7.711103877784631,1001.6654072194601,0.0
13980,0.0,0.0,7.711026117504069,999.8287999251932,0.0
14040,0.0,0.0,7.710950485087013,999.8860834820517,0.0
14100,0.0,0.0,7.71087692226572,998.2682517132044,0.0
14160,0.0,0.0,7.710805372370169,999.7606342832663,0.0
14220,0.0,0.0,7.710735780284131,1000.4704564262942,0.0
14280,0.0,0.0,7.710668092402455,1000.0064927259979,0.0
14340,0.0,0.0,7.710602256589534,1000.179729576547,0.0
14400,0.0,0.0,7.710538222138927,997.9275851837222,0.0
14460,0.0,0.0,7.71047593973408,999.3353320713959,0.0
14520,0.0,0.0,7.710415361410146,1001.0447894892568,0.0
14580,0.0,0.0,7.710356440516854,1000.3874667853718,0.0
14640,0.0,0.0,7.710299131682395,1000.6387017598804,0.0
14700,0.0,0.0,7.710243390778315,998.8011002908688,0.0
14760,0.0,0.0,7.710189174885375,999.0070596784727,0.0
14820,0.0,0.0,7.710136442260341,1000.2172191036507,0.0
14880,0.0,0.0,7.710085152303704,1000.6685300318842,0.0
14940,0.0,0.0,7.710035265528279,999.7332050282351,0.0
15000,0.0,0.0,7.709986743528678,999.7505190252126,0.0
15060,0.0,0.0,7.709939548951613,998.3671700479987,0.0
15120,0.0,0.0,7.709893645467029,1000.1446025547533,0.0
15180,0.0,0.0,7.709848997740029,1000.3301258761214,0.0
15240,0.0,0.0,7.709805571403559,1001.3421699621588,0.0
15300,0.0,0.0,7.709763333031864,998.2238739404993,0.0
15360,0.0,0.0,7.709722250114657,999.3309869415281,0.0
15420,0.0,0.0,7.70968229103202,999.5113149885257,0.0
15480,0.0,0.0,7.709643425029976,1000.0644101150908,0.0
15540,0.0,0.0,7.70960562219673,1001.5688108545604,0.0
15600,0.0,0.0,7.7095688534396,999.7952569751266,0.0
15660,0.0,0.0,7.709533090462528,999.2542085254528,0.0
15720,0.0,0.0,7.709498305744253,999.0629643516492,0.0
15780,0.0,0.0,7.709464472517059,999.9267731850603,0.0
15840,0.0,0.0,7.709431564746125,1000.5849925560061,0.0
15900,0.0,0.0,7.709399557109431,1000.574242260508,0.0
15960,0.0,0.0,7.709368424978219,998.128955651334,0.0
16020,0.0,0.0,7.709338144397987,999.074266322205,0.0
16080,0.0,0.0,7.709308692070015,1000.0875740420696,0.0
16140,0.0,0.0,7.709280045333391,1000.3461296958521,0.0
16200,0.0,0.0,7.709252182147526,1001.2437577948477,0.0
16260,0.0,0.0,7.709225081075165,999.4382855071408,0.0
16320,0.0,0.0,7.709198721265852,998.8709383642089,0.0
16380,0.0,0.0,7.709173082439843,1000.0125732841408,0.0
16440,0.0,0.0,7.709148144872485,1000.2199122699838,0.0
16500,0.0,0.0,7.709123889378995,1001.1029302165061,0.0
16560,0.0,0.0,7.7091002972996785,998.5766303174456,0.0
16620,0.0,0.0,7.709077350485536,998.9047134688859,0.0
16680,0.0,0.0,7.709055031284289,999.0086249702035,0.0
16740,0.0,0.0,7.70903332252676,1000.2346008443144,0.0
16800,0.0,0.0,7.70901220751364,1000.610916943875,0.0
16860,0.0,0.0,7.7089916700026295,999.5593615467325,0.0
16920,0.0,0.0,7.708971694195917,999.8033209155631,0.0
16980,0.0,0.0,7.708952264728006,998.389434227717,0.0
17040,0.0,0.0,7.708933366653874,999.6338120352568,0.0
17100,0.0,0.0,7.708914985437465,1001.3786607419794,0.0
17160,0.0,0.0,7.7088971069404755,1000.2726742554064,0.0
17220,0.0,0.0,7.7088797174114845,1000.0440018268397,0.0
17280,0.0,0.0,7.708862803475343,998.6150959470391,0.0
17340,0.0,0.0,7.70884635212288,999.317002554879,0.0
17400,0.0,0.0,7.708830350700878,1000.5300748587571,0.0
17460,0.0,0.0,7.708814786902331,1000.752145056114,0.0
17520,0.0,0.0,7.7087996487569646,999.407257592641,0.0
17580,0.0,0.0,7.708784924622018,998.1949820353065,0.0
17640,0.0,0.0,7.708770603173277,999.1427348251797,0.0
17700,0.0,0.0,7.708756673396355,1001.2420846539087,0.0
17760,0.0,0.0,7.708743124578211,1000.3618422999567,0.0
17820,0.0,0.0,7.708729946298904,1000.6184874719792,0.0
17880,0.0,0.0,7.708717128423563,997.8344738381674,0.0
17940,0.0,0.0,7.708704661094591,999.167947120464,0.0
18000,0.0,0.0,7.708692534724071,1000.1658233680572,0.0
18060,0.0,0.0,7.708680739986394,1000.2936787747994,0.0
18120,0.0,0.0,7.7086692678110635,1001.3266595016407,0.0
18180,0.0,0.0,7.708658109375732,999.3969710069949,0.0
18240,0.0,0.0,7.708647256099393,998.925648707563,0.0
18300,0.0,0.0,7.708636699635784,999.5373642453562,0.0
18360,0.0,0.0,7.708626431866966,1000.2964253122755,0.0
18420,0.0,0.0,7.708616444897068,1000.3734390438015,0.0
18480,0.0,0.0,7.708606731046211,1000.305973908453,0.0
18540,0.0,0.0,7.708597282844602,997.9207043828884,0.0
18600,0.0,0.0,7.708588093026784,999.1732270439896,0.0
18660,0.0,0.0,7.7085791545260385,1000.6805008850125,0.0
18720,0.0,0.0,7.708570460468952,1000.4555299332857,0.0
18780,0.0,0.0,7.708562004170126,1000.8420389616753,0.0
18840,0.0,0.0,7.708553779127038,997.4163726152243,0.0
18900,0.0,0.0,7.7085457790150205,998.9809009707108,0.0
18960,0.0,0.0,7.70853799768242,999.8382429117531,0.0
19020,0.0,0.0,7.708530429145837,1001.3262769165968,0.0
19080,0.0,0.0,7.708523067585546,1000.2722023072096,0.0
19140,0.0,0.0,7.708515907340993,1000.0129457692283,0.0
19200,0.0,0.0,7.70850894290647,998.6305407278545,0.0
19260,0.0,0.0,7.708502168926848,999.3350614157642,0.0
19320,0.0,0.0,7.7084955801934765,1000.5149169754699,0.0
19380,0.0,0.0,7.708489171640168,1000.7239869113222,0.0
19440,0.0,0.0,7.70848293833931,998.9595860158549,0.0
19500,0.0,0.0,7.708476875498068,999.4256363671764,0.0
19560,0.0,0.0,7.708470978454682,999.0355148647278,0.0
19620,0.0,0.0,7.708465242674916,999.9598063282804,0.0
19680,0.0,0.0,7.708459663748536,1001.4928288508261,0.0
19740,0.0,0.0,7.708454237385936,1000.0181681806691,0.0
19800,0.0,0.0,7.708448959414842,999.4642901148558,0.0
19860,0.0,0.0,7.708443825777077,998.8067586328744,0.0
19920,0.0,0.0,7.708438832525467,999.7128247765917,0.0
19980,0.0,0.0,7.708433975820791,1001.745790943401,0.0
20040,0.0,0.0,7.70842925192883,1000.0129178251492,0.0
20100,0.0,0.0,7.708424657217499,1000.1259182256392,0.0
20160,0.0,0.0,7.708420188154044,997.8918357915906,0.0
20220,0.0,0.0,7.708415841302332,999.5351122222994,0.0
20280,0.0,0.0,7.708411613320217,1000.3144462530464,0.0
20340,0.0,0.0,7.708407500956944,1000.2124039269075,0.0
20400,0.0,0.0,7.708403501050668,1000.3331168828221,0.0
20460,0.0,0.0,7.708399610526025,997.8219772549509,0.0
20520,0.0,0.0,7.708395826391749,999.2267787092177,0.0
20580,0.0,0.0,7.7083921457383875,1000.799492715211,0.0
20640,0.0,0.0,7.708388565736058,1000.3928481328513,0.0
20700,0.0,0.0,7.708385083632272,1000.8974715613577,0.0
20760,0.0,0.0,7.708381696749811,998.9858017532277,0.0
20820,0.0,0.0,7.708378402484689,998.9146032042536,0.0
20880,0.0,0.0,7.708375198304119,1000.0115849581629,0.0
20940,0.0,0.0,7.708372081744593,1000.5765463172162,0.0
21000,0.0,0.0,7.708369050409967,999.9844313601197,0.0
21060,0.0,0.0,7.7083661019696335,999.944580894753,0.0
21120,0.0,0.0,7.708363234156719,998.1456962061151,0.0
21180,0.0,0.0,7.708360444766349,999.8613828279366,0.0
21240,0.0,0.0,7.708357731653941,1000.2072599901146,0.0
21300,0.0,0.0,7.708355092733568,1001.5843585628398,0.0
21360,0.0,0.0,7.70835252597634,998.525675591173,0.0
21420,0.0,0.0,7.708350029408865,999.4828398175115,0.0
21480,0.0,0.0,7.708347601111713,999.1393883909906,0.0
21540,0.0,0.0,7.708345239217942,999.9353106720952,0.0
21600,0.0,0.0,7.708342941911668,1001.5933566189184,0.0
21660,0.0,0.0,7.708340707426669,999.9571435382559,0.0
21720,0.0,0.0,7.708338534045018,999.4916631593123,0.0
21780,0.0,0.0,7.708336420095782,998.8716970827753,0.0
21840,0.0,0.0,7.708334363953711,999.7390106360039,0.0
21900,0.0,0.0,7.7083323640380055,1000.6186558136204,0.0
21960,0.0,0.0,7.7083304188110935,1000.6573617417307,0.0
22020,0.0,0.0,7.708328526777455,998.3743604387047,0.0
22080,0.0,0.0,7.708326686482472,999.1173755303274,0.0
22140,0.0,0.0,7.708324896511293,999.7627898414978,0.0
22200,0.0,0.0,7.708323155487768,1000.2517276144731,0.0
22260,0.0,0.0,7.708321462073379,1001.3684516721752,0.0
22320,0.0,0.0,7.7083198149662095,999.6391074985094,0.0
22380,0.0,0.0,7.708318212899945,998.9920744333602,0.0
22440,0.0,0.0,7.708316654642905,999.5960040615215,0.0
22500,0.0,0.0,7.708315138997092,1000.0936815919742,0.0
22560,0.0,0.0,7.708313664797263,1001.089183204194,0.0
22620,0.0,0.0,7.70831223091005,998.9891179428099,0.0
22680,0.0,0.0,7.708310836233068,999.0731153615011,0.0
22740,0.0,0.0,7.708309479694087,998.9090929897737,0.0
22800,0.0,0.0,7.708308160250192,1000.0510614786245,0.0
22860,0.0,0.0,7.708306876886994,1000.5244005424963,0.0
22920,0.0,0.0,7.70830562861784,999.8171574591729,0.0
22980,0.0,0.0,7.708304414483061,999.9760041141466,0.0
23040,0.0,0.0,7.708303233549228,998.1448636377171,0.0
23100,0.0,0.0,7.708302084908438,999.4863825467537,0.0
23160,0.0,0.0,7.708300967677619,1001.2410175094789,0.0
23220,0.0,0.0,7.708299880997844,1000.3496924292843,0.0
23280,0.0,0.0,7.708298824033682,1000.3173364408848,0.0
23340,0.0,0.0,7.708297795972538,998.6454247121619,0.0
23400,0.0,0.0,7.70829679602404,999.1544037728457,0.0
23460,0.0,0.0,7.70829582341944,1000.4042688465524,0.0
23520,0.0,0.0,7.708294877410998,1000.7345781051289,0.0
23580,0.0,0.0,7.708293957271428,999.7981193579527,0.0
23640,0.0,0.0,7.708293062293333,998.3043968421446,0.0
23700,0.0,0.0,7.708292191788662,999.0833318438692,0.0
23760,0.0,0.0,7.708291345088178,1000.9495908965856,0.0
23820,0.0,0.0,7.70829052154094,1000.4234508843422,0.0
23880,0.0,0.0,7.708289720513815,1000.695268502166,0.0
23940,0.0,0.0,7.708288941390973,998.0643023073155,0.0
24000,0.0,0.0,7.70828818357344,999.2229179891755,0.0
24060,0.0,0.0,7.70828744647861,999.842466831875,0.0
24120,0.0,0.0,7.7082867295398145,1000.2114730709689,0.0
24180,0.0,0.0,7.708286032205875,1001.453708237558,0.0
24240,0.0,0.0,7.708285353940688,999.5842309090586,0.0
24300,0.0,0.0,7.708284694222815,999.0338484981813,0.0
24360,0.0,0.0,7.708284052545069,999.31151436612,0.0
24420,0.0,0.0,7.708283428414137,1000.1393325728158,0.0
24480,0.0,0.0,7.708282821350196,1000.5025895489639,0.0
24540,0.0,0.0,7.708282230886543,1000.4416652610065,0.0
24600,0.0,0.0,7.708281656569236,997.9643234925074,0.0
24660,0.0,0.0,7.708281097956748,999.0939117093484,0.0
24720,0.0,0.0,7.708280554619626,1000.4169609091214,0.0
24780,0.0,0.0,7.708280026140159,1000.4273082519958,0.0
24840,0.0,0.0,7.708279512112057,1001.0401161245186,0.0
24900,0.0,0.0,7.708279012140151,997.569019070628,0.0
24960,0.0,0.0,7.708278525840062,998.9629257362208,0.0
25020,0.0,0.0,7.708278052837935,999.5921973561061,0.0
25080,0.0,0.0,7.708277592770133,1001.3677981622792,0.0
25140,0.0,0.0,7.708277145282962,1000.3386856201344,0.0
25200,0.0,0.0,7.7082767100324,1000.2956581360223,0.0
25260,0.0,0.0,7.708276286683835,998.6440302517198,0.0
25320,0.0,0.0,7.7082758749118,999.1912980546838,0.0
25380,0.0,0.0,7.708275474399739,1000.4084621921236,0.0
25440,0.0,0.0,7.708275084839743,1000.7049943779754,0.0
25500,0.0,0.0,7.708274705932319,999.2445491453232,0.0
25560,0.0,0.0,7.708274337386176,999.5825864400657,0.0
25620,0.0,0.0,7.70827397891798,998.7298381873757,0.0
25680,0.0,0.0,7.7082736302521475,999.8164974587122,0.0
25740,0.0,0.0,7.708273291120631,1001.4601439684319,0.0
25800,0.0,0.0,7.70827296126271,1000.1538871478932,0.0
25860,0.0,0.0,7.708272640424799,999.712477845359,0.0
25920,0.0,0.0,7.7082723283602474,998.6804261291437,0.0
25980,0.0,0.0,7.708272024829139,999.5274868676571,0.0
26040,0.0,0.0,7.708271729598128,1001.7388270700934,0.0
26100,0.0,0.0,7.708271442440245,1000.1533890543842,0.0
26160,0.0,0.0,7.708271163134733,1000.3268402124637,0.0
26220,0.0,0.0,7.708270891466861,997.6158180601713,0.0
26280,0.0,0.0,7.708270627227781,999.3313552665314,0.0
26340,0.0,0.0,7.70827037021435,1000.1591713860013,0.0
26400,0.0,0.0,7.708270120228979,1000.3656923829286,0.0
26460,0.0,0.0,7.708269877079488,1000.4497247821614,0.0
26520,0.0,0.0,7.708269640578946,997.8261329251483,0.0
26580,0.0,0.0,7.708269410545542,999.1605277228472,0.0
26640,0.0,0.0,7.708269186802425,1000.5372141044361,0.0
26700,0.0,0.0,7.708268969177586,1000.3714594458779,0.0
26760,0.0,0.0,7.708268757503721,1001.0982042504944,0.0
26820,0.0,0.0,7.708268551618103,999.1674406027529,0.0
26880,0.0,0.0,7.708268351362445,998.8765598025539,0.0
26940,0.0,0.0,7.7082681565828,999.8032387045962,0.0
27000,0.0,0.0,7.708267967129425,1000.4685033966274,0.0
27060,0.0,0.0,7.7082677828566695,1000.1908576312753,0.0
27120,0.0,0.0,7.708267603622872,1000.1116196655953,0.0
27180,0.0,0.0,7.70826742929024,998.0072298658406,0.0
27240,0.0,0.0,7.70826725972475,999.3050552572925,0.0
27300,0.0,0.0,7.708267094796046,1000.9326611836063,0.0
27360,0.0,0.0,7.708266934377331,1000.4509445306077,0.0
27420,0.0,0.0,7.708266778345284,1000.1935511987234,0.0
27480,0.0,0.0,7.708266626579945,998.5988178808846,0.0
27540,0.0,0.0,7.708266478964644,999.135875483409,0.0
27600,0.0,0.0,7.708266335385895,999.8048276534747,0.0
27660,0.0,0.0,7.708266195733319,1001.624931996456,0.0
27720,0.0,0.0,7.708266059899557,1000.0811224824268,0.0
27780,0.0,0.0,7.708265927780182,999.8086671048551,0.0
27840,0.0,0.0,7.70826579927362,998.7243037149676,0.0
27900,0.0,0.0,7.708265674281082,999.5457874438467,0.0
27960,0.0,0.0,7.708265552706473,1000.6010201902145,0.0
28020,0.0,0.0,7.708265434456335,1000.7091765600178,0.0
28080,0.0,0.0,7.708265319439755,998.6565998663206,0.0
28140,0.0,0.0,7.70826520756831,999.2348442502255,0.0
28200,0.0,0.0,7.708265098756004,999.4176678326578,0.0
28260,0.0,0.0,7.708264992919178,1000.1274827772959,0.0
28320,0.0,0.0,7.7082648899764665,1001.4497443405879,0.0
28380,0.0,0.0,7.708264789848733,999.832961024606,0.0
28440,0.0,0.0,7.708264692459001,999.1848608935757,0.0
28500,0.0,0.0,7.708264597732395,999.1547993748812,0.0
28560,0.0,0.0,7.708264505596096,999.9393587393693,0.0
28620,0.0,0.0,7.708264415979271,1001.0328866459976,0.0
28680,0.0,0.0,7.708264328813026,999.4144835800251,0.0
28740,0.0,0.0,7.708264244030349,999.2600281739697,0.0
28800,0.0,0.0,7.708264161566061,998.8588330182637,0.0
28860,0.0,0.0,7.7082640813567656,999.8364457212066,0.0
28920,0.0,0.0,7.708264003340801,1000.4080468588708,0.0
28980,0.0,0.0,7.708263927458182,1000.0496819110264,0.0
29040,0.0,0.0,7.70826385365058,1000.1465695441374,0.0
29100,0.0,0.0,7.708263781861255,997.9536086925818,0.0
29160,0.0,0.0,7.708263712035012,999.3488679243115,0.0
29220,0.0,0.0,7.708263644118175,1001.0538901350043,0.0
29280,0.0,0.0,7.708263578058528,1000.3951035109855,0.0
29340,0.0,0.0,7.708263513805288,1000.5884959311766,0.0
29400,0.0,0.0,7.708263451309054,998.7782758798726,0.0
29460,0.0,0.0,7.708263390521785,999.0163010116885,0.0
29520,0.0,0.0,7.708263331396749,1000.2383299383382,0.0
29580,0.0,0.0,7.70826327388849,1000.6829621954093,0.0
29640,0.0,0.0,7.7082632179528,999.7253203390927,0.0
29700,0.0,0.0,7.708263163546675,999.7188997956285,0.0
29760,0.0,0.0,7.708263110628289,998.395209714205,0.0
29820,0.0,0.0,7.708263059156961,1000.1604484509597,0.0
29880,0.0,0.0,7.708263009093117,1000.3490268859051,0.0
29940,0.0,0.0,7.7082629603982715,1001.3006267843127,0.0
30000,0.0,0.0,7.708262913034992,998.2366376982435,0.0
30060,0.0,0.0,7.708262866966864,999.3037043165084,0.0
30120,0.0,0.0,7.708262822158471,999.5349933661475,0.0
30180,0.0,0.0,7.7082627785753655,1000.0806843463268,0.0
30240,0.0,0.0,7.708262736184044,1001.5498362996561,0.0
30300,0.0,0.0,7.708262694951915,999.7861823629229,0.0
30360,0.0,0.0,7.7082626548472835,999.2284017938808,0.0
30420,0.0,0.0,7.708262615839313,999.0731257656921,0.0
30480,0.0,0.0,7.708262577898019,999.9425667423656,0.0
30540,0.0,0.0,7.708262540994231,1000.5903518992413,0.0
30600,0.0,0.0,7.708262505099578,1000.56782556431,0.0
30660,0.0,0.0,7.708262470186467,998.1368447706499,0.0
30720,0.0,0.0,7.7082624362280585,999.0650304544304,0.0
30780,0.0,0.0,7.708262403198244,1000.0962437694602,0.0
30840,0.0,0.0,7.708262371071633,1000.356527906889,0.0
30900,0.0,0.0,7.708262339823525,1001.226799128086,0.0
30960,0.0,0.0,7.7082623094299,997.8555621548863,0.0
31020,0.0,0.0,7.708262279867391,999.0305942891673,0.0
31080,0.0,0.0,7.708262251113272,999.319996398948,0.0
31140,0.0,0.0,7.708262223145433,1001.3432321079449,0.0
31200,0.0,0.0,7.708262195942378,1000.3752221019214,0.0
31260,0.0,0.0,7.708262169483192,1000.6078342746928,0.0
31320,0.0,0.0,7.7082621437475325,998.7700012770149,0.0
31380,0.0,0.0,7.708262118715616,999.0641391564889,0.0
31440,0.0,0.0,7.708262094368199,1000.2493647786832,0.0
31500,0.0,0.0,7.708262070686564,1000.6484475103313,0.0
31560,0.0,0.0,7.708262047652504,999.5360377008041,0.0
31620,0.0,0.0,7.708262025248311,999.7696228802891,0.0
31680,0.0,0.0,7.708262003456763,998.4247519112147,0.0
31740,0.0,0.0,7.708261982261106,999.6533714907112,0.0
31800,0.0,0.0,7.7082619616450465,1001.3769886055802,0.0
31860,0.0,0.0,7.708261941592736,1000.2702407498203,0.0
31920,0.0,0.0,7.708261922088751,1000.0016333983671,0.0
31980,0.0,0.0,7.7082619031181085,998.6136355588027,0.0
32040,0.0,0.0,7.70826188466622,999.3340745265436,0.0
32100,0.0,0.0,7.708261866718899,1001.6690971019417,0.0
32160,0.0,0.0,7.70826184926235,1000.2646185120711,0.0
32220,0.0,0.0,7.708261832283148,1000.5337826947888,0.0
32280,0.0,0.0,7.708261815768245,997.3951131967663,0.0
32340,0.0,0.0,7.708261799704943,999.1234078383096,0.0
32400,0.0,0.0,7.708261784080891,999.9743447551566,0.0
32460,0.0,0.0,7.708261768884081,1000.478552807744,0.0
32520,0.0,0.0,7.708261754102826,1000.552466708041,0.0
32580,0.0,0.0,7.708261739725767,997.9416930047308,0.0
32640,0.0,0.0,7.70826172574185,999.139984920947,0.0
32700,0.0,0.0,7.708261712140321,1000.2287799366684,0.0
32760,0.0,0.0,7.70826169891073,1000.3156269418155,0.0
32820,0.0,0.0,7.708261686042903,1001.2815866841864,0.0
32880,0.0,0.0,7.708261673526946,999.3675977582217,0.0
32940,0.0,0.0,7.708261661353241,998.9010934776425,0.0
33000,0.0,0.0,7.708261649512425,999.5691213106063,0.0
33060,0.0,0.0,7.708261637995397,1000.326748042655,0.0
33120,0.0,0.0,7.708261626793301,1000.3687753109787,0.0
33180,0.0,0.0,7.708261615897527,1000.2781442980342,0.0
33240,0.0,0.0,7.7082616052997,997.9395138312309,0.0
33300,0.0,0.0,7.708261594991671,999.1804664027071,0.0
33360,0.0,0.0,7.708261584965515,1000.7009287002251,0.0
33420,0.0,0.0,7.708261575213524,1000.6401618843714,0.0
33480,0.0,0.0,7.708261565728204,1000.3156963764247,0.0
33540,0.0,0.0,7.708261556502259,998.8215749784433,0.0
33600,0.0,0.0,7.708261547528597,998.7434609572612,0.0
33660,0.0,0.0,7.708261538800321,999.6584687475815,0.0
33720,0.0,0.0,7.708261530310723,1001.5574719962533,0.0
33780,0.0,0.0,7.708261522053274,1000.1901466653751,0.0
33840,0.0,0.0,7.708261514021621,1000.0837530380479,0.0
33900,0.0,0.0,7.708261506209596,998.6467845884101,0.0
33960,0.0,0.0,7.708261498611191,999.3698456135323,0.0
34020,0.0,0.0,7.708261491220565,1000.5396248599255,0.0
34080,0.0,0.0,7.708261484032036,1000.7271271726933,0.0
34140,0.0,0.0,7.708261477040077,998.9438352732993,0.0
34200,0.0,0.0,7.708261470239314,999.3766131493395,0.0
34260,0.0,0.0,7.708261463624518,999.0899839239476,0.0
34320,0.0,0.0,7.708261457190603,999.9920112170992,0.0
34380,0.0,0.0,7.708261450932626,1001.4748405576612,0.0
34440,0.0,0.0,7.708261444845772,999.9996047147184,0.0
34500,0.0,0.0,7.708261438925365,999.4096291207948,0.0
34560,0.0,0.0,7.708261433166849,998.7326871659701,0.0
34620,0.0,0.0,7.708261427565802,999.7780924149002,0.0
34680,0.0,0.0,7.708261422117915,1000.9403554707576,0.0
34740,0.0,0.0,7.708261416819002,999.8185752000184,0.0
34800,0.0,0.0,7.708261411664989,999.441601879693,0.0
34860,0.0,0.0,7.708261406651913,998.8691354147679,0.0
34920,0.0,0.0,7.70826140177592,999.6156905515572,0.0
34980,0.0,0.0,7.708261397033259,1000.2766542335897,0.0
35040,0.0,0.0,7.708261392420288,1000.2409457391095,0.0
35100,0.0,0.0,7.708261387933459,1000.2949913981123,0.0
35160,0.0,0.0,7.708261383569317,997.8465153298907,0.0
35220,0.0,0.0,7.708261379324518,999.2388170946414,0.0
35280,0.0,0.0,7.708261375195793,1000.8307801712425,0.0
35340,0.0,0.0,7.708261371179967,1000.4087321376014,0.0
35400,0.0,0.0,7.708261367273954,1000.8273572574583,0.0
35460,0.0,0.0,7.708261363474753,998.9467160707914,0.0
35520,0.0,0.0,7.708261359779441,998.9196287717181,0.0
35580,0.0,0.0,7.7082613561851785,1000.0493668820351,0.0
35640,0.0,0.0,7.708261352689199,1000.6041391748153,0.0
35700,0.0,0.0,7.708261349288817,999.9669833248837,0.0
35760,0.0,0.0,7.70826134598142,999.8991940566267,0.0
35820,0.0,0.0,7.708261342764463,998.185777825888,0.0
35880,0.0,0.0,7.708261339635474,999.8960583622148,0.0
35940,0.0,0.0,7.708261336592048,1000.2385131006706,0.0
36000,0.0,0.0,7.7082613336318415,1001.5240876559004,0.0
36060,0.0,0.0,7.708261330752585,998.5277105347016,0.0
36120,0.0,0.0,7.708261327952063,999.4392893942489,0.0
36180,0.0,0.0,7.708261325228121,999.1868760490987,0.0
36240,0.0,0.0,7.708261322578664,999.9611293991607,0.0
36300,0.0,0.0,7.7082613200016565,1001.5741425325731,0.0
36360,0.0,0.0,7.708261317495117,999.9431030288561,0.0
36420,0.0,0.0,7.708261315057118,999.4447130429755,0.0
36480,0.0,0.0,7.708261312685789,998.8882435042726,0.0
36540,0.0,0.0,7.708261310379302,999.7653673570932,0.0
36600,0.0,0.0,7.7082613081358895,1000.6265477115963,0.0
36660,0.0,0.0,7.70826130595382,1000.6505988040071,0.0
36720,0.0,0.0,7.708261303831423,998.3725270748274,0.0
36780,0.0,0.0,7.70826130176706,999.0956523090637,0.0
36840,0.0,0.0,7.708261299759147,999.7887573888074,0.0
36900,0.0,0.0,7.708261297806141,1000.2699496838098,0.0
36960,0.0,0.0,7.708261295906541,1001.3452053899055,0.0
37020,0.0,0.0,7.708261294058885,998.1808669459681,0.0
37080,0.0,0.0,7.708261292261754,999.149381675494,0.0
37140,0.0,0.0,7.708261290513766,999.08800654174,0.0
37200,0.0,0.0,7.708261288813576,1001.2449025400397,0.0
37260,0.0,0.0,7.708261287159876,1000.382380880402,0.0
37320,0.0,0.0,7.708261285551394,1000.8627122238149,0.0
37380,0.0,0.0,7.708261283986901,998.9291616874661,0.0
37440,0.0,0.0,7.708261282465188,998.9840793385929,0.0
37500,0.0,0.0,7.708261280985088,1000.0756403296961,0.0
37560,0.0,0.0,7.708261279545459,1000.5720608124435,0.0
37620,0.0,0.0,7.708261278145197,999.7902378529797,0.0
37680,0.0,0.0,7.708261276783223,999.9348687563026,0.0
37740,0.0,0.0,7.7082612754584945,998.1891847094523,0.0
37800,0.0,0.0,7.70826127416999,999.5086585805465,0.0
37860,0.0,0.0,7.708261272916721,1001.2492181965977,0.0
37920,0.0,0.0,7.70826127169772,1000.3502352680354,0.0
37980,0.0,0.0,7.708261270512055,1000.2619673654856,0.0
38040,0.0,0.0,7.708261269358811,998.6317852822024,0.0
38100,0.0,0.0,7.708261268237103,999.173169309432,0.0
38160,0.0,0.0,7.708261267146067,1000.4252009485363,0.0
38220,0.0,0.0,7.708261266084868,1000.7445291551697,0.0
38280,0.0,0.0,7.708261265052687,999.7657383853707,0.0
38340,0.0,0.0,7.70826126404873,998.297760429477,0.0
38400,0.0,0.0,7.708261263072226,999.0781666317699,0.0
38460,0.0,0.0,7.708261262122425,1000.9530162964094,0.0
38520,0.0,0.0,7.708261261198596,1000.4354975624258,0.0
38580,0.0,0.0,7.708261260300032,1000.6888377799337,0.0
38640,0.0,0.0,7.708261259426037,998.0707003573741,0.0
38700,0.0,0.0,7.708261258575942,999.1987798264965,0.0
38760,0.0,0.0,7.708261257749093,999.8673323756981,0.0
38820,0.0,0.0,7.708261256944855,1000.228594301852,0.0
38880,0.0,0.0,7.708261256162605,1001.4281729112985,0.0
38940,0.0,0.0,7.708261255401745,999.5703064632819,0.0
39000,0.0,0.0,7.708261254661697,999.0114111351338,0.0
39060,0.0,0.0,7.708261253941881,999.3260244054386,0.0
39120,0.0,0.0,7.708261253241749,1000.1575220236347,0.0
39180,0.0,0.0,7.708261252560762,1000.505813793872,0.0
39240,0.0,0.0,7.7082612518983975,1000.4296580382343,0.0
39300,0.0,0.0,7.708261251254146,997.974420734099,0.0
39360,0.0,0.0,7.708261250627512,999.0908897527864,0.0
39420,0.0,0.0,7.708261250018012,1000.4261602732809,0.0
39480,0.0,0.0,7.708261249425178,1000.7753429839152,0.0
39540,0.0,0.0,7.708261248848557,1000.414560838212,0.0
39600,0.0,0.0,7.7082612482877035,999.1161667109873,0.0
39660,0.0,0.0,7.708261247742187,998.3642094463397,0.0
39720,0.0,0.0,7.7082612472115875,999.5122126409964,0.0
39780,0.0,0.0,7.708261246695499,1001.4348796213119,0.0
39840,0.0,0.0,7.70826124619352,1000.2712724404038,0.0
39900,0.0,0.0,7.7082612457052715,1000.3703038167438,0.0
39960,0.0,0.0,7.708261245230372,998.6511708985287,0.0
40020,0.0,0.0,7.708261244768458,999.2061637025562,0.0
40080,0.0,0.0,7.708261244319177,1000.4316582420521,0.0
40140,0.0,0.0,7.708261243882181,1000.7122869961227,0.0
40200,0.0,0.0,7.708261243457131,999.2378271325048,0.0
40260,0.0,0.0,7.708261243043707,999.544577111917,0.0
40320,0.0,0.0,7.708261242641588,998.7678086548498,0.0
40380,0.0,0.0,7.708261242250465,999.8393293863624,0.0
40440,0.0,0.0,7.708261241870037,1001.4511215080511,0.0
40500,0.0,0.0,7.7082612415000105,1000.1460711108998,0.0
40560,0.0,0.0,7.708261241140102,999.6698827641737,0.0
40620,0.0,0.0,7.708261240790035,998.6877381627871,0.0
40680,0.0,0.0,7.708261240449542,999.54919512969,0.0
40740,0.0,0.0,7.70826124011836,1001.7137528622703,0.0
40800,0.0,0.0,7.708261239796234,1000.1547342916487,0.0
40860,0.0,0.0,7.7082612394829155,1000.2945426278137,0.0
40920,0.0,0.0,7.7082612391781655,997.6541072355675,0.0
40980,0.0,0.0,7.708261238881749,999.3478266353752,0.0
41040,0.0,0.0,7.70826123859344,1000.1806556515465,0.0
41100,0.0,0.0,7.708261238313014,1000.3701744824762,0.0
41160,0.0,0.0,7.708261238040255,1000.4379566778842,0.0
41220,0.0,0.0,7.7082612377749555,997.8408644188842,0.0
41280,0.0,0.0,7.708261237516911,999.1563410316162,0.0
41340,0.0,0.0,7.708261237265922,1000.5468424736928,0.0
41400,0.0,0.0,7.7082612370217936,1000.3819982639644,0.0
41460,0.0,0.0,7.7082612367843435,1001.0730833827229,0.0
41520,0.0,0.0,7.708261236553388,999.1556658327803,0.0
41580,0.0,0.0,7.708261236328745,998.8706227731645,0.0
41640,0.0,0.0,7.708261236110248,999.8133825493345,0.0
41700,0.0,0.0,7.708261235897724,1000.4802720839062,0.0
41760,0.0,0.0,7.708261235691012,1000.1942050855745,0.0
41820,0.0,0.0,7.7082612354899505,1000.0977761941283,0.0
41880,0.0,0.0,7.708261235294388,998.0194947545116,0.0
41940,0.0,0.0,7.708261235104176,999.5820831502515,0.0
42000,0.0,0.0,7.708261234919164,1000.0912182493272,0.0
42060,0.0,0.0,7.7082612347392105,1001.7253700016386,0.0
42120,0.0,0.0,7.708261234564177,998.8402529768512,0.0
42180,0.0,0.0,7.708261234393932,999.6180477103188,0.0
42240,0.0,0.0,7.70826123422834,998.8121431524945,0.0
42300,0.0,0.0,7.708261234067279,999.8143872567712,0.0
42360,0.0,0.0,7.708261233910622,1001.55355351903,0.0
42420,0.0,0.0,7.708261233758246,1000.0896598850709,0.0
42480,0.0,0.0,7.708261233610039,999.7209645876292,0.0
42540,0.0,0.0,7.708261233465882,998.7325839276543,0.0
42600,0.0,0.0,7.708261233325668,999.5689025160077,0.0
42660,0.0,0.0,7.7082612331892895,1000.6126072555121,0.0
42720,0.0,0.0,7.708261233056638,1000.7087405874112,0.0
42780,0.0,0.0,7.708261232927614,998.6511424149525,0.0
42840,0.0,0.0,7.708261232802119,999.2060233067115,0.0
42900,0.0,0.0,7.708261232680058,999.4463571954535,0.0
42960,0.0,0.0,7.708261232561333,1000.147182954205,0.0
43020,0.0,0.0,7.708261232445856,1001.4309344237535,0.0
43080,0.0,0.0,7.708261232333534,998.54302557407,0.0
43140,0.0,0.0,7.7082612322242845,999.307366784176,0.0
43200,0.0,0.0,7.708261232118022,998.8588753344112,0.0
43260,0.0,0.0,7.7082612320146655,1001.0761072305796,0.0
43320,0.0,0.0,7.708261231914139,1000.3560997595498,0.0
43380,0.0,0.0,7.708261231816359,1001.1160932173283,0.0
43440,0.0,0.0,7.708261231721252,999.1172057776289,0.0
43500,0.0,0.0,7.708261231628745,998.9489990305838,0.0
43560,0.0,0.0,7.708261231538769,999.8638039304128,0.0
43620,0.0,0.0,7.708261231451252,1000.4604790099174,0.0
43680,0.0,0.0,7.708261231366128,1000.027567457399,0.0
43740,0.0,0.0,7.708261231283334,1000.108724402463,0.0
43800,0.0,0.0,7.708261231202803,997.9935283034253,0.0
43860,0.0,0.0,7.708261231124474,999.3655301113522,0.0
43920,0.0,0.0,7.7082612310482865,1001.0701680629068,0.0
43980,0.0,0.0,7.708261230974181,1000.4012798191325,0.0
44040,0.0,0.0,7.7082612309021,1000.534043275877,0.0
44100,0.0,0.0,7.708261230831991,998.7530046052536,0.0
44160,0.0,0.0,7.708261230763803,999.0285419245573,0.0
44220,0.0,0.0,7.708261230697477,1000.2624915865072,0.0
44280,0.0,0.0,7.708261230632965,1000.6982295380136,0.0
44340,0.0,0.0,7.708261230570217,1000.1557863708557,0.0
44400,0.0,0.0,7.708261230509186,998.4979313286617,0.0
44460,0.0,0.0,7.708261230449824,999.0593093457849,0.0
44520,0.0,0.0,7.708261230392083,1000.6168458323208,0.0
44580,0.0,0.0,7.708261230335924,1000.4520256281259,0.0
44640,0.0,0.0,7.708261230281299,1000.7429321930485,0.0
44700,0.0,0.0,7.70826123022817,998.3414863122291,0.0
44760,0.0,0.0,7.708261230176492,999.3045074077096,0.0
44820,0.0,0.0,7.7082612301262285,999.5290508841503,0.0
44880,0.0,0.0,7.708261230077339,1000.12268736295,0.0
44940,0.0,0.0,7.708261230029784,1001.5177482224402,0.0
45000,0.0,0.0,7.70826122998353,999.7529744798088,0.0
45060,0.0,0.0,7.708261229938543,999.1804696664507,0.0
45120,0.0,0.0,7.708261229894785,999.1062140103519,0.0
45180,0.0,0.0,7.708261229852224,999.9829524643634,0.0
45240,0.0,0.0,7.708261229810825,1000.5933151005027,0.0
45300,0.0,0.0,7.708261229770559,1000.5483809784819,0.0
45360,0.0,0.0,7.708261229731396,998.1315690863142,0.0
45420,0.0,0.0,7.708261229693302,999.0520031957577,0.0
45480,0.0,0.0,7.708261229656251,1000.1345721132768,0.0
45540,0.0,0.0,7.708261229620213,1000.8484045021855,0.0
45600,0.0,0.0,7.708261229585159,1000.4817205213287,0.0
45660,0.0,0.0,7.708261229551063,999.4400654321425,0.0
45720,0.0,0.0,7.708261229517901,998.0446057621899,0.0
45780,0.0,0.0,7.708261229485645,999.3852299601068,0.0
45840,0.0,0.0,7.708261229454272,1001.2640197650496,0.0
45900,0.0,0.0,7.708261229423755,1000.3206255349274,0.0
45960,0.0,0.0,7.7082612293940755,1000.6323356744424,0.0
46020,0.0,0.0,7.708261229365203,998.7530534191342,0.0
46080,0.0,0.0,7.708261229337121,999.0739619864195,0.0
46140,0.0,0.0,7.70826122930981,1000.2905494464926,0.0
46200,0.0,0.0,7.708261229283244,1000.6685208231429,0.0
46260,0.0,0.0,7.7082612292574035,999.5153515720409,0.0
46320,0.0,0.0,7.7082612292322725,999.714388376247,0.0
46380,0.0,0.0,7.708261229207828,998.4834739551402,0.0
46440,0.0,0.0,7.708261229184052,999.686932856497,0.0
46500,0.0,0.0,7.708261229160925,1001.3774653991229,0.0
46560,0.0,0.0,7.70826122913843,1000.2617912747662,0.0
46620,0.0,0.0,7.708261229116553,999.9333827549251,0.0
46680,0.0,0.0,7.708261229095271,998.6145130144678,0.0
46740,0.0,0.0,7.708261229074573,999.3656644207573,0.0
46800,0.0,0.0,7.708261229054441,1001.645594919144,0.0
46860,0.0,0.0,7.708261229034857,1000.2666607703728,0.0
46920,0.0,0.0,7.708261229015812,1000.4883616595276,0.0
46980,0.0,0.0,7.708261228997285,997.4517989972649,0.0
47040,0.0,0.0,7.708261228979265,999.1493862574025,0.0
47100,0.0,0.0,7.708261228961739,1000.0096377572802,0.0
47160,0.0,0.0,7.708261228944694,1000.4827798071744,0.0
47220,0.0,0.0,7.708261228928113,1000.5388874666994,0.0
47280,0.0,0.0,7.708261228911986,997.9482016465936,0.0
47340,0.0,0.0,7.708261228896299,999.1265949675679,0.0
47400,0.0,0.0,7.708261228881041,1000.2573549593197,0.0
47460,0.0,0.0,7.7082612288662,1000.3338690813761,0.0
47520,0.0,0.0,7.7082612288517645,1001.2457030036759,0.0
47580,0.0,0.0,7.708261228837726,999.3458435617783,0.0
47640,0.0,0.0,7.708261228824068,998.8847583573724,0.0
47700,0.0,0.0,7.708261228810785,999.5909738921085,0.0
47760,0.0,0.0,7.708261228797863,1000.3489652134608,0.0
47820,0.0,0.0,7.708261228785297,1000.3674992732772,0.0
47880,0.0,0.0,7.708261228773075,1000.2571452789279,0.0
47940,0.0,0.0,7.708261228761188,997.9550423993222,0.0
48000,0.0,0.0,7.708261228749623,999.2882158829002,0.0
48060,0.0,0.0,7.708261228738375,999.9498708882809,0.0
48120,0.0,0.0,7.7082612287274355,1001.8380134876872,0.0
48180,0.0,0.0,7.708261228716798,999.1322621623942,0.0
48240,0.0,0.0,7.708261228706446,999.7811265372123,0.0
48300,0.0,0.0,7.708261228696379,998.4951688596182,0.0
48360,0.0,0.0,7.708261228686589,999.6798092291103,0.0
48420,0.0,0.0,7.708261228677063,1001.4792160815931,0.0
48480,0.0,0.0,7.708261228667803,1000.1995298279915,0.0
48540,0.0,0.0,7.708261228658793,999.9811901727851,0.0
48600,0.0,0.0,7.70826122865003,998.6470048975741,0.0
48660,0.0,0.0,7.708261228641507,999.3980719718693,0.0
48720,0.0,0.0,7.708261228633216,1000.5584163576684,0.0
48780,0.0,0.0,7.708261228625152,1000.7324051906498,0.0
48840,0.0,0.0,7.7082612286173084,998.9293733080734,0.0
48900,0.0,0.0,7.708261228609678,999.3365893938776,0.0
48960,0.0,0.0,7.708261228602257,999.1323600115472,0.0
49020,0.0,0.0,7.708261228595039,1000.0186472708134,0.0
49080,0.0,0.0,7.708261228588021,1001.4583078241195,0.0
49140,0.0,0.0,7.708261228581192,999.984493540365,0.0
49200,0.0,0.0,7.708261228574549,999.3658033455922,0.0
49260,0.0,0.0,7.708261228568088,998.7706341819458,0.0
49320,0.0,0.0,7.708261228561806,999.8018606592404,0.0
49380,0.0,0.0,7.708261228555694,1000.9534010018509,0.0
49440,0.0,0.0,7.708261228549753,999.8115106723634,0.0
49500,0.0,0.0,7.708261228543969,999.4202007850159,0.0
49560,0.0,0.0,7.708261228538344,998.8544148809998,0.0
49620,0.0,0.0,7.708261228532877,999.6369049391286,0.0
49680,0.0,0.0,7.708261228527557,1000.2986067113354,0.0
49740,0.0,0.0,7.708261228522383,1000.241501574326,0.0
49800,0.0,0.0,7.70826122851735,1000.275860393752,0.0
49860,0.0,0.0,7.708261228512454,997.86650621514,0.0
49920,0.0,0.0,7.70826122850769,999.2420833156225,0.0
49980,0.0,0.0,7.708261228503061,1000.8392713244654,0.0
50040,0.0,0.0,7.708261228498555,1000.4173394335882,0.0
50100,0.0,0.0,7.708261228494174,1000.7970070493021,0.0
50160,0.0,0.0,7.7082612284899135,998.9323849765899,0.0
50220,0.0,0.0,7.708261228485768,998.9198878813107,0.0
50280,0.0,0.0,7.708261228481737,1000.0618808940152,0.0
50340,0.0,0.0,7.708261228477816,1000.6156215155263,0.0
50400,0.0,0.0,7.7082612284740035,1000.5389580646469,0.0
50460,0.0,0.0,7.708261228470292,998.7290999209273,0.0
50520,0.0,0.0,7.708261228466683,999.106524429413,0.0
50580,0.0,0.0,7.708261228463175,1000.2324346094446,0.0
50640,0.0,0.0,7.70826122845976,1000.4189595008352,0.0
50700,0.0,0.0,7.708261228456439,1000.7650744194757,0.0
50760,0.0,0.0,7.708261228453209,998.639644537224,0.0
50820,0.0,0.0,7.708261228450068,999.4454116673924,0.0
50880,0.0,0.0,7.70826122844701,999.1791341463576,0.0
50940,0.0,0.0,7.70826122844404,999.9938469299251,0.0
51000,0.0,0.0,7.70826122844115,1001.5611805771974,0.0
51060,0.0,0.0,7.708261228438337,999.92315761554,0.0
51120,0.0,0.0,7.708261228435602,999.4047167670054,0.0
51180,0.0,0.0,7.7082612284329395,998.9067376196493,0.0
51240,0.0,0.0,7.708261228430351,999.7940905052847,0.0
51300,0.0,0.0,7.7082612284278325,1000.6340357632015,0.0
51360,0.0,0.0,7.7082612284253855,1000.6422198827322,0.0
51420,0.0,0.0,7.708261228423004,998.3693618921675,0.0
51480,0.0,0.0,7.708261228420689,999.0745991200869,0.0
51540,0.0,0.0,7.7082612284184355,999.8167285245582,0.0
51600,0.0,0.0,7.708261228416244,1000.2890955224333,0.0
51660,0.0,0.0,7.7082612284141145,1001.3205850198168,0.0
51720,0.0,0.0,7.708261228412042,998.1987304314081,0.0
51780,0.0,0.0,7.708261228410025,999.1239877252676,0.0
51840,0.0,0.0,7.708261228408065,999.1104101859397,0.0
51900,0.0,0.0,7.708261228406156,1001.2352593482262,0.0
51960,0.0,0.0,7.708261228404299,1000.3923173904801,0.0
52020,0.0,0.0,7.708261228402497,1000.8240920597741,0.0
52080,0.0,0.0,7.708261228400746,998.9132051540264,0.0
52140,0.0,0.0,7.7082612283990395,998.9829127983809,0.0
52200,0.0,0.0,7.708261228397381,1000.0897282982629,0.0
52260,0.0,0.0,7.708261228395766,1000.5850950053103,0.0
52320,0.0,0.0,7.708261228394194,999.7921769932752,0.0
52380,0.0,0.0,7.708261228392667,999.9148938226539,0.0
52440,0.0,0.0,7.708261228391183,998.2074123923933,0.0
52500,0.0,0.0,7.708261228389738,999.5170390309903,0.0
52560,0.0,0.0,7.7082612283883325,1001.2467161231086,0.0
52620,0.0,0.0,7.708261228386962,1000.353360817196,0.0
52680,0.0,0.0,7.708261228385631,1000.2380205656186,0.0
52740,0.0,0.0,7.708261228384337,998.6265211461487,0.0
52800,0.0,0.0,7.70826122838308,999.1788311569275,0.0
52860,0.0,0.0,7.708261228381857,1001.5096583447497,0.0
52920,0.0,0.0,7.708261228380664,1000.3440895454005,0.0
52980,0.0,0.0,7.708261228379507,1000.6861371844384,0.0
53040,0.0,0.0,7.708261228378382,997.3255964057558,0.0
53100,0.0,0.0,7.708261228377285,998.9571016059906,0.0
53160,0.0,0.0,7.708261228376221,999.807403139544,0.0
53220,0.0,0.0,7.708261228375183,1000.5494702935677,0.0
53280,0.0,0.0,7.708261228374173,1000.6220237992171,0.0
53340,0.0,0.0,7.708261228373195,998.1749898908614,0.0
53400,0.0,0.0,7.708261228372241,999.1617574817352,0.0
53460,0.0,0.0,7.708261228371316,999.9187714667638,0.0
53520,0.0,0.0,7.708261228370416,1000.2479067928325,0.0
53580,0.0,0.0,7.708261228369536,1001.3975212211695,0.0
53640,0.0,0.0,7.7082612283686816,999.5513914422268,0.0
53700,0.0,0.0,7.708261228367848,998.9826107359153,0.0
53760,0.0,0.0,7.708261228367041,999.3472642906343,0.0
53820,0.0,0.0,7.708261228366253,1000.1813247754693,0.0
53880,0.0,0.0,7.708261228365487,1000.5070359168487,0.0
53940,0.0,0.0,7.708261228364743,1000.4127802727686,0.0
54000,0.0,0.0,7.708261228364022,997.983895718097,0.0
54060,0.0,0.0,7.70826122836332,998.977742351337,0.0
54120,0.0,0.0,7.708261228362637,999.7863712512558,0.0
54180,0.0,0.0,7.708261228361971,1001.9053369674859,0.0
54240,0.0,0.0,7.708261228361323,999.4197520666476,0.0
54300,0.0,0.0,7.708261228360693,999.9637914777097,0.0
54360,0.0,0.0,7.708261228360082,998.1889193495318,0.0
54420,0.0,0.0,7.708261228359488,999.5367569661485,0.0
54480,0.0,0.0,7.708261228358911,1001.3536446399467,0.0
54540,0.0,0.0,7.7082612283583485,1000.2862170721398,0.0
54600,0.0,0.0,7.7082612283578005,1000.2697779177091,0.0
54660,0.0,0.0,7.708261228357268,998.6351580912597,0.0
54720,0.0,0.0,7.7082612283567515,999.2298621521097,0.0
54780,0.0,0.0,7.70826122835625,1000.4550831801961,0.0
54840,0.0,0.0,7.70826122835576,1000.7244332972697,0.0
54900,0.0,0.0,7.708261228355283,999.2224274331375,0.0
54960,0.0,0.0,7.708261228354819,999.5025732136545,0.0
55020,0.0,0.0,7.7082612283543686,998.8109962817806,0.0
55080,0.0,0.0,7.708261228353931,999.8659111393903,0.0
55140,0.0,0.0,7.708261228353503,1001.4415526956325,0.0
55200,0.0,0.0,7.708261228353087,1000.1354727018652,0.0
55260,0.0,0.0,7.708261228352683,999.6220003708328,0.0
55320,0.0,0.0,7.708261228352289,998.3647831535033,0.0
55380,0.0,0.0,7.708261228351907,999.6278257193492,0.0
55440,0.0,0.0,7.708261228351536,1000.8270881247113,0.0
55500,0.0,0.0,7.708261228351176,1000.191955571361,0.0
55560,0.0,0.0,7.708261228350823,999.6041980902703,0.0
55620,0.0,0.0,7.708261228350481,998.9278425297092,0.0
55680,0.0,0.0,7.708261228350148,999.4060017534465,0.0
55740,0.0,0.0,7.708261228349826,1000.147126050287,0.0
55800,0.0,0.0,7.708261228349513,1000.3965543280216,0.0
55860,0.0,0.0,7.708261228349206,1000.4134414066359,0.0
55920,0.0,0.0,7.708261228348908,997.8445201091188,0.0
55980,0.0,0.0,7.70826122834862,999.1573386810221,0.0
56040,0.0,0.0,7.70826122834834,1000.5801995261313,0.0
56100,0.0,0.0,7.708261228348066,1000.4016915985645,0.0
56160,0.0,0.0,7.708261228347798,1001.0161573750253,0.0
56220,0.0,0.0,7.7082612283475385,999.1206598360964,0.0
56280,0.0,0.0,7.708261228347284,998.864323607979,0.0
56340,0.0,0.0,7.708261228347039,999.8478648649034,0.0
56400,0.0,0.0,7.7082612283468,1000.5088318004903,0.0
56460,0.0,0.0,7.708261228346567,1000.8750423146777,0.0
56520,0.0,0.0,7.70826122834634,998.964447413349,0.0
56580,0.0,0.0,7.708261228346122,999.2154751874715,0.0
56640,0.0,0.0,7.708261228345908,999.831106502946,0.0
56700,0.0,0.0,7.7082612283457,1000.3457825852578,0.0
56760,0.0,0.0,7.708261228345496,1000.7553265390782,0.0
56820,0.0,0.0,7.708261228345298,998.9393152478746,0.0
56880,0.0,0.0,7.708261228345106,999.5953924022583,0.0
56940,0.0,0.0,7.70826122834492,998.852160851612,0.0
57000,0.0,0.0,7.70826122834474,999.8587727907793,0.0
57060,0.0,0.0,7.708261228344566,1001.5503284158375,0.0
57120,0.0,0.0,7.708261228344395,1000.0663065931209,0.0
57180,0.0,0.0,7.708261228344228,999.6498396404673,0.0
57240,0.0,0.0,7.708261228344066,998.7534882788366,0.0
57300,0.0,0.0,7.708261228343909,999.6108438554336,0.0
57360,0.0,0.0,7.708261228343757,1000.628545820391,0.0
57420,0.0,0.0,7.7082612283436065,1000.7035388202919,0.0
57480,0.0,0.0,7.708261228343463,998.6323030388879,0.0
57540,0.0,0.0,7.708261228343321,999.1629711754931,0.0
57600,0.0,0.0,7.708261228343185,999.4989403706213,0.0
57660,0.0,0.0,7.708261228343051,1000.1790025277693,0.0
57720,0.0,0.0,7.708261228342922,1001.4028415437128,0.0
57780,0.0,0.0,7.708261228342795,998.5468917452026,0.0
57840,0.0,0.0,7.708261228342672,999.2666075047647,0.0
57900,0.0,0.0,7.708261228342555,998.8926767444848,0.0
57960,0.0,0.0,7.7082612283424385,1001.0751474821544,0.0
58020,0.0,0.0,7.708261228342325,1000.3739821974125,0.0
58080,0.0,0.0,7.7082612283422165,1001.059587260936,0.0
58140,0.0,0.0,7.708261228342108,999.0891302564389,0.0
58200,0.0,0.0,7.708261228342005,998.9401945320639,0.0
58260,0.0,0.0,7.708261228341904,999.8910866176706,0.0
58320,0.0,0.0,7.708261228341805,1000.4845391693495,0.0
58380,0.0,0.0,7.708261228341708,1000.0220479703928,0.0
58440,0.0,0.0,7.708261228341614,1000.0793754455127,0.0
58500,0.0,0.0,7.708261228341527,998.0222036092363,0.0
58560,0.0,0.0,7.708261228341439,999.3779997680522,0.0
58620,0.0,0.0,7.708261228341355,1001.0783694237579,0.0
58680,0.0,0.0,7.708261228341272,1000.4066362334365,0.0
58740,0.0,0.0,7.708261228341191,1000.493525998478,0.0
58800,0.0,0.0,7.708261228341113,998.7352107110792,0.0
58860,0.0,0.0,7.708261228341038,999.0372779903391,0.0
58920,0.0,0.0,7.708261228340963,1001.3090248641439,0.0
58980,0.0,0.0,7.708261228340891,1000.3820272385672,0.0
59040,0.0,0.0,7.708261228340821,1000.8320476582102,0.0
59100,0.0,0.0,7.708261228340752,997.3491892700055,0.0
59160,0.0,0.0,7.7082612283406835,998.8214746950507,0.0
59220,0.0,0.0,7.708261228340619,999.625685589624,0.0
59280,0.0,0.0,7.7082612283405565,1000.5677421162164,0.0
59340,0.0,0.0,7.708261228340497,1000.6697339150703,0.0
59400,0.0,0.0,7.708261228340437,998.4319477978678,0.0
59460,0.0,0.0,7.708261228340377,999.2505841610313,0.0
59520,0.0,0.0,7.708261228340321,999.5953067927494,0.0
59580,0.0,0.0,7.708261228340265,1000.1503064922956,0.0
59640,0.0,0.0,7.708261228340211,1001.4857009650021,0.0
59700,0.0,0.0,7.708261228340159,999.7300366219366,0.0
59760,0.0,0.0,7.708261228340109,999.1344055861643,0.0
59820,0.0,0.0,7.708261228340059,999.1332103150704,0.0
59880,0.0,0.0,7.708261228340013,1000.0153504381672,0.0
59940,0.0,0.0,7.708261228339966,1000.5962487026853,0.0
60000,0.0,0.0,7.7082612283399214,1000.5313694784667,0.0
60060,0.0,0.0,7.708261228339876,998.1297251748513,0.0
60120,0.0,0.0,7.7082612283398335,999.0425343376472,0.0
60180,0.0,0.0,7.708261228339793,1000.1636023054391,0.0
60240,0.0,0.0,7.708261228339752,1000.850356402267,0.0
60300,0.0,0.0,7.708261228339714,1000.4802110043383,0.0
60360,0.0,0.0,7.708261228339676,999.400261413611,0.0
60420,0.0,0.0,7.708261228339637,998.0798751123656,0.0
60480,0.0,0.0,7.708261228339601,999.3959759031512,0.0
60540,0.0,0.0,7.708261228339567,1001.2671597582341,0.0
60600,0.0,0.0,7.7082612283395315,1000.3264404826805,0.0
60660,0.0,0.0,7.708261228339498,1000.5899968377952,0.0
60720,0.0,0.0,7.7082612283394685,998.7362842771934,0.0
60780,0.0,0.0,7.708261228339439,999.0812929455635,0.0
60840,0.0,0.0,7.708261228339408,1000.3056060607415,0.0
60900,0.0,0.0,7.708261228339379,1000.6794745670793,0.0
60960,0.0,0.0,7.708261228339351,999.5143020965904,0.0
61020,0.0,0.0,7.708261228339325,999.6896012258402,0.0
61080,0.0,0.0,7.708261228339295,998.5051640929536,0.0
61140,0.0,0.0,7.7082612283392695,999.6999566627162,0.0
61200,0.0,0.0,7.708261228339243,1001.3723295904431,0.0
61260,0.0,0.0,7.70826122833922,1000.2612795052697,0.0
61320,0.0,0.0,7.708261228339196,999.905910392597,0.0
61380,0.0,0.0,7.708261228339172,997.9853017429565,0.0
61440,0.0,0.0,7.708261228339151,999.4492109357707,0.0
61500,0.0,0.0,7.708261228339128,1000.6606173155188,0.0
61560,0.0,0.0,7.708261228339105,1000.5428251010292,0.0
61620,0.0,0.0,7.708261228339085,999.7829681733654,0.0
61680,0.0,0.0,7.708261228339064,999.0852187972257,0.0
61740,0.0,0.0,7.708261228339046,999.1753502980939,0.0
61800,0.0,0.0,7.708261228339026,999.9762276702178,0.0
61860,0.0,0.0,7.708261228339007,1000.5084880733646,0.0
61920,0.0,0.0,7.708261228338987,1000.5316201423191,0.0
61980,0.0,0.0,7.7082612283389675,997.9343928379955,0.0
62040,0.0,0.0,7.70826122833895,999.1166092416489,0.0
62100,0.0,0.0,7.708261228338937,1000.283311138812,0.0
62160,0.0,0.0,7.708261228338922,1000.3529903038183,0.0
62220,0.0,0.0,7.708261228338905,1001.207536231336,0.0
62280,0.0,0.0,7.708261228338889,999.3220418942595,0.0
62340,0.0,0.0,7.7082612283388725,998.8695106477037,0.0
62400,0.0,0.0,7.708261228338855,999.6146506826107,0.0
62460,0.0,0.0,7.70826122833884,1000.3723380486003,0.0
62520,0.0,0.0,7.708261228338826,1000.3649791578218,0.0
62580,0.0,0.0,7.708261228338814,1000.2340539178261,0.0
62640,0.0,0.0,7.708261228338803,997.9711573764052,0.0
62700,0.0,0.0,7.708261228338791,999.3093537733639,0.0
62760,0.0,0.0,7.708261228338777,999.9706250674486,0.0
62820,0.0,0.0,7.708261228338764,1001.8031771178777,0.0
62880,0.0,0.0,7.708261228338751,999.1398487842976,0.0
62940,0.0,0.0,7.7082612283387375,999.7526374532101,0.0
63000,0.0,0.0,7.708261228338723,998.523044056938,0.0
63060,0.0,0.0,7.708261228338712,999.6933565886167,0.0
63120,0.0,0.0,7.708261228338705,1001.4726503855685,0.0
63180,0.0,0.0,7.708261228338696,1000.1987544918458,0.0
63240,0.0,0.0,7.708261228338687,999.9492231449843,0.0
63300,0.0,0.0,7.70826122833868,998.6474739884093,0.0
63360,0.0,0.0,7.708261228338669,999.4094189789027,0.0
63420,0.0,0.0,7.708261228338661,1000.5669350941538,0.0
63480,0.0,0.0,7.7082612283386505,1000.7351039829039,0.0
63540,0.0,0.0,7.708261228338641,998.9333920728649,0.0
63600,0.0,0.0,7.708261228338631,999.3172891781992,0.0
63660,0.0,0.0,7.70826122833862,999.1453470330304,0.0
63720,0.0,0.0,7.708261228338613,1000.0297236668843,0.0
63780,0.0,0.0,7.708261228338607,1001.447597848665,0.0
63840,0.0,0.0,7.708261228338596,998.9241218610516,0.0
63900,0.0,0.0,7.70826122833859,999.4478355942542,0.0
63960,0.0,0.0,7.708261228338581,998.6854362443115,0.0
64020,0.0,0.0,7.708261228338577,1000.8406500745043,0.0
64080,0.0,0.0,7.708261228338573,1000.317733265648,0.0
64140,0.0,0.0,7.708261228338568,1001.2915168588756,0.0
64200,0.0,0.0,7.708261228338561,999.2917958748554,0.0
64260,0.0,0.0,7.708261228338555,998.9599189432832,0.0
64320,0.0,0.0,7.708261228338552,999.655435659637,0.0
64380,0.0,0.0,7.708261228338545,1000.344714350065,0.0
64440,0.0,0.0,7.7082612283385386,1000.2296095506348,0.0
64500,0.0,0.0,7.708261228338532,1000.2501352129494,0.0
64560,0.0,0.0,7.708261228338526,997.892917552573,0.0
64620,0.0,0.0,7.708261228338519,999.2486486153385,0.0
64680,0.0,0.0,7.708261228338511,1000.8542320318531,0.0
64740,0.0,0.0,7.708261228338507,1000.4266540296791,0.0
64800,0.0,0.0,7.708261228338503,1000.7580983942024,0.0
64860,0.0,0.0,7.7082612283385,998.9125135325031,0.0
64920,0.0,0.0,7.708261228338496,998.9225135498586,0.0
64980,0.0,0.0,7.7082612283384915,1001.0401558880334,0.0
65040,0.0,0.0,7.708261228338488,1000.3793244423023,0.0
65100,0.0,0.0,7.708261228338484,1000.9606569754682,0.0
65160,0.0,0.0,7.708261228338482,997.5161784384411,0.0
65220,0.0,0.0,7.708261228338479,998.7343741386999,0.0
65280,0.0,0.0,7.708261228338473,999.432915481652,0.0
65340,0.0,0.0,7.7082612283384675,1000.5350219027521,0.0
65400,0.0,0.0,7.708261228338464,1000.6899811070831,0.0
65460,0.0,0.0,7.708261228338461,998.7213908570309,0.0
65520,0.0,0.0,7.708261228338454,999.3869369602562,0.0
65580,0.0,0.0,7.70826122833845,999.2459396140176,0.0
65640,0.0,0.0,7.708261228338449,1000.0233649690178,0.0
65700,0.0,0.0,7.708261228338448,1001.5361434024901,0.0
65760,0.0,0.0,7.708261228338448,999.9045919865932,0.0
65820,0.0,0.0,7.708261228338448,999.3504359589595,0.0
65880,0.0,0.0,7.708261228338448,998.9291061840551,0.0
65940,0.0,0.0,7.708261228338448,999.8264838124182,0.0
66000,0.0,0.0,7.708261228338448,1000.641408261392,0.0
66060,0.0,0.0,7.708261228338448,1000.631363931872,0.0
66120,0.0,0.0,7.708261228338448,998.3627691516289,0.0
66180,0.0,0.0,7.708261228338448,999.0533971589568,0.0
66240,0.0,0.0,7.708261228338448,999.8497965373339,0.0
66300,0.0,0.0,7.708261228338448,1000.8665254837586,0.0
66360,0.0,0.0,7.708261228338448,1000.524416624579,0.0
66420,0.0,0.0,7.708261228338448,999.751758183401,0.0
66480,0.0,0.0,7.708261228338448,997.8209439659265,0.0
66540,0.0,0.0,7.708261228338448,999.2824713412417,0.0
66600,0.0,0.0,7.708261228338448,1001.0528872334328,0.0
66660,0.0,0.0,7.708261228338448,1000.349056464306,0.0
66720,0.0,0.0,7.708261228338448,1000.8421469999932,0.0
66780,0.0,0.0,7.708261228338448,998.8971272032592,0.0
66840,0.0,0.0,7.708261228338448,998.9757127656214,0.0
66900,0.0,0.0,7.708261228338448,1000.1300008899974,0.0
66960,0.0,0.0,7.708261228338448,1000.6080079432069,0.0
67020,0.0,0.0,7.708261228338448,999.7770442111923,0.0
67080,0.0,0.0,7.708261228338448,999.8678537673013,0.0
67140,0.0,0.0,7.708261228338448,998.2543111876521,0.0
67200,0.0,0.0,7.708261228338448,999.543504164804,0.0
67260,0.0,0.0,7.708261228338448,1001.2542470885545,0.0
67320,0.0,0.0,7.708261228338448,1000.3519926260091,0.0
67380,0.0,0.0,7.708261228338448,1000.1778452268973,0.0
67440,0.0,0.0,7.708261228338448,997.6823240912445,0.0
67500,0.0,0.0,7.708261228338448,999.2899473506275,0.0
67560,0.0,0.0,7.708261228338448,1000.4720851083351,0.0
67620,0.0,0.0,7.708261228338448,1000.8352471915376,0.0
67680,0.0,0.0,7.708261228338448,999.938308808219,0.0
67740,0.0,0.0,7.708261228338448,999.2914821214391,0.0
67800,0.0,0.0,7.708261228338448,998.9737241270678,0.0
67860,0.0,0.0,7.708261228338448,999.8058575002569,0.0
67920,0.0,0.0,7.708261228338448,1000.5723022401495,0.0
67980,0.0,0.0,7.708261228338448,1000.6189350996204,0.0
68040,0.0,0.0,7.708261228338448,998.140914781155,0.0
68100,0.0,0.0,7.708261228338448,999.130511790867,0.0
68160,0.0,0.0,7.708261228338448,999.9732205070023,0.0
68220,0.0,0.0,7.708261228338448,1000.2799509688841,0.0
68280,0.0,0.0,7.708261228338448,1001.3501316599218,0.0
68340,0.0,0.0,7.708261228338448,999.5154018674176,0.0
68400,0.0,0.0,7.708261228338448,998.9434289485527,0.0
68460,0.0,0.0,7.708261228338448,999.3860858700918,0.0
68520,0.0,0.0,7.708261228338448,1000.2205092924011,0.0
68580,0.0,0.0,7.708261228338448,1000.502676767023,0.0
68640,0.0,0.0,7.708261228338448,1000.3828213180554,0.0
68700,0.0,0.0,7.708261228338448,997.9930384839809,0.0
68760,0.0,0.0,7.708261228338448,999.0175538657971,0.0
68820,0.0,0.0,7.708261228338448,999.8182545368248,0.0
68880,0.0,0.0,7.708261228338448,1001.8631611226742,0.0
68940,0.0,0.0,7.708261228338448,999.4183242298832,0.0
69000,0.0,0.0,7.708261228338448,999.9223545217948,0.0
69060,0.0,0.0,7.708261228338448,998.2359785488337,0.0
69120,0.0,0.0,7.708261228338448,999.5563922463671,0.0
69180,0.0,0.0,7.708261228338448,1001.3563455172489,0.0
69240,0.0,0.0,7.708261228338448,1000.2861779628926,0.0
69300,0.0,0.0,7.708261228338448,1000.2168986648351,0.0
69360,0.0,0.0,7.708261228338448,998.6278947661142,0.0
69420,0.0,0.0,7.708261228338448,999.247081336718,0.0
69480,0.0,0.0,7.708261228338448,1000.4720883344904,0.0
69540,0.0,0.0,7.708261228338448,1000.7323896241573,0.0
69600,0.0,0.0,7.708261228338448,999.2156013522243,0.0
69660,0.0,0.0,7.708261228338448,999.4706442626035,0.0
69720,0.0,0.0,7.708261228338448,998.8408613777353,0.0
69780,0.0,0.0,7.708261228338448,999.8854192623545,0.0
69840,0.0,0.0,7.708261228338448,1001.4322321197066,0.0
69900,0.0,0.0,7.708261228338448,999.2792943451869,0.0
69960,0.0,0.0,7.708261228338448,999.611320996695,0.0
70020,0.0,0.0,7.708261228338448,998.5428931543025,0.0
70080,0.0,0.0,7.708261228338448,1000.5638444705017,0.0
70140,0.0,0.0,7.708261228338448,1000.2461783899804,0.0
70200,0.0,0.0,7.708261228338448,1001.4519852264656,0.0
70260,0.0,0.0,7.708261228338448,999.4731591804893,0.0
70320,0.0,0.0,7.708261228338448,999.0404819041661,0.0
70380,0.0,0.0,7.708261228338448,999.4358881246803,0.0
70440,0.0,0.0,7.708261228338448,1000.2017749592068,0.0
70500,0.0,0.0,7.708261228338448,1000.3863350179457,0.0
70560,0.0,0.0,7.708261228338448,1000.3854068076186,0.0
70620,0.0,0.0,7.708261228338448,997.8673907576913,0.0
70680,0.0,0.0,7.708261228338448,999.158566594685,0.0
70740,0.0,0.0,7.708261228338448,1000.6092770348769,0.0
70800,0.0,0.0,7.708261228338448,1000.4172197663381,0.0
70860,0.0,0.0,7.708261228338448,1000.9693024621974,0.0
70920,0.0,0.0,7.708261228338448,999.0926062231848,0.0
70980,0.0,0.0,7.708261228338448,998.8602144348683,0.0
71040,0.0,0.0,7.708261228338448,999.8751923521459,0.0
71100,0.0,0.0,7.708261228338448,1000.5317238700504,0.0
71160,0.0,0.0,7.708261228338448,1000.8349152124343,0.0
71220,0.0,0.0,7.708261228338448,998.9511474935032,0.0
71280,0.0,0.0,7.708261228338448,999.1824474756169,0.0
71340,0.0,0.0,7.708261228338448,999.8551178427758,0.0
71400,0.0,0.0,7.708261228338448,1000.3644501324366,0.0
71460,0.0,0.0,7.708261228338448,1000.7638541325557,0.0
71520,0.0,0.0,7.708261228338448,998.9385543716883,0.0
71580,0.0,0.0,7.708261228338448,999.5645675964691,0.0
71640,0.0,0.0,7.708261228338448,998.8823533399684,0.0
71700,0.0,0.0,7.708261228338448,999.8765282528184,0.0
71760,0.0,0.0,7.708261228338448,1001.5380996122265,0.0
71820,0.0,0.0,7.708261228338448,1000.0605402391478,0.0
71880,0.0,0.0,7.708261228338448,999.6159738105073,0.0
71940,0.0,0.0,7.708261228338448,998.7601990780679,0.0
72000,0.0,0.0,7.708261228338448,999.627169169892,0.0
72060,0.0,0.0,7.708261228338448,1000.6363553568318,0.0
72120,0.0,0.0,7.708261228338448,1000.7019533986768,0.0
72180,0.0,0.0,7.708261228338448,998.6345947315596,0.0
72240,0.0,0.0,7.708261228338448,999.1431971042757,0.0
72300,0.0,0.0,7.708261228338448,999.5142318782559,0.0
72360,0.0,0.0,7.708261228338448,1000.8205228968637,0.0
72420,0.0,0.0,7.708261228338448,1000.5370321054886,0.0
72480,0.0,0.0,7.708261228338448,1000.1257665308958,0.0
72540,0.0,0.0,7.708261228338448,997.646928961069,0.0
72600,0.0,0.0,7.708261228338448,999.1989565937945,0.0
72660,0.0,0.0,7.708261228338448,1000.7890099077281,0.0
72720,0.0,0.0,7.708261228338448,1000.3390249861786,0.0
72780,0.0,0.0,7.708261228338448,1001.0764099154324,0.0
72840,0.0,0.0,7.708261228338448,999.0823873436818,0.0
72900,0.0,0.0,7.708261228338448,998.9143575895163,0.0
72960,0.0,0.0,7.708261228338448,999.9223419057929,0.0
73020,0.0,0.0,7.708261228338448,1000.5047562522075,0.0
73080,0.0,0.0,7.708261228338448,1000.0171270122054,0.0
73140,0.0,0.0,7.708261228338448,1000.0475766817668,0.0
73200,0.0,0.0,7.708261228338448,998.0519794822784,0.0
73260,0.0,0.0,7.708261228338448,999.3924092480372,0.0
73320,0.0,0.0,7.708261228338448,1001.0870855396337,0.0
73380,0.0,0.0,7.708261228338448,1000.4114477473169,0.0
73440,0.0,0.0,7.708261228338448,1000.450667461967,0.0
73500,0.0,0.0,7.708261228338448,998.7163673794748,0.0
73560,0.0,0.0,7.708261228338448,999.047742943513,0.0
73620,0.0,0.0,7.708261228338448,1001.2979371437648,0.0
73680,0.0,0.0,7.708261228338448,1000.3921163807726,0.0
73740,0.0,0.0,7.708261228338448,1000.810424218631,0.0
73800,0.0,0.0,7.708261228338448,997.3830238578786,0.0
73860,0.0,0.0,7.708261228338448,998.8280355545115,0.0
73920,0.0,0.0,7.708261228338448,999.6453364334545,0.0
73980,0.0,0.0,7.708261228338448,1000.5768736333055,0.0
74040,0.0,0.0,7.708261228338448,1000.6694871687542,0.0
74100,0.0,0.0,7.708261228338448,998.4365812958072,0.0
74160,0.0,0.0,7.708261228338448,999.2287906069997,0.0
74220,0.0,0.0,7.708261228338448,999.6126022117343,0.0
74280,0.0,0.0,7.708261228338448,1000.1641341204684,0.0
74340,0.0,0.0,7.708261228338448,1001.4681876807389,0.0
74400,0.0,0.0,7.708261228338448,999.7222293783007,0.0
74460,0.0,0.0,7.708261228338448,999.1146273623136,0.0
74520,0.0,0.0,7.708261228338448,999.141369524707,0.0
74580,0.0,0.0,7.708261228338448,1000.0285293944603,0.0
74640,0.0,0.0,7.708261228338448,1000.6010119525557,0.0
74700,0.0,0.0,7.708261228338448,1000.524748059163,0.0
74760,0.0,0.0,7.708261228338448,998.1379307419116,0.0
74820,0.0,0.0,7.708261228338448,998.7177247973856,0.0
74880,0.0,0.0,7.708261228338448,999.6442942675202,0.0
74940,0.0,0.0,7.708261228338448,1001.8735842414945,0.0
75000,0.0,0.0,7.708261228338448,999.6865348507856,0.0
75060,0.0,0.0,7.708261228338448,1000.1105492774147,0.0
75120,0.0,0.0,7.708261228338448,997.9694140873721,0.0
75180,0.0,0.0,7.708261228338448,999.4162167823716,0.0
75240,0.0,0.0,7.708261228338448,1001.1831098990727,0.0
75300,0.0,0.0,7.708261228338448,1000.34597881703,0.0
75360,0.0,0.0,7.708261228338448,1000.5115118842483,0.0
75420,0.0,0.0,7.708261228338448,998.7101644912563,0.0
75480,0.0,0.0,7.708261228338448,999.0944414199944,0.0
75540,0.0,0.0,7.708261228338448,1000.3252017853441,0.0
75600,0.0,0.0,7.708261228338448,1000.6933640319658,0.0
75660,0.0,0.0,7.708261228338448,999.5066458271434,0.0
75720,0.0,0.0,7.708261228338448,999.6576905119797,0.0
75780,0.0,0.0,7.708261228338448,998.5350713468898,0.0
75840,0.0,0.0,7.708261228338448,999.7183166643804,0.0
75900,0.0,0.0,7.708261228338448,1001.368199429648,0.0
75960,0.0,0.0,7.708261228338448,999.6321354762375,0.0
76020,0.0,0.0,7.708261228338448,999.7904351031734,0.0
76080,0.0,0.0,7.708261228338448,998.4474080436244,0.0
76140,0.0,0.0,7.708261228338448,1000.2245348186849,0.0
76200,0.0,0.0,7.708261228338448,1000.1421340573152,0.0
76260,0.0,0.0,7.708261228338448,1001.5846167693959,0.0
76320,0.0,0.0,7.708261228338448,999.6599305229327,0.0
76380,0.0,0.0,7.708261228338448,999.2016061791898,0.0
76440,0.0,0.0,7.708261228338448,999.2063211009813,0.0
76500,0.0,0.0,7.708261228338448,1000.030121979921,0.0
76560,0.0,0.0,7.708261228338448,1000.5051220231994,0.0
76620,0.0,0.0,7.708261228338448,1000.5095993887063,0.0
76680,0.0,0.0,7.708261228338448,997.9452421709585,0.0
76740,0.0,0.0,7.708261228338448,999.1064379196064,0.0
76800,0.0,0.0,7.708261228338448,1000.3188077047536,0.0
76860,0.0,0.0,7.708261228338448,1000.3730177745775,0.0
76920,0.0,0.0,7.708261228338448,1001.1651609525131,0.0
76980,0.0,0.0,7.708261228338448,999.2943471112818,0.0
77040,0.0,0.0,7.708261228338448,998.8542424783915,0.0
77100,0.0,0.0,7.708261228338448,999.6427095311342,0.0
77160,0.0,0.0,7.708261228338448,1000.3986194662804,0.0
77220,0.0,0.0,7.708261228338448,1001.1360707404716,0.0
77280,0.0,0.0,7.708261228338448,999.1926937134191,0.0
77340,0.0,0.0,7.708261228338448,999.3350688499693,0.0
77400,0.0,0.0,7.708261228338448,999.4353580884224,0.0
77460,0.0,0.0,7.708261228338448,1000.2505865138498,0.0
77520,0.0,0.0,7.708261228338448,1000.7266582422945,0.0
77580,0.0,0.0,7.708261228338448,999.2376471609304,0.0
77640,0.0,0.0,7.708261228338448,999.7292528056674,0.0
77700,0.0,0.0,7.708261228338448,998.5701508676087,0.0
77760,0.0,0.0,7.708261228338448,999.7301692557805,0.0
77820,0.0,0.0,7.708261228338448,1001.4828344057294,0.0
77880,0.0,0.0,7.708261228338448,1000.1844331147382,0.0
77940,0.0,0.0,7.708261228338448,999.8840170652397,0.0
78000,0.0,0.0,7.708261228338448,998.6550273283799,0.0
78060,0.0,0.0,7.708261228338448,999.4428387370798,0.0
78120,0.0,0.0,7.708261228338448,1000.5863895531538,0.0
78180,0.0,0.0,7.708261228338448,1000.7371473260526,0.0
78240,0.0,0.0,7.708261228338448,998.916007852905,0.0
78300,0.0,0.0,7.708261228338448,999.2744720927689,0.0
78360,0.0,0.0,7.708261228338448,999.1921217342336,0.0
78420,0.0,0.0,7.708261228338448,1000.7193071125796,0.0
78480,0.0,0.0,7.708261228338448,1000.5204986622964,0.0
78540,0.0,0.0,7.708261228338448,1000.4774602701863,0.0
78600,0.0,0.0,7.708261228338448,997.6014178673155,0.0
78660,0.0,0.0,7.708261228338448,999.1591077684355,0.0
78720,0.0,0.0,7.708261228338448,1000.497070136225,0.0
78780,0.0,0.0,7.708261228338448,1000.3022358894495,0.0
78840,0.0,0.0,7.708261228338448,1001.2645834222815,0.0
78900,0.0,0.0,7.708261228338448,999.2687800265039,0.0
78960,0.0,0.0,7.708261228338448,998.9089793313238,0.0
79020,0.0,0.0,7.708261228338448,999.7051983412304,0.0
79080,0.0,0.0,7.708261228338448,1000.3822285609529,0.0
79140,0.0,0.0,7.708261228338448,1000.2181612900263,0.0
79200,0.0,0.0,7.708261228338448,1000.2082695985616,0.0
79260,0.0,0.0,7.708261228338448,997.9276662335747,0.0
79320,0.0,0.0,7.708261228338448,999.2645869113886,0.0
79380,0.0,0.0,7.708261228338448,1000.882270559392,0.0
79440,0.0,0.0,7.708261228338448,1000.4380731733319,0.0
79500,0.0,0.0,7.708261228338448,1000.6954145712458,0.0
79560,0.0,0.0,7.708261228338448,998.8780644508786,0.0
79620,0.0,0.0,7.708261228338448,998.9318284707286,0.0
79680,0.0,0.0,7.708261228338448,1001.0444174150023,0.0
79740,0.0,0.0,7.708261228338448,1000.3967614724896,0.0
79800,0.0,0.0,7.708261228338448,1000.9343455638204,0.0
79860,0.0,0.0,7.708261228338448,997.5442419562554,0.0
79920,0.0,0.0,7.708261228338448,998.7373881691937,0.0
79980,0.0,0.0,7.708261228338448,999.462590292737,0.0
80040,0.0,0.0,7.708261228338448,1000.5512032058879,0.0
80100,0.0,0.0,7.708261228338448,1000.6943801619826,0.0
80160,0.0,0.0,7.708261228338448,998.7139978373423,0.0
80220,0.0,0.0,7.708261228338448,999.3506993064683,0.0
80280,0.0,0.0,7.708261228338448,999.2839597735033,0.0
80340,0.0,0.0,7.708261228338448,1000.0465016411739,0.0
80400,0.0,0.0,7.708261228338448,1001.5164476537759,0.0
80460,0.0,0.0,7.708261228338448,999.8908590785279,0.0
80520,0.0,0.0,7.708261228338448,999.312189095548,0.0
80580,0.0,0.0,7.708261228338448,998.9447411824622,0.0
80640,0.0,0.0,7.708261228338448,999.8501868504375,0.0
80700,0.0,0.0,7.708261228338448,1000.6475755332592,0.0
80760,0.0,0.0,7.708261228338448,1000.6229955845607,0.0
80820,0.0,0.0,7.708261228338448,998.380572247341,0.0
80880,0.0,0.0,7.708261228338448,998.4851596065328,0.0
80940,0.0,0.0,7.708261228338448,999.4952772193562,0.0
81000,0.0,0.0,7.708261228338448,1001.8055387630844,0.0
81060,0.0,0.0,7.708261228338448,999.9100031417064,0.0
81120,0.0,0.0,7.708261228338448,1000.2635630349814,0.0
81180,0.0,0.0,7.708261228338448,997.7981320141936,0.0
81240,0.0,0.0,7.708261228338448,999.3079063740647,0.0
81300,0.0,0.0,7.708261228338448,1000.9782454953443,0.0
81360,0.0,0.0,7.708261228338448,1000.3734604814533,0.0
81420,0.0,0.0,7.708261228338448,1000.7564839306671,0.0
81480,0.0,0.0,7.708261228338448,998.8601463191842,0.0
81540,0.0,0.0,7.708261228338448,998.9861212840132,0.0
81600,0.0,0.0,7.708261228338448,1000.1595398371032,0.0
81660,0.0,0.0,7.708261228338448,1000.6305918118168,0.0
81720,0.0,0.0,7.708261228338448,999.7635256007902,0.0
81780,0.0,0.0,7.708261228338448,999.8283634707652,0.0
81840,0.0,0.0,7.708261228338448,998.2925327991494,0.0
81900,0.0,0.0,7.708261228338448,999.5657315052072,0.0
81960,0.0,0.0,7.708261228338448,1001.2582310686936,0.0
82020,0.0,0.0,7.708261228338448,1000.3508738366063,0.0
82080,0.0,0.0,7.708261228338448,1000.128779029701,0.0
82140,0.0,0.0,7.708261228338448,997.7286170534878,0.0
82200,0.0,0.0,7.708261228338448,999.3059042698433,0.0
82260,0.0,0.0,7.708261228338448,1000.4974647235035,0.0
82320,0.0,0.0,7.708261228338448,1000.8188704334416,0.0
82380,0.0,0.0,7.708261228338448,999.9255828039511,0.0
82440,0.0,0.0,7.708261228338448,999.2526298843766,0.0
82500,0.0,0.0,7.708261228338448,998.9894837891069,0.0
82560,0.0,0.0,7.708261228338448,999.828142241466,0.0
82620,0.0,0.0,7.708261228338448,1000.5788603243758,0.0
82680,0.0,0.0,7.708261228338448,1000.6120747863321,0.0
82740,0.0,0.0,7.708261228338448,998.1460808563951,0.0
82800,0.0,0.0,7.708261228338448,999.1147134619376,0.0
82860,0.0,0.0,7.708261228338448,999.9915264563382,0.0
82920,0.0,0.0,7.708261228338448,1000.2944866140917,0.0
82980,0.0,0.0,7.708261228338448,1001.3273923701875,0.0
83040,0.0,0.0,7.708261228338448,999.5030865649426,0.0
83100,0.0,0.0,7.708261228338448,998.9266573079112,0.0
83160,0.0,0.0,7.708261228338448,999.398250546985,0.0
83220,0.0,0.0,7.708261228338448,1000.2359419060159,0.0
83280,0.0,0.0,7.708261228338448,1001.3958120832117,0.0
83340,0.0,0.0,7.708261228338448,999.4328708950595,0.0
83400,0.0,0.0,7.708261228338448,999.5293664904963,0.0
83460,0.0,0.0,7.708261228338448,998.9982236509035,0.0
83520,0.0,0.0,7.708261228338448,1000.0956677376462,0.0
83580,0.0,0.0,7.708261228338448,1000.6549403142449,0.0
83640,0.0,0.0,7.708261228338448,999.5280231108823,0.0
83700,0.0,0.0,7.708261228338448,999.9029628994372,0.0
83760,0.0,0.0,7.708261228338448,998.2835234289009,0.0
83820,0.0,0.0,7.708261228338448,999.5792987040027,0.0
83880,0.0,0.0,7.708261228338448,1001.3757695503842,0.0
83940,0.0,0.0,7.708261228338448,1000.2815338642557,0.0
84000,0.0,0.0,7.708261228338448,1000.1687060071197,0.0
84060,0.0,0.0,7.708261228338448,998.6225794485749,0.0
84120,0.0,0.0,7.708261228338448,999.2663838105823,0.0
84180,0.0,0.0,7.708261228338448,1000.4898511325006,0.0
84240,0.0,0.0,7.708261228338448,1000.7396243464889,0.0
84300,0.0,0.0,7.708261228338448,999.2069598731525,0.0
84360,0.0,0.0,7.708261228338448,999.4369302719712,0.0
84420,0.0,0.0,7.708261228338448,998.8728939436946,0.0
84480,0.0,0.0,7.708261228338448,999.9065458864288,0.0
84540,0.0,0.0,7.708261228338448,1001.4225336712603,0.0
84600,0.0,0.0,7.708261228338448,999.2862127760417,0.0
84660,0.0,0.0,7.708261228338448,999.5860708678208,0.0
84720,0.0,0.0,7.708261228338448,998.5545293925878,0.0
84780,0.0,0.0,7.708261228338448,1000.5650482240391,0.0
84840,0.0,0.0,7.708261228338448,1000.2626397684805,0.0
84900,0.0,0.0,7.708261228338448,1001.4214402190618,0.0
84960,0.0,0.0,7.708261228338448,999.4594649546245,0.0
85020,0.0,0.0,7.708261228338448,999.0201647914804,0.0
85080,0.0,0.0,7.708261228338448,999.4498060428558,0.0
85140,0.0,0.0,7.708261228338448,1000.2188801241604,0.0
85200,0.0,0.0,7.708261228338448,1000.3900564787034,0.0
85260,0.0,0.0,7.708261228338448,1000.3731773828619,0.0
85320,0.0,0.0,7.708261228338448,997.8809685546918,0.0
85380,0.0,0.0,7.708261228338448,999.1570455800752,0.0
85440,0.0,0.0,7.708261228338448,1000.6150823039571,0.0
85500,0.0,0.0,7.708261228338448,1000.4259897518026,0.0
85560,0.0,0.0,7.708261228338448,1000.9479297813684,0.0
85620,0.0,0.0,7.708261228338448,999.0829310270238,0.0
85680,0.0,0.0,7.708261228338448,998.8565311567371,0.0
85740,0.0,0.0,7.708261228338448,1000.7178545729065,0.0
85800,0.0,0.0,7.708261228338448,1000.3557489898478,0.0
85860,0.0,0.0,7.708261228338448,1001.0368956566691,0.0
85920,0.0,0.0,7.708261228338448,997.8410933682925,0.0
85980,0.0,0.0,7.708261228338448,998.7186624575339,0.0
86040,0.0,0.0,7.708261228338448,999.2723180234437,0.0
86100,0.0,0.0,7.708261228338448,1000.4699775844329,0.0
86160,0.0,0.0,7.708261228338448,1000.6868684078692,0.0
86220,0.0,0.0,7.708261228338448,999.0178024414327,0.0
86280,0.0,0.0,7.708261228338448,999.5163386920542,0.0
86340,0.0,0.0,7.708261228338448,998.9310557179094,0.0
86400,0.0,0.0,7.708261228338448,999.8988345993835,0.0
86460,0.0,0.0,7.708261228338448,1001.5223835011194,0.0
86520,0.0,0.0,7.708261228338448,1000.051615358147,0.0
86580,0.0,0.0,7.708261228338448,999.5712424774684,0.0
86640,0.0,0.0,7.708261228338448,998.7709578594865,0.0
86700,0.0,0.0,7.708261228338448,999.6497045087972,0.0
86760,0.0,0.0,7.708261228338448,1000.6455614381558,0.0
86820,0.0,0.0,7.708261228338448,1000.6985499427459,0.0
86880,0.0,0.0,7.708261228338448,998.7047400962182,0.0
86940,0.0,0.0,7.708261228338448,998.2940610374945,0.0
87000,0.0,0.0,7.708261228338448,999.3471536634873,0.0
87060,0.0,0.0,7.708261228338448,1001.6765786446636,0.0
87120,0.0,0.0,7.708261228338448,1000.1034196565225,0.0
87180,0.0,0.0,7.708261228338448,1000.4142310927795,0.0
87240,0.0,0.0,7.708261228338448,997.695149477587,0.0
87300,0.0,0.0,7.708261228338448,999.222566158515,0.0
87360,0.0,0.0,7.708261228338448,1000.72145272908,0.0
87420,0.0,0.0,7.708261228338448,1000.3682628638155,0.0
87480,0.0,0.0,7.708261228338448,1000.9997973104445,0.0
87540,0.0,0.0,7.708261228338448,999.0435345539051,0.0
87600,0.0,0.0,7.708261228338448,998.9150890483977,0.0
87660,0.0,0.0,7.708261228338448,999.9545680002319,0.0
87720,0.0,0.0,7.708261228338448,1000.5324156284144,0.0
87780,0.0,0.0,7.708261228338448,1000.0058414831233,0.0
87840,0.0,0.0,7.708261228338448,1000.0109394647877,0.0
87900,0.0,0.0,7.708261228338448,998.0860081447896,0.0
87960,0.0,0.0,7.708261228338448,999.4104530877581,0.0
88020,0.0,0.0,7.708261228338448,1001.0980576022599,0.0
88080,0.0,0.0,7.708261228338448,1000.4154202964207,0.0
88140,0.0,0.0,7.708261228338448,1000.4020351932136,0.0
88200,0.0,0.0,7.708261228338448,997.4996081934347,0.0
88260,0.0,0.0,7.708261228338448,999.1601549429805,0.0
88320,0.0,0.0,7.708261228338448,1000.2823763880709,0.0
88380,0.0,0.0,7.708261228338448,1001.0586477590986,0.0
88440,0.0,0.0,7.708261228338448,1000.0675665476283,0.0
88500,0.0,0.0,7.708261228338448,999.5015381944768,0.0
88560,0.0,0.0,7.708261228338448,998.8142299632916,0.0
88620,0.0,0.0,7.708261228338448,999.650221814557,0.0
88680,0.0,0.0,7.708261228338448,1000.5982626780366,0.0
88740,0.0,0.0,7.708261228338448,1000.677676632129,0.0
88800,0.0,0.0,7.708261228338448,998.400790908017,0.0
88860,0.0,0.0,7.708261228338448,999.1884823661945,0.0
88920,0.0,0.0,7.708261228338448,999.663646694993,0.0
88980,0.0,0.0,7.708261228338448,1000.1956263779438,0.0
89040,0.0,0.0,7.708261228338448,1001.4337049134664,0.0
89100,0.0,0.0,7.708261228338448,999.6941199577718,0.0
89160,0.0,0.0,7.708261228338448,999.0697782527692,0.0
89220,0.0,0.0,7.708261228338448,999.1723943065527,0.0
89280,0.0,0.0,7.708261228338448,1000.0643756891469,0.0
89340,0.0,0.0,7.708261228338448,1001.5839849144164,0.0
89400,0.0,0.0,7.708261228338448,999.6499894957565,0.0
89460,0.0,0.0,7.708261228338448,999.7319473125805,0.0
89520,0.0,0.0,7.708261228338448,998.5871499553299,0.0
89580,0.0,0.0,7.708261228338448,999.9200997009602,0.0
89640,0.0,0.0,7.708261228338448,1000.5592058137593,0.0
89700,0.0,0.0,7.708261228338448,999.788052411457,0.0
89760,0.0,0.0,7.708261228338448,1000.0624887896299,0.0
89820,0.0,0.0,7.708261228338448,998.0574115327441,0.0
89880,0.0,0.0,7.708261228338448,999.442652463811,0.0
89940,0.0,0.0,7.708261228338448,1001.2228670851696,0.0
90000,0.0,0.0,7.708261228338448,1000.3463029499856,0.0
90060,0.0,0.0,7.708261228338448,1000.4358513350282,0.0
90120,0.0,0.0,7.708261228338448,998.6810119228064,0.0
90180,0.0,0.0,7.708261228338448,999.1172781014876,0.0
90240,0.0,0.0,7.708261228338448,1000.358384511462,0.0
90300,0.0,0.0,7.708261228338448,1000.7112732063272,0.0
90360,0.0,0.0,7.708261228338448,999.4845090341311,0.0
90420,0.0,0.0,7.708261228338448,999.6067281383081,0.0
90480,0.0,0.0,7.708261228338448,998.5870071028345,0.0
90540,0.0,0.0,7.708261228338448,999.7506595533765,0.0
90600,0.0,0.0,7.708261228338448,1001.3659493989683,0.0
90660,0.0,0.0,7.708261228338448,999.6249694908292,0.0
90720,0.0,0.0,7.708261228338448,999.7538387449066,0.0
90780,0.0,0.0,7.708261228338448,998.4575683475769,0.0
90840,0.0,0.0,7.708261228338448,1000.245603873694,0.0
90900,0.0,0.0,7.708261228338448,1000.1691744748582,0.0
90960,0.0,0.0,7.708261228338448,1001.5457651617944,0.0
91020,0.0,0.0,7.708261228338448,999.638023566497,0.0
91080,0.0,0.0,7.708261228338448,999.1608120015853,0.0
91140,0.0,0.0,7.708261228338448,999.2312546169372,0.0
91200,0.0,0.0,7.708261228338448,1000.0593091537871,0.0
91260,0.0,0.0,7.708261228338448,1000.5075870056728,0.0
91320,0.0,0.0,7.708261228338448,1000.4937199936849,0.0
91380,0.0,0.0,7.708261228338448,997.9538007222662,0.0
91440,0.0,0.0,7.708261228338448,999.0995052797934,0.0
91500,0.0,0.0,7.708261228338448,1000.3411250543239,0.0
91560,0.0,0.0,7.708261228338448,1000.388353814027,0.0
91620,0.0,0.0,7.708261228338448,1001.1328356875284,0.0
91680,0.0,0.0,7.708261228338448,999.2748288885122,0.0
91740,0.0,0.0,7.708261228338448,998.8433826526963,0.0
91800,0.0,0.0,7.708261228338448,1000.3657471448632,0.0
91860,0.0,0.0,7.708261228338448,1000.2900348391098,0.0
91920,0.0,0.0,7.708261228338448,1001.0892698669862,0.0
91980,0.0,0.0,7.708261228338448,998.192597264059,0.0
92040,0.0,0.0,7.708261228338448,998.7898676537018,0.0
92100,0.0,0.0,7.708261228338448,999.1214931419503,0.0
92160,0.0,0.0,7.708261228338448,1000.3580844584027,0.0
92220,0.0,0.0,7.708261228338448,1000.6535230873579,0.0
92280,0.0,0.0,7.708261228338448,999.3004028608177,0.0
92340,0.0,0.0,7.708261228338448,999.6730790722315,0.0
92400,0.0,0.0,7.708261228338448,998.628328312835,0.0
92460,0.0,0.0,7.708261228338448,999.7584920975468,0.0
92520,0.0,0.0,7.708261228338448,1001.4731606768103,0.0
92580,0.0,0.0,7.708261228338448,1000.1761657247683,0.0
92640,0.0,0.0,7.708261228338448,999.82340221302,0.0
92700,0.0,0.0,7.708261228338448,998.6618325097589,0.0
92760,0.0,0.0,7.708261228338448,999.4705351712089,0.0
92820,0.0,0.0,7.708261228338448,1000.6018571593503,0.0
92880,0.0,0.0,7.708261228338448,1000.7380238772257,0.0
92940,0.0,0.0,7.708261228338448,998.9041265880169,0.0
93000,0.0,0.0,7.708261228338448,999.2391639272983,0.0
93060,0.0,0.0,7.708261228338448,999.2286579047295,0.0
93120,0.0,0.0,7.708261228338448,1000.73008399772,0.0
93180,0.0,0.0,7.708261228338448,1000.5330212689772,0.0
93240,0.0,0.0,7.708261228338448,1000.4280634132564,0.0
93300,0.0,0.0,7.708261228338448,997.6295436545436,0.0
93360,0.0,0.0,7.708261228338448,999.1500187046503,0.0
93420,0.0,0.0,7.708261228338448,1000.5163245338546,0.0
93480,0.0,0.0,7.708261228338448,1000.317228423032,0.0
93540,0.0,0.0,7.708261228338448,1001.2302355024361,0.0
93600,0.0,0.0,7.708261228338448,999.250611106129,0.0
93660,0.0,0.0,7.708261228338448,998.8978207446754,0.0
93720,0.0,0.0,7.708261228338448,999.7224824069298,0.0
93780,0.0,0.0,7.708261228338448,1000.4001992274002,0.0
93840,0.0,0.0,7.708261228338448,1000.2189468072694,0.0
93900,0.0,0.0,7.708261228338448,1000.189888219517,0.0
93960,0.0,0.0,7.708261228338448,997.9448917445119,0.0
94020,0.0,0.0,7.708261228338448,999.2693314867902,0.0
94080,0.0,0.0,7.708261228338448,1000.8873983314703,0.0
94140,0.0,0.0,7.708261228338448,1000.4450776774762,0.0
94200,0.0,0.0,7.708261228338448,1000.669291163529,0.0
94260,0.0,0.0,7.708261228338448,997.3694793162315,0.0
94320,0.0,0.0,7.708261228338448,999.0461240465469,0.0
94380,0.0,0.0,7.708261228338448,1000.0392246013495,0.0
94440,0.0,0.0,7.708261228338448,1001.2405376705508,0.0
94500,0.0,0.0,7.708261228338448,1000.1875795588559,0.0
94560,0.0,0.0,7.708261228338448,999.7897618402903,0.0
94620,0.0,0.0,7.708261228338448,998.6865361913783,0.0
94680,0.0,0.0,7.708261228338448,999.4713954484839,0.0
94740,0.0,0.0,7.708261228338448,1000.5685651542667,0.0
94800,0.0,0.0,7.708261228338448,1000.713380874874,0.0
94860,0.0,0.0,7.708261228338448,998.6850411356421,0.0
94920,0.0,0.0,7.708261228338448,999.3158970144917,0.0
94980,0.0,0.0,7.708261228338448,999.3212432361274,0.0
95040,0.0,0.0,7.708261228338448,1000.0712403360459,0.0
95100,0.0,0.0,7.708261228338448,1001.495920175827,0.0
95160,0.0,0.0,7.708261228338448,999.8751679934114,0.0
95220,0.0,0.0,7.708261228338448,999.2730595710124,0.0
95280,0.0,0.0,7.708261228338448,998.9622094158193,0.0
95340,0.0,0.0,7.708261228338448,999.8757154057145,0.0
95400,0.0,0.0,7.708261228338448,1000.6534433368499,0.0
95460,0.0,0.0,7.708261228338448,1000.6131504882376,0.0
95520,0.0,0.0,7.708261228338448,998.3759363630759,0.0
95580,0.0,0.0,7.708261228338448,998.5047715423451,0.0
95640,0.0,0.0,7.708261228338448,999.5104759214346,0.0
95700,0.0,0.0,7.708261228338448,1001.7829774237504,0.0
95760,0.0,0.0,7.708261228338448,999.9171383055375,0.0
95820,0.0,0.0,7.708261228338448,1000.2424790472447,0.0
95880,0.0,0.0,7.708261228338448,997.8231284641796,0.0
95940,0.0,0.0,7.708261228338448,999.3118000114295,0.0
96000,0.0,0.0,7.708261228338448,1000.9838955974451,0.0
96060,0.0,0.0,7.708261228338448,1000.3808853672232,0.0
96120,0.0,0.0,7.708261228338448,1000.7255643887923,0.0
96180,0.0,0.0,7.708261228338448,998.8472306101017,0.0
96240,0.0,0.0,7.708261228338448,998.9876848232099,0.0
96300,0.0,0.0,7.708261228338448,1000.1705271861881,0.0
96360,0.0,0.0,7.708261228338448,1000.640617908565,0.0
96420,0.0,0.0,7.708261228338448,999.7662885809785,0.0
96480,0.0,0.0,7.708261228338448,999.8103300891355,0.0
96540,0.0,0.0,7.708261228338448,998.3070053700907,0.0
96600,0.0,0.0,7.708261228338448,999.573547655305,0.0
96660,0.0,0.0,7.708261228338448,1001.2544684415843,0.0
96720,0.0,0.0,7.708261228338448,999.9552628548112,0.0
96780,0.0,0.0,7.708261228338448,999.9355913256777,0.0
96840,0.0,0.0,7.708261228338448,998.4260556641625,0.0
96900,0.0,0.0,7.708261228338448,999.8624211434825,0.0
96960,0.0,0.0,7.708261228338448,1000.0406437036307,0.0
97020,0.0,0.0,7.708261228338448,1001.6383152250123,0.0
97080,0.0,0.0,7.708261228338448,999.818939232724,0.0
97140,0.0,0.0,7.708261228338448,999.3798499503918,0.0
97200,0.0,0.0,7.708261228338448,999.0110309393477,0.0
97260,0.0,0.0,7.708261228338448,999.869569191522,0.0
97320,0.0,0.0,7.708261228338448,1000.5819619900332,0.0
97380,0.0,0.0,7.708261228338448,1000.5995149514575,0.0
97440,0.0,0.0,7.708261228338448,998.1515102829217,0.0
97500,0.0,0.0,7.708261228338448,999.0969892427012,0.0
97560,0.0,0.0,7.708261228338448,1000.0191519183608,0.0
97620,0.0,0.0,7.708261228338448,1000.3125365272772,0.0
97680,0.0,0.0,7.708261228338448,1001.2989182546318,0.0
97740,0.0,0.0,7.708261228338448,999.4849212742134,0.0
97800,0.0,0.0,7.708261228338448,998.9062369648947,0.0
97860,0.0,0.0,7.708261228338448,999.9567625238453,0.0
97920,0.0,0.0,7.708261228338448,1000.1830928417465,0.0
97980,0.0,0.0,7.708261228338448,1001.1068443025139,0.0
98040,0.0,0.0,7.708261228338448,998.5957446057322,0.0
98100,0.0,0.0,7.708261228338448,998.9448890835312,0.0
98160,0.0,0.0,7.708261228338448,998.9900169827852,0.0
98220,0.0,0.0,7.708261228338448,1000.1976822761303,0.0
98280,0.0,0.0,7.708261228338448,1000.5858861084612,0.0
98340,0.0,0.0,7.708261228338448,999.5825728049906,0.0
98400,0.0,0.0,7.708261228338448,999.8510315002243,0.0
98460,0.0,0.0,7.708261228338448,998.3354265039561,0.0
98520,0.0,0.0,7.708261228338448,999.6051117620485,0.0
98580,0.0,0.0,7.708261228338448,1001.374330237006,0.0
98640,0.0,0.0,7.708261228338448,1000.2791097555055,0.0
98700,0.0,0.0,7.708261228338448,1000.1062405785024,0.0
98760,0.0,0.0,7.708261228338448,998.6174904599395,0.0
98820,0.0,0.0,7.708261228338448,999.2899111302454,0.0
98880,0.0,0.0,7.708261228338448,1000.5095966446981,0.0
98940,0.0,0.0,7.708261228338448,1000.746715298545,0.0
99000,0.0,0.0,7.708261228338448,999.1939707108994,0.0
99060,0.0,0.0,7.708261228338448,999.3989788161524,0.0
99120,0.0,0.0,7.708261228338448,998.9103556350638,0.0
99180,0.0,0.0,7.708261228338448,1000.5763889192572,0.0
99240,0.0,0.0,7.708261228338448,1000.4903132408313,0.0
99300,0.0,0.0,7.708261228338448,1000.7694987031321,0.0
99360,0.0,0.0,7.708261228338448,997.7212243393723,0.0
99420,0.0,0.0,7.708261228338448,999.1537272449193,0.0
99480,0.0,0.0,7.708261228338448,1000.1940418116584,0.0
99540,0.0,0.0,7.708261228338448,1000.253943797261,0.0
99600,0.0,0.0,7.708261228338448,1001.3888716277746,0.0
99660,0.0,0.0,7.708261228338448,999.4432292887243,0.0
99720,0.0,0.0,7.708261228338448,998.951559423663,0.0
99780,0.0,0.0,7.708261228338448,999.4926229035319,0.0
99840,0.0,0.0,7.708261228338448,1000.2547586090241,0.0
99900,0.0,0.0,7.708261228338448,1000.3852141674834,0.0
99960,0.0,0.0,7.708261228338448,1000.3415629133491,0.0
100020,0.0,0.0,7.708261228338448,997.9007293634083,0.0
100080,0.0,0.0,7.708261228338448,999.162758758864,0.0
100140,0.0,0.0,7.708261228338448,1000.6453815408095,0.0
100200,0.0,0.0,7.708261228338448,1000.4415444334865,0.0
100260,0.0,0.0,7.708261228338448,1000.896570548994,0.0
100320,0.0,0.0,7.708261228338448,997.3822510429355,0.0
100380,0.0,0.0,7.708261228338448,998.9831919453261,0.0
100440,0.0,0.0,7.708261228338448,999.7944720738531,0.0
100500,0.0,0.0,7.708261228338448,1001.3473419912434,0.0
100560,0.0,0.0,7.708261228338448,1000.2764622601487,0.0
100620,0.0,0.0,7.708261228338448,1000.0765756992506,0.0
100680,0.0,0.0,7.708261228338448,998.6308149178635,0.0
100740,0.0,0.0,7.708261228338448,999.3123804869163,0.0
100800,0.0,0.0,7.708261228338448,1000.4968935672855,0.0
100860,0.0,0.0,7.708261228338448,1000.7177304982056,0.0
100920,0.0,0.0,7.708261228338448,998.9735935357262,0.0
100980,0.0,0.0,7.708261228338448,999.4608561481562,0.0
101040,0.0,0.0,7.708261228338448,998.9960695256277,0.0
101100,0.0,0.0,7.708261228338448,999.9367391113983,0.0
101160,0.0,0.0,7.708261228338448,1001.5050557212038,0.0
101220,0.0,0.0,7.708261228338448,1000.0308844299245,0.0
101280,0.0,0.0,7.708261228338448,999.5043227807014,0.0
101340,0.0,0.0,7.708261228338448,998.7930149574921,0.0
101400,0.0,0.0,7.708261228338448,999.6889409852989,0.0
101460,0.0,0.0,7.708261228338448,1000.6581935150524,0.0
101520,0.0,0.0,7.708261228338448,1000.6899982744982,0.0
101580,0.0,0.0,7.708261228338448,998.6777428874444,0.0
101640,0.0,0.0,7.708261228338448,998.3214086882624,0.0
101700,0.0,0.0,7.708261228338448,999.367123340988,0.0
101760,0.0,0.0,7.708261228338448,1001.6599559544749,0.0
101820,0.0,0.0,7.708261228338448,1000.1070310467994,0.0
101880,0.0,0.0,7.708261228338448,1000.3865215271456,0.0
101940,0.0,0.0,7.708261228338448,997.7259085708598,0.0
102000,0.0,0.0,7.708261228338448,999.2236115616698,0.0
102060,0.0,0.0,7.708261228338448,1000.7441902436046,0.0
102120,0.0,0.0,7.708261228338448,1000.3816446535483,0.0
102180,0.0,0.0,7.708261228338448,1000.9531297854472,0.0
102240,0.0,0.0,7.708261228338448,999.019094082477,0.0
102300,0.0,0.0,7.708261228338448,998.9130428461716,0.0
102360,0.0,0.0,7.708261228338448,999.9775491591383,0.0
102420,0.0,0.0,7.708261228338448,1000.5519420981877,0.0
102480,0.0,0.0,7.708261228338448,1000.0008420912604,0.0
102540,0.0,0.0,7.708261228338448,999.9830442624607,0.0
102600,0.0,0.0,7.708261228338448,998.1110274509538,0.0
102660,0.0,0.0,7.708261228338448,999.423489963711,0.0
102720,0.0,0.0,7.708261228338448,1001.1031636968812,0.0
102780,0.0,0.0,7.708261228338448,1000.2292622225852,0.0
102840,0.0,0.0,7.708261228338448,1000.0825026714404,0.0
102900,0.0,0.0,7.708261228338448,998.4800057439396,0.0
102960,0.0,0.0,7.708261228338448,999.4839772677576,0.0
103020,0.0,0.0,7.708261228338448,999.9148741132237,0.0
103080,0.0,0.0,7.708261228338448,1001.6623527450478,0.0
103140,0.0,0.0,7.708261228338448,999.9649564093172,0.0
103200,0.0,0.0,7.708261228338448,999.6079877953881,0.0
103260,0.0,0.0,7.708261228338448,998.8413413652145,0.0
103320,0.0,0.0,7.708261228338448,999.6954670697093,0.0
103380,0.0,0.0,7.708261228338448,1000.6080943683747,0.0
103440,0.0,0.0,7.708261228338448,1000.6680950534007,0.0
103500,0.0,0.0,7.708261228338448,998.3961240830027,0.0
103560,0.0,0.0,7.708261228338448,999.1532425382782,0.0
103620,0.0,0.0,7.708261228338448,999.7066177425575,0.0
103680,0.0,0.0,7.708261228338448,1000.2212217275144,0.0
103740,0.0,0.0,7.708261228338448,1001.4037536411777,0.0
103800,0.0,0.0,7.708261228338448,999.6713731820481,0.0
103860,0.0,0.0,7.708261228338448,999.0338568121326,0.0
103920,0.0,0.0,7.708261228338448,999.1972775433004,0.0
103980,0.0,0.0,7.708261228338448,1000.0935239038768,0.0
104040,0.0,0.0,7.708261228338448,1001.5458400141921,0.0
104100,0.0,0.0,7.708261228338448,999.640557423426,0.0
104160,0.0,0.0,7.708261228338448,999.689507053081,0.0
104220,0.0,0.0,7.708261228338448,998.6269817244493,0.0
104280,0.0,0.0,7.708261228338448,999.9429605512847,0.0
104340,0.0,0.0,7.708261228338448,1000.5794299011504,0.0
104400,0.0,0.0,7.708261228338448,999.7868492958288,0.0
104460,0.0,0.0,7.708261228338448,1000.0367945570115,0.0
104520,0.0,0.0,7.708261228338448,998.0850541080636,0.0
104580,0.0,0.0,7.708261228338448,999.4536585766547,0.0
104640,0.0,0.0,7.708261228338448,1001.2248176075722,0.0
104700,0.0,0.0,7.708261228338448,1000.3502215681884,0.0
104760,0.0,0.0,7.708261228338448,1000.4002587965432,0.0
104820,0.0,0.0,7.708261228338448,998.6700482836665,0.0
104880,0.0,0.0,7.708261228338448,999.1253478625179,0.0
104940,0.0,0.0,7.708261228338448,1000.3705066106088,0.0
105000,0.0,0.0,7.708261228338448,1000.7193104122531,0.0
105060,0.0,0.0,7.708261228338448,999.484555545022,0.0
105120,0.0,0.0,7.708261228338448,999.5844899737085,0.0
105180,0.0,0.0,7.708261228338448,998.6046154374854,0.0
105240,0.0,0.0,7.708261228338448,1000.3679785680523,0.0
105300,0.0,0.0,7.708261228338448,1000.4155760864709,0.0
105360,0.0,0.0,7.708261228338448,1001.094178888106,0.0
105420,0.0,0.0,7.708261228338448,997.9608619300185,0.0
105480,0.0,0.0,7.708261228338448,999.2270454642095,0.0
105540,0.0,0.0,7.708261228338448,999.8398041091984,0.0
105600,0.0,0.0,7.708261228338448,1000.1619453365644,0.0
105660,0.0,0.0,7.708261228338448,1001.5089077141058,0.0
105720,0.0,0.0,7.708261228338448,999.6348203938569,0.0
105780,0.0,0.0,7.708261228338448,999.0856332353147,0.0
105840,0.0,0.0,7.708261228338448,999.2593213353093,0.0
105900,0.0,0.0,7.708261228338448,1000.0864809213831,0.0
105960,0.0,0.0,7.708261228338448,1000.5101451753595,0.0
106020,0.0,0.0,7.708261228338448,1000.4761264158016,0.0
106080,0.0,0.0,7.708261228338448,997.9612683023503,0.0
106140,0.0,0.0,7.708261228338448,999.0941385877921,0.0
106200,0.0,0.0,7.708261228338448,1000.3648542086439,0.0
106260,0.0,0.0,7.708261228338448,1000.4041006876246,0.0
106320,0.0,0.0,7.708261228338448,1001.0985863527643,0.0
106380,0.0,0.0,7.708261228338448,999.2535047265347,0.0
106440,0.0,0.0,7.708261228338448,998.8332423568237,0.0
106500,0.0,0.0,7.708261228338448,1000.3724968069785,0.0
106560,0.0,0.0,7.708261228338448,1000.3072322914965,0.0
106620,0.0,0.0,7.708261228338448,1001.0816480009656,0.0
106680,0.0,0.0,7.708261228338448,998.2109598977166,0.0
106740,0.0,0.0,7.708261228338448,998.7747271411384,0.0
106800,0.0,0.0,7.708261228338448,999.1320139068324,0.0
106860,0.0,0.0,7.708261228338448,1000.3719954369883,0.0
106920,0.0,0.0,7.708261228338448,1000.6636229192691,0.0
106980,0.0,0.0,7.708261228338448,999.3016774847523,0.0
107040,0.0,0.0,7.708261228338448,999.6490907707453,0.0
107100,0.0,0.0,7.708261228338448,998.6492641792886,0.0
107160,0.0,0.0,7.708261228338448,999.7709248575195,0.0
107220,0.0,0.0,7.708261228338448,1001.4651671428301,0.0
107280,0.0,0.0,7.708261228338448,1000.1750597497746,0.0
107340,0.0,0.0,7.708261228338448,999.7975737201679,0.0
107400,0.0,0.0,7.708261228338448,998.6631868158712,0.0
107460,0.0,0.0,7.708261228338448,999.4807214644715,0.0
107520,0.0,0.0,7.708261228338448,1000.6087015041996,0.0
107580,0.0,0.0,7.708261228338448,1000.7392260528601,0.0
107640,0.0,0.0,7.708261228338448,999.0548140594179,0.0
107700,0.0,0.0,7.708261228338448,998.201991222732,0.0
107760,0.0,0.0,7.708261228338448,999.2317454091956,0.0
107820,0.0,0.0,7.708261228338448,1001.470581079509,0.0
107880,0.0,0.0,7.708261228338448,1000.2611976854781,0.0
107940,0.0,0.0,7.708261228338448,1000.5252864248278,0.0
108000,0.0,0.0,7.708261228338448,997.7197256316609,0.0
108060,0.0,0.0,7.708261228338448,999.1719736910857,0.0
108120,0.0,0.0,7.708261228338448,1000.4476657337465,0.0
108180,0.0,0.0,7.708261228338448,1000.3454730755099,0.0
108240,0.0,0.0,7.708261228338448,1001.1765986683955,0.0
108300,0.0,0.0,7.708261228338448,999.2212028691024,0.0
108360,0.0,0.0,7.708261228338448,998.8911676420386,0.0
108420,0.0,0.0,7.708261228338448,999.74609776349,0.0
108480,0.0,0.0,7.708261228338448,1000.4239293715251,0.0
108540,0.0,0.0,7.708261228338448,1000.2153718388773,0.0
108600,0.0,0.0,7.708261228338448,1000.1651951763373,0.0
108660,0.0,0.0,7.708261228338448,997.9662701042494,0.0
108720,0.0,0.0,7.708261228338448,999.2778593863842,0.0
108780,0.0,0.0,7.708261228338448,1000.8975467985699,0.0
108840,0.0,0.0,7.708261228338448,1000.4696771138781,0.0
108900,0.0,0.0,7.708261228338448,1000.2238097488618,0.0
108960,0.0,0.0,7.708261228338448,998.6389624349894,0.0
109020,0.0,0.0,7.708261228338448,999.0718360451282,0.0
109080,0.0,0.0,7.708261228338448,999.7683371812647,0.0
109140,0.0,0.0,7.708261228338448,1001.6397230377303,0.0
109200,0.0,0.0,7.708261228338448,1000.0967275963576,0.0
109260,0.0,0.0,7.708261228338448,999.8828907015992,0.0
109320,0.0,0.0,7.708261228338448,998.7088684762012,0.0
109380,0.0,0.0,7.708261228338448,999.509393266888,0.0
109440,0.0,0.0,7.708261228338448,1000.5853607466399,0.0
109500,0.0,0.0,7.708261228338448,1000.7107816576711,0.0
109560,0.0,0.0,7.708261228338448,998.6765533442771,0.0
109620,0.0,0.0,7.708261228338448,999.274634095599,0.0
109680,0.0,0.0,7.708261228338448,999.3675011132132,0.0
109740,0.0,0.0,7.708261228338448,1000.0988072492316,0.0
109800,0.0,0.0,7.708261228338448,1001.4726930175975,0.0
109860,0.0,0.0,7.708261228338448,999.8560597440448,0.0
109920,0.0,0.0,7.708261228338448,999.2293376428802,0.0
109980,0.0,0.0,7.708261228338448,998.9836178717992,0.0
110040,0.0,0.0,7.708261228338448,999.9053386144454,0.0
110100,0.0,0.0,7.708261228338448,1001.6783748508913,0.0
110160,0.0,0.0,7.708261228338448,999.8422875697786,0.0
110220,0.0,0.0,7.708261228338448,999.9079839286302,0.0
110280,0.0,0.0,7.708261228338448,998.2364227946672,0.0
110340,0.0,0.0,7.708261228338448,999.7431203543825,0.0
110400,0.0,0.0,7.708261228338448,1000.4577604226942,0.0
110460,0.0,0.0,7.708261228338448,1000.0205244905799,0.0
110520,0.0,0.0,7.708261228338448,1000.1935522554296,0.0
110580,0.0,0.0,7.708261228338448,997.9142721869498,0.0
110640,0.0,0.0,7.708261228338448,999.3264633971546,0.0
110700,0.0,0.0,7.708261228338448,1001.0298579887899,0.0
110760,0.0,0.0,7.708261228338448,1000.3876959411746,0.0
110820,0.0,0.0,7.708261228338448,1000.661213443762,0.0
110880,0.0,0.0,7.708261228338448,998.8143308238966,0.0
110940,0.0,0.0,7.708261228338448,998.9992496264384,0.0
111000,0.0,0.0,7.708261228338448,1000.20313734972,0.0
111060,0.0,0.0,7.708261228338448,1000.662022954232,0.0
111120,0.0,0.0,7.708261228338448,999.7495977219868,0.0
111180,0.0,0.0,7.708261228338448,999.7661829874531,0.0
111240,0.0,0.0,7.708261228338448,998.348888944553,0.0
111300,0.0,0.0,7.708261228338448,1000.1268258671544,0.0
111360,0.0,0.0,7.708261228338448,1000.3209800985052,0.0
111420,0.0,0.0,7.708261228338448,1001.3633672795531,0.0
111480,0.0,0.0,7.708261228338448,998.2391409592947,0.0
111540,0.0,0.0,7.708261228338448,999.3428695421235,0.0
111600,0.0,0.0,7.708261228338448,999.4864517111229,0.0
111660,0.0,0.0,7.708261228338448,1000.0551109395789,0.0
111720,0.0,0.0,7.708261228338448,1001.574234145627,0.0
111780,0.0,0.0,7.708261228338448,999.8064106447522,0.0
111840,0.0,0.0,7.708261228338448,999.2704544295527,0.0
111900,0.0,0.0,7.708261228338448,999.0495668332464,0.0
111960,0.0,0.0,7.708261228338448,999.9138697173254,0.0
112020,0.0,0.0,7.708261228338448,1000.587528379963,0.0
112080,0.0,0.0,7.708261228338448,1000.5807038173807,0.0
112140,0.0,0.0,7.708261228338448,998.1410073836363,0.0
112200,0.0,0.0,7.708261228338448,999.076180881813,0.0
112260,0.0,0.0,7.708261228338448,1000.0679951088998,0.0
112320,0.0,0.0,7.708261228338448,1000.3399789606813,0.0
112380,0.0,0.0,7.708261228338448,1001.2545084453259,0.0
112440,0.0,0.0,7.708261228338448,999.4511447918484,0.0
112500,0.0,0.0,7.708261228338448,998.8771413539313,0.0
112560,0.0,0.0,7.708261228338448,999.9897428025401,0.0
112620,0.0,0.0,7.708261228338448,1000.2120101347404,0.0
112680,0.0,0.0,7.708261228338448,1001.103532048379,0.0
112740,0.0,0.0,7.708261228338448,998.5968314578953,0.0
112800,0.0,0.0,7.708261228338448,998.9149917023451,0.0
112860,0.0,0.0,7.708261228338448,999.001674702887,0.0
112920,0.0,0.0,7.708261228338448,1000.2241018364002,0.0
112980,0.0,0.0,7.708261228338448,1000.6057318089854,0.0
113040,0.0,0.0,7.708261228338448,999.5735577592183,0.0
113100,0.0,0.0,7.708261228338448,999.814867708694,0.0
113160,0.0,0.0,7.708261228338448,998.3731260577316,0.0
113220,0.0,0.0,7.708261228338448,999.624712141156,0.0
113280,0.0,0.0,7.708261228338448,1001.3730216470939,0.0
113340,0.0,0.0,7.708261228338448,1000.2774148841837,0.0
113400,0.0,0.0,7.708261228338448,1000.0612557756435,0.0
113460,0.0,0.0,7.708261228338448,998.6146089697629,0.0
113520,0.0,0.0,7.708261228338448,999.3070101817186,0.0
113580,0.0,0.0,7.708261228338448,1000.523622895266,0.0
113640,0.0,0.0,7.708261228338448,1000.7516761146566,0.0
113700,0.0,0.0,7.708261228338448,999.4281140003533,0.0
113760,0.0,0.0,7.708261228338448,998.1969613069963,0.0
113820,0.0,0.0,7.708261228338448,999.1387464471204,0.0
113880,0.0,0.0,7.708261228338448,1001.229220590141,0.0
113940,0.0,0.0,7.708261228338448,1000.3652189394303,0.0
114000,0.0,0.0,7.708261228338448,1000.6236129568005,0.0
114060,0.0,0.0,7.708261228338448,997.8426478844112,0.0
114120,0.0,0.0,7.708261228338448,999.170229689693,0.0
114180,0.0,0.0,7.708261228338448,1000.1489559142136,0.0
114240,0.0,0.0,7.708261228338448,1000.28916148767,0.0
114300,0.0,0.0,7.708261228338448,1001.3358095571792,0.0
114360,0.0,0.0,7.708261228338448,999.4072961584772,0.0
114420,0.0,0.0,7.708261228338448,998.9302974010726,0.0
114480,0.0,0.0,7.708261228338448,999.5252284181548,0.0
114540,0.0,0.0,7.708261228338448,1000.2879679266006,0.0
114600,0.0,0.0,7.708261228338448,1000.3805613466562,0.0
114660,0.0,0.0,7.708261228338448,1000.3140632572606,0.0
114720,0.0,0.0,7.708261228338448,997.9195032013206,0.0
114780,0.0,0.0,7.708261228338448,999.1684059129312,0.0
114840,0.0,0.0,7.708261228338448,1000.6678996187975,0.0
114900,0.0,0.0,7.708261228338448,1000.4542951680161,0.0
114960,0.0,0.0,7.708261228338448,1000.8539680630316,0.0
115020,0.0,0.0,7.708261228338448,997.4182012237512,0.0
115080,0.0,0.0,7.708261228338448,998.9789242524637,0.0
115140,0.0,0.0,7.708261228338448,999.8254450803178,0.0
115200,0.0,0.0,7.708261228338448,1001.3305032049727,0.0
115260,0.0,0.0,7.708261228338448,1000.2759234318627,0.0
115320,0.0,0.0,7.708261228338448,1000.0283771228235,0.0
115380,0.0,0.0,7.708261228338448,998.6293352348183,0.0
115440,0.0,0.0,7.708261228338448,999.327234445463,0.0
115500,0.0,0.0,7.708261228338448,1000.5102023167461,0.0
115560,0.0,0.0,7.708261228338448,1000.7234767810318,0.0
115620,0.0,0.0,7.708261228338448,998.9728784460003,0.0
115680,0.0,0.0,7.708261228338448,999.4339138033636,0.0
115740,0.0,0.0,7.708261228338448,999.0198092189316,0.0
115800,0.0,0.0,7.708261228338448,999.9525982053556,0.0
115860,0.0,0.0,7.708261228338448,1001.4929486304582,0.0
115920,0.0,0.0,7.708261228338448,1000.0252373054973,0.0
115980,0.0,0.0,7.708261228338448,999.4766834167092,0.0
116040,0.0,0.0,7.708261228338448,998.7994801572904,0.0
116100,0.0,0.0,7.708261228338448,999.7034853664854,0.0
116160,0.0,0.0,7.708261228338448,1001.7480471961399,0.0
116220,0.0,0.0,7.708261228338448,1000.0199323562813,0.0
116280,0.0,0.0,7.708261228338448,1000.1365483676532,0.0
116340,0.0,0.0,7.708261228338448,997.8765078590297,0.0
116400,0.0,0.0,7.708261228338448,999.5251697757005,0.0
116460,0.0,0.0,7.708261228338448,1000.306962870727,0.0
116520,0.0,0.0,7.708261228338448,1000.2200336320149,0.0
116580,0.0,0.0,7.708261228338448,1000.3393726411988,0.0
116640,0.0,0.0,7.708261228338448,997.8193675093214,0.0
116700,0.0,0.0,7.708261228338448,999.2230267343926,0.0
116760,0.0,0.0,7.708261228338448,1000.7880836819178,0.0
116820,0.0,0.0,7.708261228338448,1000.3921315263659,0.0
116880,0.0,0.0,7.708261228338448,1000.9082232225534,0.0
116940,0.0,0.0,7.708261228338448,998.9942327960543,0.0
117000,0.0,0.0,7.708261228338448,998.9119094372838,0.0
117060,0.0,0.0,7.708261228338448,1000.0021678076846,0.0
117120,0.0,0.0,7.708261228338448,1000.5717783370061,0.0
117180,0.0,0.0,7.708261228338448,999.9942613433192,0.0
117240,0.0,0.0,7.708261228338448,999.9529043160932,0.0
117300,0.0,0.0,7.708261228338448,998.1375323081652,0.0
117360,0.0,0.0,7.708261228338448,999.4383506800303,0.0
117420,0.0,0.0,7.708261228338448,1001.1089863900011,0.0
117480,0.0,0.0,7.708261228338448,1000.2305191810939,0.0
117540,0.0,0.0,7.708261228338448,1000.0655974495502,0.0
117600,0.0,0.0,7.708261228338448,998.4720353292394,0.0
117660,0.0,0.0,7.708261228338448,999.4988827748834,0.0
117720,0.0,0.0,7.708261228338448,999.9324986508145,0.0
117780,0.0,0.0,7.708261228338448,1001.6441353564978,0.0
117840,0.0,0.0,7.708261228338448,999.9586796693542,0.0
117900,0.0,0.0,7.708261228338448,999.5749533640778,0.0
117960,0.0,0.0,7.708261228338448,998.8491792475459,0.0
118020,0.0,0.0,7.708261228338448,999.7113410517599,0.0
118080,0.0,0.0,7.708261228338448,1000.6152477034608,0.0
118140,0.0,0.0,7.708261228338448,1000.6656560962197,0.0
118200,0.0,0.0,7.708261228338448,998.4019968253248,0.0
118260,0.0,0.0,7.708261228338448,999.135930200536,0.0
118320,0.0,0.0,7.708261228338448,999.7189700927594,0.0
118380,0.0,0.0,7.708261228338448,1000.233067915521,0.0
118440,0.0,0.0,7.708261228338448,1001.3880552719878,0.0
118500,0.0,0.0,7.708261228338448,999.6647233492081,0.0
118560,0.0,0.0,7.708261228338448,999.0183819432784,0.0
118620,0.0,0.0,7.708261228338448,999.5480232209571,0.0
118680,0.0,0.0,7.708261228338448,1000.0724842879276,0.0
118740,0.0,0.0,7.708261228338448,1001.0849233677789,0.0
118800,0.0,0.0,7.708261228338448,999.0254457573683,0.0
118860,0.0,0.0,7.708261228338448,999.0974458098302,0.0
118920,0.0,0.0,7.708261228338448,998.9020576952641,0.0
118980,0.0,0.0,7.708261228338448,1000.0257905489036,0.0
119040,0.0,0.0,7.708261228338448,1000.5086590158555,0.0
119100,0.0,0.0,7.708261228338448,999.8395428675569,0.0
119160,0.0,0.0,7.708261228338448,1000.0004601339623,0.0
119220,0.0,0.0,7.708261228338448,998.1162548836822,0.0
119280,0.0,0.0,7.708261228338448,999.4696503991722,0.0
119340,0.0,0.0,7.708261228338448,1001.226165840862,0.0
119400,0.0,0.0,7.708261228338448,1000.3538263721774,0.0
119460,0.0,0.0,7.708261228338448,1000.3534560798779,0.0
119520,0.0,0.0,7.708261228338448,998.656259965967,0.0
119580,0.0,0.0,7.708261228338448,999.1380733980367,0.0
119640,0.0,0.0,7.708261228338448,1000.387169851667,0.0
119700,0.0,0.0,7.708261228338448,1000.7288707119899,0.0
119760,0.0,0.0,7.708261228338448,999.8371707799856,0.0
119820,0.0,0.0,7.708261228338448,998.3207229702542,0.0
119880,0.0,0.0,7.708261228338448,999.0825570757492,0.0
119940,0.0,0.0,7.708261228338448,1000.9241521120562,0.0
120000,0.0,0.0,7.708261228338448,1000.4227919076712,0.0
120060,0.0,0.0,7.708261228338448,1000.7014631314134,0.0
120120,0.0,0.0,7.708261228338448,998.0822163929361,0.0
120180,0.0,0.0,7.708261228338448,999.2369007447719,0.0
120240,0.0,0.0,7.708261228338448,999.8101978592501,0.0
120300,0.0,0.0,7.708261228338448,1000.199506138437,0.0
120360,0.0,0.0,7.708261228338448,1001.4685620417895,0.0
120420,0.0,0.0,7.708261228338448,999.6019373362742,0.0
120480,0.0,0.0,7.708261228338448,999.0512925490222,0.0
120540,0.0,0.0,7.708261228338448,999.2906350803817,0.0
120600,0.0,0.0,7.708261228338448,1000.1216984071006,0.0
120660,0.0,0.0,7.708261228338448,1000.5097458833764,0.0
120720,0.0,0.0,7.708261228338448,1000.4542975774145,0.0
120780,0.0,0.0,7.708261228338448,997.9694782985717,0.0
120840,0.0,0.0,7.708261228338448,999.0905939142416,0.0
120900,0.0,0.0,7.708261228338448,1000.3930971042012,0.0
120960,0.0,0.0,7.708261228338448,1000.421105715807,0.0
121020,0.0,0.0,7.708261228338448,1001.0596995863817,0.0
121080,0.0,0.0,7.708261228338448,997.5798559513601,0.0
121140,0.0,0.0,7.708261228338448,998.9667295301526,0.0
121200,0.0,0.0,7.708261228338448,999.5697139856787,0.0
121260,0.0,0.0,7.708261228338448,1001.3710998283882,0.0
121320,0.0,0.0,7.708261228338448,1000.3414280610856,0.0
121380,0.0,0.0,7.708261228338448,1000.3238408989645,0.0
121440,0.0,0.0,7.708261228338448,998.6502005208674,0.0
121500,0.0,0.0,7.708261228338448,999.1804268390056,0.0
121560,0.0,0.0,7.708261228338448,1000.3970634368044,0.0
121620,0.0,0.0,7.708261228338448,1000.7008702023174,0.0
121680,0.0,0.0,7.708261228338448,999.2635009240507,0.0
121740,0.0,0.0,7.708261228338448,999.598750701511,0.0
121800,0.0,0.0,7.708261228338448,998.7055648257108,0.0
121860,0.0,0.0,7.708261228338448,999.8037496657278,0.0
121920,0.0,0.0,7.708261228338448,1001.4579695032057,0.0
121980,0.0,0.0,7.708261228338448,1000.1626285654063,0.0
122040,0.0,0.0,7.708261228338448,999.7352898112914,0.0
122100,0.0,0.0,7.708261228338448,998.673410118815,0.0
122160,0.0,0.0,7.708261228338448,999.5127512420901,0.0
122220,0.0,0.0,7.708261228338448,1001.7403934042509,0.0
122280,0.0,0.0,7.708261228338448,1000.1607163103904,0.0
122340,0.0,0.0,7.708261228338448,1000.344051123263,0.0
122400,0.0,0.0,7.708261228338448,997.5948172205344,0.0
122460,0.0,0.0,7.708261228338448,999.3163764956706,0.0
122520,0.0,0.0,7.708261228338448,1000.1456254089719,0.0
122580,0.0,0.0,7.708261228338448,1000.3729863241447,0.0
122640,0.0,0.0,7.708261228338448,1000.4580738931487,0.0
122700,0.0,0.0,7.708261228338448,997.8273172877396,0.0
122760,0.0,0.0,7.708261228338448,999.1585131441763,0.0
122820,0.0,0.0,7.708261228338448,1000.518539121441,0.0
122880,0.0,0.0,7.708261228338448,1000.3675046931779,0.0
122940,0.0,0.0,7.708261228338448,1001.1135900181075,0.0
123000,0.0,0.0,7.708261228338448,999.1807581180225,0.0
123060,0.0,0.0,7.708261228338448,998.8769929098263,0.0
123120,0.0,0.0,7.708261228338448,999.7883325270449,0.0
123180,0.0,0.0,7.708261228338448,1000.4591772059073,0.0
123240,0.0,0.0,7.708261228338448,1000.201898021358,0.0
123300,0.0,0.0,7.708261228338448,1000.1237524393815,0.0
123360,0.0,0.0,7.708261228338448,997.9990436137826,0.0
123420,0.0,0.0,7.708261228338448,999.2965301931141,0.0
123480,0.0,0.0,7.708261228338448,1000.9201780009681,0.0
123540,0.0,0.0,7.708261228338448,1000.4623595841341,0.0
123600,0.0,0.0,7.708261228338448,1000.2020587585546,0.0
123660,0.0,0.0,7.708261228338448,998.6104175530556,0.0
123720,0.0,0.0,7.708261228338448,999.1126294697813,0.0
123780,0.0,0.0,7.708261228338448,999.7952970227527,0.0
123840,0.0,0.0,7.708261228338448,1001.6241004120343,0.0
123900,0.0,0.0,7.708261228338448,1000.0880032975084,0.0
123960,0.0,0.0,7.708261228338448,999.8267516263464,0.0
124020,0.0,0.0,7.708261228338448,998.7179952852107,0.0
124080,0.0,0.0,7.708261228338448,999.5346217519019,0.0
124140,0.0,0.0,7.708261228338448,1000.5980097972283,0.0
124200,0.0,0.0,7.708261228338448,1000.7108671995302,0.0
124260,0.0,0.0,7.708261228338448,998.6712790906363,0.0
124320,0.0,0.0,7.708261228338448,999.2437988112632,0.0
124380,0.0,0.0,7.708261228338448,999.398547712889,0.0
124440,0.0,0.0,7.708261228338448,1000.1194031246973,0.0
124500,0.0,0.0,7.708261228338448,1001.4537044876431,0.0
124560,0.0,0.0,7.708261228338448,999.8429074909028,0.0
124620,0.0,0.0,7.708261228338448,999.1978090041614,0.0
124680,0.0,0.0,7.708261228338448,999.1315711492714,0.0
124740,0.0,0.0,7.708261228338448,999.9300447988192,0.0
124800,0.0,0.0,7.708261228338448,1001.0286135790392,0.0
124860,0.0,0.0,7.708261228338448,999.4348430763046,0.0
124920,0.0,0.0,7.708261228338448,999.2705017251434,0.0
124980,0.0,0.0,7.708261228338448,998.8583785406938,0.0
125040,0.0,0.0,7.708261228338448,999.8244071442708,0.0
125100,0.0,0.0,7.708261228338448,1000.400624388656,0.0
125160,0.0,0.0,7.708261228338448,1000.0599593952556,0.0
125220,0.0,0.0,7.708261228338448,1000.1557489880735,0.0
125280,0.0,0.0,7.708261228338448,997.9448781917898,0.0
125340,0.0,0.0,7.708261228338448,999.3423786341356,0.0
125400,0.0,0.0,7.708261228338448,1001.0435115520386,0.0
125460,0.0,0.0,7.708261228338448,1000.3960551352039,0.0
125520,0.0,0.0,7.708261228338448,1000.6029511927673,0.0
125580,0.0,0.0,7.708261228338448,998.7869542255048,0.0
125640,0.0,0.0,7.708261228338448,999.0103433728933,0.0
125700,0.0,0.0,7.708261228338448,1000.2288512764765,0.0
125760,0.0,0.0,7.708261228338448,1000.6791018913378,0.0
125820,0.0,0.0,7.708261228338448,999.7377055024751,0.0
125880,0.0,0.0,7.708261228338448,999.7291758919123,0.0
125940,0.0,0.0,7.708261228338448,998.3826539261406,0.0
126000,0.0,0.0,7.708261228338448,1000.147738619597,0.0
126060,0.0,0.0,7.708261228338448,1000.3432285302432,0.0
126120,0.0,0.0,7.708261228338448,1001.3144703170727,0.0
126180,0.0,0.0,7.708261228338448,998.2493411225934,0.0
126240,0.0,0.0,7.708261228338448,999.3110591088613,0.0
126300,0.0,0.0,7.708261228338448,999.5172648990972,0.0
126360,0.0,0.0,7.708261228338448,1000.0744703604231,0.0
126420,0.0,0.0,7.708261228338448,1001.5530733595205,0.0
126480,0.0,0.0,7.708261228338448,999.7944734240189,0.0
126540,0.0,0.0,7.708261228338448,999.2391956007366,0.0
126600,0.0,0.0,7.708261228338448,999.0631796598859,0.0
126660,0.0,0.0,7.708261228338448,999.933457444102,0.0
126720,0.0,0.0,7.708261228338448,1000.5927608023553,0.0
126780,0.0,0.0,7.708261228338448,1000.5726698220763,0.0
126840,0.0,0.0,7.708261228338448,998.1466957868026,0.0
126900,0.0,0.0,7.708261228338448,999.0656168843861,0.0
126960,0.0,0.0,7.708261228338448,1000.0815910484926,0.0
127020,0.0,0.0,7.708261228338448,1000.352432791656,0.0
127080,0.0,0.0,7.708261228338448,1001.2342259893534,0.0
127140,0.0,0.0,7.708261228338448,997.8685477669178,0.0
127200,0.0,0.0,7.708261228338448,999.036147224426,0.0
127260,0.0,0.0,7.708261228338448,999.3082150935962,0.0
127320,0.0,0.0,7.708261228338448,1001.3407146295729,0.0
127380,0.0,0.0,7.708261228338448,1000.3758365003625,0.0
127440,0.0,0.0,7.708261228338448,1000.6214659481354,0.0
127500,0.0,0.0,7.708261228338448,998.7773902746445,0.0
127560,0.0,0.0,7.708261228338448,999.05958661363,0.0
127620,0.0,0.0,7.708261228338448,1000.2415487184182,0.0
127680,0.0,0.0,7.708261228338448,1000.6450917014645,0.0
127740,0.0,0.0,7.708261228338448,999.5479064262896,0.0
127800,0.0,0.0,7.708261228338448,999.7780127079405,0.0
127860,0.0,0.0,7.708261228338448,998.4123730763894,0.0
127920,0.0,0.0,7.708261228338448,999.6463060329389,0.0
127980,0.0,0.0,7.708261228338448,1001.3723776761177,0.0
128040,0.0,0.0,7.708261228338448,1000.2744085527648,0.0
128100,0.0,0.0,7.708261228338448,1000.0144516416262,0.0
128160,0.0,0.0,7.708261228338448,998.6127313640161,0.0
128220,0.0,0.0,7.708261228338448,999.3261027603911,0.0
128280,0.0,0.0,7.708261228338448,1000.5383613059013,0.0
128340,0.0,0.0,7.708261228338448,1000.7561030749096,0.0
128400,0.0,0.0,7.708261228338448,999.4075963428124,0.0
128460,0.0,0.0,7.708261228338448,998.2016894391793,0.0
128520,0.0,0.0,7.708261228338448,999.1398715790003,0.0
128580,0.0,0.0,7.708261228338448,1001.2229239420438,0.0
128640,0.0,0.0,7.708261228338448,1000.3752770935296,0.0
128700,0.0,0.0,7.708261228338448,1000.6144668716149,0.0
128760,0.0,0.0,7.708261228338448,997.8553951349743,0.0
128820,0.0,0.0,7.708261228338448,999.1566251828561,0.0
128880,0.0,0.0,7.708261228338448,1000.1648403506252,0.0
128940,0.0,0.0,7.708261228338448,1000.3024701377925,0.0
129000,0.0,0.0,7.708261228338448,1001.3112575259697,0.0
129060,0.0,0.0,7.708261228338448,999.3954928694181,0.0
129120,0.0,0.0,7.708261228338448,998.9168531076068,0.0
129180,0.0,0.0,7.708261228338448,999.5363416067778,0.0
129240,0.0,0.0,7.708261228338448,1000.302013806162,0.0
129300,0.0,0.0,7.708261228338448,1000.3842250030216,0.0
129360,0.0,0.0,7.708261228338448,1000.3022390504942,0.0
129420,0.0,0.0,7.708261228338448,997.9315337613323,0.0
129480,0.0,0.0,7.708261228338448,999.1683653067106,0.0
129540,0.0,0.0,7.708261228338448,1000.6708849704664,0.0
129600,0.0,0.0,7.708261228338448,1000.6549085692604,0.0
129660,0.0,0.0,7.708261228338448,1000.3295382957839,0.0
129720,0.0,0.0,7.708261228338448,998.8552449240683,0.0
129780,0.0,0.0,7.708261228338448,998.6978042921824,0.0
129840,0.0,0.0,7.708261228338448,999.6388466150268,0.0
129900,0.0,0.0,7.708261228338448,1001.5518842923558,0.0
129960,0.0,0.0,7.708261228338448,1000.198992264147,0.0
130020,0.0,0.0,7.708261228338448,1000.1246439855319,0.0
130080,0.0,0.0,7.708261228338448,998.6437435648145,0.0
130140,0.0,0.0,7.708261228338448,999.3491923312287,0.0
130200,0.0,0.0,7.708261228338448,1000.5276050802719,0.0
130260,0.0,0.0,7.708261228338448,1000.7255516037691,0.0
130320,0.0,0.0,7.708261228338448,998.9698186194112,0.0
130380,0.0,0.0,7.708261228338448,999.3997112644375,0.0
130440,0.0,0.0,7.708261228338448,999.0533592689126,0.0
130500,0.0,0.0,7.708261228338448,999.9736535986336,0.0
130560,0.0,0.0,7.708261228338448,1001.4790933677054,0.0
130620,0.0,0.0,7.708261228338448,1000.0154508477549,0.0
130680,0.0,0.0,7.708261228338448,999.4405760903276,0.0
130740,0.0,0.0,7.708261228338448,998.6902178640354,0.0
130800,0.0,0.0,7.708261228338448,999.7588212161291,0.0
130860,0.0,0.0,7.708261228338448,1000.9279041922805,0.0
130920,0.0,0.0,7.708261228338448,999.8506161197246,0.0
130980,0.0,0.0,7.708261228338448,999.4612352934004,0.0
131040,0.0,0.0,7.708261228338448,998.8771828689958,0.0
131100,0.0,0.0,7.708261228338448,999.5926112214912,0.0
131160,0.0,0.0,7.708261228338448,1000.2597315277484,0.0
131220,0.0,0.0,7.708261228338448,1000.2537599827585,0.0
131280,0.0,0.0,7.708261228338448,1000.3107561475775,0.0
131340,0.0,0.0,7.708261228338448,997.8363688771681,0.0
131400,0.0,0.0,7.708261228338448,999.2308967141037,0.0
131460,0.0,0.0,7.708261228338448,1000.8097351817835,0.0
131520,0.0,0.0,7.708261228338448,1000.4060563735325,0.0
131580,0.0,0.0,7.708261228338448,1000.8529366242115,0.0
131640,0.0,0.0,7.708261228338448,998.9643303923888,0.0
131700,0.0,0.0,7.708261228338448,998.9141224978157,0.0
131760,0.0,0.0,7.708261228338448,1000.030483891932,0.0
131820,0.0,0.0,7.708261228338448,1000.5937353178807,0.0
131880,0.0,0.0,7.708261228338448,999.9840809020045,0.0
131940,0.0,0.0,7.708261228338448,999.9179429530085,0.0
132000,0.0,0.0,7.708261228338448,998.1679219084688,0.0
132060,0.0,0.0,7.708261228338448,999.8729607698639,0.0
132120,0.0,0.0,7.708261228338448,1000.2257528365384,0.0
132180,0.0,0.0,7.708261228338448,1001.546408951609,0.0
132240,0.0,0.0,7.708261228338448,998.5459484019174,0.0
132300,0.0,0.0,7.708261228338448,999.4557574208117,0.0
132360,0.0,0.0,7.708261228338448,999.1573905342972,0.0
132420,0.0,0.0,7.708261228338448,999.9488934487891,0.0
132480,0.0,0.0,7.708261228338448,1001.5773083629972,0.0
132540,0.0,0.0,7.708261228338448,999.9546257520813,0.0
132600,0.0,0.0,7.708261228338448,999.4671466432827,0.0
132660,0.0,0.0,7.708261228338448,998.8750880263726,0.0
132720,0.0,0.0,7.708261228338448,999.749764146922,0.0
132780,0.0,0.0,7.708261228338448,1000.6259915273938,0.0
132840,0.0,0.0,7.708261228338448,1000.6560229778228,0.0
132900,0.0,0.0,7.708261228338448,998.3886310319244,0.0
132960,0.0,0.0,7.708261228338448,999.1033881878159,0.0
133020,0.0,0.0,7.708261228338448,999.7648228774891,0.0
133080,0.0,0.0,7.708261228338448,1000.260666866931,0.0
133140,0.0,0.0,7.708261228338448,1001.3551065273813,0.0
133200,0.0,0.0,7.708261228338448,998.1988610006214,0.0
133260,0.0,0.0,7.708261228338448,999.1617065880703,0.0
133320,0.0,0.0,7.708261228338448,999.0706489865396,0.0
133380,0.0,0.0,7.708261228338448,1001.2383353134724,0.0
133440,0.0,0.0,7.708261228338448,1000.3802424112039,0.0
133500,0.0,0.0,7.708261228338448,1000.8839651643643,0.0
133560,0.0,0.0,7.708261228338448,998.9421197960057,0.0
133620,0.0,0.0,7.708261228338448,998.980765950807,0.0
133680,0.0,0.0,7.708261228338448,1000.0618283029117,0.0
133740,0.0,0.0,7.708261228338448,1000.5643784352686,0.0
133800,0.0,0.0,7.708261228338448,999.8047371455953,0.0
133860,0.0,0.0,7.708261228338448,999.9481231889581,0.0
133920,0.0,0.0,7.708261228338448,998.1733257062715,0.0
133980,0.0,0.0,7.708261228338448,999.4986858528285,0.0
134040,0.0,0.0,7.708261228338448,1001.2403407499803,0.0
134100,0.0,0.0,7.708261228338448,1000.3536815765934,0.0
134160,0.0,0.0,7.708261228338448,1000.2816809334468,0.0
134220,0.0,0.0,7.708261228338448,998.636722489225,0.0
134280,0.0,0.0,7.708261228338448,999.1630747976923,0.0
134340,0.0,0.0,7.708261228338448,1000.4156245786049,0.0
134400,0.0,0.0,7.708261228338448,1000.7420235742863,0.0
134460,0.0,0.0,7.708261228338448,999.7893614401914,0.0
134520,0.0,0.0,7.708261228338448,998.307421450155,0.0
134580,0.0,0.0,7.708261228338448,999.0763034628638,0.0
134640,0.0,0.0,7.708261228338448,1000.9362105530302,0.0
134700,0.0,0.0,7.708261228338448,1000.4364198936744,0.0
134760,0.0,0.0,7.708261228338448,1000.6930481848002,0.0
134820,0.0,0.0,7.708261228338448,998.0834891409148,0.0
134880,0.0,0.0,7.708261228338448,999.2054054524076,0.0
134940,0.0,0.0,7.708261228338448,999.8475437342319,0.0
135000,0.0,0.0,7.708261228338448,1000.2219812139843,0.0
135060,0.0,0.0,7.708261228338448,1001.436399155997,0.0
135120,0.0,0.0,7.708261228338448,999.5814740456923,0.0
135180,0.0,0.0,7.708261228338448,999.0209293696438,0.0
135240,0.0,0.0,7.708261228338448,999.3127823987417,0.0
135300,0.0,0.0,7.708261228338448,1000.1470026989471,0.0
135360,0.0,0.0,7.708261228338448,1000.5112138365982,0.0
135420,0.0,0.0,7.708261228338448,1000.4376109376561,0.0
135480,0.0,0.0,7.708261228338448,997.9786291214065,0.0
135540,0.0,0.0,7.708261228338448,999.0878882142688,0.0
135600,0.0,0.0,7.708261228338448,1000.4106461678332,0.0
135660,0.0,0.0,7.708261228338448,1000.7802777048831,0.0
135720,0.0,0.0,7.708261228338448,1000.4189133501145,0.0
135780,0.0,0.0,7.708261228338448,999.1337051080267,0.0
135840,0.0,0.0,7.708261228338448,998.3449438781483,0.0
135900,0.0,0.0,7.708261228338448,999.5046101973918,0.0
135960,0.0,0.0,7.708261228338448,1001.4277788073249,0.0
136020,0.0,0.0,7.708261228338448,1000.2742003859022,0.0
136080,0.0,0.0,7.708261228338448,1000.3865026649931,0.0
136140,0.0,0.0,7.708261228338448,998.654385871311,0.0
136200,0.0,0.0,7.708261228338448,999.1982441970896,0.0
136260,0.0,0.0,7.708261228338448,1000.4246132762887,0.0
136320,0.0,0.0,7.708261228338448,1000.7102584814563,0.0
136380,0.0,0.0,7.708261228338448,999.2517795818324,0.0
136440,0.0,0.0,7.708261228338448,999.5545094576348,0.0
136500,0.0,0.0,7.708261228338448,998.7516370567017,0.0
136560,0.0,0.0,7.708261228338448,999.8309485043196,0.0
136620,0.0,0.0,7.708261228338448,1001.4492073837627,0.0
136680,0.0,0.0,7.708261228338448,1000.1525726494887,0.0
136740,0.0,0.0,7.708261228338448,999.684447689063,0.0
136800,0.0,0.0,7.708261228338448,998.682387525576,0.0
136860,0.0,0.0,7.708261228338448,999.5391240419011,0.0
136920,0.0,0.0,7.708261228338448,1001.713396849385,0.0
136980,0.0,0.0,7.708261228338448,1000.1606918873231,0.0
137040,0.0,0.0,7.708261228338448,1000.3058279870443,0.0
137100,0.0,0.0,7.708261228338448,997.6405693418538,0.0
137160,0.0,0.0,7.708261228338448,999.3372480199079,0.0
137220,0.0,0.0,7.708261228338448,1000.1716741486871,0.0
137280,0.0,0.0,7.708261228338448,1000.3762232761409,0.0
137340,0.0,0.0,7.708261228338448,1000.4438796575483,0.0
137400,0.0,0.0,7.708261228338448,997.8425516339881,0.0
137460,0.0,0.0,7.708261228338448,999.1541390621474,0.0
137520,0.0,0.0,7.708261228338448,1000.533229028082,0.0
137580,0.0,0.0,7.708261228338448,1000.3797509369326,0.0
137640,0.0,0.0,7.708261228338448,1001.0834130824024,0.0
137700,0.0,0.0,7.708261228338448,999.1652180690103,0.0
137760,0.0,0.0,7.708261228338448,998.8702596812716,0.0
137820,0.0,0.0,7.708261228338448,999.8025231474198,0.0
137880,0.0,0.0,7.708261228338448,1000.4739138733748,0.0
137940,0.0,0.0,7.708261228338448,1000.2030129195755,0.0
138000,0.0,0.0,7.708261228338448,1000.1063779563474,0.0
138060,0.0,0.0,7.708261228338448,998.0139263822018,0.0
138120,0.0,0.0,7.708261228338448,999.5680473209927,0.0
138180,0.0,0.0,7.708261228338448,1000.0841920581603,0.0
138240,0.0,0.0,7.708261228338448,1001.7332610577253,0.0
138300,0.0,0.0,7.708261228338448,998.8532627947407,0.0
138360,0.0,0.0,7.708261228338448,999.6265010551436,0.0
138420,0.0,0.0,7.708261228338448,998.7961304599304,0.0
138480,0.0,0.0,7.708261228338448,999.8077344556043,0.0
138540,0.0,0.0,7.708261228338448,1001.5516253822242,0.0
138600,0.0,0.0,7.708261228338448,1000.095288961102,0.0
138660,0.0,0.0,7.708261228338448,999.7337909499406,0.0
138720,0.0,0.0,7.708261228338448,998.7272451664686,0.0
138780,0.0,0.0,7.708261228338448,999.5604559869272,0.0
138840,0.0,0.0,7.708261228338448,1000.6107473210883,0.0
138900,0.0,0.0,7.708261228338448,1000.7104187527453,0.0
138960,0.0,0.0,7.708261228338448,998.6632930537023,0.0
139020,0.0,0.0,7.708261228338448,999.2121140853619,0.0
139080,0.0,0.0,7.708261228338448,999.4315664415409,0.0
139140,0.0,0.0,7.708261228338448,1000.1412660626881,0.0
139200,0.0,0.0,7.708261228338448,1001.4336684974548,0.0
139260,0.0,0.0,7.708261228338448,999.8280042252271,0.0
139320,0.0,0.0,7.708261228338448,999.1649870754662,0.0
139380,0.0,0.0,7.708261228338448,999.1560482314393,0.0
139440,0.0,0.0,7.708261228338448,999.9499738922814,0.0
139500,0.0,0.0,7.708261228338448,1001.0350656237915,0.0
139560,0.0,0.0,7.708261228338448,999.4375471576092,0.0
139620,0.0,0.0,7.708261228338448,999.2521627924191,0.0
139680,0.0,0.0,7.708261228338448,998.8522817079545,0.0
139740,0.0,0.0,7.708261228338448,999.8408965849155,0.0
139800,0.0,0.0,7.708261228338448,1000.4176138519833,0.0
139860,0.0,0.0,7.708261228338448,1000.0618004924105,0.0
139920,0.0,0.0,7.708261228338448,1000.1373759633706,0.0
139980,0.0,0.0,7.708261228338448,997.9640251369495,0.0
140040,0.0,0.0,7.708261228338448,999.3476741158748,0.0
140100,0.0,0.0,7.708261228338448,1001.0453361985883,0.0
140160,0.0,0.0,7.708261228338448,1000.4019411774486,0.0
140220,0.0,0.0,7.708261228338448,1000.577237427672,0.0
140280,0.0,0.0,7.708261228338448,998.7766892005662,0.0
140340,0.0,0.0,7.708261228338448,999.0129250625927,0.0
140400,0.0,0.0,7.708261228338448,1000.2374301863885,0.0
140460,0.0,0.0,7.708261228338448,1000.6868350662227,0.0
140520,0.0,0.0,7.708261228338448,1000.2034198650477,0.0
140580,0.0,0.0,7.708261228338448,998.5213909141617,0.0
140640,0.0,0.0,7.708261228338448,999.0660657597423,0.0
140700,0.0,0.0,7.708261228338448,1000.5806246778939,0.0
140760,0.0,0.0,7.708261228338448,1000.4458218128116,0.0
140820,0.0,0.0,7.708261228338448,1000.7465387873823,0.0
140880,0.0,0.0,7.708261228338448,998.3658867453142,0.0
140940,0.0,0.0,7.708261228338448,999.3261456089153,0.0
141000,0.0,0.0,7.708261228338448,999.4883354138861,0.0
141060,0.0,0.0,7.708261228338448,1000.1055445864354,0.0
141120,0.0,0.0,7.708261228338448,1001.5311880904106,0.0
141180,0.0,0.0,7.708261228338448,999.7727842496614,0.0
141240,0.0,0.0,7.708261228338448,999.2084411814666,0.0
141300,0.0,0.0,7.708261228338448,999.0828897583709,0.0
141360,0.0,0.0,7.708261228338448,999.9600794741514,0.0
141420,0.0,0.0,7.708261228338448,1000.5971082239245,0.0
141480,0.0,0.0,7.708261228338448,1000.5607910208624,0.0
141540,0.0,0.0,7.708261228338448,998.14868658001,0.0
141600,0.0,0.0,7.708261228338448,999.0544788573135,0.0
141660,0.0,0.0,7.708261228338448,1000.1031069623118,0.0
141720,0.0,0.0,7.708261228338448,1000.8509182952059,0.0
141780,0.0,0.0,7.708261228338448,1000.4858606861079,0.0
141840,0.0,0.0,7.708261228338448,999.4773891496721,0.0
141900,0.0,0.0,7.708261228338448,998.0126739037834,0.0
141960,0.0,0.0,7.708261228338448,999.3735571500246,0.0
142020,0.0,0.0,7.708261228338448,1001.247927661995,0.0
142080,0.0,0.0,7.708261228338448,1000.3214342488772,0.0
142140,0.0,0.0,7.708261228338448,1000.6634388288373,0.0
142200,0.0,0.0,7.708261228338448,998.7690769339214,0.0
142260,0.0,0.0,7.708261228338448,999.0633076481732,0.0
142320,0.0,0.0,7.708261228338448,1000.2741597108354,0.0
142380,0.0,0.0,7.708261228338448,1000.6608325743823,0.0
142440,0.0,0.0,7.708261228338448,999.536178106129,0.0
142500,0.0,0.0,7.708261228338448,999.7343345561717,0.0
142560,0.0,0.0,7.708261228338448,998.4571620001987,0.0
142620,0.0,0.0,7.708261228338448,999.6717248764679,0.0
142680,0.0,0.0,7.708261228338448,1001.3712210072698,0.0
142740,0.0,0.0,7.708261228338448,1000.2695440771794,0.0
142800,0.0,0.0,7.708261228338448,999.961365893588,0.0
142860,0.0,0.0,7.708261228338448,998.6121527055274,0.0
142920,0.0,0.0,7.708261228338448,999.3492818816128,0.0
142980,0.0,0.0,7.708261228338448,1001.6429871172855,0.0
143040,0.0,0.0,7.708261228338448,1000.2721820007511,0.0
143100,0.0,0.0,7.708261228338448,1000.5075107455525,0.0
143160,0.0,0.0,7.708261228338448,997.4328198860163,0.0
143220,0.0,0.0,7.708261228338448,999.1332345908583,0.0
143280,0.0,0.0,7.708261228338448,999.9926838333083,0.0
143340,0.0,0.0,7.708261228338448,1000.4876190233933,0.0
143400,0.0,0.0,7.708261228338448,1000.5467327473182,0.0
143460,0.0,0.0,7.708261228338448,997.9578747901828,0.0
143520,0.0,0.0,7.708261228338448,999.1286067594207,0.0
143580,0.0,0.0,7.708261228338448,1000.2337146698915,0.0
143640,0.0,0.0,7.708261228338448,1000.32690297721,0.0
143700,0.0,0.0,7.708261228338448,1001.2612668815534,0.0
143760,0.0,0.0,7.708261228338448,999.3614071056661,0.0
143820,0.0,0.0,7.708261228338448,998.8905330536494,0.0
143880,0.0,0.0,7.708261228338448,999.5732283191276,0.0
143940,0.0,0.0,7.708261228338448,1000.3363319113251,0.0
144000,0.0,0.0,7.708261228338448,1000.3772696642129,0.0
144060,0.0,0.0,7.708261228338448,1000.2701305047077,0.0
144120,0.0,0.0,7.708261228338448,997.9513550890192,0.0
144180,0.0,0.0,7.708261228338448,999.2666762496173,0.0
144240,0.0,0.0,7.708261228338448,999.9374945872122,0.0
144300,0.0,0.0,7.708261228338448,1001.8488116629269,0.0
144360,0.0,0.0,7.708261228338448,999.148528816533,0.0
144420,0.0,0.0,7.708261228338448,999.7959102423773,0.0
144480,0.0,0.0,7.708261228338448,998.4720418063833,0.0
144540,0.0,0.0,7.708261228338448,999.6693625361548,0.0
144600,0.0,0.0,7.708261228338448,1001.4741696670562,0.0
144660,0.0,0.0,7.708261228338448,1000.2055384913094,0.0
144720,0.0,0.0,7.708261228338448,1000.0026695547215,0.0
144780,0.0,0.0,7.708261228338448,998.6438765008969,0.0
144840,0.0,0.0,7.708261228338448,999.3861138354484,0.0
144900,0.0,0.0,7.708261228338448,1000.5523369841187,0.0
144960,0.0,0.0,7.708261228338448,1000.732432097952,0.0
145020,0.0,0.0,7.708261228338448,998.9460018694602,0.0
145080,0.0,0.0,7.708261228338448,999.3485241315555,0.0
145140,0.0,0.0,7.708261228338448,999.1112061511461,0.0
145200,0.0,0.0,7.708261228338448,1000.0084702332402,0.0
145260,0.0,0.0,7.708261228338448,1001.4602425278784,0.0
145320,0.0,0.0,7.708261228338448,999.9944300883762,0.0
145380,0.0,0.0,7.708261228338448,999.382635522972,0.0
145440,0.0,0.0,7.708261228338448,998.7452554611309,0.0
145500,0.0,0.0,7.708261228338448,999.7906681206318,0.0
145560,0.0,0.0,7.708261228338448,1000.9464957547442,0.0
145620,0.0,0.0,7.708261228338448,999.8328125617762,0.0
145680,0.0,0.0,7.708261228338448,999.4319736343796,0.0
145740,0.0,0.0,7.708261228338448,998.8577299377753,0.0
145800,0.0,0.0,7.708261228338448,999.6228905616227,0.0
145860,0.0,0.0,7.708261228338448,1000.2890483014473,0.0
145920,0.0,0.0,7.708261228338448,1000.2505988559625,0.0
145980,0.0,0.0,7.708261228338448,1000.2853516171082,0.0
146040,0.0,0.0,7.708261228338448,997.8610652426358,0.0
146100,0.0,0.0,7.708261228338448,999.2364521623807,0.0
146160,0.0,0.0,7.708261228338448,1000.8257873935702,0.0
146220,0.0,0.0,7.708261228338448,1000.4164886275092,0.0
146280,0.0,0.0,7.708261228338448,1000.8120425218689,0.0
146340,0.0,0.0,7.708261228338448,998.9432307465715,0.0
146400,0.0,0.0,7.708261228338448,998.9156882877277,0.0
146460,0.0,0.0,7.708261228338448,1000.0499967514036,0.0
146520,0.0,0.0,7.708261228338448,1000.6096391801889,0.0
146580,0.0,0.0,7.708261228338448,1000.5589970344024,0.0
146640,0.0,0.0,7.708261228338448,998.7413480308974,0.0
146700,0.0,0.0,7.708261228338448,999.1122564586101,0.0
146760,0.0,0.0,7.708261228338448,1000.2120554931605,0.0
146820,0.0,0.0,7.708261228338448,1000.4151628304527,0.0
146880,0.0,0.0,7.708261228338448,1000.765004217605,0.0
146940,0.0,0.0,7.708261228338448,998.6541964158364,0.0
147000,0.0,0.0,7.708261228338448,999.4545688362589,0.0
147060,0.0,0.0,7.708261228338448,999.1607275611119,0.0
147120,0.0,0.0,7.708261228338448,999.9861886269109,0.0
147180,0.0,0.0,7.708261228338448,1001.5629529699144,0.0
147240,0.0,0.0,7.708261228338448,999.9312860410826,0.0
147300,0.0,0.0,7.708261228338448,999.4183460182246,0.0
147360,0.0,0.0,7.708261228338448,998.8975034461245,0.0
147420,0.0,0.0,7.708261228338448,999.7838765026322,0.0
147480,0.0,0.0,7.708261228338448,1000.6343748221175,0.0
147540,0.0,0.0,7.708261228338448,1000.6462325437576,0.0
147600,0.0,0.0,7.708261228338448,998.3814070145734,0.0
147660,0.0,0.0,7.708261228338448,999.0783876642085,0.0
147720,0.0,0.0,7.708261228338448,999.8003365741321,0.0
147780,0.0,0.0,7.708261228338448,1000.2833462323217,0.0
147840,0.0,0.0,7.708261228338448,1001.3268229969557,0.0
147900,0.0,0.0,7.708261228338448,998.2137229932828,0.0
147960,0.0,0.0,7.708261228338448,999.131663230544,0.0
148020,0.0,0.0,7.708261228338448,999.0983865132445,0.0
148080,0.0,0.0,7.708261228338448,1001.229647111255,0.0
148140,0.0,0.0,7.708261228338448,1000.3915237791036,0.0
148200,0.0,0.0,7.708261228338448,1000.8379664713723,0.0
148260,0.0,0.0,7.708261228338448,998.922109623951,0.0
148320,0.0,0.0,7.708261228338448,998.9799122548379,0.0
148380,0.0,0.0,7.708261228338448,1000.0800465869306,0.0
148440,0.0,0.0,7.708261228338448,1000.5801745853481,0.0
148500,0.0,0.0,7.708261228338448,999.8035567161511,0.0
148560,0.0,0.0,7.708261228338448,999.9239316029689,0.0
148620,0.0,0.0,7.708261228338448,998.1963425789974,0.0
148680,0.0,0.0,7.708261228338448,999.5097349293644,0.0
148740,0.0,0.0,7.708261228338448,1001.2398540954215,0.0
148800,0.0,0.0,7.708261228338448,1000.3563681289967,0.0
148860,0.0,0.0,7.708261228338448,1000.2516669780688,0.0
148920,0.0,0.0,7.708261228338448,998.6297193541731,0.0
148980,0.0,0.0,7.708261228338448,999.171244648878,0.0
149040,0.0,0.0,7.708261228338448,1001.5025659136775,0.0
149100,0.0,0.0,7.708261228338448,1000.3462490360008,0.0
149160,0.0,0.0,7.708261228338448,1000.6943505926201,0.0
149220,0.0,0.0,7.708261228338448,997.3223520975997,0.0
149280,0.0,0.0,7.708261228338448,998.9496355197635,0.0
149340,0.0,0.0,7.708261228338448,999.7983256559625,0.0
149400,0.0,0.0,7.708261228338448,1000.5509515087222,0.0
149460,0.0,0.0,7.708261228338448,1000.6248882438776,0.0
149520,0.0,0.0,7.708261228338448,998.1857057452804,0.0
149580,0.0,0.0,7.708261228338448,999.165294668803,0.0
149640,0.0,0.0,7.708261228338448,999.9037104714364,0.0
149700,0.0,0.0,7.708261228338448,1000.2433930294009,0.0
149760,0.0,0.0,7.708261228338448,1001.4032676664419,0.0
149820,0.0,0.0,7.708261228338448,999.5600781590613,0.0
149880,0.0,0.0,7.708261228338448,998.9889779707034,0.0
149940,0.0,0.0,7.708261228338448,999.3369284714302,0.0
150000,0.0,0.0,7.708261228338448,1000.1735547932018,0.0
150060,0.0,0.0,7.708261228338448,1000.5118029111965,0.0
150120,0.0,0.0,7.708261228338448,1000.4189856792902,0.0
150180,0.0,0.0,7.708261228338448,997.9875661820005,0.0
150240,0.0,0.0,7.708261228338448,999.0865391256474,0.0
150300,0.0,0.0,7.708261228338448,1000.4298401411437,0.0
150360,0.0,0.0,7.708261228338448,1000.7815290156241,0.0
150420,0.0,0.0,7.708261228338448,1000.414190863577,0.0
150480,0.0,0.0,7.708261228338448,999.1062078060359,0.0
150540,0.0,0.0,7.708261228338448,998.3712267731084,0.0
150600,0.0,0.0,7.708261228338448,999.5163768139911,0.0
150660,0.0,0.0,7.708261228338448,1001.4237606823272,0.0
150720,0.0,0.0,7.708261228338448,1000.2771302602582,0.0
150780,0.0,0.0,7.708261228338448,1000.3506000605526,0.0
150840,0.0,0.0,7.708261228338448,998.6474442279288,0.0
150900,0.0,0.0,7.708261228338448,999.2069359551377,0.0
150960,0.0,0.0,7.708261228338448,1000.4353962222843,0.0
151020,0.0,0.0,7.708261228338448,1000.7170418553466,0.0
151080,0.0,0.0,7.708261228338448,999.2545042275738,0.0
151140,0.0,0.0,7.708261228338448,999.5335215701379,0.0
151200,0.0,0.0,7.708261228338448,998.7676121593712,0.0
151260,0.0,0.0,7.708261228338448,999.8420388670803,0.0
151320,0.0,0.0,7.708261228338448,1001.4409061438497,0.0
151380,0.0,0.0,7.708261228338448,1000.1514760757899,0.0
151440,0.0,0.0,7.708261228338448,999.6634607045049,0.0
151500,0.0,0.0,7.708261228338448,998.3142711950233,0.0
151560,0.0,0.0,7.708261228338448,999.6039445191493,0.0
151620,0.0,0.0,7.708261228338448,1000.8073433790751,0.0
151680,0.0,0.0,7.708261228338448,1000.228546557535,0.0
151740,0.0,0.0,7.708261228338448,999.6272609734929,0.0
151800,0.0,0.0,7.708261228338448,998.9477125313086,0.0
151860,0.0,0.0,7.708261228338448,999.377948852602,0.0
151920,0.0,0.0,7.708261228338448,1000.1243537430543,0.0
151980,0.0,0.0,7.708261228338448,1000.4073781014887,0.0
152040,0.0,0.0,7.708261228338448,1000.4302196974163,0.0
152100,0.0,0.0,7.708261228338448,997.8420398694186,0.0
152160,0.0,0.0,7.708261228338448,999.1526920072065,0.0
152220,0.0,0.0,7.708261228338448,1000.550840296655,0.0
152280,0.0,0.0,7.708261228338448,1000.3946413229513,0.0
152340,0.0,0.0,7.708261228338448,1001.0445887830031,0.0
152400,0.0,0.0,7.708261228338448,999.1433226601976,0.0
152460,0.0,0.0,7.708261228338448,998.8640089519135,0.0
152520,0.0,0.0,7.708261228338448,999.8231693658486,0.0
152580,0.0,0.0,7.708261228338448,1000.4930269656388,0.0
152640,0.0,0.0,7.708261228338448,1000.9105079408166,0.0
152700,0.0,0.0,7.708261228338448,998.9862793468716,0.0
152760,0.0,0.0,7.708261228338448,999.2352824528582,0.0
152820,0.0,0.0,7.708261228338448,999.7926756687905,0.0
152880,0.0,0.0,7.708261228338448,1000.3332424126513,0.0
152940,0.0,0.0,7.708261228338448,1000.7507059604349,0.0
153000,0.0,0.0,7.708261228338448,998.9624210473725,0.0
153060,0.0,0.0,7.708261228338448,999.6158244858493,0.0
153120,0.0,0.0,7.708261228338448,998.8194352786315,0.0
153180,0.0,0.0,7.708261228338448,999.8432578878691,0.0
153240,0.0,0.0,7.708261228338448,1001.5507171896373,0.0
153300,0.0,0.0,7.708261228338448,1000.0777656768681,0.0
153360,0.0,0.0,7.708261228338448,999.678932411655,0.0
153420,0.0,0.0,7.708261228338448,998.7420775493746,0.0
153480,0.0,0.0,7.708261228338448,999.5925081498619,0.0
153540,0.0,0.0,7.708261228338448,1000.6240711809594,0.0
153600,0.0,0.0,7.708261228338448,1000.7073079651965,0.0
153660,0.0,0.0,7.708261228338448,998.6525921075399,0.0
153720,0.0,0.0,7.708261228338448,999.1773168955806,0.0
153780,0.0,0.0,7.708261228338448,999.4702592911675,0.0
153840,0.0,0.0,7.708261228338448,1000.1660959170955,0.0
153900,0.0,0.0,7.708261228338448,1001.411169723907,0.0
153960,0.0,0.0,7.708261228338448,998.5685970876801,0.0
154020,0.0,0.0,7.708261228338448,999.2829320690247,0.0
154080,0.0,0.0,7.708261228338448,998.8742899958771,0.0
154140,0.0,0.0,7.708261228338448,1001.0632070076949,0.0
154200,0.0,0.0,7.708261228338448,1000.3689315745249,0.0
154260,0.0,0.0,7.708261228338448,1001.0827184731858,0.0
154320,0.0,0.0,7.708261228338448,999.1051548087887,0.0
154380,0.0,0.0,7.708261228338448,998.9406370021841,0.0
154440,0.0,0.0,7.708261228338448,999.8734944524687,0.0
154500,0.0,0.0,7.708261228338448,1000.4734404976263,0.0
154560,0.0,0.0,7.708261228338448,1000.0363076849527,0.0
154620,0.0,0.0,7.708261228338448,1000.0943018239622,0.0
154680,0.0,0.0,7.708261228338448,998.0079809937557,0.0
154740,0.0,0.0,7.708261228338448,999.3677112584656,0.0
154800,0.0,0.0,7.708261228338448,1001.0651135725227,0.0
154860,0.0,0.0,7.708261228338448,1000.4080494097625,0.0
154920,0.0,0.0,7.708261228338448,1000.5158075883548,0.0
154980,0.0,0.0,7.708261228338448,998.7475614908599,0.0
155040,0.0,0.0,7.708261228338448,999.0279503562471,0.0
155100,0.0,0.0,7.708261228338448,1001.2965952983433,0.0
155160,0.0,0.0,7.708261228338448,1000.3814923088111,0.0
155220,0.0,0.0,7.708261228338448,1000.8435811253416,0.0
155280,0.0,0.0,7.708261228338448,997.3494428235485,0.0
155340,0.0,0.0,7.708261228338448,998.8136659192108,0.0
155400,0.0,0.0,7.708261228338448,999.6113886023034,0.0
155460,0.0,0.0,7.708261228338448,1000.5658665076136,0.0
155520,0.0,0.0,7.708261228338448,1000.6717663456279,0.0
155580,0.0,0.0,7.708261228338448,998.4477636568276,0.0
155640,0.0,0.0,7.708261228338448,999.2608903581655,0.0
155700,0.0,0.0,7.708261228338448,999.5723593957158,0.0
155760,0.0,0.0,7.708261228338448,1000.1414135660966,0.0
155820,0.0,0.0,7.708261228338448,1001.4925314323331,0.0
155880,0.0,0.0,7.708261228338448,999.7418597330861,0.0
155940,0.0,0.0,7.708261228338448,999.1486432000438,0.0
156000,0.0,0.0,7.708261228338448,999.1193021347092,0.0
156060,0.0,0.0,7.708261228338448,1000.0026423199618,0.0
156120,0.0,0.0,7.708261228338448,1000.5995412235562,0.0
156180,0.0,0.0,7.708261228338448,1000.5389337162768,0.0
156240,0.0,0.0,7.708261228338448,998.1410326827547,0.0
156300,0.0,0.0,7.708261228338448,999.0423497793282,0.0
156360,0.0,0.0,7.708261228338448,1000.1449370338767,0.0
156420,0.0,0.0,7.708261228338448,1000.8525214266194,0.0
156480,0.0,0.0,7.708261228338448,1000.4834240353092,0.0
156540,0.0,0.0,7.708261228338448,999.421828892212,0.0
156600,0.0,0.0,7.708261228338448,998.0612165758935,0.0
156660,0.0,0.0,7.708261228338448,999.3884192932893,0.0
156720,0.0,0.0,7.708261228338448,1001.2568063124951,0.0
156780,0.0,0.0,7.708261228338448,1000.3278480716817,0.0
156840,0.0,0.0,7.708261228338448,1000.6076551315981,0.0
156900,0.0,0.0,7.708261228338448,998.7456323406171,0.0
156960,0.0,0.0,7.708261228338448,999.0741500153175,0.0
157020,0.0,0.0,7.708261228338448,1000.295780450936,0.0
157080,0.0,0.0,7.708261228338448,1000.6754390532438,0.0
157140,0.0,0.0,7.708261228338448,999.5286766956424,0.0
157200,0.0,0.0,7.708261228338448,999.7012396523093,0.0
157260,0.0,0.0,7.708261228338448,998.4889254390857,0.0
157320,0.0,0.0,7.708261228338448,999.6904676679759,0.0
157380,0.0,0.0,7.708261228338448,1001.3678022446887,0.0
157440,0.0,0.0,7.708261228338448,1000.2668203170921,0.0
157500,0.0,0.0,7.708261228338448,999.9227169616255,0.0
157560,0.0,0.0,7.708261228338448,997.9656860161542,0.0
157620,0.0,0.0,7.708261228338448,999.4396978165452,0.0
157680,0.0,0.0,7.708261228338448,1000.6504362428087,0.0
157740,0.0,0.0,7.708261228338448,1000.5593524339064,0.0
157800,0.0,0.0,7.708261228338448,999.792097292987,0.0
157860,0.0,0.0,7.708261228338448,999.0965115928906,0.0
157920,0.0,0.0,7.708261228338448,999.1636006499103,0.0
157980,0.0,0.0,7.708261228338448,999.9663950298868,0.0
158040,0.0,0.0,7.708261228338448,1000.5123595159249,0.0
158100,0.0,0.0,7.708261228338448,1000.537252186283,0.0
158160,0.0,0.0,7.708261228338448,997.9413434677275,0.0
158220,0.0,0.0,7.708261228338448,999.116596403427,0.0
158280,0.0,0.0,7.708261228338448,1000.2674650178296,0.0
158340,0.0,0.0,7.708261228338448,1000.3490988559912,0.0
158400,0.0,0.0,7.708261228338448,1001.217254455913,0.0
158460,0.0,0.0,7.708261228338448,999.3325453045082,0.0
158520,0.0,0.0,7.708261228338448,998.8722063728086,0.0
158580,0.0,0.0,7.708261228338448,999.6025455334765,0.0
158640,0.0,0.0,7.708261228338448,1000.3643153559034,0.0
158700,0.0,0.0,7.708261228338448,1000.3725313623637,0.0
158760,0.0,0.0,7.708261228338448,1000.242782281589,0.0
158820,0.0,0.0,7.708261228338448,997.9690721278813,0.0
158880,0.0,0.0,7.708261228338448,999.2942130740045,0.0
158940,0.0,0.0,7.708261228338448,999.9624290571873,0.0
159000,0.0,0.0,7.708261228338448,1001.8092665977155,0.0
159060,0.0,0.0,7.708261228338448,999.1529621823227,0.0
159120,0.0,0.0,7.708261228338448,999.7622279148312,0.0
159180,0.0,0.0,7.708261228338448,998.5071050681446,0.0
159240,0.0,0.0,7.708261228338448,999.6860551436486,0.0
159300,0.0,0.0,7.708261228338448,1001.468556321218,0.0
159360,0.0,0.0,7.708261228338448,1000.2035296703671,0.0
159420,0.0,0.0,7.708261228338448,999.963606484845,0.0
159480,0.0,0.0,7.708261228338448,998.6447975077599,0.0
159540,0.0,0.0,7.708261228338448,999.4007819331073,0.0
159600,0.0,0.0,7.708261228338448,1000.5628802792434,0.0
159660,0.0,0.0,7.708261228338448,1000.7354905939724,0.0
159720,0.0,0.0,7.708261228338448,998.9464972831743,0.0
159780,0.0,0.0,7.708261228338448,999.3251847074465,0.0
159840,0.0,0.0,7.708261228338448,999.129914002894,0.0
159900,0.0,0.0,7.708261228338448,1000.0225663724822,0.0
159960,0.0,0.0,7.708261228338448,1001.4485079779676,0.0
160020,0.0,0.0,7.708261228338448,998.9399350563564,0.0
160080,0.0,0.0,7.708261228338448,999.4562485562125,0.0
160140,0.0,0.0,7.708261228338448,998.6773727678426,0.0
160200,0.0,0.0,7.708261228338448,1000.8293333036389,0.0
160260,0.0,0.0,7.708261228338448,1000.3143698764896,0.0
160320,0.0,0.0,7.708261228338448,1001.3010350127686,0.0
160380,0.0,0.0,7.708261228338448,999.3006879457816,0.0
160440,0.0,0.0,7.708261228338448,998.962706434114,0.0
160500,0.0,0.0,7.708261228338448,999.6449574032382,0.0
160560,0.0,0.0,7.708261228338448,1000.3379399531232,0.0
160620,0.0,0.0,7.708261228338448,1000.2373995553494,0.0
160680,0.0,0.0,7.708261228338448,1000.2572345288506,0.0
160740,0.0,0.0,7.708261228338448,997.8891620316691,0.0
160800,0.0,0.0,7.708261228338448,999.2438327520448,0.0
160860,0.0,0.0,7.708261228338448,1000.8437221227848,0.0
160920,0.0,0.0,7.708261228338448,1000.4265570954603,0.0
160980,0.0,0.0,7.708261228338448,1000.7691608246598,0.0
161040,0.0,0.0,7.708261228338448,998.920741606674,0.0
161100,0.0,0.0,7.708261228338448,998.9187316207086,0.0
161160,0.0,0.0,7.708261228338448,1000.0710475842309,0.0
161220,0.0,0.0,7.708261228338448,1000.6260347691363,0.0
161280,0.0,0.0,7.708261228338448,1000.5283384900314,0.0
161340,0.0,0.0,7.708261228338448,998.7326641420971,0.0
161400,0.0,0.0,7.708261228338448,999.0904857518602,0.0
161460,0.0,0.0,7.708261228338448,1000.2234085227703,0.0
161520,0.0,0.0,7.708261228338448,1000.4296012364924,0.0
161580,0.0,0.0,7.708261228338448,1000.7686875317678,0.0
161640,0.0,0.0,7.708261228338448,998.6584856117103,0.0
161700,0.0,0.0,7.708261228338448,999.4288006381689,0.0
161760,0.0,0.0,7.708261228338448,999.1831068256763,0.0
161820,0.0,0.0,7.708261228338448,1000.0011576124969,0.0
161880,0.0,0.0,7.708261228338448,1001.5480619570424,0.0
161940,0.0,0.0,7.708261228338448,999.9253569410579,0.0
162000,0.0,0.0,7.708261228338448,999.3927287982278,0.0
162060,0.0,0.0,7.708261228338448,998.9044778021524,0.0
162120,0.0,0.0,7.708261228338448,999.7975468490648,0.0
162180,0.0,0.0,7.708261228338448,1000.6402922274547,0.0
162240,0.0,0.0,7.708261228338448,1000.642724798823,0.0
162300,0.0,0.0,7.708261228338448,998.3879659039216,0.0
162360,0.0,0.0,7.708261228338448,999.0657020947774,0.0
162420,0.0,0.0,7.708261228338448,999.8088924620552,0.0
162480,0.0,0.0,7.708261228338448,1000.8632597567349,0.0
162540,0.0,0.0,7.708261228338448,1000.5254413685091,0.0
162600,0.0,0.0,7.708261228338448,999.8004003214542,0.0
162660,0.0,0.0,7.708261228338448,997.7888427588056,0.0
162720,0.0,0.0,7.708261228338448,999.2719108381896,0.0
162780,0.0,0.0,7.708261228338448,1001.0281042074139,0.0
162840,0.0,0.0,7.708261228338448,1000.3460286093352,0.0
162900,0.0,0.0,7.708261228338448,1000.8784332452674,0.0
162960,0.0,0.0,7.708261228338448,998.9194024204573,0.0
163020,0.0,0.0,7.708261228338448,998.9677319991748,0.0
163080,0.0,0.0,7.708261228338448,1000.1068481909588,0.0
163140,0.0,0.0,7.708261228338448,1000.5950249655195,0.0
163200,0.0,0.0,7.708261228338448,999.7996317978475,0.0
163260,0.0,0.0,7.708261228338448,999.8922628588277,0.0
163320,0.0,0.0,7.708261228338448,998.2265439054099,0.0
163380,0.0,0.0,7.708261228338448,999.5258246489807,0.0
163440,0.0,0.0,7.708261228338448,1001.241912085791,0.0
163500,0.0,0.0,7.708261228338448,1000.3577239086335,0.0
163560,0.0,0.0,7.708261228338448,1000.2121928690597,0.0
163620,0.0,0.0,7.708261228338448,997.6491085416701,0.0
163680,0.0,0.0,7.708261228338448,999.2743174072673,0.0
163740,0.0,0.0,7.708261228338448,1000.4493787937959,0.0
163800,0.0,0.0,7.708261228338448,1000.860030870303,0.0
163860,0.0,0.0,7.708261228338448,999.9527635215925,0.0
163920,0.0,0.0,7.708261228338448,999.3201978358985,0.0
163980,0.0,0.0,7.708261228338448,998.9552722074267,0.0
164040,0.0,0.0,7.708261228338448,999.786578072861,0.0
164100,0.0,0.0,7.708261228338448,1000.5733852114311,0.0
164160,0.0,0.0,7.708261228338448,1000.6262045421182,0.0
164220,0.0,0.0,7.708261228338448,998.1578189685566,0.0
164280,0.0,0.0,7.708261228338448,999.1388050806903,0.0
164340,0.0,0.0,7.708261228338448,999.9436596454641,0.0
164400,0.0,0.0,7.708261228338448,1000.269292509275,0.0
164460,0.0,0.0,7.708261228338448,1001.3655233676251,0.0
164520,0.0,0.0,7.708261228338448,999.5332835028653,0.0
164580,0.0,0.0,7.708261228338448,998.9571144093615,0.0
164640,0.0,0.0,7.708261228338448,999.3654659068619,0.0
164700,0.0,0.0,7.708261228338448,1000.2039104932094,0.0
164760,0.0,0.0,7.708261228338448,1000.5106218783686,0.0
164820,0.0,0.0,7.708261228338448,1000.3965012962977,0.0
164880,0.0,0.0,7.708261228338448,997.9964299121586,0.0
164940,0.0,0.0,7.708261228338448,998.9931683237603,0.0
165000,0.0,0.0,7.708261228338448,999.8032185497048,0.0
165060,0.0,0.0,7.708261228338448,1001.8718653751579,0.0
165120,0.0,0.0,7.708261228338448,999.4353276531972,0.0
165180,0.0,0.0,7.708261228338448,999.9398693255237,0.0
165240,0.0,0.0,7.708261228338448,998.2116432215054,0.0
165300,0.0,0.0,7.708261228338448,999.5447176985072,0.0
165360,0.0,0.0,7.708261228338448,1001.3471294602681,0.0
165420,0.0,0.0,7.708261228338448,1000.2907218835068,0.0
165480,0.0,0.0,7.708261228338448,1000.2423876125379,0.0
165540,0.0,0.0,7.708261228338448,998.6306641818961,0.0
165600,0.0,0.0,7.708261228338448,999.2346392283085,0.0
165660,0.0,0.0,7.708261228338448,1000.4620180074817,0.0
165720,0.0,0.0,7.708261228338448,1000.7299053698232,0.0
165780,0.0,0.0,7.708261228338448,999.2342447929385,0.0
165840,0.0,0.0,7.708261228338448,999.4861343299756,0.0
165900,0.0,0.0,7.708261228338448,998.817477262767,0.0
165960,0.0,0.0,7.708261228338448,999.8727761301725,0.0
166020,0.0,0.0,7.708261228338448,1001.4312852071296,0.0
166080,0.0,0.0,7.708261228338448,999.2995398230067,0.0
166140,0.0,0.0,7.708261228338448,999.6255137988721,0.0
166200,0.0,0.0,7.708261228338448,998.5338937261561,0.0
166260,0.0,0.0,7.708261228338448,1000.5450810361235,0.0
166320,0.0,0.0,7.708261228338448,1000.2383410483217,0.0
166380,0.0,0.0,7.708261228338448,1001.4654833496406,0.0
166440,0.0,0.0,7.708261228338448,999.4863449877536,0.0
166500,0.0,0.0,7.708261228338448,999.0510956469006,0.0
166560,0.0,0.0,7.708261228338448,999.4201729862394,0.0
166620,0.0,0.0,7.708261228338448,1000.1896696979215,0.0
166680,0.0,0.0,7.708261228338448,1000.3940368470928,0.0
166740,0.0,0.0,7.708261228338448,1000.3950539486611,0.0
166800,0.0,0.0,7.708261228338448,997.8667350485817,0.0
166860,0.0,0.0,7.708261228338448,999.1544662315241,0.0
166920,0.0,0.0,7.708261228338448,1000.5922462611263,0.0
166980,0.0,0.0,7.708261228338448,1000.41424521063,0.0
167040,0.0,0.0,7.708261228338448,1000.984817521348,0.0
167100,0.0,0.0,7.708261228338448,999.1056205412947,0.0
167160,0.0,0.0,7.708261228338448,998.8586519086473,0.0
167220,0.0,0.0,7.708261228338448,999.8607783815672,0.0
167280,0.0,0.0,7.708261228338448,1000.5232817640494,0.0
167340,0.0,0.0,7.708261228338448,1000.8554824855729,0.0
167400,0.0,0.0,7.708261228338448,998.965045685924,0.0
167460,0.0,0.0,7.708261228338448,999.1924683632479,0.0
167520,0.0,0.0,7.708261228338448,999.8312747371142,0.0
167580,0.0,0.0,7.708261228338448,1000.3577249581175,0.0
167640,0.0,0.0,7.708261228338448,1000.7619149186237,0.0
167700,0.0,0.0,7.708261228338448,998.9544476014678,0.0
167760,0.0,0.0,7.708261228338448,999.5758815961908,0.0
167820,0.0,0.0,7.708261228338448,998.8625960281292,0.0
167880,0.0,0.0,7.708261228338448,999.8673300717205,0.0
167940,0.0,0.0,7.708261228338448,1001.5376000493886,0.0
168000,0.0,0.0,7.708261228338448,1000.0682099098625,0.0
168060,0.0,0.0,7.708261228338448,999.6327821203259,0.0
168120,0.0,0.0,7.708261228338448,998.7525742544578,0.0
168180,0.0,0.0,7.708261228338448,999.6158264967916,0.0
168240,0.0,0.0,7.708261228338448,1000.6341246033444,0.0
168300,0.0,0.0,7.708261228338448,1000.704724774418,0.0
168360,0.0,0.0,7.708261228338448,998.6487961465067,0.0
168420,0.0,0.0,7.708261228338448,999.1511219293692,0.0
168480,0.0,0.0,7.708261228338448,999.4958759553078,0.0
168540,0.0,0.0,7.708261228338448,1000.8163026776521,0.0
168600,0.0,0.0,7.708261228338448,1000.536280502574,0.0
168660,0.0,0.0,7.708261228338448,1000.1466122366406,0.0
168720,0.0,0.0,7.708261228338448,997.6394361551028,0.0
168780,0.0,0.0,7.708261228338448,999.196130296091,0.0
168840,0.0,0.0,7.708261228338448,1000.774435678562,0.0
168900,0.0,0.0,7.708261228338448,1000.3369798525729,0.0
168960,0.0,0.0,7.708261228338448,1001.0890863457873,0.0
169020,0.0,0.0,7.708261228338448,999.0927058164399,0.0
169080,0.0,0.0,7.708261228338448,998.9131014380824,0.0
169140,0.0,0.0,7.708261228338448,999.9108257591273,0.0
169200,0.0,0.0,7.708261228338448,1000.4981326257398,0.0
169260,0.0,0.0,7.708261228338448,1000.0277943578404,0.0
169320,0.0,0.0,7.708261228338448,1000.057204527645,0.0
169380,0.0,0.0,7.708261228338448,998.0427961313642,0.0
169440,0.0,0.0,7.708261228338448,999.3851067403996,0.0
169500,0.0,0.0,7.708261228338448,1001.0778204194017,0.0
169560,0.0,0.0,7.708261228338448,1000.4131463703568,0.0
169620,0.0,0.0,7.708261228338448,1000.4650151951209,0.0
169680,0.0,0.0,7.708261228338448,998.7244351789748,0.0
169740,0.0,0.0,7.708261228338448,999.040881090539,0.0
169800,0.0,0.0,7.708261228338448,1001.28782936394,0.0
169860,0.0,0.0,7.708261228338448,1000.3925810286945,0.0
169920,0.0,0.0,7.708261228338448,1000.8181554186294,0.0
169980,0.0,0.0,7.708261228338448,997.3853714975094,0.0
170040,0.0,0.0,7.708261228338448,998.8221225685927,0.0
170100,0.0,0.0,7.708261228338448,999.6354976094156,0.0
170160,0.0,0.0,7.708261228338448,1000.5761646533817,0.0
170220,0.0,0.0,7.708261228338448,1000.6712999965567,0.0
170280,0.0,0.0,7.708261228338448,998.4490420904339,0.0
170340,0.0,0.0,7.708261228338448,999.2351341239245,0.0
170400,0.0,0.0,7.708261228338448,999.5961502759902,0.0
170460,0.0,0.0,7.708261228338448,1000.1582065867699,0.0
170520,0.0,0.0,7.708261228338448,1001.4724607364949,0.0
170580,0.0,0.0,7.708261228338448,999.7309690907042,0.0
170640,0.0,0.0,7.708261228338448,999.124100988962,0.0
170700,0.0,0.0,7.708261228338448,999.1310741232397,0.0
170760,0.0,0.0,7.708261228338448,1000.0195676823965,0.0
170820,0.0,0.0,7.708261228338448,1000.6039339810277,0.0
170880,0.0,0.0,7.708261228338448,1000.53032582836,0.0
170940,0.0,0.0,7.708261228338448,998.1472354816623,0.0
171000,0.0,0.0,7.708261228338448,998.7054043450861,0.0
171060,0.0,0.0,7.708261228338448,999.6366785187232,0.0
171120,0.0,0.0,7.708261228338448,1001.8729570226359,0.0
171180,0.0,0.0,7.708261228338448,999.6970238646023,0.0
171240,0.0,0.0,7.708261228338448,1000.1187192133401,0.0
171300,0.0,0.0,7.708261228338448,997.9590718731931,0.0
171360,0.0,0.0,7.708261228338448,999.410579287348,0.0
171420,0.0,0.0,7.708261228338448,1001.1746050502687,0.0
171480,0.0,0.0,7.708261228338448,1000.3476217392388,0.0
171540,0.0,0.0,7.708261228338448,1000.5243026296414,0.0
171600,0.0,0.0,7.708261228338448,998.716572082916,0.0
171660,0.0,0.0,7.708261228338448,999.0886362893765,0.0
171720,0.0,0.0,7.708261228338448,1000.3179201688171,0.0
171780,0.0,0.0,7.708261228338448,1000.6907778471927,0.0
171840,0.0,0.0,7.708261228338448,999.5185452862462,0.0
171900,0.0,0.0,7.708261228338448,999.6661494633239,0.0
171960,0.0,0.0,7.708261228338448,998.5226394529575,0.0
172020,0.0,0.0,7.708261228338448,999.7110090376758,0.0
172080,0.0,0.0,7.708261228338448,1001.3644266374259,0.0
172140,0.0,0.0,7.708261228338448,1000.2629476807219,0.0
172200,0.0,0.0,7.708261228338448,999.8818758942516,0.0
172260,0.0,0.0,7.708261228338448,998.0024810896347,0.0
172320,0.0,0.0,7.708261228338448,999.455422509159,0.0
172380,0.0,0.0,7.708261228338448,1000.6682673941207,0.0
172440,0.0,0.0,7.708261228338448,1000.5502253474028,0.0
172500,0.0,0.0,7.708261228338448,999.7795833032874,0.0
172560,0.0,0.0,7.708261228338448,999.0689074933781,0.0
172620,0.0,0.0,7.708261228338448,999.1777595925532,0.0
172680,0.0,0.0,7.708261228338448,999.9851472465189,0.0
172740,0.0,0.0,7.708261228338448,1000.5174694380365,0.0
172800,0.0,0.0,7.708261228338448,1000.5285800181073,0.0
172860,0.0,0.0,7.708261228338448,997.9520031757206,0.0
172920,0.0,0.0,7.708261228338448,999.1083909882154,0.0
172980,0.0,0.0,7.708261228338448,1000.2778937381668,0.0
173040,0.0,0.0,7.708261228338448,1000.3602227921133,0.0
173100,0.0,0.0,7.708261228338448,1001.1960958368802,0.0
173160,0.0,0.0,7.708261228338448,999.3226223493398,0.0
173220,0.0,0.0,7.708261228338448,998.862868065475,0.0
173280,0.0,0.0,7.708261228338448,999.6112701600243,0.0
173340,0.0,0.0,7.708261228338448,1000.3758572850859,0.0
173400,0.0,0.0,7.708261228338448,1001.1756934053935,0.0
173460,0.0,0.0,7.708261228338448,999.218830300623,0.0
173520,0.0,0.0,7.708261228338448,999.3647363713336,0.0
173580,0.0,0.0,7.708261228338448,999.3860333177221,0.0
173640,0.0,0.0,7.708261228338448,1000.2309298928003,0.0
173700,0.0,0.0,7.708261228338448,1000.7168677476038,0.0
173760,0.0,0.0,7.708261228338448,999.2644469495017,0.0
173820,0.0,0.0,7.708261228338448,999.7553259843551,0.0
173880,0.0,0.0,7.708261228338448,998.5324540396452,0.0
173940,0.0,0.0,7.708261228338448,999.710948767458,0.0
174000,0.0,0.0,7.708261228338448,1001.4780617687896,0.0
174060,0.0,0.0,7.708261228338448,1000.1950105956573,0.0
174120,0.0,0.0,7.708261228338448,999.9216616173169,0.0
174180,0.0,0.0,7.708261228338448,998.6482803979699,0.0
174240,0.0,0.0,7.708261228338448,999.4216138894697,0.0
174300,0.0,0.0,7.708261228338448,1000.5762476663871,0.0
174360,0.0,0.0,7.708261228338448,1000.7379549335649,0.0
174420,0.0,0.0,7.708261228338448,998.9411703140817,0.0
174480,0.0,0.0,7.708261228338448,999.2956626576207,0.0
174540,0.0,0.0,7.708261228338448,999.157498114463,0.0
174600,0.0,0.0,7.708261228338448,1000.7062236439233,0.0
174660,0.0,0.0,7.708261228338448,1000.5143752784995,0.0
174720,0.0,0.0,7.708261228338448,1000.5177264405501,0.0
174780,0.0,0.0,7.708261228338448,997.5957142205857,0.0
174840,0.0,0.0,7.708261228338448,999.1609786188279,0.0
174900,0.0,0.0,7.708261228338448,1000.4679100487471,0.0
174960,0.0,0.0,7.708261228338448,1000.2940838479791,0.0
175020,0.0,0.0,7.708261228338448,1001.2868863563197,0.0
175080,0.0,0.0,7.708261228338448,999.2881331436914,0.0
175140,0.0,0.0,7.708261228338448,998.9144797509006,0.0
175200,0.0,0.0,7.708261228338448,999.683372641141,0.0
175260,0.0,0.0,7.708261228338448,1000.3669502158007,0.0
175320,0.0,0.0,7.708261228338448,1000.231759103115,0.0
175380,0.0,0.0,7.708261228338448,1000.2249029003108,0.0
175440,0.0,0.0,7.708261228338448,997.9167157773268,0.0
175500,0.0,0.0,7.708261228338448,999.2546547666019,0.0
175560,0.0,0.0,7.708261228338448,1000.8635466197563,0.0
175620,0.0,0.0,7.708261228338448,1000.4368156050965,0.0
175680,0.0,0.0,7.708261228338448,1000.7203987838376,0.0
175740,0.0,0.0,7.708261228338448,998.8946874504071,0.0
175800,0.0,0.0,7.708261228338448,998.9242820594383,0.0
175860,0.0,0.0,7.708261228338448,1001.0260223662224,0.0
175920,0.0,0.0,7.708261228338448,1000.3929581455111,0.0
175980,0.0,0.0,7.708261228338448,1000.9454816236744,0.0
176040,0.0,0.0,7.708261228338448,997.5550908273996,0.0
176100,0.0,0.0,7.708261228338448,998.7332832165962,0.0
176160,0.0,0.0,7.708261228338448,999.4464439051848,0.0
176220,0.0,0.0,7.708261228338448,1000.5454129548242,0.0
176280,0.0,0.0,7.708261228338448,1000.6942989377326,0.0
176340,0.0,0.0,7.708261228338448,998.7329950266791,0.0
176400,0.0,0.0,7.708261228338448,999.3652294721082,0.0
176460,0.0,0.0,7.708261228338448,999.2571715860901,0.0
176520,0.0,0.0,7.708261228338448,1000.0347184050886,0.0
176580,0.0,0.0,7.708261228338448,1001.5212214396838,0.0
176640,0.0,0.0,7.708261228338448,999.9031244961599,0.0
176700,0.0,0.0,7.708261228338448,999.3322061975996,0.0
176760,0.0,0.0,7.708261228338448,998.9308307442528,0.0
176820,0.0,0.0,7.708261228338448,999.8348407804729,0.0
176880,0.0,0.0,7.708261228338448,1000.6479640717417,0.0
176940,0.0,0.0,7.708261228338448,1000.6296690869783,0.0
177000,0.0,0.0,7.708261228338448,998.3985430746333,0.0
177060,0.0,0.0,7.708261228338448,998.4692485406424,0.0
177120,0.0,0.0,7.708261228338448,999.4840007190897,0.0
177180,0.0,0.0,7.708261228338448,1001.8030799923376,0.0
177240,0.0,0.0,7.708261228338448,999.9214194768488,0.0
177300,0.0,0.0,7.708261228338448,1000.2758935925903,0.0
177360,0.0,0.0,7.708261228338448,997.7859098831364,0.0
177420,0.0,0.0,7.708261228338448,999.3014590673492,0.0
177480,0.0,0.0,7.708261228338448,1000.9634453163458,0.0
177540,0.0,0.0,7.708261228338448,1000.3729666028406,0.0
177600,0.0,0.0,7.708261228338448,1000.7759306105924,0.0
177660,0.0,0.0,7.708261228338448,998.8722427703982,0.0
177720,0.0,0.0,7.708261228338448,998.9804459011739,0.0
177780,0.0,0.0,7.708261228338448,1000.1466602201705,0.0
177840,0.0,0.0,7.708261228338448,1000.6241899713464,0.0
177900,0.0,0.0,7.708261228338448,999.7781338023516,0.0
177960,0.0,0.0,7.708261228338448,999.8417563446492,0.0
178020,0.0,0.0,7.708261228338448,998.2767230314636,0.0
178080,0.0,0.0,7.708261228338448,999.5552413823416,0.0
178140,0.0,0.0,7.708261228338448,1001.2506539965146,0.0
178200,0.0,0.0,7.708261228338448,1000.3551917860942,0.0
178260,0.0,0.0,7.708261228338448,1000.147867987627,0.0
178320,0.0,0.0,7.708261228338448,997.7101596560259,0.0
178380,0.0,0.0,7.708261228338448,999.2961515598648,0.0
178440,0.0,0.0,7.708261228338448,1000.4844554791814,0.0
178500,0.0,0.0,7.708261228338448,1000.8343882198728,0.0
178560,0.0,0.0,7.708261228338448,999.9347479092642,0.0
178620,0.0,0.0,7.708261228338448,999.2683104271182,0.0
178680,0.0,0.0,7.708261228338448,998.9778795952815,0.0
178740,0.0,0.0,7.708261228338448,999.8167564774526,0.0
178800,0.0,0.0,7.708261228338448,1000.5804349996671,0.0
178860,0.0,0.0,7.708261228338448,1000.6168771748573,0.0
178920,0.0,0.0,7.708261228338448,998.1580874196271,0.0
178980,0.0,0.0,7.708261228338448,999.1182975502186,0.0
179040,0.0,0.0,7.708261228338448,999.9729699008625,0.0
179100,0.0,0.0,7.708261228338448,1000.2885459588695,0.0
179160,0.0,0.0,7.708261228338448,1001.3361869827621,0.0
179220,0.0,0.0,7.708261228338448,999.5144768187411,0.0
179280,0.0,0.0,7.708261228338448,998.9340319325196,0.0
179340,0.0,0.0,7.708261228338448,999.3850100699689,0.0
179400,0.0,0.0,7.708261228338448,1000.2259049075232,0.0
179460,0.0,0.0,7.708261228338448,1001.4092495731579,0.0
179520,0.0,0.0,7.708261228338448,999.4447100074536,0.0
179580,0.0,0.0,7.708261228338448,999.5418467541589,0.0
179640,0.0,0.0,7.708261228338448,998.97518675311,0.0
179700,0.0,0.0,7.708261228338448,1000.0860929656876,0.0
179760,0.0,0.0,7.708261228338448,1000.6496546350124,0.0
179820,0.0,0.0,7.708261228338448,999.5414794628953,0.0
179880,0.0,0.0,7.708261228338448,999.9129105184022,0.0
179940,0.0,0.0,7.708261228338448,998.2691401337968,0.0
180000,0.0,0.0,7.708261228338448,999.5713866539247,0.0
180060,0.0,0.0,7.708261228338448,1001.369501406146,0.0
180120,0.0,0.0,7.708261228338448,1000.2853277169957,0.0
180180,0.0,0.0,7.708261228338448,1000.184512082452,0.0
180240,0.0,0.0,7.708261228338448,998.6235305916201,0.0
180300,0.0,0.0,7.708261228338448,999.257744329774,0.0
180360,0.0,0.0,7.708261228338448,1000.4834987721018,0.0
180420,0.0,0.0,7.708261228338448,1000.738568869149,0.0
180480,0.0,0.0,7.708261228338448,999.2207676821442,0.0
180540,0.0,0.0,7.708261228338448,999.4465493046724,0.0
180600,0.0,0.0,7.708261228338448,998.8570398196659,0.0
180660,0.0,0.0,7.708261228338448,999.8981676925789,0.0
180720,0.0,0.0,7.708261228338448,1001.4214601401203,0.0
180780,0.0,0.0,7.708261228338448,999.3022645648222,0.0
180840,0.0,0.0,7.708261228338448,999.595441929298,0.0
180900,0.0,0.0,7.708261228338448,998.5480390409355,0.0
180960,0.0,0.0,7.708261228338448,1000.5508383788423,0.0
181020,0.0,0.0,7.708261228338448,1000.257783349406,0.0
181080,0.0,0.0,7.708261228338448,1001.4299921993386,0.0
181140,0.0,0.0,7.708261228338448,999.4688484184956,0.0
181200,0.0,0.0,7.708261228338448,999.0265914296124,0.0
181260,0.0,0.0,7.708261228338448,999.4385417065246,0.0
181320,0.0,0.0,7.708261228338448,1000.2107080730192,0.0
181380,0.0,0.0,7.708261228338448,1000.3963412134817,0.0
181440,0.0,0.0,7.708261228338448,1000.3800213496589,0.0
181500,0.0,0.0,7.708261228338448,997.8812261167326,0.0
181560,0.0,0.0,7.708261228338448,999.1534955213767,0.0
181620,0.0,0.0,7.708261228338448,1000.6024508405588,0.0
181680,0.0,0.0,7.708261228338448,1000.4243705424043,0.0
181740,0.0,0.0,7.708261228338448,1000.9585786782305,0.0
181800,0.0,0.0,7.708261228338448,999.0923704978195,0.0
181860,0.0,0.0,7.708261228338448,998.8548385295126,0.0
181920,0.0,0.0,7.708261228338448,1000.7027535317998,0.0
181980,0.0,0.0,7.708261228338448,1000.3528060020269,0.0
182040,0.0,0.0,7.708261228338448,1001.0405113571682,0.0
182100,0.0,0.0,7.708261228338448,997.8549047868646,0.0
182160,0.0,0.0,7.708261228338448,998.7201987999765,0.0
182220,0.0,0.0,7.708261228338448,999.264461887518,0.0
182280,0.0,0.0,7.708261228338448,1000.4652168929872,0.0
182340,0.0,0.0,7.708261228338448,1000.685631032196,0.0
182400,0.0,0.0,7.708261228338448,999.0306330158111,0.0
182460,0.0,0.0,7.708261228338448,999.5242286162741,0.0
182520,0.0,0.0,7.708261228338448,998.9160497095053,0.0
182580,0.0,0.0,7.708261228338448,999.8920726700251,0.0
182640,0.0,0.0,7.708261228338448,1001.5216177949251,0.0
182700,0.0,0.0,7.708261228338448,1000.0578854199626,0.0
182760,0.0,0.0,7.708261228338448,999.5833375763037,0.0
182820,0.0,0.0,7.708261228338448,998.7646922673323,0.0
182880,0.0,0.0,7.708261228338448,999.6410255692456,0.0
182940,0.0,0.0,7.708261228338448,1000.6442404745034,0.0
183000,0.0,0.0,7.708261228338448,1000.7009981939154,0.0
183060,0.0,0.0,7.708261228338448,998.6431818482312,0.0
183120,0.0,0.0,7.708261228338448,999.1240700280108,0.0
183180,0.0,0.0,7.708261228338448,999.5236634940145,0.0
183240,0.0,0.0,7.708261228338448,1000.8223164527354,0.0
183300,0.0,0.0,7.708261228338448,1000.5438596608284,0.0
183360,0.0,0.0,7.708261228338448,1000.1080566429512,0.0
183420,0.0,0.0,7.708261228338448,997.667721955588,0.0
183480,0.0,0.0,7.708261228338448,999.1938899166922,0.0
183540,0.0,0.0,7.708261228338448,1000.7841885518145,0.0
183600,0.0,0.0,7.708261228338448,1000.3480303434509,0.0
183660,0.0,0.0,7.708261228338448,1001.0576042440106,0.0
183720,0.0,0.0,7.708261228338448,999.0779811981937,0.0
183780,0.0,0.0,7.708261228338448,998.9085925174028,0.0
183840,0.0,0.0,7.708261228338448,999.9237012989134,0.0
183900,0.0,0.0,7.708261228338448,1000.5115074947497,0.0
183960,0.0,0.0,7.708261228338448,1000.0303410052106,0.0
184020,0.0,0.0,7.708261228338448,1000.0402234102635,0.0
184080,0.0,0.0,7.708261228338448,998.0584118190944,0.0
184140,0.0,0.0,7.708261228338448,999.3907319405225,0.0
184200,0.0,0.0,7.708261228338448,1001.0773595992625,0.0
184260,0.0,0.0,7.708261228338448,1000.4179977495082,0.0
184320,0.0,0.0,7.708261228338448,1000.4435647793241,0.0
184380,0.0,0.0,7.708261228338448,997.4671226241205,0.0
184440,0.0,0.0,7.708261228338448,999.1448081435369,0.0
184500,0.0,0.0,7.708261228338448,1000.2515833413179,0.0
184560,0.0,0.0,7.708261228338448,1001.0836354982723,0.0
184620,0.0,0.0,7.708261228338448,1000.0822671871813,0.0
184680,0.0,0.0,7.708261228338448,999.5416244219128,0.0
184740,0.0,0.0,7.708261228338448,998.796638707512,0.0
184800,0.0,0.0,7.708261228338448,999.6268147224893,0.0
184860,0.0,0.0,7.708261228338448,1000.5943396999565,0.0
184920,0.0,0.0,7.708261228338448,1000.6828880964484,0.0
184980,0.0,0.0,7.708261228338448,998.4240972081866,0.0
185040,0.0,0.0,7.708261228338448,999.2067285108533,0.0
185100,0.0,0.0,7.708261228338448,999.6261637331603,0.0
185160,0.0,0.0,7.708261228338448,1000.1798901037481,0.0
185220,0.0,0.0,7.708261228338448,1001.4480573837069,0.0
185280,0.0,0.0,7.708261228338448,999.7144055701107,0.0
185340,0.0,0.0,7.708261228338448,999.0935434832276,0.0
185400,0.0,0.0,7.708261228338448,999.1489765715013,0.0
185460,0.0,0.0,7.708261228338448,1000.0425515861585,0.0
185520,0.0,0.0,7.708261228338448,1001.6065809542496,0.0
185580,0.0,0.0,7.708261228338448,999.6682786491643,0.0
185640,0.0,0.0,7.708261228338448,999.7597769127732,0.0
185700,0.0,0.0,7.708261228338448,998.5452473484636,0.0
185760,0.0,0.0,7.708261228338448,999.899374839789,0.0
185820,0.0,0.0,7.708261228338448,1000.545040761778,0.0
185880,0.0,0.0,7.708261228338448,999.8070516000936,0.0
185940,0.0,0.0,7.708261228338448,1000.0812705343045,0.0
186000,0.0,0.0,7.708261228338448,998.0348439761224,0.0
186060,0.0,0.0,7.708261228338448,999.4298885204942,0.0
186120,0.0,0.0,7.708261228338448,1001.2086486757764,0.0
186180,0.0,0.0,7.708261228338448,1000.3488259888098,0.0
186240,0.0,0.0,7.708261228338448,1000.4656695762565,0.0
186300,0.0,0.0,7.708261228338448,998.692962174901,0.0
186360,0.0,0.0,7.708261228338448,999.1048962545083,0.0
186420,0.0,0.0,7.708261228338448,1000.3435064875462,0.0
186480,0.0,0.0,7.708261228338448,1000.7055385022338,0.0
186540,0.0,0.0,7.708261228338448,999.5051442236241,0.0
186600,0.0,0.0,7.708261228338448,999.6261566174285,0.0
186660,0.0,0.0,7.708261228338448,998.5615610759575,0.0
186720,0.0,0.0,7.708261228338448,999.7353371303913,0.0
186780,0.0,0.0,7.708261228338448,1001.361242475431,0.0
186840,0.0,0.0,7.708261228338448,999.6466085505862,0.0
186900,0.0,0.0,7.708261228338448,999.7703314845561,0.0
186960,0.0,0.0,7.708261228338448,998.4518210414004,0.0
187020,0.0,0.0,7.708261228338448,1000.2208192476137,0.0
187080,0.0,0.0,7.708261228338448,1000.1581367411254,0.0
187140,0.0,0.0,7.708261228338448,1001.5585029438646,0.0
187200,0.0,0.0,7.708261228338448,999.6525001003262,0.0
187260,0.0,0.0,7.708261228338448,999.1782245973609,0.0
187320,0.0,0.0,7.708261228338448,999.2138274050726,0.0
187380,0.0,0.0,7.708261228338448,1000.0440318856714,0.0
187440,0.0,0.0,7.708261228338448,1000.513077387944,0.0
187500,0.0,0.0,7.708261228338448,1000.5032011693917,0.0
187560,0.0,0.0,7.708261228338448,997.9607581301511,0.0
187620,0.0,0.0,7.708261228338448,999.0985543414537,0.0
187680,0.0,0.0,7.708261228338448,1000.3194259130461,0.0
187740,0.0,0.0,7.708261228338448,1000.3824699236511,0.0
187800,0.0,0.0,7.708261228338448,1001.1486561916872,0.0
187860,0.0,0.0,7.708261228338448,999.2902378528289,0.0
187920,0.0,0.0,7.708261228338448,998.8464227456664,0.0
187980,0.0,0.0,7.708261228338448,1000.3417572818748,0.0
188040,0.0,0.0,7.708261228338448,1000.2821530870962,0.0
188100,0.0,0.0,7.708261228338448,1001.0924779015234,0.0
188160,0.0,0.0,7.708261228338448,998.21257710899,0.0
188220,0.0,0.0,7.708261228338448,998.8001031238888,0.0
188280,0.0,0.0,7.708261228338448,999.1113757755924,0.0
188340,0.0,0.0,7.708261228338448,1000.3477057638917,0.0
188400,0.0,0.0,7.708261228338448,1000.648896092584,0.0
188460,0.0,0.0,7.708261228338448,999.3172293361029,0.0
188520,0.0,0.0,7.708261228338448,999.6868425392964,0.0
188580,0.0,0.0,7.708261228338448,998.607123221929,0.0
188640,0.0,0.0,7.708261228338448,999.7477294165647,0.0
188700,0.0,0.0,7.708261228338448,1001.4699000200508,0.0
188760,0.0,0.0,7.708261228338448,1000.1831634061282,0.0
188820,0.0,0.0,7.708261228338448,999.8435187595384,0.0
188880,0.0,0.0,7.708261228338448,998.6568854567516,0.0
188940,0.0,0.0,7.708261228338448,999.4581286868148,0.0
189000,0.0,0.0,7.708261228338448,1000.5966881377761,0.0
189060,0.0,0.0,7.708261228338448,1000.7392629302561,0.0
189120,0.0,0.0,7.708261228338448,998.9203548194736,0.0
189180,0.0,0.0,7.708261228338448,999.2501984293331,0.0
189240,0.0,0.0,7.708261228338448,999.2082850474866,0.0
189300,0.0,0.0,7.708261228338448,1000.7223425318833,0.0
189360,0.0,0.0,7.708261228338448,1000.5303555911894,0.0
189420,0.0,0.0,7.708261228338448,1000.4510148260848,0.0
189480,0.0,0.0,7.708261228338448,997.6278819704521,0.0
189540,0.0,0.0,7.708261228338448,999.1496441888524,0.0
189600,0.0,0.0,7.708261228338448,1000.498370213227,0.0
189660,0.0,0.0,7.708261228338448,1000.3131770854046,0.0
189720,0.0,0.0,7.708261228338448,1001.2427400262707,0.0
189780,0.0,0.0,7.708261228338448,999.262417123818,0.0
189840,0.0,0.0,7.708261228338448,998.8999274437116,0.0
189900,0.0,0.0,7.708261228338448,999.7089695405348,0.0
189960,0.0,0.0,7.708261228338448,1000.3914149552827,0.0
190020,0.0,0.0,7.708261228338448,1000.2285664134881,0.0
190080,0.0,0.0,7.708261228338448,1000.1999881725683,0.0
190140,0.0,0.0,7.708261228338448,997.9386971026271,0.0
190200,0.0,0.0,7.708261228338448,999.2625441089806,0.0
190260,0.0,0.0,7.708261228338448,1000.8751483797928,0.0
190320,0.0,0.0,7.708261228338448,1000.4450345373574,0.0
190380,0.0,0.0,7.708261228338448,1000.684289312055,0.0
190440,0.0,0.0,7.708261228338448,997.3638868686988,0.0
190500,0.0,0.0,7.708261228338448,999.0416378771988,0.0
190560,0.0,0.0,7.708261228338448,1000.0253288677576,0.0
190620,0.0,0.0,7.708261228338448,1001.2486105124509,0.0
190680,0.0,0.0,7.708261228338448,1000.1928674698362,0.0
190740,0.0,0.0,7.708261228338448,999.8069249774567,0.0
190800,0.0,0.0,7.708261228338448,998.6817543167422,0.0
190860,0.0,0.0,7.708261228338448,999.4620097680762,0.0
190920,0.0,0.0,7.708261228338448,1000.5652514986643,0.0
190980,0.0,0.0,7.708261228338448,1000.714135416272,0.0
191040,0.0,0.0,7.708261228338448,998.6990009431154,0.0
191100,0.0,0.0,7.708261228338448,999.3243289290932,0.0
191160,0.0,0.0,7.708261228338448,999.3035011144084,0.0
191220,0.0,0.0,7.708261228338448,1000.0638469306509,0.0
191280,0.0,0.0,7.708261228338448,1001.4985786508255,0.0
191340,0.0,0.0,7.708261228338448,999.8838360531929,0.0
191400,0.0,0.0,7.708261228338448,999.2854472146076,0.0
191460,0.0,0.0,7.708261228338448,998.9523941365239,0.0
191520,0.0,0.0,7.708261228338448,999.8655585287275,0.0
191580,0.0,0.0,7.708261228338448,1000.6543541547766,0.0
191640,0.0,0.0,7.708261228338448,1000.617973816684,0.0
191700,0.0,0.0,7.708261228338448,998.3891684568397,0.0
191760,0.0,0.0,7.708261228338448,998.4936758257942,0.0
191820,0.0,0.0,7.708261228338448,999.50256239358,0.0
191880,0.0,0.0,7.708261228338448,1001.779766624146,0.0
191940,0.0,0.0,7.708261228338448,999.9265377426533,0.0
192000,0.0,0.0,7.708261228338448,1000.2508264614211,0.0
192060,0.0,0.0,7.708261228338448,997.8152531609882,0.0
192120,0.0,0.0,7.708261228338448,999.3067722947842,0.0
192180,0.0,0.0,7.708261228338448,1000.9730714422504,0.0
192240,0.0,0.0,7.708261228338448,1000.3811584373886,0.0
192300,0.0,0.0,7.708261228338448,1000.7385790917298,0.0
192360,0.0,0.0,7.708261228338448,998.8556660503908,0.0
192420,0.0,0.0,7.708261228338448,998.9831303779489,0.0
192480,0.0,0.0,7.708261228338448,1000.1613439500642,0.0
192540,0.0,0.0,7.708261228338448,1000.6364675192968,0.0
192600,0.0,0.0,7.708261228338448,999.7777957053487,0.0
192660,0.0,0.0,7.708261228338448,999.8195765377669,0.0
192720,0.0,0.0,7.708261228338448,998.2957351055815,0.0
192780,0.0,0.0,7.708261228338448,999.5658382945687,0.0
192840,0.0,0.0,7.708261228338448,1001.2484912570824,0.0
192900,0.0,0.0,7.708261228338448,999.9683703817559,0.0
192960,0.0,0.0,7.708261228338448,999.9433542618758,0.0
193020,0.0,0.0,7.708261228338448,998.4267615040262,0.0
193080,0.0,0.0,7.708261228338448,999.8452470029634,0.0
193140,0.0,0.0,7.708261228338448,1000.0344607400057,0.0
193200,0.0,0.0,7.708261228338448,1001.6413877457777,0.0
193260,0.0,0.0,7.708261228338448,999.8263071003452,0.0
193320,0.0,0.0,7.708261228338448,999.3908004489158,0.0
193380,0.0,0.0,7.708261228338448,999.002188896233,0.0
193440,0.0,0.0,7.708261228338448,999.8610543160257,0.0
193500,0.0,0.0,7.708261228338448,1000.5838436755474,0.0
193560,0.0,0.0,7.708261228338448,1000.6033967865724,0.0
193620,0.0,0.0,7.708261228338448,998.1615367232849,0.0
193680,0.0,0.0,7.708261228338448,999.0986590762096,0.0
193740,0.0,0.0,7.708261228338448,1000.0048413002085,0.0
193800,0.0,0.0,7.708261228338448,1000.3084414990196,0.0
193860,0.0,0.0,7.708261228338448,1001.3052793005095,0.0
193920,0.0,0.0,7.708261228338448,999.4938464913668,0.0
193980,0.0,0.0,7.708261228338448,998.9110590084576,0.0
194040,0.0,0.0,7.708261228338448,999.4064781159533,0.0
194100,0.0,0.0,7.708261228338448,1000.2492720053078,0.0
194160,0.0,0.0,7.708261228338448,1001.3759472078337,0.0
194220,0.0,0.0,7.708261228338448,999.4371302076501,0.0
194280,0.0,0.0,7.708261228338448,999.5069527341345,0.0
194340,0.0,0.0,7.708261228338448,999.0023104260827,0.0
194400,0.0,0.0,7.708261228338448,1000.1040092208417,0.0
194460,0.0,0.0,7.708261228338448,1000.6640716421807,0.0
194520,0.0,0.0,7.708261228338448,999.5433047126747,0.0
194580,0.0,0.0,7.708261228338448,999.8893347664698,0.0
194640,0.0,0.0,7.708261228338448,998.2926681597929,0.0
194700,0.0,0.0,7.708261228338448,999.5823467759693,0.0
194760,0.0,0.0,7.708261228338448,1001.3656587163161,0.0
194820,0.0,0.0,7.708261228338448,1000.2871204178597,0.0
194880,0.0,0.0,7.708261228338448,1000.1552944584046,0.0
194940,0.0,0.0,7.708261228338448,998.6199209431862,0.0
195000,0.0,0.0,7.708261228338448,999.2660787603377,0.0
195060,0.0,0.0,7.708261228338448,1000.4919789454366,0.0
195120,0.0,0.0,7.708261228338448,1000.743147359931,0.0
195180,0.0,0.0,7.708261228338448,999.224561221291,0.0
195240,0.0,0.0,7.708261228338448,999.4282253962924,0.0
195300,0.0,0.0,7.708261228338448,998.8691029620036,0.0
195360,0.0,0.0,7.708261228338448,1000.5547929676679,0.0
195420,0.0,0.0,7.708261228338448,1000.4788959122416,0.0
195480,0.0,0.0,7.708261228338448,1000.8174659831983,0.0
195540,0.0,0.0,7.708261228338448,997.7303637578651,0.0
195600,0.0,0.0,7.708261228338448,999.1640812102207,0.0
195660,0.0,0.0,7.708261228338448,1000.155074068329,0.0
195720,0.0,0.0,7.708261228338448,1000.2406317338118,0.0
195780,0.0,0.0,7.708261228338448,1001.4121201635343,0.0
195840,0.0,0.0,7.708261228338448,999.4663974949677,0.0
195900,0.0,0.0,7.708261228338448,998.9673059646474,0.0
195960,0.0,0.0,7.708261228338448,999.4657972234221,0.0
196020,0.0,0.0,7.708261228338448,1000.2337014975408,0.0
196080,0.0,0.0,7.708261228338448,1000.3972340584868,0.0
196140,0.0,0.0,7.708261228338448,1000.3596951588243,0.0
196200,0.0,0.0,7.708261228338448,997.8964751965206,0.0
196260,0.0,0.0,7.708261228338448,999.1549221765549,0.0
196320,0.0,0.0,7.708261228338448,1000.6189458401764,0.0
196380,0.0,0.0,7.708261228338448,1000.4362087539646,0.0
196440,0.0,0.0,7.708261228338448,1000.9245126365222,0.0
196500,0.0,0.0,7.708261228338448,997.3793065284626,0.0
196560,0.0,0.0,7.708261228338448,998.9822991552609,0.0
196620,0.0,0.0,7.708261228338448,999.7667896657304,0.0
196680,0.0,0.0,7.708261228338448,1001.3573984706743,0.0
196740,0.0,0.0,7.708261228338448,1000.2820746191051,0.0
196800,0.0,0.0,7.708261228338448,1000.1122184503922,0.0
196860,0.0,0.0,7.708261228338448,998.6305145499209,0.0
196920,0.0,0.0,7.708261228338448,999.2969962231818,0.0
196980,0.0,0.0,7.708261228338448,1000.4859360195886,0.0
197040,0.0,0.0,7.708261228338448,1000.7150702816292,0.0
197100,0.0,0.0,7.708261228338448,998.995935720117,0.0
197160,0.0,0.0,7.708261228338448,999.4801173345058,0.0
197220,0.0,0.0,7.708261228338448,998.9651158546903,0.0
197280,0.0,0.0,7.708261228338448,999.9216320105314,0.0
197340,0.0,0.0,7.708261228338448,1001.5070118740525,0.0
197400,0.0,0.0,7.708261228338448,1000.0433482317032,0.0
197460,0.0,0.0,7.708261228338448,999.5308119764891,0.0
197520,0.0,0.0,7.708261228338448,998.7801900670545,0.0
197580,0.0,0.0,7.708261228338448,999.6706750314462,0.0
197640,0.0,0.0,7.708261228338448,1000.6549007430407,0.0
197700,0.0,0.0,7.708261228338448,1000.6953075244095,0.0
197760,0.0,0.0,7.708261228338448,998.7027744223678,0.0
197820,0.0,0.0,7.708261228338448,998.3076566819882,0.0
197880,0.0,0.0,7.708261228338448,999.3553090278624,0.0
197940,0.0,0.0,7.708261228338448,1001.6530060816183,0.0
198000,0.0,0.0,7.708261228338448,1000.1170289701139,0.0
198060,0.0,0.0,7.708261228338448,1000.3996113677438,0.0
198120,0.0,0.0,7.708261228338448,997.7177648584753,0.0
198180,0.0,0.0,7.708261228338448,999.2189557640794,0.0
198240,0.0,0.0,7.708261228338448,1000.7242949006285,0.0
198300,0.0,0.0,7.708261228338448,1000.3784800237916,0.0
198360,0.0,0.0,7.708261228338448,1000.9742457758363,0.0
198420,0.0,0.0,7.708261228338448,999.0344178326991,0.0
198480,0.0,0.0,7.708261228338448,998.910228360348,0.0
198540,0.0,0.0,7.708261228338448,999.9609291526056,0.0
198600,0.0,0.0,7.708261228338448,1000.5422687670439,0.0
198660,0.0,0.0,7.708261228338448,1000.0153743459978,0.0
198720,0.0,0.0,7.708261228338448,999.9983383618659,0.0
198780,0.0,0.0,7.708261228338448,998.0965775912881,0.0
198840,0.0,0.0,7.708261228338448,999.4122968776542,0.0
198900,0.0,0.0,7.708261228338448,1001.0914670405879,0.0
198960,0.0,0.0,7.708261228338448,1000.2445255051773,0.0
199020,0.0,0.0,7.708261228338448,1000.0937308125779,0.0
199080,0.0,0.0,7.708261228338448,998.4876302439303,0.0
199140,0.0,0.0,7.708261228338448,999.4578094907055,0.0
199200,0.0,0.0,7.708261228338448,999.9039602679447,0.0
199260,0.0,0.0,7.708261228338448,1001.6651552820922,0.0
199320,0.0,0.0,7.708261228338448,999.974257476755,0.0
199380,0.0,0.0,7.708261228338448,999.6282996245922,0.0
199440,0.0,0.0,7.708261228338448,998.8309514717964,0.0
199500,0.0,0.0,7.708261228338448,999.6821839424474,0.0
199560,0.0,0.0,7.708261228338448,1000.6070687362435,0.0
199620,0.0,0.0,7.708261228338448,1000.6717777147085,0.0
199680,0.0,0.0,7.708261228338448,998.4111159869843,0.0
199740,0.0,0.0,7.708261228338448,999.1618333841525,0.0
199800,0.0,0.0,7.708261228338448,999.6850782391476,0.0
199860,0.0,0.0,7.708261228338448,1000.2129602286125,0.0
199920,0.0,0.0,7.708261228338448,1001.4113645905228,0.0
199980,0.0,0.0,7.708261228338448,999.6835643848707,0.0
200040,0.0,0.0,7.708261228338448,999.0461124710537,0.0
200100,0.0,0.0,7.708261228338448,999.1831799112828,0.0
200160,0.0,0.0,7.708261228338448,1000.0812420689467,0.0
200220,0.0,0.0,7.708261228338448,1001.5578989893163,0.0
200280,0.0,0.0,7.708261228338448,999.6525784789028,0.0
200340,0.0,0.0,7.708261228338448,999.7047040076246,0.0
200400,0.0,0.0,7.708261228338448,998.6021082299037,0.0
200460,0.0,0.0,7.708261228338448,999.9308250310603,0.0
200520,0.0,0.0,7.708261228338448,1000.5718236991523,0.0
200580,0.0,0.0,7.708261228338448,999.8000057284277,0.0
200640,0.0,0.0,7.708261228338448,1000.0477099290011,0.0
200700,0.0,0.0,7.708261228338448,998.0718598366899,0.0
200760,0.0,0.0,7.708261228338448,999.4454973666986,0.0
200820,0.0,0.0,7.708261228338448,1001.2155248976278,0.0
200880,0.0,0.0,7.708261228338448,1000.3525961830663,0.0
200940,0.0,0.0,7.708261228338448,1000.4176395198334,0.0
201000,0.0,0.0,7.708261228338448,998.6766450164296,0.0
201060,0.0,0.0,7.708261228338448,999.1171768679908,0.0
201120,0.0,0.0,7.708261228338448,1000.361425245817,0.0
201180,0.0,0.0,7.708261228338448,1000.7163239849407,0.0
201240,0.0,0.0,7.708261228338448,999.4988883160236,0.0
201300,0.0,0.0,7.708261228338448,999.5959722686127,0.0
201360,0.0,0.0,7.708261228338448,998.5885992165931,0.0
201420,0.0,0.0,7.708261228338448,1000.3557533209108,0.0
201480,0.0,0.0,7.708261228338448,1000.410071683944,0.0
201540,0.0,0.0,7.708261228338448,1001.1118856791651,0.0
201600,0.0,0.0,7.708261228338448,997.9729032802871,0.0
201660,0.0,0.0,7.708261228338448,999.2339628277983,0.0
201720,0.0,0.0,7.708261228338448,999.8207026461395,0.0
201780,0.0,0.0,7.708261228338448,1000.1558246276613,0.0
201840,0.0,0.0,7.708261228338448,1001.5149981524615,0.0
201900,0.0,0.0,7.708261228338448,999.6445710728709,0.0
201960,0.0,0.0,7.708261228338448,999.0953901129304,0.0
202020,0.0,0.0,7.708261228338448,999.247501961378,0.0
202080,0.0,0.0,7.708261228338448,1000.0768628567733,0.0
202140,0.0,0.0,7.708261228338448,1000.5147239208629,0.0
202200,0.0,0.0,7.708261228338448,1000.4826253503949,0.0
202260,0.0,0.0,7.708261228338448,997.9666208356001,0.0
202320,0.0,0.0,7.708261228338448,999.0924022738612,0.0
202380,0.0,0.0,7.708261228338448,1000.3500187323275,0.0
202440,0.0,0.0,7.708261228338448,1000.4008316227658,0.0
202500,0.0,0.0,7.708261228338448,1001.1086919513574,0.0
202560,0.0,0.0,7.708261228338448,999.2640172553504,0.0
202620,0.0,0.0,7.708261228338448,998.8343140207309,0.0
202680,0.0,0.0,7.708261228338448,1000.3547398773509,0.0
202740,0.0,0.0,7.708261228338448,1000.3024323403718,0.0
202800,0.0,0.0,7.708261228338448,1001.0839400840144,0.0
202860,0.0,0.0,7.708261228338448,998.2274539996436,0.0
202920,0.0,0.0,7.708261228338448,998.7809851241894,0.0
202980,0.0,0.0,7.708261228338448,999.12461251353,0.0
203040,0.0,0.0,7.708261228338448,1000.3650116593918,0.0
203100,0.0,0.0,7.708261228338448,1000.6609294761632,0.0
203160,0.0,0.0,7.708261228338448,999.3147789485682,0.0
203220,0.0,0.0,7.708261228338448,999.658176637,0.0
203280,0.0,0.0,7.708261228338448,998.6343115872222,0.0
203340,0.0,0.0,7.708261228338448,999.7633440885735,0.0
203400,0.0,0.0,7.708261228338448,1001.4623024664775,0.0
203460,0.0,0.0,7.708261228338448,1000.1805472918123,0.0
203520,0.0,0.0,7.708261228338448,999.8113311273861,0.0
203580,0.0,0.0,7.708261228338448,998.6592421311798,0.0
203640,0.0,0.0,7.708261228338448,999.4716945236247,0.0
203700,0.0,0.0,7.708261228338448,1000.6052160015554,0.0
203760,0.0,0.0,7.708261228338448,1000.7404244054253,0.0
203820,0.0,0.0,7.708261228338448,999.0719673246908,0.0
203880,0.0,0.0,7.708261228338448,998.1990625856487,0.0
203940,0.0,0.0,7.708261228338448,999.2266330492989,0.0
204000,0.0,0.0,7.708261228338448,1001.4612968626101,0.0
204060,0.0,0.0,7.708261228338448,1000.2664487557183,0.0
204120,0.0,0.0,7.708261228338448,1000.530772790771,0.0
204180,0.0,0.0,7.708261228338448,997.7219260803847,0.0
204240,0.0,0.0,7.708261228338448,999.1711527050053,0.0
204300,0.0,0.0,7.708261228338448,1000.4341021701624,0.0
204360,0.0,0.0,7.708261228338448,1000.3429784198404,0.0
204420,0.0,0.0,7.708261228338448,1001.1857098808688,0.0
204480,0.0,0.0,7.708261228338448,999.2301337399371,0.0
204540,0.0,0.0,7.708261228338448,998.8919366214071,0.0
204600,0.0,0.0,7.708261228338448,999.7357711446145,0.0
204660,0.0,0.0,7.708261228338448,1000.4176591857513,0.0
204720,0.0,0.0,7.708261228338448,1000.2235013624407,0.0
204780,0.0,0.0,7.708261228338448,1000.172829871212,0.0
204840,0.0,0.0,7.708261228338448,997.9617687314062,0.0
204900,0.0,0.0,7.708261228338448,999.2722236479809,0.0
204960,0.0,0.0,7.708261228338448,1000.8878567005422,0.0
205020,0.0,0.0,7.708261228338448,1000.4530005287581,0.0
205080,0.0,0.0,7.708261228338448,1000.6459475476603,0.0
205140,0.0,0.0,7.708261228338448,997.4009582205215,0.0
205200,0.0,0.0,7.708261228338448,999.0438488215816,0.0
205260,0.0,0.0,7.708261228338448,1000.0495818945658,0.0
205320,0.0,0.0,7.708261228338448,1001.2343345423462,0.0
205380,0.0,0.0,7.708261228338448,1000.190037773819,0.0
205440,0.0,0.0,7.708261228338448,999.7681958499384,0.0
205500,0.0,0.0,7.708261228338448,998.6855927110167,0.0
205560,0.0,0.0,7.708261228338448,999.4763475650005,0.0
205620,0.0,0.0,7.708261228338448,1000.5748138074725,0.0
205680,0.0,0.0,7.708261228338448,1000.7161062935035,0.0
205740,0.0,0.0,7.708261228338448,998.7029557974602,0.0
205800,0.0,0.0,7.708261228338448,999.3025918907352,0.0
205860,0.0,0.0,7.708261228338448,999.3199227863058,0.0
205920,0.0,0.0,7.708261228338448,1000.0768183850475,0.0
205980,0.0,0.0,7.708261228338448,1001.4847969517836,0.0
206040,0.0,0.0,7.708261228338448,999.8785836192081,0.0
206100,0.0,0.0,7.708261228338448,999.2651921442063,0.0
206160,0.0,0.0,7.708261228338448,998.9582091559716,0.0
206220,0.0,0.0,7.708261228338448,999.8772319556949,0.0
206280,0.0,0.0,7.708261228338448,1001.6999971516665,0.0
206340,0.0,0.0,7.708261228338448,999.8614591951653,0.0
206400,0.0,0.0,7.708261228338448,999.9433557299662,0.0
206460,0.0,0.0,7.708261228338448,998.1871791261635,0.0
206520,0.0,0.0,7.708261228338448,999.7159867656604,0.0
206580,0.0,0.0,7.708261228338448,1000.4371161918007,0.0
206640,0.0,0.0,7.708261228338448,1000.0396985999906,0.0
206700,0.0,0.0,7.708261228338448,1000.2150376773774,0.0
206760,0.0,0.0,7.708261228338448,997.8935774034181,0.0
206820,0.0,0.0,7.708261228338448,999.3137944329194,0.0
206880,0.0,0.0,7.708261228338448,1001.0078194766054,0.0
206940,0.0,0.0,7.708261228338448,1000.3868139353796,0.0
207000,0.0,0.0,7.708261228338448,1000.6963129289452,0.0
207060,0.0,0.0,7.708261228338448,998.8346973245641,0.0
207120,0.0,0.0,7.708261228338448,998.9884888245805,0.0
207180,0.0,0.0,7.708261228338448,1000.1817876087227,0.0
207240,0.0,0.0,7.708261228338448,1000.6513868061933,0.0
207300,0.0,0.0,7.708261228338448,999.7721755472526,0.0
207360,0.0,0.0,7.708261228338448,999.7903365122052,0.0
207420,0.0,0.0,7.708261228338448,998.3218261172998,0.0
207480,0.0,0.0,7.708261228338448,1000.1010544806476,0.0
207540,0.0,0.0,7.708261228338448,1000.3065581221185,0.0
207600,0.0,0.0,7.708261228338448,1001.3958677010363,0.0
207660,0.0,0.0,7.708261228338448,998.2584156036398,0.0
207720,0.0,0.0,7.708261228338448,999.3618718815173,0.0
207780,0.0,0.0,7.708261228338448,999.4505131401028,0.0
207840,0.0,0.0,7.708261228338448,1000.0409057364589,0.0
207900,0.0,0.0,7.708261228338448,1001.5829928236288,0.0
207960,0.0,0.0,7.708261228338448,999.8220556160961,0.0
208020,0.0,0.0,7.708261228338448,999.295301522283,0.0
208080,0.0,0.0,7.708261228338448,999.0308308143765,0.0
208140,0.0,0.0,7.708261228338448,999.8949692362936,0.0
208200,0.0,0.0,7.708261228338448,1000.5900684549271,0.0
208260,0.0,0.0,7.708261228338448,1000.5896912466495,0.0
208320,0.0,0.0,7.708261228338448,998.1566418155105,0.0
208380,0.0,0.0,7.708261228338448,999.0802885099527,0.0
208440,0.0,0.0,7.708261228338448,1000.040691516791,0.0
208500,0.0,0.0,7.708261228338448,1000.3305036399278,0.0
208560,0.0,0.0,7.708261228338448,1001.2703312188769,0.0
208620,0.0,0.0,7.708261228338448,999.469054643326,0.0
208680,0.0,0.0,7.708261228338448,998.8871098839302,0.0
208740,0.0,0.0,7.708261228338448,999.9594216408004,0.0
208800,0.0,0.0,7.708261228338448,1000.2003090907589,0.0
208860,0.0,0.0,7.708261228338448,1001.1042564349412,0.0
208920,0.0,0.0,7.708261228338448,998.6216908892294,0.0
208980,0.0,0.0,7.708261228338448,998.9296425049903,0.0
209040,0.0,0.0,7.708261228338448,998.9926263870036,0.0
209100,0.0,0.0,7.708261228338448,1000.2093698752072,0.0
209160,0.0,0.0,7.708261228338448,1000.5979330493734,0.0
209220,0.0,0.0,7.708261228338448,999.5914496769282,0.0
209280,0.0,0.0,7.708261228338448,999.8313541314133,0.0
209340,0.0,0.0,7.708261228338448,998.350867246471,0.0
209400,0.0,0.0,7.708261228338448,999.6123304928692,0.0
209460,0.0,0.0,7.708261228338448,1001.3659570409783,0.0
209520,0.0,0.0,7.708261228338448,1000.2831734060973,0.0
209580,0.0,0.0,7.708261228338448,1000.0853349381973,0.0
209640,0.0,0.0,7.708261228338448,998.6146113532334,0.0
209700,0.0,0.0,7.708261228338448,999.2937586288525,0.0
209760,0.0,0.0,7.708261228338448,1000.514630707224,0.0
209820,0.0,0.0,7.708261228338448,1000.7506109975534,0.0
209880,0.0,0.0,7.708261228338448,999.4549393817816,0.0
209940,0.0,0.0,7.708261228338448,998.199607812079,0.0
210000,0.0,0.0,7.708261228338448,999.1340859047953,0.0
210060,0.0,0.0,7.708261228338448,1001.2137200662896,0.0
210120,0.0,0.0,7.708261228338448,1000.3684917895946,0.0
210180,0.0,0.0,7.708261228338448,1000.6302530316639,0.0
210240,0.0,0.0,7.708261228338448,997.8523175963579,0.0
210300,0.0,0.0,7.708261228338448,999.174225461134,0.0
210360,0.0,0.0,7.708261228338448,1000.1272898034433,0.0
210420,0.0,0.0,7.708261228338448,1000.2827077743383,0.0
210480,0.0,0.0,7.708261228338448,1001.3483432815367,0.0
210540,0.0,0.0,7.708261228338448,999.4205777309396,0.0
210600,0.0,0.0,7.708261228338448,998.937166374675,0.0
210660,0.0,0.0,7.708261228338448,999.5097601196378,0.0
210720,0.0,0.0,7.708261228338448,1000.2767073551375,0.0
210780,0.0,0.0,7.708261228338448,1000.3888440357478,0.0
210840,0.0,0.0,7.708261228338448,1000.3245490442887,0.0
210900,0.0,0.0,7.708261228338448,997.9176173506017,0.0
210960,0.0,0.0,7.708261228338448,999.162719571067,0.0
211020,0.0,0.0,7.708261228338448,1000.6522389507761,0.0
211080,0.0,0.0,7.708261228338448,1000.4521936234938,0.0
211140,0.0,0.0,7.708261228338448,1000.8695311502762,0.0
211200,0.0,0.0,7.708261228338448,997.4191795292403,0.0
211260,0.0,0.0,7.708261228338448,998.9770313371183,0.0
211320,0.0,0.0,7.708261228338448,999.8092741007622,0.0
211380,0.0,0.0,7.708261228338448,1001.3359392210156,0.0
211440,0.0,0.0,7.708261228338448,1000.2801451779548,0.0
211500,0.0,0.0,7.708261228338448,1000.0483469383405,0.0
211560,0.0,0.0,7.708261228338448,998.6282744937693,0.0
211620,0.0,0.0,7.708261228338448,999.3176040929219,0.0
211680,0.0,0.0,7.708261228338448,1000.5040456297195,0.0
211740,0.0,0.0,7.708261228338448,1000.7225309754036,0.0
211800,0.0,0.0,7.708261228338448,998.9882599605272,0.0
211860,0.0,0.0,7.708261228338448,999.4447234341562,0.0
211920,0.0,0.0,7.708261228338448,999.0006567167485,0.0
211980,0.0,0.0,7.708261228338448,999.9435404817332,0.0
212040,0.0,0.0,7.708261228338448,1001.4934776389338,0.0
212100,0.0,0.0,7.708261228338448,1000.0335729967873,0.0
212160,0.0,0.0,7.708261228338448,999.4923010489491,0.0
212220,0.0,0.0,7.708261228338448,998.7909333729602,0.0
212280,0.0,0.0,7.708261228338448,999.6920611959048,0.0
212340,0.0,0.0,7.708261228338448,1001.7515058258749,0.0
212400,0.0,0.0,7.708261228338448,1000.0278054723066,0.0
212460,0.0,0.0,7.708261228338448,1000.1498289586391,0.0
212520,0.0,0.0,7.708261228338448,997.8579043619912,0.0
212580,0.0,0.0,7.708261228338448,999.5132723421934,0.0
212640,0.0,0.0,7.708261228338448,1000.2976718794101,0.0
212700,0.0,0.0,7.708261228338448,1000.2284142023447,0.0
212760,0.0,0.0,7.708261228338448,1000.3469358355585,0.0
212820,0.0,0.0,7.708261228338448,997.8159728115899,0.0
212880,0.0,0.0,7.708261228338448,999.2188892846136,0.0
212940,0.0,0.0,7.708261228338448,1000.7748433562757,0.0
213000,0.0,0.0,7.708261228338448,1000.3909053445276,0.0
213060,0.0,0.0,7.708261228338448,1000.9213047665246,0.0
213120,0.0,0.0,7.708261228338448,999.004239560936,0.0
213180,0.0,0.0,7.708261228338448,998.9090820218662,0.0
213240,0.0,0.0,7.708261228338448,999.9911043769615,0.0
213300,0.0,0.0,7.708261228338448,1000.5659234829587,0.0
213360,0.0,0.0,7.708261228338448,1000.0051653980546,0.0
213420,0.0,0.0,7.708261228338448,999.9628615289491,0.0
213480,0.0,0.0,7.708261228338448,998.1279820146777,0.0
213540,0.0,0.0,7.708261228338448,999.4304521540238,0.0
213600,0.0,0.0,7.708261228338448,1001.1006595111132,0.0
213660,0.0,0.0,7.708261228338448,1000.2424149463219,0.0
213720,0.0,0.0,7.708261228338448,1000.0733798346428,0.0
213780,0.0,0.0,7.708261228338448,998.4768582768194,0.0
213840,0.0,0.0,7.708261228338448,999.4799112990834,0.0
213900,0.0,0.0,7.708261228338448,999.9252000108396,0.0
213960,0.0,0.0,7.708261228338448,1001.6453324829695,0.0
214020,0.0,0.0,7.708261228338448,999.9656336237705,0.0
214080,0.0,0.0,7.708261228338448,999.5882466058331,0.0
214140,0.0,0.0,7.708261228338448,998.8414657688742,0.0
214200,0.0,0.0,7.708261228338448,999.7020487595786,0.0
214260,0.0,0.0,7.708261228338448,1000.6150294966008,0.0
214320,0.0,0.0,7.708261228338448,1000.6685585055816,0.0
214380,0.0,0.0,7.708261228338448,998.41391510128,0.0
214440,0.0,0.0,7.708261228338448,999.1410167353506,0.0
214500,0.0,0.0,7.708261228338448,999.7032447132343,0.0
214560,0.0,0.0,7.708261228338448,1000.227496604623,0.0
214620,0.0,0.0,7.708261228338448,1001.3930200176668,0.0
214680,0.0,0.0,7.708261228338448,999.6738054647922,0.0
214740,0.0,0.0,7.708261228338448,999.0266472569729,0.0
214800,0.0,0.0,7.708261228338448,999.5284780924785,0.0
214860,0.0,0.0,7.708261228338448,1000.0656086379855,0.0
214920,0.0,0.0,7.708261228338448,1001.0830487587549,0.0
214980,0.0,0.0,7.708261228338448,999.043702952883,0.0
215040,0.0,0.0,7.708261228338448,999.1058840670653,0.0
215100,0.0,0.0,7.708261228338448,998.8990544352234,0.0
215160,0.0,0.0,7.708261228338448,1000.0164346622635,0.0
215220,0.0,0.0,7.708261228338448,1000.5035962812048,0.0
215280,0.0,0.0,7.708261228338448,999.850095251129,0.0
215340,0.0,0.0,7.708261228338448,1000.0085369084812,0.0
215400,0.0,0.0,7.708261228338448,998.1063134694617,0.0
215460,0.0,0.0,7.708261228338448,999.4632366004007,0.0
215520,0.0,0.0,7.708261228338448,1001.2188312379144,0.0
215580,0.0,0.0,7.708261228338448,1000.3562000134943,0.0
215640,0.0,0.0,7.708261228338448,1000.3661340312088,0.0
215700,0.0,0.0,7.708261228338448,998.6606348022108,0.0
215760,0.0,0.0,7.708261228338448,999.1314614276838,0.0
215820,0.0,0.0,7.708261228338448,1000.3803492059891,0.0
215880,0.0,0.0,7.708261228338448,1000.726991206965,0.0
215940,0.0,0.0,7.708261228338448,999.4906685399542,0.0
216000,0.0,0.0,7.708261228338448,999.5638006844957,0.0
216060,0.0,0.0,7.708261228338448,998.6176966082854,0.0
216120,0.0,0.0,7.708261228338448,1000.3691504588134,0.0
216180,0.0,0.0,7.708261228338448,1000.426997533856,0.0
216240,0.0,0.0,7.708261228338448,1001.0701786981405,0.0
216300,0.0,0.0,7.708261228338448,997.9884307514092,0.0
216360,0.0,0.0,7.708261228338448,999.2096953667684,0.0
216420,0.0,0.0,7.708261228338448,999.8415804387745,0.0
216480,0.0,0.0,7.708261228338448,1000.1715261745089,0.0
216540,0.0,0.0,7.708261228338448,1001.4928167907648,0.0
216600,0.0,0.0,7.708261228338448,999.6336626277878,0.0
216660,0.0,0.0,7.708261228338448,999.0734740581646,0.0
216720,0.0,0.0,7.708261228338448,999.2589158947471,0.0
216780,0.0,0.0,7.708261228338448,1000.0926867749115,0.0
216840,0.0,0.0,7.708261228338448,1000.519251235137,0.0
216900,0.0,0.0,7.708261228338448,1000.4736228007296,0.0
216960,0.0,0.0,7.708261228338448,997.9769430397413,0.0
217020,0.0,0.0,7.708261228338448,999.087362243204,0.0
217080,0.0,0.0,7.708261228338448,1000.3566609145231,0.0
217140,0.0,0.0,7.708261228338448,1000.4102592042377,0.0
217200,0.0,0.0,7.708261228338448,1001.0904526264648,0.0
217260,0.0,0.0,7.708261228338448,997.5933311128646,0.0
217320,0.0,0.0,7.708261228338448,998.9747830019979,0.0
217380,0.0,0.0,7.708261228338448,999.5353754819256,0.0
217440,0.0,0.0,7.708261228338448,1001.3767362857362,0.0
217500,0.0,0.0,7.708261228338448,1000.3443293074486,0.0
217560,0.0,0.0,7.708261228338448,1000.3679896357227,0.0
217620,0.0,0.0,7.708261228338448,998.6611928730825,0.0
217680,0.0,0.0,7.708261228338448,999.1648080973649,0.0
217740,0.0,0.0,7.708261228338448,1000.3793238368036,0.0
217800,0.0,0.0,7.708261228338448,1000.693705584886,0.0
217860,0.0,0.0,7.708261228338448,999.2896109800374,0.0
217920,0.0,0.0,7.708261228338448,999.6239917547906,0.0
217980,0.0,0.0,7.708261228338448,998.6696778141703,0.0
218040,0.0,0.0,7.708261228338448,999.7846156531251,0.0
218100,0.0,0.0,7.708261228338448,1001.4553582261894,0.0
218160,0.0,0.0,7.708261228338448,1000.1746104604499,0.0
218220,0.0,0.0,7.708261228338448,999.7700481039091,0.0
218280,0.0,0.0,7.708261228338448,998.6641164392611,0.0
218340,0.0,0.0,7.708261228338448,999.4912259462438,0.0
218400,0.0,0.0,7.708261228338448,1001.744504534928,0.0
218460,0.0,0.0,7.708261228338448,1000.1699449908244,0.0
218520,0.0,0.0,7.708261228338448,1000.3698629760594,0.0
218580,0.0,0.0,7.708261228338448,997.5634449125408,0.0
218640,0.0,0.0,7.708261228338448,999.2950229277048,0.0
218700,0.0,0.0,7.708261228338448,1000.1254115226101,0.0
218760,0.0,0.0,7.708261228338448,1000.3818936514486,0.0
218820,0.0,0.0,7.708261228338448,1000.4699533057056,0.0
218880,0.0,0.0,7.708261228338448,997.828226685416,0.0
218940,0.0,0.0,7.708261228338448,999.1568278601222,0.0
219000,0.0,0.0,7.708261228338448,1000.4924832519854,0.0
219060,0.0,0.0,7.708261228338448,1000.3609818013172,0.0
219120,0.0,0.0,7.708261228338448,1001.136195215088,0.0
219180,0.0,0.0,7.708261228338448,999.199578237364,0.0
219240,0.0,0.0,7.708261228338448,998.8787390022308,0.0
219300,0.0,0.0,7.708261228338448,999.7674994726524,0.0
219360,0.0,0.0,7.708261228338448,1000.4454645146589,0.0
219420,0.0,0.0,7.708261228338448,1000.2159928199998,0.0
219480,0.0,0.0,7.708261228338448,1000.1410096656533,0.0
219540,0.0,0.0,7.708261228338448,997.9874481942803,0.0
219600,0.0,0.0,7.708261228338448,999.2851548553191,0.0
219660,0.0,0.0,7.708261228338448,1000.9033353958124,0.0
219720,0.0,0.0,7.708261228338448,1000.4765097638002,0.0
219780,0.0,0.0,7.708261228338448,1000.2136289065205,0.0
219840,0.0,0.0,7.708261228338448,998.6267532558596,0.0
219900,0.0,0.0,7.708261228338448,999.0817412131133,0.0
219960,0.0,0.0,7.708261228338448,999.7820139179079,0.0
220020,0.0,0.0,7.708261228338448,1001.623781503081,0.0
220080,0.0,0.0,7.708261228338448,1000.0967670316196,0.0
220140,0.0,0.0,7.708261228338448,999.8523560455757,0.0
220200,0.0,0.0,7.708261228338448,998.7100678047487,0.0
220260,0.0,0.0,7.708261228338448,999.5195147172634,0.0
220320,0.0,0.0,7.708261228338448,1000.5933479039086,0.0
220380,0.0,0.0,7.708261228338448,1000.7127440096326,0.0
220440,0.0,0.0,7.708261228338448,998.6895400302394,0.0
220500,0.0,0.0,7.708261228338448,999.256782784737,0.0
220560,0.0,0.0,7.708261228338448,999.3733216727901,0.0
220620,0.0,0.0,7.708261228338448,1000.1082012166935,0.0
220680,0.0,0.0,7.708261228338448,1001.4594869597543,0.0
220740,0.0,0.0,7.708261228338448,999.8557321017217,0.0
220800,0.0,0.0,7.708261228338448,999.2157469432872,0.0
220860,0.0,0.0,7.708261228338448,999.1018852033426,0.0
220920,0.0,0.0,7.708261228338448,999.9175053814387,0.0
220980,0.0,0.0,7.708261228338448,1001.0228281063524,0.0
221040,0.0,0.0,7.708261228338448,999.459296598984,0.0
221100,0.0,0.0,7.708261228338448,999.2842853593913,0.0
221160,0.0,0.0,7.708261228338448,998.8585444162644,0.0
221220,0.0,0.0,7.708261228338448,999.8087801713831,0.0
221280,0.0,0.0,7.708261228338448,1000.3905043872643,0.0
221340,0.0,0.0,7.708261228338448,1000.0721336721083,0.0
221400,0.0,0.0,7.708261228338448,1000.1678748803074,0.0
221460,0.0,0.0,7.708261228338448,997.9334063565152,0.0
221520,0.0,0.0,7.708261228338448,999.3343501946298,0.0
221580,0.0,0.0,7.708261228338448,1001.0306689168165,0.0
221640,0.0,0.0,7.708261228338448,1000.3967046349185,0.0
221700,0.0,0.0,7.708261228338448,1000.6219323159509,0.0
221760,0.0,0.0,7.708261228338448,998.7981739273159,0.0
221820,0.0,0.0,7.708261228338448,999.00316508157,0.0
221880,0.0,0.0,7.708261228338448,1000.2167665316434,0.0
221940,0.0,0.0,7.708261228338448,1000.6738323628164,0.0
222000,0.0,0.0,7.708261228338448,999.7523742567579,0.0
222060,0.0,0.0,7.708261228338448,999.742567165812,0.0
222120,0.0,0.0,7.708261228338448,998.3669294553582,0.0
222180,0.0,0.0,7.708261228338448,1000.1321385228739,0.0
222240,0.0,0.0,7.708261228338448,1000.3355389649025,0.0
222300,0.0,0.0,7.708261228338448,1001.3323350826169,0.0
222360,0.0,0.0,7.708261228338448,998.2635733526686,0.0
222420,0.0,0.0,7.708261228338448,999.3209704775049,0.0
222480,0.0,0.0,7.708261228338448,999.4955535084722,0.0
222540,0.0,0.0,7.708261228338448,1000.0664501061237,0.0
222600,0.0,0.0,7.708261228338448,1001.5575464918337,0.0
222660,0.0,0.0,7.708261228338448,999.8044502886653,0.0
222720,0.0,0.0,7.708261228338448,999.2530798546288,0.0
222780,0.0,0.0,7.708261228338448,999.0512541057346,0.0
222840,0.0,0.0,7.708261228338448,999.9221317134014,0.0
222900,0.0,0.0,7.708261228338448,1000.5951714124604,0.0
222960,0.0,0.0,7.708261228338448,1000.5784905844151,0.0
223020,0.0,0.0,7.708261228338448,998.1578956619287,0.0
223080,0.0,0.0,7.708261228338448,999.0669422756174,0.0
223140,0.0,0.0,7.708261228338448,1000.0641118850385,0.0
223200,0.0,0.0,7.708261228338448,1000.3471106910247,0.0
223260,0.0,0.0,7.708261228338448,1001.2435101246168,0.0
223320,0.0,0.0,7.708261228338448,997.8824501294981,0.0
223380,0.0,0.0,7.708261228338448,999.0435050132395,0.0
223440,0.0,0.0,7.708261228338448,999.2941160222574,0.0
223500,0.0,0.0,7.708261228338448,1001.3381515248719,0.0
223560,0.0,0.0,7.708261228338448,1000.3761709829461,0.0
223620,0.0,0.0,7.708261228338448,1000.6382197653624,0.0
223680,0.0,0.0,7.708261228338448,998.7863193141694,0.0
223740,0.0,0.0,7.708261228338448,999.0544609062802,0.0
223800,0.0,0.0,7.708261228338448,1000.2321897784531,0.0
223860,0.0,0.0,7.708261228338448,1000.6408338969409,0.0
223920,0.0,0.0,7.708261228338448,999.5611355977915,0.0
223980,0.0,0.0,7.708261228338448,999.7882226505351,0.0
224040,0.0,0.0,7.708261228338448,998.3978684939107,0.0
224100,0.0,0.0,7.708261228338448,999.6380054417426,0.0
224160,0.0,0.0,7.708261228338448,1001.3672551410317,0.0
224220,0.0,0.0,7.708261228338448,1000.2789725474539,0.0
224280,0.0,0.0,7.708261228338448,1000.0297451036641,0.0
224340,0.0,0.0,7.708261228338448,998.6119910185739,0.0
224400,0.0,0.0,7.708261228338448,999.316908089275,0.0
224460,0.0,0.0,7.708261228338448,1000.5326044084587,0.0
224520,0.0,0.0,7.708261228338448,1000.755903382187,0.0
224580,0.0,0.0,7.708261228338448,999.4266544401561,0.0
224640,0.0,0.0,7.708261228338448,998.2035709987505,0.0
224700,0.0,0.0,7.708261228338448,999.1359113576742,0.0
224760,0.0,0.0,7.708261228338448,1001.2108146584551,0.0
224820,0.0,0.0,7.708261228338448,1000.3786133043862,0.0
224880,0.0,0.0,7.708261228338448,1000.6192852773837,0.0
224940,0.0,0.0,7.708261228338448,997.8634012048325,0.0
225000,0.0,0.0,7.708261228338448,999.1583120093425,0.0
225060,0.0,0.0,7.708261228338448,1000.1493469172675,0.0
225120,0.0,0.0,7.708261228338448,1000.2984584684812,0.0
225180,0.0,0.0,7.708261228338448,1001.319447885003,0.0
225240,0.0,0.0,7.708261228338448,999.4050534030861,0.0
225300,0.0,0.0,7.708261228338448,998.9208854306451,0.0
225360,0.0,0.0,7.708261228338448,999.5250930403029,0.0
225420,0.0,0.0,7.708261228338448,1000.2942900039249,0.0
225480,0.0,0.0,7.708261228338448,1000.3909327379537,0.0
225540,0.0,0.0,7.708261228338448,1000.3097251711043,0.0
225600,0.0,0.0,7.708261228338448,997.9307839177595,0.0
225660,0.0,0.0,7.708261228338448,999.1637467820249,0.0
225720,0.0,0.0,7.708261228338448,1000.6590909719655,0.0
225780,0.0,0.0,7.708261228338448,1000.6617132658093,0.0
225840,0.0,0.0,7.708261228338448,1000.3344414891025,0.0
225900,0.0,0.0,7.708261228338448,998.867742473718,0.0
225960,0.0,0.0,7.708261228338448,998.6801850214954,0.0
226020,0.0,0.0,7.708261228338448,999.6320403167716,0.0
226080,0.0,0.0,7.708261228338448,1001.5476576765467,0.0
226140,0.0,0.0,7.708261228338448,1000.2029592748178,0.0
226200,0.0,0.0,7.708261228338448,1000.1380680045181,0.0
226260,0.0,0.0,7.708261228338448,998.6425199352125,0.0
226320,0.0,0.0,7.708261228338448,999.3415048309727,0.0
226380,0.0,0.0,7.708261228338448,1000.5233722298229,0.0
226440,0.0,0.0,7.708261228338448,1000.7252937424602,0.0
226500,0.0,0.0,7.708261228338448,998.9824849156752,0.0
226560,0.0,0.0,7.708261228338448,999.4072637817452,0.0
226620,0.0,0.0,7.708261228338448,999.0386973858202,0.0
226680,0.0,0.0,7.708261228338448,999.9669239940941,0.0
226740,0.0,0.0,7.708261228338448,1001.4791775229946,0.0
226800,0.0,0.0,7.708261228338448,1000.0222531422186,0.0
226860,0.0,0.0,7.708261228338448,999.4519965969301,0.0
226920,0.0,0.0,7.708261228338448,998.8032902698869,0.0
226980,0.0,0.0,7.708261228338448,999.7153445600488,0.0
227040,0.0,0.0,7.708261228338448,1001.7234800648141,0.0
227100,0.0,0.0,7.708261228338448,1000.026698824147,0.0
227160,0.0,0.0,7.708261228338448,1000.1155886257468,0.0
227220,0.0,0.0,7.708261228338448,997.8949963221027,0.0
227280,0.0,0.0,7.708261228338448,999.5309619304908,0.0
227340,0.0,0.0,7.708261228338448,1000.3183938251959,0.0
227400,0.0,0.0,7.708261228338448,1000.2318553705853,0.0
227460,0.0,0.0,7.708261228338448,1000.3319776250157,0.0
227520,0.0,0.0,7.708261228338448,997.8338484476309,0.0
227580,0.0,0.0,7.708261228338448,999.2191867884759,0.0
227640,0.0,0.0,7.708261228338448,1000.7816504702935,0.0
227700,0.0,0.0,7.708261228338448,1000.3997864419921,0.0
227760,0.0,0.0,7.708261228338448,1000.8945840272319,0.0
227820,0.0,0.0,7.708261228338448,998.9922397285719,0.0
227880,0.0,0.0,7.708261228338448,998.9070778131494,0.0
227940,0.0,0.0,7.708261228338448,1000.0011716499288,0.0
228000,0.0,0.0,7.708261228338448,1000.5765180478121,0.0
228060,0.0,0.0,7.708261228338448,1000.0083538797027,0.0
228120,0.0,0.0,7.708261228338448,999.947359286766,0.0
228180,0.0,0.0,7.708261228338448,998.1406955352961,0.0
228240,0.0,0.0,7.708261228338448,999.838260549901,0.0
228300,0.0,0.0,7.708261228338448,1000.2053277989041,0.0
228360,0.0,0.0,7.708261228338448,1001.5818639169195,0.0
228420,0.0,0.0,7.708261228338448,998.5702623528158,0.0
228480,0.0,0.0,7.708261228338448,999.4823735358256,0.0
228540,0.0,0.0,7.708261228338448,999.1131119242935,0.0
228600,0.0,0.0,7.708261228338448,999.9298949277347,0.0
228660,0.0,0.0,7.708261228338448,1001.582827865824,0.0
228720,0.0,0.0,7.708261228338448,999.9710844078431,0.0
228780,0.0,0.0,7.708261228338448,999.5022745278632,0.0
228840,0.0,0.0,7.708261228338448,998.8563546107414,0.0
228900,0.0,0.0,7.708261228338448,999.726334325468,0.0
228960,0.0,0.0,7.708261228338448,1000.6240177589269,0.0
229020,0.0,0.0,7.708261228338448,1000.6635087557186,0.0
229080,0.0,0.0,7.708261228338448,998.4106267898877,0.0
229140,0.0,0.0,7.708261228338448,999.11687177307,0.0
229200,0.0,0.0,7.708261228338448,999.7300491403912,0.0
229260,0.0,0.0,7.708261228338448,1000.2462203217495,0.0
229320,0.0,0.0,7.708261228338448,1001.370207731326,0.0
229380,0.0,0.0,7.708261228338448,998.2211798985978,0.0
229440,0.0,0.0,7.708261228338448,999.1807929975372,0.0
229500,0.0,0.0,7.708261228338448,999.0456377763484,0.0
229560,0.0,0.0,7.708261228338448,1001.2301314347759,0.0
229620,0.0,0.0,7.708261228338448,1000.3761061361217,0.0
229680,0.0,0.0,7.708261228338448,1000.915781668232,0.0
229740,0.0,0.0,7.708261228338448,998.9609837763583,0.0
229800,0.0,0.0,7.708261228338448,998.9770662300494,0.0
229860,0.0,0.0,7.708261228338448,1000.0419546428292,0.0
229920,0.0,0.0,7.708261228338448,1000.5526469211143,0.0
229980,0.0,0.0,7.708261228338448,999.823596659059,0.0
230040,0.0,0.0,7.708261228338448,999.9674991675591,0.0
230100,0.0,0.0,7.708261228338448,998.1508268543158,0.0
230160,0.0,0.0,7.708261228338448,999.4848419042452,0.0
230220,0.0,0.0,7.708261228338448,1001.2284250014344,0.0
230280,0.0,0.0,7.708261228338448,1000.3576713013794,0.0
230340,0.0,0.0,7.708261228338448,1000.3101117489912,0.0
230400,0.0,0.0,7.708261228338448,998.6445552243042,0.0
230460,0.0,0.0,7.708261228338448,999.1494108432335,0.0
230520,0.0,0.0,7.708261228338448,1000.4020095482697,0.0
230580,0.0,0.0,7.708261228338448,1000.7379532597296,0.0
230640,0.0,0.0,7.708261228338448,999.8211250648123,0.0
230700,0.0,0.0,7.708261228338448,998.3207886666256,0.0
230760,0.0,0.0,7.708261228338448,999.074738428373,0.0
230820,0.0,0.0,7.708261228338448,1000.9147308392546,0.0
230880,0.0,0.0,7.708261228338448,1000.4364733219804,0.0
230940,0.0,0.0,7.708261228338448,1000.6985114013388,0.0
231000,0.0,0.0,7.708261228338448,998.0991538359309,0.0
231060,0.0,0.0,7.708261228338448,999.2158738014455,0.0
231120,0.0,0.0,7.708261228338448,999.8210523912004,0.0
231180,0.0,0.0,7.708261228338448,1000.2124195638969,0.0
231240,0.0,0.0,7.708261228338448,1001.4481886520418,0.0
231300,0.0,0.0,7.708261228338448,999.5962675084236,0.0
231360,0.0,0.0,7.708261228338448,999.0347325295184,0.0
231420,0.0,0.0,7.708261228338448,999.2953543357165,0.0
231480,0.0,0.0,7.708261228338448,1000.1325591153947,0.0
231540,0.0,0.0,7.708261228338448,1000.5174954977198,0.0
231600,0.0,0.0,7.708261228338448,1000.4481931049336,0.0
231660,0.0,0.0,7.708261228338448,997.9836834887761,0.0
231720,0.0,0.0,7.708261228338448,999.084662214546,0.0
231780,0.0,0.0,7.708261228338448,1000.3905408869124,0.0
231840,0.0,0.0,7.708261228338448,1000.7859455088089,0.0
231900,0.0,0.0,7.708261228338448,1000.4242836747426,0.0
231960,0.0,0.0,7.708261228338448,999.1568452733821,0.0
232020,0.0,0.0,7.708261228338448,998.3201274624824,0.0
232080,0.0,0.0,7.708261228338448,999.494812475888,0.0
232140,0.0,0.0,7.708261228338448,1001.4191981822856,0.0
232200,0.0,0.0,7.708261228338448,1000.277405812525,0.0
232260,0.0,0.0,7.708261228338448,1000.4082622509081,0.0
232320,0.0,0.0,7.708261228338448,998.6591449297881,0.0
232380,0.0,0.0,7.708261228338448,999.1882896943547,0.0
232440,0.0,0.0,7.708261228338448,1000.4152937681597,0.0
232500,0.0,0.0,7.708261228338448,1000.7072392487042,0.0
232560,0.0,0.0,7.708261228338448,999.2684380748698,0.0
232620,0.0,0.0,7.708261228338448,999.567820954779,0.0
232680,0.0,0.0,7.708261228338448,998.7311891383038,0.0
232740,0.0,0.0,7.708261228338448,999.8201445202278,0.0
232800,0.0,0.0,7.708261228338448,1001.4472064421378,0.0
232860,0.0,0.0,7.708261228338448,1000.1603742195512,0.0
232920,0.0,0.0,7.708261228338448,999.7033936060348,0.0
232980,0.0,0.0,7.708261228338448,998.6760707188499,0.0
233040,0.0,0.0,7.708261228338448,999.5264583925696,0.0
233100,0.0,0.0,7.708261228338448,1001.7139237934356,0.0
233160,0.0,0.0,7.708261228338448,1000.1674244207933,0.0
233220,0.0,0.0,7.708261228338448,1000.3203761928819,0.0
233280,0.0,0.0,7.708261228338448,997.6232806593828,0.0
233340,0.0,0.0,7.708261228338448,999.3242435067319,0.0
233400,0.0,0.0,7.708261228338448,1000.1601980432448,0.0
233460,0.0,0.0,7.708261228338448,1000.3829019853133,0.0
233520,0.0,0.0,7.708261228338448,1000.4512106768836,0.0
233580,0.0,0.0,7.708261228338448,997.844170544319,0.0
233640,0.0,0.0,7.708261228338448,999.1519529514927,0.0
233700,0.0,0.0,7.708261228338448,1000.5168652914276,0.0
233760,0.0,0.0,7.708261228338448,1000.3765516645311,0.0
233820,0.0,0.0,7.708261228338448,1001.0964648795841,0.0
233880,0.0,0.0,7.708261228338448,999.1768690926144,0.0
233940,0.0,0.0,7.708261228338448,998.8703254950086,0.0
234000,0.0,0.0,7.708261228338448,999.7894094573725,0.0
234060,0.0,0.0,7.708261228338448,1000.4659045070362,0.0
234120,0.0,0.0,7.708261228338448,1000.2129806665896,0.0
234180,0.0,0.0,7.708261228338448,1000.1169582285576,0.0
234240,0.0,0.0,7.708261228338448,998.0071118439666,0.0
234300,0.0,0.0,7.708261228338448,999.5515001091158,0.0
234360,0.0,0.0,7.708261228338448,1000.075494534379,0.0
234420,0.0,0.0,7.708261228338448,1001.7433737017075,0.0
234480,0.0,0.0,7.708261228338448,998.8675572751193,0.0
234540,0.0,0.0,7.708261228338448,999.6370928507466,0.0
234600,0.0,0.0,7.708261228338448,998.7771660195747,0.0
234660,0.0,0.0,7.708261228338448,999.7997056054257,0.0
234720,0.0,0.0,7.708261228338448,1001.5496968808731,0.0
234780,0.0,0.0,7.708261228338448,1000.1016641665402,0.0
234840,0.0,0.0,7.708261228338448,999.7493925485387,0.0
234900,0.0,0.0,7.708261228338448,998.7212481548755,0.0
234960,0.0,0.0,7.708261228338448,999.5505043816977,0.0
235020,0.0,0.0,7.708261228338448,1000.6082681243378,0.0
235080,0.0,0.0,7.708261228338448,1000.7122124874431,0.0
235140,0.0,0.0,7.708261228338448,998.6768115458907,0.0
235200,0.0,0.0,7.708261228338448,999.2197079154062,0.0
235260,0.0,0.0,7.708261228338448,999.4144975613685,0.0
235320,0.0,0.0,7.708261228338448,1000.1341612179708,0.0
235380,0.0,0.0,7.708261228338448,1001.4370853528103,0.0
235440,0.0,0.0,7.708261228338448,999.8371084291466,0.0
235500,0.0,0.0,7.708261228338448,999.1762638121152,0.0
235560,0.0,0.0,7.708261228338448,999.1350893822619,0.0
235620,0.0,0.0,7.708261228338448,999.9416306646109,0.0
235680,0.0,0.0,7.708261228338448,1001.0313383138609,0.0
235740,0.0,0.0,7.708261228338448,999.4564381817985,0.0
235800,0.0,0.0,7.708261228338448,999.2616392561804,0.0
235860,0.0,0.0,7.708261228338448,998.8515325874532,0.0
235920,0.0,0.0,7.708261228338448,999.8299524175619,0.0
235980,0.0,0.0,7.708261228338448,1000.4110388018763,0.0
236040,0.0,0.0,7.708261228338448,1000.0714065061509,0.0
236100,0.0,0.0,7.708261228338448,1000.1457018480016,0.0
236160,0.0,0.0,7.708261228338448,997.9563570312723,0.0
236220,0.0,0.0,7.708261228338448,999.3415963429667,0.0
236280,0.0,0.0,7.708261228338448,1001.0357156188796,0.0
236340,0.0,0.0,7.708261228338448,1000.402971024639,0.0
236400,0.0,0.0,7.708261228338448,1000.5902325933151,0.0
236460,0.0,0.0,7.708261228338448,998.7846216671177,0.0
236520,0.0,0.0,7.708261228338448,999.0073358654759,0.0
236580,0.0,0.0,7.708261228338448,1000.2286864000538,0.0
236640,0.0,0.0,7.708261228338448,1000.6833905425489,0.0
236700,0.0,0.0,7.708261228338448,1000.2211990737649,0.0
236760,0.0,0.0,7.708261228338448,998.5312734888553,0.0
236820,0.0,0.0,7.708261228338448,999.0674523141512,0.0
236880,0.0,0.0,7.708261228338448,1000.5643967541992,0.0
236940,0.0,0.0,7.708261228338448,1000.4448050209212,0.0
237000,0.0,0.0,7.708261228338448,1000.7479842915336,0.0
237060,0.0,0.0,7.708261228338448,998.3783425091444,0.0
237120,0.0,0.0,7.708261228338448,999.3325165572073,0.0
237180,0.0,0.0,7.708261228338448,999.4725855150688,0.0
237240,0.0,0.0,7.708261228338448,1000.0998496924104,0.0
237300,0.0,0.0,7.708261228338448,1001.5343665925201,0.0
237360,0.0,0.0,7.708261228338448,999.7806423021362,0.0
237420,0.0,0.0,7.708261228338448,999.2180963126846,0.0
237480,0.0,0.0,7.708261228338448,999.073528381478,0.0
237540,0.0,0.0,7.708261228338448,999.9516495871367,0.0
237600,0.0,0.0,7.708261228338448,1000.5995212080202,0.0
237660,0.0,0.0,7.708261228338448,1000.5654530168612,0.0
237720,0.0,0.0,7.708261228338448,998.1580866467409,0.0
237780,0.0,0.0,7.708261228338448,999.0546327993129,0.0
237840,0.0,0.0,7.708261228338448,1000.0894378011442,0.0
237900,0.0,0.0,7.708261228338448,1000.3644118358977,0.0
237960,0.0,0.0,7.708261228338448,1001.2150350325866,0.0
238020,0.0,0.0,7.708261228338448,997.9043289963037,0.0
238080,0.0,0.0,7.708261228338448,999.0207128624219,0.0
238140,0.0,0.0,7.708261228338448,999.3180759833808,0.0
238200,0.0,0.0,7.708261228338448,1001.3263927857776,0.0
238260,0.0,0.0,7.708261228338448,1000.3834761132931,0.0
238320,0.0,0.0,7.708261228338448,1000.598393165892,0.0
238380,0.0,0.0,7.708261228338448,998.7712267976365,0.0
238440,0.0,0.0,7.708261228338448,999.0577764521096,0.0
238500,0.0,0.0,7.708261228338448,1000.2455734537456,0.0
238560,0.0,0.0,7.708261228338448,1000.6518276736161,0.0
238620,0.0,0.0,7.708261228338448,999.5630426018415,0.0
238680,0.0,0.0,7.708261228338448,999.7668076723692,0.0
238740,0.0,0.0,7.708261228338448,998.4163905020843,0.0
238800,0.0,0.0,7.708261228338448,999.6482064082537,0.0
238860,0.0,0.0,7.708261228338448,1001.3621594286145,0.0
238920,0.0,0.0,7.708261228338448,1000.2801818966891,0.0
238980,0.0,0.0,7.708261228338448,1000.0058447909418,0.0
239040,0.0,0.0,7.708261228338448,998.6101504749506,0.0
239100,0.0,0.0,7.708261228338448,999.3245553847828,0.0
239160,0.0,0.0,7.708261228338448,1001.6411108002309,0.0
239220,0.0,0.0,7.708261228338448,1000.2788593013528,0.0
239280,0.0,0.0,7.708261228338448,1000.5372999533532,0.0
239340,0.0,0.0,7.708261228338448,997.4024880762968,0.0
239400,0.0,0.0,7.708261228338448,999.1093994520019,0.0
239460,0.0,0.0,7.708261228338448,999.9664085101933,0.0
239520,0.0,0.0,7.708261228338448,1000.4931775430978,0.0
239580,0.0,0.0,7.708261228338448,1000.5581037596822,0.0
239640,0.0,0.0,7.708261228338448,997.9714819894399,0.0
239700,0.0,0.0,7.708261228338448,999.1335437937861,0.0
239760,0.0,0.0,7.708261228338448,1000.1988791418586,0.0
239820,0.0,0.0,7.708261228338448,1000.3154591741649,0.0
239880,0.0,0.0,7.708261228338448,1001.2852240874532,0.0
239940,0.0,0.0,7.708261228338448,999.3843007068612,0.0
240000,0.0,0.0,7.708261228338448,998.9008171438861,0.0
240060,0.0,0.0,7.708261228338448,999.5473302519739,0.0
240120,0.0,0.0,7.708261228338448,1000.3170095344907,0.0
240180,0.0,0.0,7.708261228338448,1000.3901012464283,0.0
240240,0.0,0.0,7.708261228338448,1000.2892892946929,0.0
240300,0.0,0.0,7.708261228338448,997.9456845015792,0.0
240360,0.0,0.0,7.708261228338448,999.2359688231389,0.0
240420,0.0,0.0,7.708261228338448,999.9190310457438,0.0
240480,0.0,0.0,7.708261228338448,1001.8661860522374,0.0
240540,0.0,0.0,7.708261228338448,999.169233509839,0.0
240600,0.0,0.0,7.708261228338448,999.8182384435861,0.0
240660,0.0,0.0,7.708261228338448,998.438743413855,0.0
240720,0.0,0.0,7.708261228338448,999.6543252325419,0.0
240780,0.0,0.0,7.708261228338448,1001.4676415149534,0.0
240840,0.0,0.0,7.708261228338448,1000.2132769337198,0.0
240900,0.0,0.0,7.708261228338448,1000.034382788525,0.0
240960,0.0,0.0,7.708261228338448,998.6403430587745,0.0
241020,0.0,0.0,7.708261228338448,999.3693608676725,0.0
241080,0.0,0.0,7.708261228338448,1000.5431519254595,0.0
241140,0.0,0.0,7.708261228338448,1000.7318765970841,0.0
241200,0.0,0.0,7.708261228338448,998.9676924793824,0.0
241260,0.0,0.0,7.708261228338448,999.3663748511191,0.0
241320,0.0,0.0,7.708261228338448,999.081897323821,0.0
241380,0.0,0.0,7.708261228338448,999.9938513116934,0.0
241440,0.0,0.0,7.708261228338448,1001.4634869267708,0.0
241500,0.0,0.0,7.708261228338448,1000.0076810757494,0.0
241560,0.0,0.0,7.708261228338448,999.4069060688097,0.0
241620,0.0,0.0,7.708261228338448,998.7109522010006,0.0
241680,0.0,0.0,7.708261228338448,999.7750398707841,0.0
241740,0.0,0.0,7.708261228338448,1000.9367226006078,0.0
241800,0.0,0.0,7.708261228338448,999.8598057148962,0.0
241860,0.0,0.0,7.708261228338448,999.4480870229069,0.0
241920,0.0,0.0,7.708261228338448,998.8633873449367,0.0
241980,0.0,0.0,7.708261228338448,999.6039347698202,0.0
242040,0.0,0.0,7.708261228338448,1000.2754948714179,0.0
242100,0.0,0.0,7.708261228338448,1000.2616793306893,0.0
242160,0.0,0.0,7.708261228338448,1000.2983685041947,0.0
242220,0.0,0.0,7.708261228338448,997.8533115320475,0.0
242280,0.0,0.0,7.708261228338448,999.229451594465,0.0
242340,0.0,0.0,7.708261228338448,1000.8081894702146,0.0
242400,0.0,0.0,7.708261228338448,1000.4146376369788,0.0
242460,0.0,0.0,7.708261228338448,1000.8327630543631,0.0
242520,0.0,0.0,7.708261228338448,998.9578160299781,0.0
242580,0.0,0.0,7.708261228338448,998.9107370076479,0.0
242640,0.0,0.0,7.708261228338448,1000.0342287039801,0.0
242700,0.0,0.0,7.708261228338448,1000.6012263206937,0.0
242760,0.0,0.0,7.708261228338448,1000.5850722996018,0.0
242820,0.0,0.0,7.708261228338448,998.7567288843507,0.0
242880,0.0,0.0,7.708261228338448,999.120966374938,0.0
242940,0.0,0.0,7.708261228338448,1000.1865409099111,0.0
243000,0.0,0.0,7.708261228338448,1000.409506809747,0.0
243060,0.0,0.0,7.708261228338448,1000.7644991040214,0.0
243120,0.0,0.0,7.708261228338448,998.6715556888402,0.0
243180,0.0,0.0,7.708261228338448,999.4672869943054,0.0
243240,0.0,0.0,7.708261228338448,999.1371052184875,0.0
243300,0.0,0.0,7.708261228338448,999.9759845592387,0.0
243360,0.0,0.0,7.708261228338448,1001.5657936942843,0.0
243420,0.0,0.0,7.708261228338448,999.9413595114157,0.0
243480,0.0,0.0,7.708261228338448,999.4365377814241,0.0
243540,0.0,0.0,7.708261228338448,998.8860876279753,0.0
243600,0.0,0.0,7.708261228338448,999.7707085534861,0.0
243660,0.0,0.0,7.708261228338448,1000.6342532791327,0.0
243720,0.0,0.0,7.708261228338448,1000.651147578956,0.0
243780,0.0,0.0,7.708261228338448,998.3956635469939,0.0
243840,0.0,0.0,7.708261228338448,999.0840647342408,0.0
243900,0.0,0.0,7.708261228338448,999.7799524122039,0.0
243960,0.0,0.0,7.708261228338448,1000.2756916320864,0.0
244020,0.0,0.0,7.708261228338448,1001.3350455705106,0.0
244080,0.0,0.0,7.708261228338448,998.2304180323845,0.0
244140,0.0,0.0,7.708261228338448,999.141845287542,0.0
244200,0.0,0.0,7.708261228338448,999.0834585814637,0.0
244260,0.0,0.0,7.708261228338448,1001.2233708287145,0.0
244320,0.0,0.0,7.708261228338448,1000.3900295430105,0.0
244380,0.0,0.0,7.708261228338448,1000.8557874695415,0.0
244440,0.0,0.0,7.708261228338448,998.9332414096366,0.0
244500,0.0,0.0,7.708261228338448,998.9766598215244,0.0
244560,0.0,0.0,7.708261228338448,1000.0680757529773,0.0
244620,0.0,0.0,7.708261228338448,1000.573760062658,0.0
244680,0.0,0.0,7.708261228338448,999.8166010720529,0.0
244740,0.0,0.0,7.708261228338448,999.9353262979736,0.0
244800,0.0,0.0,7.708261228338448,998.1827979290767,0.0
244860,0.0,0.0,7.708261228338448,999.5009137527333,0.0
244920,0.0,0.0,7.708261228338448,1001.2318538032714,0.0
244980,0.0,0.0,7.708261228338448,1000.3596072712211,0.0
245040,0.0,0.0,7.708261228338448,1000.2686044687163,0.0
245100,0.0,0.0,7.708261228338448,998.6339947360214,0.0
245160,0.0,0.0,7.708261228338448,999.1622637174686,0.0
245220,0.0,0.0,7.708261228338448,1001.4950059876045,0.0
245280,0.0,0.0,7.708261228338448,1000.3482936960743,0.0
245340,0.0,0.0,7.708261228338448,1000.7044256706195,0.0
245400,0.0,0.0,7.708261228338448,997.317645022736,0.0
245460,0.0,0.0,7.708261228338448,998.9409688032104,0.0
245520,0.0,0.0,7.708261228338448,999.7873534740403,0.0
245580,0.0,0.0,7.708261228338448,1000.5522149648821,0.0
245640,0.0,0.0,7.708261228338448,1000.6281517404628,0.0
245700,0.0,0.0,7.708261228338448,998.1976037166481,0.0
245760,0.0,0.0,7.708261228338448,999.1701191959951,0.0
245820,0.0,0.0,7.708261228338448,999.8861685639135,0.0
245880,0.0,0.0,7.708261228338448,1000.2377754904201,0.0
245940,0.0,0.0,7.708261228338448,1001.4103457212276,0.0
246000,0.0,0.0,7.708261228338448,999.5701569484535,0.0
246060,0.0,0.0,7.708261228338448,998.9969102859645,0.0
246120,0.0,0.0,7.708261228338448,999.3250012525469,0.0
246180,0.0,0.0,7.708261228338448,1000.1643013454295,0.0
246240,0.0,0.0,7.708261228338448,1000.5169021476559,0.0
246300,0.0,0.0,7.708261228338448,1000.4262197294682,0.0
246360,0.0,0.0,7.708261228338448,997.9916105926571,0.0
246420,0.0,0.0,7.708261228338448,999.0834441640571,0.0
246480,0.0,0.0,7.708261228338448,1000.4158648385712,0.0
246540,0.0,0.0,7.708261228338448,1000.7860873383636,0.0
246600,0.0,0.0,7.708261228338448,1000.4183162407078,0.0
246660,0.0,0.0,7.708261228338448,999.1218703551901,0.0
246720,0.0,0.0,7.708261228338448,998.3539982281437,0.0
246780,0.0,0.0,7.708261228338448,999.509369995863,0.0
246840,0.0,0.0,7.708261228338448,1001.4171494055488,0.0
246900,0.0,0.0,7.708261228338448,1000.2799985375781,0.0
246960,0.0,0.0,7.708261228338448,1000.3649957137835,0.0
247020,0.0,0.0,7.708261228338448,998.6502263890484,0.0
247080,0.0,0.0,7.708261228338448,999.1995998023885,0.0
247140,0.0,0.0,7.708261228338448,1000.4289911364058,0.0
247200,0.0,0.0,7.708261228338448,1000.7153435012781,0.0
247260,0.0,0.0,7.708261228338448,999.2675656979801,0.0
247320,0.0,0.0,7.708261228338448,999.5424347602124,0.0
247380,0.0,0.0,7.708261228338448,998.7529053326263,0.0
247440,0.0,0.0,7.708261228338448,999.8343589266187,0.0
247500,0.0,0.0,7.708261228338448,1001.4389541469209,0.0
247560,0.0,0.0,7.708261228338448,1000.1575629809425,0.0
247620,0.0,0.0,7.708261228338448,999.6766503533893,0.0
247680,0.0,0.0,7.708261228338448,998.2960903834911,0.0
247740,0.0,0.0,7.708261228338448,999.5956826435375,0.0
247800,0.0,0.0,7.708261228338448,1000.8002608005908,0.0
247860,0.0,0.0,7.708261228338448,1000.2446316403264,0.0
247920,0.0,0.0,7.708261228338448,999.6355731644076,0.0
247980,0.0,0.0,7.708261228338448,998.9540242228074,0.0
248040,0.0,0.0,7.708261228338448,999.3673744197237,0.0
248100,0.0,0.0,7.708261228338448,1000.1166532163772,0.0
248160,0.0,0.0,7.708261228338448,1000.4128696599288,0.0
248220,0.0,0.0,7.708261228338448,1000.4360122346685,0.0
248280,0.0,0.0,7.708261228338448,997.8435261071222,0.0
248340,0.0,0.0,7.708261228338448,999.1502628282304,0.0
248400,0.0,0.0,7.708261228338448,1000.5382447992043,0.0
248460,0.0,0.0,7.708261228338448,1000.3927606004538,0.0
248520,0.0,0.0,7.708261228338448,1001.0540837763605,0.0
248580,0.0,0.0,7.708261228338448,999.1522274328088,0.0
248640,0.0,0.0,7.708261228338448,998.8633320393964,0.0
248700,0.0,0.0,7.708261228338448,999.813023553763,0.0
248760,0.0,0.0,7.708261228338448,1000.4872395802455,0.0
248820,0.0,0.0,7.708261228338448,1000.2084945908393,0.0
248880,0.0,0.0,7.708261228338448,1000.0907302750006,0.0
248940,0.0,0.0,7.708261228338448,998.0278512337251,0.0
249000,0.0,0.0,7.708261228338448,999.5714947938684,0.0
249060,0.0,0.0,7.708261228338448,1000.0963833169858,0.0
249120,0.0,0.0,7.708261228338448,1001.7059891066716,0.0
249180,0.0,0.0,7.708261228338448,998.8761434703042,0.0
249240,0.0,0.0,7.708261228338448,999.6078971887661,0.0
249300,0.0,0.0,7.708261228338448,998.804386935493,0.0
249360,0.0,0.0,7.708261228338448,999.8146966486557,0.0
249420,0.0,0.0,7.708261228338448,1001.5394395343084,0.0
249480,0.0,0.0,7.708261228338448,1000.0983719120497,0.0
249540,0.0,0.0,7.708261228338448,999.7184377619745,0.0
249600,0.0,0.0,7.708261228338448,998.7253466688387,0.0
249660,0.0,0.0,7.708261228338448,999.5636743823575,0.0
249720,0.0,0.0,7.708261228338448,1000.6158647196372,0.0
249780,0.0,0.0,7.708261228338448,1000.7123507701685,0.0
249840,0.0,0.0,7.708261228338448,998.6816970259322,0.0
249900,0.0,0.0,7.708261228338448,999.2014462943113,0.0
249960,0.0,0.0,7.708261228338448,999.4264234399967,0.0
250020,0.0,0.0,7.708261228338448,1000.1453935652253,0.0
250080,0.0,0.0,7.708261228338448,1001.424449723734,0.0
250140,0.0,0.0,7.708261228338448,998.5974899390791,0.0
250200,0.0,0.0,7.708261228338448,999.3090235165804,0.0
250260,0.0,0.0,7.708261228338448,998.8467566049246,0.0
250320,0.0,0.0,7.708261228338448,1001.0466566033571,0.0
250380,0.0,0.0,7.708261228338448,1000.35998819018,0.0
250440,0.0,0.0,7.708261228338448,1001.118940054775,0.0
250500,0.0,0.0,7.708261228338448,999.1294262499251,0.0
250560,0.0,0.0,7.708261228338448,998.943004020898,0.0
250620,0.0,0.0,7.708261228338448,999.8470913032218,0.0
250680,0.0,0.0,7.708261228338448,1000.4558819565829,0.0
250740,0.0,0.0,7.708261228338448,1000.0556098128387,0.0
250800,0.0,0.0,7.708261228338448,1000.1169383482521,0.0
250860,0.0,0.0,7.708261228338448,997.9867090024254,0.0
250920,0.0,0.0,7.708261228338448,999.3530739549436,0.0
250980,0.0,0.0,7.708261228338448,1001.0460672023396,0.0
251040,0.0,0.0,7.708261228338448,1000.4090178335595,0.0
251100,0.0,0.0,7.708261228338448,1000.5494879797627,0.0
251160,0.0,0.0,7.708261228338448,998.7661432746188,0.0
251220,0.0,0.0,7.708261228338448,999.0150799087514,0.0
251280,0.0,0.0,7.708261228338448,1001.2806787369864,0.0
251340,0.0,0.0,7.708261228338448,1000.3794123842698,0.0
251400,0.0,0.0,7.708261228338448,1000.8605865869521,0.0
251460,0.0,0.0,7.708261228338448,997.3473258501127,0.0
251520,0.0,0.0,7.708261228338448,998.8032504852657,0.0
251580,0.0,0.0,7.708261228338448,999.5906250354174,0.0
251640,0.0,0.0,7.708261228338448,1000.562118649637,0.0
251700,0.0,0.0,7.708261228338448,1000.6740969874224,0.0
251760,0.0,0.0,7.708261228338448,998.4684587414121,0.0
251820,0.0,0.0,7.708261228338448,999.2769887176004,0.0
251880,0.0,0.0,7.708261228338448,999.5400885001999,0.0
251940,0.0,0.0,7.708261228338448,1000.1281537598808,0.0
252000,0.0,0.0,7.708261228338448,1001.5029113185046,0.0
252060,0.0,0.0,7.708261228338448,999.7581166554779,0.0
252120,0.0,0.0,7.708261228338448,999.1698939144146,0.0
252180,0.0,0.0,7.708261228338448,999.1002563636523,0.0
252240,0.0,0.0,7.708261228338448,999.9844687807603,0.0
252300,0.0,0.0,7.708261228338448,1000.6031532357339,0.0
252360,0.0,0.0,7.708261228338448,1000.5493209449123,0.0
252420,0.0,0.0,7.708261228338448,998.1555203330755,0.0
252480,0.0,0.0,7.708261228338448,999.0432538609172,0.0
252540,0.0,0.0,7.708261228338448,1000.1194867253628,0.0
252600,0.0,0.0,7.708261228338448,1000.8547920541713,0.0
252660,0.0,0.0,7.708261228338448,1000.4873007027348,0.0
252720,0.0,0.0,7.708261228338448,999.4517015640326,0.0
252780,0.0,0.0,7.708261228338448,998.0357322836657,0.0
252840,0.0,0.0,7.708261228338448,999.3784441657125,0.0
252900,0.0,0.0,7.708261228338448,1001.2433965085523,0.0
252960,0.0,0.0,7.708261228338448,1000.32898457536,0.0
253020,0.0,0.0,7.708261228338448,1000.6325365045102,0.0
253080,0.0,0.0,7.708261228338448,998.758613900919,0.0
253140,0.0,0.0,7.708261228338448,999.0649853263482,0.0
253200,0.0,0.0,7.708261228338448,1000.2823287775471,0.0
253260,0.0,0.0,7.708261228338448,1000.6694554525936,0.0
253320,0.0,0.0,7.708261228338448,999.546553232341,0.0
253380,0.0,0.0,7.708261228338448,999.7174703953599,0.0
253440,0.0,0.0,7.708261228338448,998.4673423561258,0.0
253500,0.0,0.0,7.708261228338448,999.6777780753905,0.0
253560,0.0,0.0,7.708261228338448,1001.3622779619068,0.0
253620,0.0,0.0,7.708261228338448,1000.2735748095279,0.0
253680,0.0,0.0,7.708261228338448,999.9456016117217,0.0
253740,0.0,0.0,7.708261228338448,997.939824074488,0.0
253800,0.0,0.0,7.708261228338448,999.4273270682467,0.0
253860,0.0,0.0,7.708261228338448,1000.6368644662897,0.0
253920,0.0,0.0,7.708261228338448,1000.5797721126736,0.0
253980,0.0,0.0,7.708261228338448,999.8037908280569,0.0
254040,0.0,0.0,7.708261228338448,999.1121700745229,0.0
254100,0.0,0.0,7.708261228338448,999.1486290849798,0.0
254160,0.0,0.0,7.708261228338448,999.953343790691,0.0
254220,0.0,0.0,7.708261228338448,1000.5165439868185,0.0
254280,0.0,0.0,7.708261228338448,1000.5444348211125,0.0
254340,0.0,0.0,7.708261228338448,997.949564998227,0.0
254400,0.0,0.0,7.708261228338448,999.1173719525918,0.0
254460,0.0,0.0,7.708261228338448,1000.2475599514129,0.0
254520,0.0,0.0,7.708261228338448,1000.3436049224421,0.0
254580,0.0,0.0,7.708261228338448,1001.2301384061996,0.0
254640,0.0,0.0,7.708261228338448,999.3458229123736,0.0
254700,0.0,0.0,7.708261228338448,998.8763489160726,0.0
254760,0.0,0.0,7.708261228338448,999.5873824435473,0.0
254820,0.0,0.0,7.708261228338448,1000.3538356157575,0.0
254880,0.0,0.0,7.708261228338448,1000.3812807267763,0.0
254940,0.0,0.0,7.708261228338448,1000.2539099774295,0.0
255000,0.0,0.0,7.708261228338448,997.9662265347046,0.0
255060,0.0,0.0,7.708261228338448,999.2756531320309,0.0
255120,0.0,0.0,7.708261228338448,999.951924217974,0.0
255180,0.0,0.0,7.708261228338448,1001.8177592943327,0.0
255240,0.0,0.0,7.708261228338448,999.1678025906072,0.0
255300,0.0,0.0,7.708261228338448,999.7746905822831,0.0
255360,0.0,0.0,7.708261228338448,998.487391636721,0.0
255420,0.0,0.0,7.708261228338448,999.6769674724052,0.0
255480,0.0,0.0,7.708261228338448,1001.4639373825677,0.0
255540,0.0,0.0,7.708261228338448,1000.2090054348872,0.0
255600,0.0,0.0,7.708261228338448,999.981818767892,0.0
255660,0.0,0.0,7.708261228338448,998.6419176521795,0.0
255720,0.0,0.0,7.708261228338448,999.3902835426663,0.0
255780,0.0,0.0,7.708261228338448,1000.5576489501811,0.0
255840,0.0,0.0,7.708261228338448,1000.7357014063346,0.0
255900,0.0,0.0,7.708261228338448,998.9615404253456,0.0
255960,0.0,0.0,7.708261228338448,999.3353240686174,0.0
256020,0.0,0.0,7.708261228338448,999.1114113235044,0.0
256080,0.0,0.0,7.708261228338448,1000.0137026865866,0.0
256140,0.0,0.0,7.708261228338448,1001.449913203294,0.0
256200,0.0,0.0,7.708261228338448,998.9573523070758,0.0
256260,0.0,0.0,7.708261228338448,999.4666821848025,0.0
256320,0.0,0.0,7.708261228338448,998.6678558335669,0.0
256380,0.0,0.0,7.708261228338448,1000.8165587217103,0.0
256440,0.0,0.0,7.708261228338448,1000.3099682523883,0.0
256500,0.0,0.0,7.708261228338448,1001.3128593335443,0.0
256560,0.0,0.0,7.708261228338448,999.3112269620127,0.0
256620,0.0,0.0,7.708261228338448,998.9665582934919,0.0
256680,0.0,0.0,7.708261228338448,999.6326349495463,0.0
256740,0.0,0.0,7.708261228338448,1000.3296713167662,0.0
256800,0.0,0.0,7.708261228338448,1000.2459527560186,0.0
256860,0.0,0.0,7.708261228338448,1000.2657007429707,0.0
256920,0.0,0.0,7.708261228338448,997.8845844202227,0.0
256980,0.0,0.0,7.708261228338448,999.2384365108911,0.0
257040,0.0,0.0,7.708261228338448,1000.831680005366,0.0
257100,0.0,0.0,7.708261228338448,1000.4261000578902,0.0
257160,0.0,0.0,7.708261228338448,1000.7823558720157,0.0
257220,0.0,0.0,7.708261228338448,998.9303902524049,0.0
257280,0.0,0.0,7.708261228338448,998.9146231386185,0.0
257340,0.0,0.0,7.708261228338448,1000.0603931939489,0.0
257400,0.0,0.0,7.708261228338448,1000.6208860278481,0.0
257460,0.0,0.0,7.708261228338448,1000.5462304510411,0.0
257520,0.0,0.0,7.708261228338448,998.7439272718783,0.0
257580,0.0,0.0,7.708261228338448,999.0951020421589,0.0
257640,0.0,0.0,7.708261228338448,1000.2047848559869,0.0
257700,0.0,0.0,7.708261228338448,1000.4263252651156,0.0
257760,0.0,0.0,7.708261228338448,1000.7688363875976,0.0
257820,0.0,0.0,7.708261228338448,998.6721316449758,0.0
257880,0.0,0.0,7.708261228338448,999.4368491874409,0.0
257940,0.0,0.0,7.708261228338448,999.1664520807843,0.0
258000,0.0,0.0,7.708261228338448,999.9942486583628,0.0
258060,0.0,0.0,7.708261228338448,1001.5494611618544,0.0
258120,0.0,0.0,7.708261228338448,999.9328995171969,0.0
258180,0.0,0.0,7.708261228338448,999.4049080597225,0.0
258240,0.0,0.0,7.708261228338448,998.8959712888919,0.0
258300,0.0,0.0,7.708261228338448,999.7882198755926,0.0
258360,0.0,0.0,7.708261228338448,1000.6406635028504,0.0
258420,0.0,0.0,7.708261228338448,1000.6464762949612,0.0
258480,0.0,0.0,7.708261228338448,998.3993752547943,0.0
258540,0.0,0.0,7.708261228338448,999.0689284084491,0.0
258600,0.0,0.0,7.708261228338448,999.7937832854526,0.0
258660,0.0,0.0,7.708261228338448,1000.8621609871946,0.0
258720,0.0,0.0,7.708261228338448,1000.5263442029528,0.0
258780,0.0,0.0,7.708261228338448,999.8175272311914,0.0
258840,0.0,0.0,7.708261228338448,997.7787526366695,0.0
258900,0.0,0.0,7.708261228338448,999.2676900058171,0.0
258960,0.0,0.0,7.708261228338448,1001.0171931524181,0.0
259020,0.0,0.0,7.708261228338448,1000.3458419349383,0.0
259080,0.0,0.0,7.708261228338448,1000.8899496993324,0.0
259140,0.0,0.0,7.708261228338448,998.9275571145514,0.0
259200,0.0,0.0,7.708261228338448,998.9643028933456,0.0
259260,0.0,0.0,7.708261228338448,1000.0979289517215,0.0
259320,0.0,0.0,7.708261228338448,1000.5906796099888,0.0
259380,0.0,0.0,7.708261228338448,999.8104432489894,0.0
259440,0.0,0.0,7.708261228338448,999.9006302285835,0.0
259500,0.0,0.0,7.708261228338448,998.2163269498285,0.0
259560,0.0,0.0,7.708261228338448,999.5189011646307,0.0
259620,0.0,0.0,7.708261228338448,1001.2355042195637,0.0
259680,0.0,0.0,7.708261228338448,1000.3607325893233,0.0
259740,0.0,0.0,7.708261228338448,1000.2247565071889,0.0
259800,0.0,0.0,7.708261228338448,998.6237828394115,0.0
259860,0.0,0.0,7.708261228338448,999.1769855522116,0.0
259920,0.0,0.0,7.708261228338448,1001.479267795634,0.0
259980,0.0,0.0,7.708261228338448,1000.3558570283235,0.0
260040,0.0,0.0,7.708261228338448,1000.6791651682935,0.0
260100,0.0,0.0,7.708261228338448,997.3543202904652,0.0
260160,0.0,0.0,7.708261228338448,998.9514826469727,0.0
260220,0.0,0.0,7.708261228338448,999.8082727111035,0.0
260280,0.0,0.0,7.708261228338448,1000.5598729630184,0.0
260340,0.0,0.0,7.708261228338448,1000.6245252935463,0.0
260400,0.0,0.0,7.708261228338448,998.2041122317851,0.0
260460,0.0,0.0,7.708261228338448,999.152576985808,0.0
260520,0.0,0.0,7.708261228338448,999.9015615178314,0.0
260580,0.0,0.0,7.708261228338448,1000.2510637052183,0.0
260640,0.0,0.0,7.708261228338448,1001.3903261120173,0.0
260700,0.0,0.0,7.708261228338448,999.5607823277655,0.0
260760,0.0,0.0,7.708261228338448,998.9803442978568,0.0
260820,0.0,0.0,7.708261228338448,999.3341546358969,0.0
260880,0.0,0.0,7.708261228338448,1000.177499464833,0.0
260940,0.0,0.0,7.708261228338448,1000.5211418671954,0.0
261000,0.0,0.0,7.708261228338448,1000.4173188372727,0.0
261060,0.0,0.0,7.708261228338448,998.0014162658697,0.0
261120,0.0,0.0,7.708261228338448,998.956690648874,0.0
261180,0.0,0.0,7.708261228338448,999.7799934040954,0.0
261240,0.0,0.0,7.708261228338448,1001.8870699762224,0.0
261300,0.0,0.0,7.708261228338448,999.4580050197479,0.0
261360,0.0,0.0,7.708261228338448,999.9672610017508,0.0
261420,0.0,0.0,7.708261228338448,998.1747547754278,0.0
261480,0.0,0.0,7.708261228338448,999.5274213059882,0.0
261540,0.0,0.0,7.708261228338448,1001.3339001696369,0.0
261600,0.0,0.0,7.708261228338448,1000.2963718587863,0.0
261660,0.0,0.0,7.708261228338448,1000.2817552214375,0.0
261720,0.0,0.0,7.708261228338448,998.6362193175968,0.0
261780,0.0,0.0,7.708261228338448,999.2166632397049,0.0
261840,0.0,0.0,7.708261228338448,1000.4464833744395,0.0
261900,0.0,0.0,7.708261228338448,1000.7253608981953,0.0
261960,0.0,0.0,7.708261228338448,999.2598034162227,0.0
262020,0.0,0.0,7.708261228338448,999.5101361300852,0.0
262080,0.0,0.0,7.708261228338448,998.7833595742076,0.0
262140,0.0,0.0,7.708261228338448,999.8539201910532,0.0
262200,0.0,0.0,7.708261228338448,1001.4304381606742,0.0
262260,0.0,0.0,7.708261228338448,999.32565737872,0.0
262320,0.0,0.0,7.708261228338448,999.6467126297363,0.0
262380,0.0,0.0,7.708261228338448,998.5214035033741,0.0
262440,0.0,0.0,7.708261228338448,1000.5196451776175,0.0
262500,0.0,0.0,7.708261228338448,1000.2261323222975,0.0
262560,0.0,0.0,7.708261228338448,1001.4860012418624,0.0
262620,0.0,0.0,7.708261228338448,999.5050341606293,0.0
262680,0.0,0.0,7.708261228338448,999.0678819697006,0.0
262740,0.0,0.0,7.708261228338448,999.3980380238677,0.0
262800,0.0,0.0,7.708261228338448,1000.171827972999,0.0
262860,0.0,0.0,7.708261228338448,1000.4035896412289,0.0
262920,0.0,0.0,7.708261228338448,1000.4087432890641,0.0
262980,0.0,0.0,7.708261228338448,997.8652265071967,0.0
263040,0.0,0.0,7.708261228338448,999.1496423964057,0.0
263100,0.0,0.0,7.708261228338448,1000.5687974007359,0.0
263160,0.0,0.0,7.708261228338448,1000.4092069142612,0.0
263220,0.0,0.0,7.708261228338448,1001.0072389970885,0.0
263280,0.0,0.0,7.708261228338448,999.1238488345316,0.0
263340,0.0,0.0,7.708261228338448,998.8574475427923,0.0
263400,0.0,0.0,7.708261228338448,999.8408252956135,0.0
263460,0.0,0.0,7.708261228338448,1000.5109680688688,0.0
263520,0.0,0.0,7.708261228338448,1000.8837900216059,0.0
263580,0.0,0.0,7.708261228338448,998.9832863260688,0.0
263640,0.0,0.0,7.708261228338448,999.2075989837202,0.0
263700,0.0,0.0,7.708261228338448,999.7997010770944,0.0
263760,0.0,0.0,7.708261228338448,1000.3478282642661,0.0
263820,0.0,0.0,7.708261228338448,1000.7586675977345,0.0
263880,0.0,0.0,7.708261228338448,998.9742769450021,0.0
263940,0.0,0.0,7.708261228338448,999.5921896914382,0.0
264000,0.0,0.0,7.708261228338448,998.8359373651766,0.0
264060,0.0,0.0,7.708261228338448,999.8546169450749,0.0
264120,0.0,0.0,7.708261228338448,1001.5375551319806,0.0
264180,0.0,0.0,7.708261228338448,1000.0779924586121,0.0
264240,0.0,0.0,7.708261228338448,999.6562218275535,0.0
264300,0.0,0.0,7.708261228338448,998.7429167578684,0.0
264360,0.0,0.0,7.708261228338448,999.6006096290661,0.0
264420,0.0,0.0,7.708261228338448,1000.6305824999724,0.0
264480,0.0,0.0,7.708261228338448,1000.7080876216427,0.0
264540,0.0,0.0,7.708261228338448,998.6663840547648,0.0
264600,0.0,0.0,7.708261228338448,999.1625802327229,0.0
264660,0.0,0.0,7.708261228338448,999.471924012097,0.0
264720,0.0,0.0,7.708261228338448,1000.8106020867193,0.0
264780,0.0,0.0,7.708261228338448,1000.5347272509125,0.0
264840,0.0,0.0,7.708261228338448,1000.1742453923521,0.0
264900,0.0,0.0,7.708261228338448,997.6290181903435,0.0
264960,0.0,0.0,7.708261228338448,999.1931203873137,0.0
265020,0.0,0.0,7.708261228338448,1000.756021464388,0.0
265080,0.0,0.0,7.708261228338448,1000.3336950844067,0.0
265140,0.0,0.0,7.708261228338448,1001.1062034065723,0.0
265200,0.0,0.0,7.708261228338448,999.1061016591024,0.0
265260,0.0,0.0,7.708261228338448,998.9121443482888,0.0
265320,0.0,0.0,7.708261228338448,999.8960577573082,0.0
265380,0.0,0.0,7.708261228338448,1000.4891987865321,0.0
265440,0.0,0.0,7.708261228338448,1000.0404053020374,0.0
265500,0.0,0.0,7.708261228338448,1000.0697999383596,0.0
265560,0.0,0.0,7.708261228338448,998.0309778824304,0.0
265620,0.0,0.0,7.708261228338448,999.3760489683103,0.0
265680,0.0,0.0,7.708261228338448,1001.0664796325614,0.0
265740,0.0,0.0,7.708261228338448,1000.4147668283775,0.0
265800,0.0,0.0,7.708261228338448,1000.4836042151255,0.0
265860,0.0,0.0,7.708261228338448,998.734792779624,0.0
265920,0.0,0.0,7.708261228338448,999.0325693168957,0.0
265980,0.0,0.0,7.708261228338448,1001.2763896164414,0.0
266040,0.0,0.0,7.708261228338448,1000.3925193117067,0.0
266100,0.0,0.0,7.708261228338448,1000.8280182277273,0.0
266160,0.0,0.0,7.708261228338448,997.3869715581768,0.0
266220,0.0,0.0,7.708261228338448,998.8151483826248,0.0
266280,0.0,0.0,7.708261228338448,999.6231830141514,0.0
266340,0.0,0.0,7.708261228338448,1000.5747701782449,0.0
266400,0.0,0.0,7.708261228338448,1000.6733024277307,0.0
266460,0.0,0.0,7.708261228338448,998.4633695580708,0.0
266520,0.0,0.0,7.708261228338448,999.2436308749577,0.0
266580,0.0,0.0,7.708261228338448,999.5762119801869,0.0
266640,0.0,0.0,7.708261228338448,1000.1506194447859,0.0
266700,0.0,0.0,7.708261228338448,1001.478084051086,0.0
266760,0.0,0.0,7.708261228338448,999.7414215237052,0.0
266820,0.0,0.0,7.708261228338448,999.1361893896506,0.0
266880,0.0,0.0,7.708261228338448,999.1188137703834,0.0
266940,0.0,0.0,7.708261228338448,1000.0085200042067,0.0
267000,0.0,0.0,7.708261228338448,1000.6069737087629,0.0
267060,0.0,0.0,7.708261228338448,1000.5370159701487,0.0
267120,0.0,0.0,7.708261228338448,998.1579016140441,0.0
267180,0.0,0.0,7.708261228338448,998.6908678110559,0.0
267240,0.0,0.0,7.708261228338448,999.6274967790841,0.0
267300,0.0,0.0,7.708261228338448,1001.873071281272,0.0
267360,0.0,0.0,7.708261228338448,999.7084837295461,0.0
267420,0.0,0.0,7.708261228338448,1000.1287328970424,0.0
267480,0.0,0.0,7.708261228338448,997.9466191303733,0.0
267540,0.0,0.0,7.708261228338448,999.4040347560017,0.0
267600,0.0,0.0,7.708261228338448,1001.1648408082631,0.0
267660,0.0,0.0,7.708261228338448,1000.3491953701823,0.0
267720,0.0,0.0,7.708261228338448,1000.5398123304609,0.0
267780,0.0,0.0,7.708261228338448,998.7245067387277,0.0
267840,0.0,0.0,7.708261228338448,999.0820222441533,0.0
267900,0.0,0.0,7.708261228338448,1000.3092711653705,0.0
267960,0.0,0.0,7.708261228338448,1000.6874903242949,0.0
268020,0.0,0.0,7.708261228338448,999.5317771326189,0.0
268080,0.0,0.0,7.708261228338448,999.6763587360136,0.0
268140,0.0,0.0,7.708261228338448,998.5082213998439,0.0
268200,0.0,0.0,7.708261228338448,999.7024635003287,0.0
268260,0.0,0.0,7.708261228338448,1001.3602775687561,0.0
268320,0.0,0.0,7.708261228338448,1000.2681735946886,0.0
268380,0.0,0.0,7.708261228338448,999.896685431437,0.0
268440,0.0,0.0,7.708261228338448,997.9851975444763,0.0
268500,0.0,0.0,7.708261228338448,999.4467381929707,0.0
268560,0.0,0.0,7.708261228338448,1000.6592120334863,0.0
268620,0.0,0.0,7.708261228338448,1000.5652558829232,0.0
268680,0.0,0.0,7.708261228338448,999.787963564635,0.0
268740,0.0,0.0,7.708261228338448,999.0787392742183,0.0
268800,0.0,0.0,7.708261228338448,999.1670249425665,0.0
268860,0.0,0.0,7.708261228338448,999.9762954825793,0.0
268920,0.0,0.0,7.708261228338448,1000.5211537957313,0.0
268980,0.0,0.0,7.708261228338448,1000.5337891371022,0.0
269040,0.0,0.0,7.708261228338448,997.9588445112493,0.0
269100,0.0,0.0,7.708261228338448,999.1080735802174,0.0
269160,0.0,0.0,7.708261228338448,1000.263354179078,0.0
269220,0.0,0.0,7.708261228338448,1000.3567966601281,0.0
269280,0.0,0.0,7.708261228338448,1001.2047561175689,0.0
269340,0.0,0.0,7.708261228338448,999.332288376229,0.0
269400,0.0,0.0,7.708261228338448,998.8651519604254,0.0
269460,0.0,0.0,7.708261228338448,999.6001027419534,0.0
269520,0.0,0.0,7.708261228338448,1000.368567134069,0.0
269580,0.0,0.0,7.708261228338448,1001.1887730066921,0.0
269640,0.0,0.0,7.708261228338448,999.229604966635,0.0
269700,0.0,0.0,7.708261228338448,999.3735950804289,0.0
269760,0.0,0.0,7.708261228338448,999.366458970555,0.0
269820,0.0,0.0,7.708261228338448,1000.2243241495836,0.0
269880,0.0,0.0,7.708261228338448,1000.713925871906,0.0
269940,0.0,0.0,7.708261228338448,999.2772430900548,0.0
270000,0.0,0.0,7.708261228338448,999.7635023091877,0.0
270060,0.0,0.0,7.708261228338448,998.5187371793035,0.0
270120,0.0,0.0,7.708261228338448,999.7040572442602,0.0
270180,0.0,0.0,7.708261228338448,1001.4744389360282,0.0
270240,0.0,0.0,7.708261228338448,1000.1996868280662,0.0
270300,0.0,0.0,7.708261228338448,999.9347121955549,0.0
270360,0.0,0.0,7.708261228338448,998.6455407192353,0.0
270420,0.0,0.0,7.708261228338448,999.4134672020473,0.0
270480,0.0,0.0,7.708261228338448,1000.5725812116988,0.0
270540,0.0,0.0,7.708261228338448,1000.7385155164733,0.0
270600,0.0,0.0,7.708261228338448,998.9536256477148,0.0
270660,0.0,0.0,7.708261228338448,999.302811121892,0.0
270720,0.0,0.0,7.708261228338448,999.1431322399131,0.0
270780,0.0,0.0,7.708261228338448,1000.0350142993797,0.0
270840,0.0,0.0,7.708261228338448,1001.435642936103,0.0
270900,0.0,0.0,7.708261228338448,998.9669870238756,0.0
270960,0.0,0.0,7.708261228338448,999.4403274257888,0.0
271020,0.0,0.0,7.708261228338448,998.6835547943616,0.0
271080,0.0,0.0,7.708261228338448,1000.8140960887259,0.0
271140,0.0,0.0,7.708261228338448,1000.3249811171277,0.0
271200,0.0,0.0,7.708261228338448,1001.2793925014894,0.0
271260,0.0,0.0,7.708261228338448,999.2961702593298,0.0
271320,0.0,0.0,7.708261228338448,998.9524327350986,0.0
271380,0.0,0.0,7.708261228338448,999.6470985968153,0.0
271440,0.0,0.0,7.708261228338448,1000.3460865678858,0.0
271500,0.0,0.0,7.708261228338448,1000.2489218747713,0.0
271560,0.0,0.0,7.708261228338448,1000.2508528352555,0.0
271620,0.0,0.0,7.708261228338448,997.9001481789572,0.0
271680,0.0,0.0,7.708261228338448,999.240429974364,0.0
271740,0.0,0.0,7.708261228338448,1000.8351725757152,0.0
271800,0.0,0.0,7.708261228338448,1000.4334118414832,0.0
271860,0.0,0.0,7.708261228338448,1000.7598413767614,0.0
271920,0.0,0.0,7.708261228338448,998.9206605197473,0.0
271980,0.0,0.0,7.708261228338448,998.9140809395379,0.0
272040,0.0,0.0,7.708261228338448,1001.0002312724978,0.0
272100,0.0,0.0,7.708261228338448,1000.3856417034517,0.0
272160,0.0,0.0,7.708261228338448,1000.9624294610243,0.0
272220,0.0,0.0,7.708261228338448,997.5682974151379,0.0
272280,0.0,0.0,7.708261228338448,998.7285171528221,0.0
272340,0.0,0.0,7.708261228338448,999.4221505968374,0.0
272400,0.0,0.0,7.708261228338448,1000.5355661723418,0.0
272460,0.0,0.0,7.708261228338448,1000.6932513129973,0.0
272520,0.0,0.0,7.708261228338448,998.7592618461628,0.0
272580,0.0,0.0,7.708261228338448,999.3885551768986,0.0
272640,0.0,0.0,7.708261228338448,999.2174768473224,0.0
272700,0.0,0.0,7.708261228338448,1000.0165440942925,0.0
272760,0.0,0.0,7.708261228338448,1001.5290088629907,0.0
272820,0.0,0.0,7.708261228338448,999.9205934254876,0.0
272880,0.0,0.0,7.708261228338448,999.3632434885153,0.0
272940,0.0,0.0,7.708261228338448,998.9110825557104,0.0
273000,0.0,0.0,7.708261228338448,999.8119690180911,0.0
273060,0.0,0.0,7.708261228338448,1000.6474547581644,0.0
273120,0.0,0.0,7.708261228338448,1000.6390215665654,0.0
273180,0.0,0.0,7.708261228338448,998.4234899887675,0.0
273240,0.0,0.0,7.708261228338448,998.4466213862468,0.0
273300,0.0,0.0,7.708261228338448,999.467833110789,0.0
273360,0.0,0.0,7.708261228338448,1001.8015343430441,0.0
273420,0.0,0.0,7.708261228338448,999.9355689716319,0.0
273480,0.0,0.0,7.708261228338448,1000.2940051038328,0.0
273540,0.0,0.0,7.708261228338448,997.767770883366,0.0
273600,0.0,0.0,7.708261228338448,999.292963629879,0.0
273660,0.0,0.0,7.708261228338448,1000.9428394590226,0.0
273720,0.0,0.0,7.708261228338448,1000.3712890944253,0.0
273780,0.0,0.0,7.708261228338448,1000.8045806245128,0.0
273840,0.0,0.0,7.708261228338448,998.8896969566582,0.0
273900,0.0,0.0,7.708261228338448,998.9732329192083,0.0
273960,0.0,0.0,7.708261228338448,1000.1283289227808,0.0
274020,0.0,0.0,7.708261228338448,1000.614460836699,0.0
274080,0.0,0.0,7.708261228338448,999.7970798827573,0.0
274140,0.0,0.0,7.708261228338448,999.8611696588072,0.0
274200,0.0,0.0,7.708261228338448,998.2546256299557,0.0
274260,0.0,0.0,7.708261228338448,999.5407155682847,0.0
274320,0.0,0.0,7.708261228338448,1001.2406184583762,0.0
274380,0.0,0.0,7.708261228338448,1000.360405953591,0.0
274440,0.0,0.0,7.708261228338448,1000.1750799713425,0.0
274500,0.0,0.0,7.708261228338448,997.6842075236237,0.0
274560,0.0,0.0,7.708261228338448,999.2830674674834,0.0
274620,0.0,0.0,7.708261228338448,1000.4662950911913,0.0
274680,0.0,0.0,7.708261228338448,1000.8546766089227,0.0
274740,0.0,0.0,7.708261228338448,999.9468919390662,0.0
274800,0.0,0.0,7.708261228338448,999.2908715967628,0.0
274860,0.0,0.0,7.708261228338448,998.9625340189041,0.0
274920,0.0,0.0,7.708261228338448,999.8010217595166,0.0
274980,0.0,0.0,7.708261228338448,1000.5816925612113,0.0
275040,0.0,0.0,7.708261228338448,1000.6231338572156,0.0
275100,0.0,0.0,7.708261228338448,998.1728606822273,0.0
275160,0.0,0.0,7.708261228338448,999.1243181496206,0.0
275220,0.0,0.0,7.708261228338448,999.9484703741248,0.0
275280,0.0,0.0,7.708261228338448,1000.2799943810788,0.0
275340,0.0,0.0,7.708261228338448,1001.3485112309805,0.0
275400,0.0,0.0,7.708261228338448,999.5294541889631,0.0
275460,0.0,0.0,7.708261228338448,998.9448699520447,0.0
275520,0.0,0.0,7.708261228338448,999.367726565989,0.0
275580,0.0,0.0,7.708261228338448,1000.212242961639,0.0
275640,0.0,0.0,7.708261228338448,1001.4273915372485,0.0
275700,0.0,0.0,7.708261228338448,999.4594004346686,0.0
275760,0.0,0.0,7.708261228338448,999.5591881308902,0.0
275820,0.0,0.0,7.708261228338448,998.945612774966,0.0
275880,0.0,0.0,7.708261228338448,1000.0733077978891,0.0
275940,0.0,0.0,7.708261228338448,1000.6422194596001,0.0
276000,0.0,0.0,7.708261228338448,999.5575425028669,0.0
276060,0.0,0.0,7.708261228338448,999.9263199881057,0.0
276120,0.0,0.0,7.708261228338448,998.2504670318478,0.0
276180,0.0,0.0,7.708261228338448,999.5612292694179,0.0
276240,0.0,0.0,7.708261228338448,1001.3619484178964,0.0
276300,0.0,0.0,7.708261228338448,1000.2896589741816,0.0
276360,0.0,0.0,7.708261228338448,1000.2054004985658,0.0
276420,0.0,0.0,7.708261228338448,998.6252826045518,0.0
276480,0.0,0.0,7.708261228338448,999.2469122571359,0.0
276540,0.0,0.0,7.708261228338448,1000.4751620979964,0.0
276600,0.0,0.0,7.708261228338448,1000.7368659338947,0.0
276660,0.0,0.0,7.708261228338448,999.2371945611142,0.0
276720,0.0,0.0,7.708261228338448,999.4593375225345,0.0
276780,0.0,0.0,7.708261228338448,998.8372083243376,0.0
276840,0.0,0.0,7.708261228338448,999.8874341363814,0.0
276900,0.0,0.0,7.708261228338448,1001.4204806715921,0.0
276960,0.0,0.0,7.708261228338448,999.3205655503766,0.0
277020,0.0,0.0,7.708261228338448,999.6074854978579,0.0
277080,0.0,0.0,7.708261228338448,998.540159966136,0.0
277140,0.0,0.0,7.708261228338448,1000.5341127810358,0.0
277200,0.0,0.0,7.708261228338448,1000.251298558569,0.0
277260,0.0,0.0,7.708261228338448,1001.4411897266541,0.0
277320,0.0,0.0,7.708261228338448,999.4803446257138,0.0
277380,0.0,0.0,7.708261228338448,999.035245100392,0.0
277440,0.0,0.0,7.708261228338448,999.4248359437187,0.0
277500,0.0,0.0,7.708261228338448,1000.2003719309558,0.0
277560,0.0,0.0,7.708261228338448,1000.4033377293786,0.0
277620,0.0,0.0,7.708261228338448,1000.3884533524362,0.0
277680,0.0,0.0,7.708261228338448,997.881206165787,0.0
277740,0.0,0.0,7.708261228338448,999.1495952816433,0.0
277800,0.0,0.0,7.708261228338448,1000.5874056208744,0.0
277860,0.0,0.0,7.708261228338448,1000.4219807952711,0.0
277920,0.0,0.0,7.708261228338448,1000.9718399067698,0.0
277980,0.0,0.0,7.708261228338448,999.10380544791,0.0
278040,0.0,0.0,7.708261228338448,998.8532359172175,0.0
278100,0.0,0.0,7.708261228338448,1000.6855962390521,0.0
278160,0.0,0.0,7.708261228338448,1000.3488372360073,0.0
278220,0.0,0.0,7.708261228338448,1001.0448945844367,0.0
278280,0.0,0.0,7.708261228338448,997.8697330372052,0.0
278340,0.0,0.0,7.708261228338448,998.7224550381532,0.0
278400,0.0,0.0,7.708261228338448,999.2551867949658,0.0
278460,0.0,0.0,7.708261228338448,1000.4592949472566,0.0
278520,0.0,0.0,7.708261228338448,1000.683882731819,0.0
278580,0.0,0.0,7.708261228338448,999.0449855938425,0.0
278640,0.0,0.0,7.708261228338448,999.5340168162394,0.0
278700,0.0,0.0,7.708261228338448,998.8984680258139,0.0
278760,0.0,0.0,7.708261228338448,999.8839671298117,0.0
278820,0.0,0.0,7.708261228338448,1001.5210252090756,0.0
278880,0.0,0.0,7.708261228338448,1000.0649838605609,0.0
278940,0.0,0.0,7.708261228338448,999.5978982994193,0.0
279000,0.0,0.0,7.708261228338448,998.7576374501489,0.0
279060,0.0,0.0,7.708261228338448,999.6308611274826,0.0
279120,0.0,0.0,7.708261228338448,1000.6424196430049,0.0
279180,0.0,0.0,7.708261228338448,1000.7037034577762,0.0
279240,0.0,0.0,7.708261228338448,998.656291821469,0.0
279300,0.0,0.0,7.708261228338448,999.1307931887966,0.0
279360,0.0,0.0,7.708261228338448,999.5071835610571,0.0
279420,0.0,0.0,7.708261228338448,1000.8184706002905,0.0
279480,0.0,0.0,7.708261228338448,1000.5434337161084,0.0
279540,0.0,0.0,7.708261228338448,1000.1265829472686,0.0
279600,0.0,0.0,7.708261228338448,997.6615295870786,0.0
279660,0.0,0.0,7.708261228338448,999.1909879012551,0.0
279720,0.0,0.0,7.708261228338448,1000.7708889572466,0.0
279780,0.0,0.0,7.708261228338448,1000.3463771311417,0.0
279840,0.0,0.0,7.708261228338448,1001.068837797171,0.0
279900,0.0,0.0,7.708261228338448,999.0873631901065,0.0
279960,0.0,0.0,7.708261228338448,998.907196000588,0.0
280020,0.0,0.0,7.708261228338448,999.913167715918,0.0
280080,0.0,0.0,7.708261228338448,1000.5056017356742,0.0
280140,0.0,0.0,7.708261228338448,1000.0403099627202,0.0
280200,0.0,0.0,7.708261228338448,1000.0489700234724,0.0
280260,0.0,0.0,7.708261228338448,998.0502660897095,0.0
280320,0.0,0.0,7.708261228338448,999.3839306713145,0.0
280380,0.0,0.0,7.708261228338448,1001.0687058664126,0.0
280440,0.0,0.0,7.708261228338448,1000.4196894320802,0.0
280500,0.0,0.0,7.708261228338448,1000.4565360846367,0.0
280560,0.0,0.0,7.708261228338448,997.4584239385083,0.0
280620,0.0,0.0,7.708261228338448,999.139074034229,0.0
280680,0.0,0.0,7.708261228338448,1000.2407253914992,0.0
280740,0.0,0.0,7.708261228338448,1001.0930055574264,0.0
280800,0.0,0.0,7.708261228338448,1000.0880083279474,0.0
280860,0.0,0.0,7.708261228338448,999.5547355400931,0.0
280920,0.0,0.0,7.708261228338448,998.7899704940792,0.0
280980,0.0,0.0,7.708261228338448,999.6185450134868,0.0
281040,0.0,0.0,7.708261228338448,1000.593612501083,0.0
281100,0.0,0.0,7.708261228338448,1000.6849376817324,0.0
281160,0.0,0.0,7.708261228338448,998.4359225043167,0.0
281220,0.0,0.0,7.708261228338448,999.2122647399148,0.0
281280,0.0,0.0,7.708261228338448,999.6109744561574,0.0
281340,0.0,0.0,7.708261228338448,1000.174499067612,0.0
281400,0.0,0.0,7.708261228338448,1001.4519776455268,0.0
281460,0.0,0.0,7.708261228338448,999.7226720834999,0.0
281520,0.0,0.0,7.708261228338448,999.1020487205827,0.0
281580,0.0,0.0,7.708261228338448,999.1392772410074,0.0
281640,0.0,0.0,7.708261228338448,1000.0342436902009,0.0
281700,0.0,0.0,7.708261228338448,1000.610198868923,0.0
281760,0.0,0.0,7.708261228338448,1000.5230078482151,0.0
281820,0.0,0.0,7.708261228338448,998.1586076858679,0.0
281880,0.0,0.0,7.708261228338448,998.7120080111962,0.0
281940,0.0,0.0,7.708261228338448,999.6451809861428,0.0
282000,0.0,0.0,7.708261228338448,1001.8463904130839,0.0
282060,0.0,0.0,7.708261228338448,999.7153270574311,0.0
282120,0.0,0.0,7.708261228338448,1000.1048236166464,0.0
282180,0.0,0.0,7.708261228338448,997.9733477525797,0.0
282240,0.0,0.0,7.708261228338448,999.4115533005867,0.0
282300,0.0,0.0,7.708261228338448,1001.167025265034,0.0
282360,0.0,0.0,7.708261228338448,1000.354354418606,0.0
282420,0.0,0.0,7.708261228338448,1000.5079394562903,0.0
282480,0.0,0.0,7.708261228338448,998.7128539780219,0.0
282540,0.0,0.0,7.708261228338448,999.0870259294917,0.0
282600,0.0,0.0,7.708261228338448,1000.3196969861519,0.0
282660,0.0,0.0,7.708261228338448,1000.6956448971179,0.0
282720,0.0,0.0,7.708261228338448,999.5346555638525,0.0
282780,0.0,0.0,7.708261228338448,999.6573009110436,0.0
282840,0.0,0.0,7.708261228338448,998.5226285998032,0.0
282900,0.0,0.0,7.708261228338448,999.711696248864,0.0
282960,0.0,0.0,7.708261228338448,1001.354448567808,0.0
283020,0.0,0.0,7.708261228338448,999.6761368306277,0.0
283080,0.0,0.0,7.708261228338448,999.795835707932,0.0
283140,0.0,0.0,7.708261228338448,998.4440680908965,0.0
283200,0.0,0.0,7.708261228338448,1000.1849881111694,0.0
283260,0.0,0.0,7.708261228338448,1000.1404606904342,0.0
283320,0.0,0.0,7.708261228338448,1001.578826597981,0.0
283380,0.0,0.0,7.708261228338448,999.6737875224106,0.0
283440,0.0,0.0,7.708261228338448,999.2063638674605,0.0
283500,0.0,0.0,7.708261228338448,999.1882675074153,0.0
283560,0.0,0.0,7.708261228338448,1000.0205965451669,0.0
283620,0.0,0.0,7.708261228338448,1000.5197299765692,0.0
283680,0.0,0.0,7.708261228338448,1000.5170461396791,0.0
283740,0.0,0.0,7.708261228338448,997.9703685599266,0.0
283800,0.0,0.0,7.708261228338448,999.0987340382965,0.0
283860,0.0,0.0,7.708261228338448,1000.2878397512183,0.0
283920,0.0,0.0,7.708261228338448,1000.3727612850379,0.0
283980,0.0,0.0,7.708261228338448,1001.1726502294517,0.0
284040,0.0,0.0,7.708261228338448,999.3127423220062,0.0
284100,0.0,0.0,7.708261228338448,998.8523918267418,0.0
284160,0.0,0.0,7.708261228338448,1000.3087889533654,0.0
284220,0.0,0.0,7.708261228338448,1000.2697247404785,0.0
284280,0.0,0.0,7.708261228338448,1001.0969730992196,0.0
284340,0.0,0.0,7.708261228338448,998.2376145285782,0.0
284400,0.0,0.0,7.708261228338448,998.816146614437,0.0
284460,0.0,0.0,7.708261228338448,999.0973508977793,0.0
284520,0.0,0.0,7.708261228338448,1000.3322838904943,0.0
284580,0.0,0.0,7.708261228338448,1000.6414355385026,0.0
284640,0.0,0.0,7.708261228338448,999.3393422915879,0.0
284700,0.0,0.0,7.708261228338448,999.707410353295,0.0
284760,0.0,0.0,7.708261228338448,998.577072832036,0.0
284820,0.0,0.0,7.708261228338448,999.7323196260064,0.0
284880,0.0,0.0,7.708261228338448,1001.4659306947983,0.0
284940,0.0,0.0,7.708261228338448,1000.192277855665,0.0
285000,0.0,0.0,7.708261228338448,999.8728278058944,0.0
285060,0.0,0.0,7.708261228338448,998.6507419456776,0.0
285120,0.0,0.0,7.708261228338448,999.4408415306845,0.0
285180,0.0,0.0,7.708261228338448,1000.5888922838415,0.0
285240,0.0,0.0,7.708261228338448,1000.7404830634989,0.0
285300,0.0,0.0,7.708261228338448,998.9414344015964,0.0
285360,0.0,0.0,7.708261228338448,999.2666205842631,0.0
285420,0.0,0.0,7.708261228338448,999.1803553893263,0.0
285480,0.0,0.0,7.708261228338448,1000.711664561523,0.0
285540,0.0,0.0,7.708261228338448,1000.5259387506687,0.0
285600,0.0,0.0,7.708261228338448,1000.4830541800297,0.0
285660,0.0,0.0,7.708261228338448,997.6245065532784,0.0
285720,0.0,0.0,7.708261228338448,999.1502192491728,0.0
285780,0.0,0.0,7.708261228338448,1000.4744454830984,0.0
285840,0.0,0.0,7.708261228338448,1000.3069086423803,0.0
285900,0.0,0.0,7.708261228338448,1001.2605138773133,0.0
285960,0.0,0.0,7.708261228338448,999.2783772824021,0.0
286020,0.0,0.0,7.708261228338448,998.9037660300393,0.0
286080,0.0,0.0,7.708261228338448,999.6909012270168,0.0
286140,0.0,0.0,7.708261228338448,1000.379090442057,0.0
286200,0.0,0.0,7.708261228338448,1000.2402976786559,0.0
286260,0.0,0.0,7.708261228338448,1000.2137327100407,0.0
286320,0.0,0.0,7.708261228338448,997.9301558237132,0.0
286380,0.0,0.0,7.708261228338448,999.2539589629197,0.0
286440,0.0,0.0,7.708261228338448,1000.8593339979608,0.0
286500,0.0,0.0,7.708261228338448,1000.4443049989533,0.0
286560,0.0,0.0,7.708261228338448,1000.7046836032328,0.0
286620,0.0,0.0,7.708261228338448,997.355258070379,0.0
286680,0.0,0.0,7.708261228338448,999.0363671639715,0.0
286740,0.0,0.0,7.708261228338448,1000.0069657793255,0.0
286800,0.0,0.0,7.708261228338448,1001.2590469453572,0.0
286860,0.0,0.0,7.708261228338448,1000.1992741960615,0.0
286920,0.0,0.0,7.708261228338448,999.8301572887817,0.0
286980,0.0,0.0,7.708261228338448,998.6760551358916,0.0
287040,0.0,0.0,7.708261228338448,999.4498781713954,0.0
287100,0.0,0.0,7.708261228338448,1000.5604849176838,0.0
287160,0.0,0.0,7.708261228338448,1000.7147586708477,0.0
287220,0.0,0.0,7.708261228338448,998.7156683421559,0.0
287280,0.0,0.0,7.708261228338448,999.33595279,0.0
287340,0.0,0.0,7.708261228338448,999.2810436452743,0.0
287400,0.0,0.0,7.708261228338448,1000.054071776685,0.0
287460,0.0,0.0,7.708261228338448,1001.5024380368196,0.0
287520,0.0,0.0,7.708261228338448,999.8945330255883,0.0
287580,0.0,0.0,7.708261228338448,999.3018152709606,0.0
287640,0.0,0.0,7.708261228338448,998.9403201822569,0.0
287700,0.0,0.0,7.708261228338448,999.8525676108625,0.0
287760,0.0,0.0,7.708261228338448,1000.6549805253803,0.0
287820,0.0,0.0,7.708261228338448,1000.6239095551553,0.0
287880,0.0,0.0,7.708261228338448,998.4049846001049,0.0
287940,0.0,0.0,7.708261228338448,998.4800582008716,0.0
288000,0.0,0.0,7.708261228338448,999.492725934449,0.0
288060,0.0,0.0,7.708261228338448,1001.7768669980932,0.0
288120,0.0,0.0,7.708261228338448,999.9370134904229,0.0
288180,0.0,0.0,7.708261228338448,1000.2614289465088,0.0
288240,0.0,0.0,7.708261228338448,997.8051940804717,0.0
288300,0.0,0.0,7.708261228338448,999.3008700937263,0.0
288360,0.0,0.0,7.708261228338448,1000.9600982250486,0.0
288420,0.0,0.0,7.708261228338448,1000.381019874799,0.0
288480,0.0,0.0,7.708261228338448,1000.7550561023543,0.0
288540,0.0,0.0,7.708261228338448,998.8661285643748,0.0
288600,0.0,0.0,7.708261228338448,998.9779220652661,0.0
288660,0.0,0.0,7.708261228338448,1000.1500903732133,0.0
288720,0.0,0.0,7.708261228338448,1000.6310834627752,0.0
288780,0.0,0.0,7.708261228338448,999.7909577146951,0.0
288840,0.0,0.0,7.708261228338448,999.8311370265249,0.0
288900,0.0,0.0,7.708261228338448,998.2821148288402,0.0
288960,0.0,0.0,7.708261228338448,999.5565578013772,0.0
289020,0.0,0.0,7.708261228338448,1001.2415820865485,0.0
289080,0.0,0.0,7.708261228338448,999.9829333708689,0.0
289140,0.0,0.0,7.708261228338448,999.9527606360147,0.0
289200,0.0,0.0,7.708261228338448,998.4278399878727,0.0
289260,0.0,0.0,7.708261228338448,999.8254643902189,0.0
289320,0.0,0.0,7.708261228338448,1000.0268213907858,0.0
289380,0.0,0.0,7.708261228338448,1001.6455140810655,0.0
289440,0.0,0.0,7.708261228338448,999.8348537815058,0.0
289500,0.0,0.0,7.708261228338448,999.4043335333477,0.0
289560,0.0,0.0,7.708261228338448,998.9919537650586,0.0
289620,0.0,0.0,7.708261228338448,999.8508598334316,0.0
289680,0.0,0.0,7.708261228338448,1000.5856225119999,0.0
289740,0.0,0.0,7.708261228338448,1000.6078730190918,0.0
289800,0.0,0.0,7.708261228338448,998.17263448586,0.0
289860,0.0,0.0,7.708261228338448,999.1011582988359,0.0
289920,0.0,0.0,7.708261228338448,999.9883140372912,0.0
289980,0.0,0.0,7.708261228338448,1000.3033630496006,0.0
290040,0.0,0.0,7.708261228338448,1001.3129667230812,0.0
290100,0.0,0.0,7.708261228338448,999.5041475705917,0.0
290160,0.0,0.0,7.708261228338448,998.9171451996702,0.0
290220,0.0,0.0,7.708261228338448,999.3945121230777,0.0
290280,0.0,0.0,7.708261228338448,1000.2403989678241,0.0
290340,0.0,0.0,7.708261228338448,1001.3876582293276,0.0
290400,0.0,0.0,7.708261228338448,999.4480806043979,0.0
290460,0.0,0.0,7.708261228338448,999.5178588954901,0.0
290520,0.0,0.0,7.708261228338448,998.9815812644747,0.0
290580,0.0,0.0,7.708261228338448,1000.0954009188225,0.0
290640,0.0,0.0,7.708261228338448,1000.659513312909,0.0
290700,0.0,0.0,7.708261228338448,999.5558722874986,0.0
290760,0.0,0.0,7.708261228338448,999.8982549437812,0.0
290820,0.0,0.0,7.708261228338448,998.2797974066834,0.0
290880,0.0,0.0,7.708261228338448,999.5750680527467,0.0
290940,0.0,0.0,7.708261228338448,1001.3597810527879,0.0
291000,0.0,0.0,7.708261228338448,1000.2907525126006,0.0
291060,0.0,0.0,7.708261228338448,1000.1694613509392,0.0
291120,0.0,0.0,7.708261228338448,998.6207249482134,0.0
291180,0.0,0.0,7.708261228338448,999.2580913835534,0.0
291240,0.0,0.0,7.708261228338448,1000.4861565588382,0.0
291300,0.0,0.0,7.708261228338448,1000.7422943808677,0.0
291360,0.0,0.0,7.708261228338448,999.2375138830366,0.0
291420,0.0,0.0,7.708261228338448,999.4368964162168,0.0
291480,0.0,0.0,7.708261228338448,998.8546053773357,0.0
291540,0.0,0.0,7.708261228338448,1000.546248580019,0.0
291600,0.0,0.0,7.708261228338448,1000.4756954514586,0.0
291660,0.0,0.0,7.708261228338448,1000.8332126483288,0.0
291720,0.0,0.0,7.708261228338448,997.7384311099511,0.0
291780,0.0,0.0,7.708261228338448,999.1666413793963,0.0
291840,0.0,0.0,7.708261228338448,1000.1395573379546,0.0
291900,0.0,0.0,7.708261228338448,1000.2366384755239,0.0
291960,0.0,0.0,7.708261228338448,1001.4187339796356,0.0
292020,0.0,0.0,7.708261228338448,999.4751466902644,0.0
292080,0.0,0.0,7.708261228338448,998.9724012533063,0.0
292140,0.0,0.0,7.708261228338448,999.4552678648333,0.0
292200,0.0,0.0,7.708261228338448,1000.2262685544108,0.0
292260,0.0,0.0,7.708261228338448,1000.4032755305382,0.0
292320,0.0,0.0,7.708261228338448,1000.3661695931654,0.0
292380,0.0,0.0,7.708261228338448,997.8968409553421,0.0
292440,0.0,0.0,7.708261228338448,999.1513039476606,0.0
292500,0.0,0.0,7.708261228338448,1000.6071863907165,0.0
292560,0.0,0.0,7.708261228338448,1000.4348847329975,0.0
292620,0.0,0.0,7.708261228338448,1000.9343354214728,0.0
292680,0.0,0.0,7.708261228338448,999.0820820786261,0.0
292740,0.0,0.0,7.708261228338448,998.8501314427923,0.0
292800,0.0,0.0,7.708261228338448,1000.6869143002397,0.0
292860,0.0,0.0,7.708261228338448,1000.36428121021,0.0
292920,0.0,0.0,7.708261228338448,1001.0330152076198,0.0
292980,0.0,0.0,7.708261228338448,997.892784371042,0.0
293040,0.0,0.0,7.708261228338448,998.7151570494633,0.0
293100,0.0,0.0,7.708261228338448,999.2691709377815,0.0
293160,0.0,0.0,7.708261228338448,1000.471918602869,0.0
293220,0.0,0.0,7.708261228338448,1000.6912110342846,0.0
293280,0.0,0.0,7.708261228338448,999.0467926407854,0.0
293340,0.0,0.0,7.708261228338448,999.509681572942,0.0
293400,0.0,0.0,7.708261228338448,998.9188377894651,0.0
293460,0.0,0.0,7.708261228338448,999.8973664485479,0.0
293520,0.0,0.0,7.708261228338448,1001.5101334544586,0.0
293580,0.0,0.0,7.708261228338448,1000.0617771184972,0.0
293640,0.0,0.0,7.708261228338448,999.5731278108168,0.0
293700,0.0,0.0,7.708261228338448,998.761609999999,0.0
293760,0.0,0.0,7.708261228338448,999.6424055013116,0.0
293820,0.0,0.0,7.708261228338448,1000.6486387416207,0.0
293880,0.0,0.0,7.708261228338448,1000.7026652357852,0.0
293940,0.0,0.0,7.708261228338448,998.7396673359242,0.0
294000,0.0,0.0,7.708261228338448,998.2873872073083,0.0
294060,0.0,0.0,7.708261228338448,999.3379796068069,0.0
294120,0.0,0.0,7.708261228338448,1001.6446138604028,0.0
294180,0.0,0.0,7.708261228338448,1000.1296198415822,0.0
294240,0.0,0.0,7.708261228338448,1000.4194547443764,0.0
294300,0.0,0.0,7.708261228338448,997.7047585726666,0.0
294360,0.0,0.0,7.708261228338448,999.2133238080662,0.0
294420,0.0,0.0,7.708261228338448,1000.6949015839211,0.0
294480,0.0,0.0,7.708261228338448,1000.3725219440735,0.0
294540,0.0,0.0,7.708261228338448,1001.0068222888069,0.0
294600,0.0,0.0,7.708261228338448,999.0574426060911,0.0
294660,0.0,0.0,7.708261228338448,998.907414695374,0.0
294720,0.0,0.0,7.708261228338448,999.9362394975261,0.0
294780,0.0,0.0,7.708261228338448,1000.5270654920578,0.0
294840,0.0,0.0,7.708261228338448,1000.0350224717937,0.0
294900,0.0,0.0,7.708261228338448,1000.0213774094678,0.0
294960,0.0,0.0,7.708261228338448,998.0752978073228,0.0
295020,0.0,0.0,7.708261228338448,999.3963165817188,0.0
295080,0.0,0.0,7.708261228338448,1001.0748516000082,0.0
295140,0.0,0.0,7.708261228338448,1000.2643843328196,0.0
295200,0.0,0.0,7.708261228338448,1000.109961310218,0.0
295260,0.0,0.0,7.708261228338448,998.4995466342359,0.0
295320,0.0,0.0,7.708261228338448,999.4213580146081,0.0
295380,0.0,0.0,7.708261228338448,999.8877641264404,0.0
295440,0.0,0.0,7.708261228338448,1001.6701544594553,0.0
295500,0.0,0.0,7.708261228338448,999.9869239852052,0.0
295560,0.0,0.0,7.708261228338448,999.6587731924935,0.0
295620,0.0,0.0,7.708261228338448,998.8168378122962,0.0
295680,0.0,0.0,7.708261228338448,999.6631069068114,0.0
295740,0.0,0.0,7.708261228338448,1000.6046800738723,0.0
295800,0.0,0.0,7.708261228338448,1000.6765488486828,0.0
295860,0.0,0.0,7.708261228338448,998.4306111863941,0.0
295920,0.0,0.0,7.708261228338448,999.1753719396573,0.0
295980,0.0,0.0,7.708261228338448,999.6551755153037,0.0
296040,0.0,0.0,7.708261228338448,1000.200716752456,0.0
296100,0.0,0.0,7.708261228338448,1001.4226389547318,0.0
296160,0.0,0.0,7.708261228338448,999.7002258818727,0.0
296220,0.0,0.0,7.708261228338448,999.0643066312551,0.0
296280,0.0,0.0,7.708261228338448,999.1640099355801,0.0
296340,0.0,0.0,7.708261228338448,1000.0638194623547,0.0
296400,0.0,0.0,7.708261228338448,1001.5753297745049,0.0
296460,0.0,0.0,7.708261228338448,999.668062002067,0.0
296520,0.0,0.0,7.708261228338448,999.7266898165727,0.0
296580,0.0,0.0,7.708261228338448,998.5683398842829,0.0
296640,0.0,0.0,7.708261228338448,999.9140079382619,0.0
296700,0.0,0.0,7.708261228338448,1000.5607484457357,0.0
296760,0.0,0.0,7.708261228338448,999.8163154887346,0.0
296820,0.0,0.0,7.708261228338448,1000.0630125398974,0.0
296880,0.0,0.0,7.708261228338448,998.0537729815093,0.0
296940,0.0,0.0,7.708261228338448,999.4347056586058,0.0
297000,0.0,0.0,7.708261228338448,1001.203555478238,0.0
297060,0.0,0.0,7.708261228338448,1000.3550782503087,0.0
297120,0.0,0.0,7.708261228338448,1000.4417275920365,0.0
297180,0.0,0.0,7.708261228338448,998.6862334484331,0.0
297240,0.0,0.0,7.708261228338448,999.1066407902829,0.0
297300,0.0,0.0,7.708261228338448,1000.3491080495266,0.0
297360,0.0,0.0,7.708261228338448,1000.7118534583965,0.0
297420,0.0,0.0,7.708261228338448,999.5166473132815,0.0
297480,0.0,0.0,7.708261228338448,999.6118527832868,0.0
297540,0.0,0.0,7.708261228338448,998.5675620887151,0.0
297600,0.0,0.0,7.708261228338448,1000.339972282484,0.0
297660,0.0,0.0,7.708261228338448,1000.4022452263883,0.0
297720,0.0,0.0,7.708261228338448,1001.1357732596438,0.0
297780,0.0,0.0,7.708261228338448,997.9866087095811,0.0
297840,0.0,0.0,7.708261228338448,999.244015764012,0.0
297900,0.0,0.0,7.708261228338448,999.7962267361362,0.0
297960,0.0,0.0,7.708261228338448,1000.1473869212302,0.0
298020,0.0,0.0,7.708261228338448,1001.5235163527799,0.0
298080,0.0,0.0,7.708261228338448,999.6569440266197,0.0
298140,0.0,0.0,7.708261228338448,999.1088004814002,0.0
298200,0.0,0.0,7.708261228338448,999.2325913773059,0.0
298260,0.0,0.0,7.708261228338448,1000.0642320380554,0.0
298320,0.0,0.0,7.708261228338448,1000.5198114223083,0.0
298380,0.0,0.0,7.708261228338448,1000.4908924343997,0.0
298440,0.0,0.0,7.708261228338448,997.9728898652664,0.0
298500,0.0,0.0,7.708261228338448,999.0908574489459,0.0
298560,0.0,0.0,7.708261228338448,1000.3315729733928,0.0
298620,0.0,0.0,7.708261228338448,1000.3961917659014,0.0
298680,0.0,0.0,7.708261228338448,1001.1218768959519,0.0
298740,0.0,0.0,7.708261228338448,999.2772141573487,0.0
298800,0.0,0.0,7.708261228338448,998.8362981025248,0.0
298860,0.0,0.0,7.708261228338448,1000.333649053358,0.0
298920,0.0,0.0,7.708261228338448,1000.2959537064112,0.0
298980,0.0,0.0,7.708261228338448,1001.0868075036976,0.0
299040,0.0,0.0,7.708261228338448,998.24591336028,0.0
299100,0.0,0.0,7.708261228338448,998.7893522599007,0.0
299160,0.0,0.0,7.708261228338448,999.1156452215143,0.0
299220,0.0,0.0,7.708261228338448,1000.3561394556484,0.0
299280,0.0,0.0,7.708261228338448,1000.6572246870671,0.0
299340,0.0,0.0,7.708261228338448,999.3298986866678,0.0
299400,0.0,0.0,7.708261228338448,999.669856781426,0.0
299460,0.0,0.0,7.708261228338448,998.6160548721941,0.0
299520,0.0,0.0,7.708261228338448,999.7539669054853,0.0
299580,0.0,0.0,7.708261228338448,1001.4591854259264,0.0
299640,0.0,0.0,7.708261228338448,1000.1868717070979,0.0
299700,0.0,0.0,7.708261228338448,999.8285451571326,0.0
299760,0.0,0.0,7.708261228338448,998.6548175565912,0.0
299820,0.0,0.0,7.708261228338448,999.4607818656149,0.0
299880,0.0,0.0,7.708261228338448,1000.6007255064173,0.0
299940,0.0,0.0,7.708261228338448,1000.7416494271033,0.0
300000,0.0,0.0,7.708261228338448,999.0919431069796,0.0
300060,0.0,0.0,7.708261228338448,998.1956354904484,0.0
300120,0.0,0.0,7.708261228338448,999.2207662284377,0.0
300180,0.0,0.0,7.708261228338448,1001.4511201058418,0.0
300240,0.0,0.0,7.708261228338448,1000.2719085526813,0.0
300300,0.0,0.0,7.708261228338448,1000.5373265411812,0.0
300360,0.0,0.0,7.708261228338448,997.7240623326475,0.0
300420,0.0,0.0,7.708261228338448,999.170665125668,0.0
300480,0.0,0.0,7.708261228338448,1000.4182876933183,0.0
300540,0.0,0.0,7.708261228338448,1000.3396639174603,0.0
300600,0.0,0.0,7.708261228338448,1001.1968406578899,0.0
300660,0.0,0.0,7.708261228338448,999.2406432338163,0.0
300720,0.0,0.0,7.708261228338448,998.8932913246472,0.0
300780,0.0,0.0,7.708261228338448,999.7237215847853,0.0
300840,0.0,0.0,7.708261228338448,1000.4100670702501,0.0
300900,0.0,0.0,7.708261228338448,1000.2324330267328,0.0
300960,0.0,0.0,7.708261228338448,1000.1818751497307,0.0
301020,0.0,0.0,7.708261228338448,997.9564239962448,0.0
301080,0.0,0.0,7.708261228338448,999.2658623475131,0.0
301140,0.0,0.0,7.708261228338448,1000.8768255424803,0.0
301200,0.0,0.0,7.708261228338448,1000.4532295882959,0.0
301260,0.0,0.0,7.708261228338448,1000.6591976979032,0.0
301320,0.0,0.0,7.708261228338448,997.396742703913,0.0
301380,0.0,0.0,7.708261228338448,999.0394944666066,0.0
301440,0.0,0.0,7.708261228338448,1000.0371287627997,0.0
301500,0.0,0.0,7.708261228338448,1001.2414000960135,0.0
301560,0.0,0.0,7.708261228338448,1000.1950308170094,0.0
301620,0.0,0.0,7.708261228338448,999.7833594216096,0.0
301680,0.0,0.0,7.708261228338448,998.6811171407974,0.0
301740,0.0,0.0,7.708261228338448,999.4677638307372,0.0
301800,0.0,0.0,7.708261228338448,1000.5718793713727,0.0
301860,0.0,0.0,7.708261228338448,1000.716949526079,0.0
301920,0.0,0.0,7.708261228338448,998.7160616183925,0.0
301980,0.0,0.0,7.708261228338448,999.3100385053051,0.0
302040,0.0,0.0,7.708261228338448,999.3037487715209,0.0
302100,0.0,0.0,7.708261228338448,1000.0701185877488,0.0
302160,0.0,0.0,7.708261228338448,1001.4870162024986,0.0
302220,0.0,0.0,7.708261228338448,999.8866286965788,0.0
302280,0.0,0.0,7.708261228338448,999.276350292804,0.0
302340,0.0,0.0,7.708261228338448,998.9491527394559,0.0
302400,0.0,0.0,7.708261228338448,999.8679231136102,0.0
302460,0.0,0.0,7.708261228338448,1001.7050141466208,0.0
302520,0.0,0.0,7.708261228338448,999.8696973957274,0.0
302580,0.0,0.0,7.708261228338448,999.9542358907181,0.0
302640,0.0,0.0,7.708261228338448,998.1697718819239,0.0
302700,0.0,0.0,7.708261228338448,999.7062015675596,0.0
302760,0.0,0.0,7.708261228338448,1000.4304193402231,0.0
302820,0.0,0.0,7.708261228338448,1000.048912352228,0.0
302880,0.0,0.0,7.708261228338448,1000.2220823177854,0.0
302940,0.0,0.0,7.708261228338448,997.8874525789473,0.0
303000,0.0,0.0,7.708261228338448,999.3087537606715,0.0
303060,0.0,0.0,7.708261228338448,1000.9979053649419,0.0
303120,0.0,0.0,7.708261228338448,1000.3873298069916,0.0
303180,0.0,0.0,7.708261228338448,1000.7081673059138,0.0
303240,0.0,0.0,7.708261228338448,998.8424527739999,0.0
303300,0.0,0.0,7.708261228338448,998.9839615134242,0.0
303360,0.0,0.0,7.708261228338448,1000.1732742249945,0.0
303420,0.0,0.0,7.708261228338448,1000.6477128943797,0.0
303480,0.0,0.0,7.708261228338448,999.7831267713925,0.0
303540,0.0,0.0,7.708261228338448,999.7989024245784,0.0
303600,0.0,0.0,7.708261228338448,998.311385504241,0.0
303660,0.0,0.0,7.708261228338448,999.574224247196,0.0
303720,0.0,0.0,7.708261228338448,1001.2429474349849,0.0
303780,0.0,0.0,7.708261228338448,999.9852594014533,0.0
303840,0.0,0.0,7.708261228338448,999.9328228795016,0.0
303900,0.0,0.0,7.708261228338448,998.4265617373537,0.0
303960,0.0,0.0,7.708261228338448,999.8363184293914,0.0
304020,0.0,0.0,7.708261228338448,1000.0447684668696,0.0
304080,0.0,0.0,7.708261228338448,1001.6233760349589,0.0
304140,0.0,0.0,7.708261228338448,999.8260711648674,0.0
304200,0.0,0.0,7.708261228338448,999.3738948776776,0.0
304260,0.0,0.0,7.708261228338448,999.0023498236533,0.0
304320,0.0,0.0,7.708261228338448,999.8676949111276,0.0
304380,0.0,0.0,7.708261228338448,1000.5916767857283,0.0
304440,0.0,0.0,7.708261228338448,1000.6025104189613,0.0
304500,0.0,0.0,7.708261228338448,998.1800834369596,0.0
304560,0.0,0.0,7.708261228338448,999.0890968568618,0.0
304620,0.0,0.0,7.708261228338448,999.9989963530974,0.0
304680,0.0,0.0,7.708261228338448,1000.3146538864324,0.0
304740,0.0,0.0,7.708261228338448,1001.2953629081486,0.0
304800,0.0,0.0,7.708261228338448,999.4962418996033,0.0
304860,0.0,0.0,7.708261228338448,998.9047190479267,0.0
304920,0.0,0.0,7.708261228338448,999.914972713788,0.0
304980,0.0,0.0,7.708261228338448,1000.1814468663828,0.0
305040,0.0,0.0,7.708261228338448,1001.1049092488331,0.0
305100,0.0,0.0,7.708261228338448,998.6552445234231,0.0
305160,0.0,0.0,7.708261228338448,998.9524879459227,0.0
305220,0.0,0.0,7.708261228338448,998.9800298497037,0.0
305280,0.0,0.0,7.708261228338448,1000.1866934282192,0.0
305340,0.0,0.0,7.708261228338448,1000.5851114289982,0.0
305400,0.0,0.0,7.708261228338448,999.6160816077106,0.0
305460,0.0,0.0,7.708261228338448,999.856900525409,0.0
305520,0.0,0.0,7.708261228338448,998.317666830337,0.0
305580,0.0,0.0,7.708261228338448,999.5939993548799,0.0
305640,0.0,0.0,7.708261228338448,1001.3560658240299,0.0
305700,0.0,0.0,7.708261228338448,1000.2906464429338,0.0
305760,0.0,0.0,7.708261228338448,1000.1220580507759,0.0
305820,0.0,0.0,7.708261228338448,998.6158562382018,0.0
305880,0.0,0.0,7.708261228338448,999.2746341603486,0.0
305940,0.0,0.0,7.708261228338448,1000.5008518084837,0.0
306000,0.0,0.0,7.708261228338448,1000.7482823793741,0.0
306060,0.0,0.0,7.708261228338448,999.4928689361384,0.0
306120,0.0,0.0,7.708261228338448,998.2037635823046,0.0
306180,0.0,0.0,7.708261228338448,999.1284206112368,0.0
306240,0.0,0.0,7.708261228338448,1001.1932451486934,0.0
306300,0.0,0.0,7.708261228338448,1000.3714768037872,0.0
306360,0.0,0.0,7.708261228338448,1000.6395289735972,0.0
306420,0.0,0.0,7.708261228338448,997.8649290986718,0.0
306480,0.0,0.0,7.708261228338448,999.181638197604,0.0
306540,0.0,0.0,7.708261228338448,1000.0967174280753,0.0
306600,0.0,0.0,7.708261228338448,1000.2726435113071,0.0
306660,0.0,0.0,7.708261228338448,1001.3670235109657,0.0
306720,0.0,0.0,7.708261228338448,999.4392477751402,0.0
306780,0.0,0.0,7.708261228338448,998.9483297777994,0.0
306840,0.0,0.0,7.708261228338448,999.4881924985393,0.0
306900,0.0,0.0,7.708261228338448,1000.2602707334452,0.0
306960,0.0,0.0,7.708261228338448,1000.3992009128482,0.0
307020,0.0,0.0,7.708261228338448,1000.3393522117092,0.0
307080,0.0,0.0,7.708261228338448,997.9145579880715,0.0
307140,0.0,0.0,7.708261228338448,999.1555671751886,0.0
307200,0.0,0.0,7.708261228338448,1000.6309071864708,0.0
307260,0.0,0.0,7.708261228338448,1000.448447752215,0.0
307320,0.0,0.0,7.708261228338448,1000.8917268807036,0.0
307380,0.0,0.0,7.708261228338448,997.4186073026708,0.0
307440,0.0,0.0,7.708261228338448,998.9754208101908,0.0
307500,0.0,0.0,7.708261228338448,999.7869164257185,0.0
307560,0.0,0.0,7.708261228338448,1001.3436040843443,0.0
307620,0.0,0.0,7.708261228338448,1000.2852265654641,0.0
307680,0.0,0.0,7.708261228338448,1000.0766571011479,0.0
307740,0.0,0.0,7.708261228338448,998.6275753975386,0.0
307800,0.0,0.0,7.708261228338448,999.3047286352536,0.0
307860,0.0,0.0,7.708261228338448,1000.495231771493,0.0
307920,0.0,0.0,7.708261228338448,1000.7207374404078,0.0
307980,0.0,0.0,7.708261228338448,999.007454591648,0.0
308040,0.0,0.0,7.708261228338448,999.4601674170783,0.0
308100,0.0,0.0,7.708261228338448,998.975187260355,0.0
308160,0.0,0.0,7.708261228338448,999.9311142209964,0.0
308220,0.0,0.0,7.708261228338448,1001.4947265092394,0.0
308280,0.0,0.0,7.708261228338448,1000.0441910103375,0.0
308340,0.0,0.0,7.708261228338448,999.5138340397293,0.0
308400,0.0,0.0,7.708261228338448,998.7801021673636,0.0
308460,0.0,0.0,7.708261228338448,999.6768466459505,0.0
308520,0.0,0.0,7.708261228338448,1001.7571859671784,0.0
308580,0.0,0.0,7.708261228338448,1000.0372279347469,0.0
308640,0.0,0.0,7.708261228338448,1000.1679343273628,0.0
308700,0.0,0.0,7.708261228338448,997.8332671388619,0.0
308760,0.0,0.0,7.708261228338448,999.497820219474,0.0
308820,0.0,0.0,7.708261228338448,1000.2850788534319,0.0
308880,0.0,0.0,7.708261228338448,1000.2381664811656,0.0
308940,0.0,0.0,7.708261228338448,1000.3568558245144,0.0
309000,0.0,0.0,7.708261228338448,997.8111240939726,0.0
309060,0.0,0.0,7.708261228338448,999.2140839748664,0.0
309120,0.0,0.0,7.708261228338448,1000.7582544630219,0.0
309180,0.0,0.0,7.708261228338448,1000.388745083792,0.0
309240,0.0,0.0,7.708261228338448,1000.938636332566,0.0
309300,0.0,0.0,7.708261228338448,999.0171094561671,0.0
309360,0.0,0.0,7.708261228338448,998.9060315431971,0.0
309420,0.0,0.0,7.708261228338448,999.9770509131055,0.0
309480,0.0,0.0,7.708261228338448,1000.5580867307349,0.0
309540,0.0,0.0,7.708261228338448,1000.0180331303088,0.0
309600,0.0,0.0,7.708261228338448,999.9757812075189,0.0
309660,0.0,0.0,7.708261228338448,998.1158795522183,0.0
309720,0.0,0.0,7.708261228338448,999.420661753373,0.0
309780,0.0,0.0,7.708261228338448,1001.0905547398614,0.0
309840,0.0,0.0,7.708261228338448,1000.2560574701876,0.0
309900,0.0,0.0,7.708261228338448,1000.0831237735863,0.0
309960,0.0,0.0,7.708261228338448,998.483173382916,0.0
310020,0.0,0.0,7.708261228338448,999.4571192896871,0.0
310080,0.0,0.0,7.708261228338448,999.9158832298398,0.0
310140,0.0,0.0,7.708261228338448,1001.6473854598917,0.0
310200,0.0,0.0,7.708261228338448,999.9739101329797,0.0
310260,0.0,0.0,7.708261228338448,999.605310586395,0.0
310320,0.0,0.0,7.708261228338448,998.8323023432098,0.0
310380,0.0,0.0,7.708261228338448,999.6905345244828,0.0
310440,0.0,0.0,7.708261228338448,1000.6143033735653,0.0
310500,0.0,0.0,7.708261228338448,1000.6719316515988,0.0
310560,0.0,0.0,7.708261228338448,998.4275630036819,0.0
310620,0.0,0.0,7.708261228338448,999.1480025317004,0.0
310680,0.0,0.0,7.708261228338448,999.6843740680885,0.0
310740,0.0,0.0,7.708261228338448,1000.2204078844962,0.0
310800,0.0,0.0,7.708261228338448,1001.399373030652,0.0
310860,0.0,0.0,7.708261228338448,999.6846110193102,0.0
310920,0.0,0.0,7.708261228338448,999.037142855312,0.0
310980,0.0,0.0,7.708261228338448,999.5057287455514,0.0
311040,0.0,0.0,7.708261228338448,1000.0571019354835,0.0
311100,0.0,0.0,7.708261228338448,1001.0807269531375,0.0
311160,0.0,0.0,7.708261228338448,999.0639889074808,0.0
311220,0.0,0.0,7.708261228338448,999.1160817703902,0.0
311280,0.0,0.0,7.708261228338448,998.8958490709157,0.0
311340,0.0,0.0,7.708261228338448,1000.0052662115694,0.0
311400,0.0,0.0,7.708261228338448,1000.4972708538872,0.0
311460,0.0,0.0,7.708261228338448,999.8618375859709,0.0
311520,0.0,0.0,7.708261228338448,1000.0183355166697,0.0
311580,0.0,0.0,7.708261228338448,998.0945339914523,0.0
311640,0.0,0.0,7.708261228338448,999.4557816458138,0.0
311700,0.0,0.0,7.708261228338448,1001.2105021039439,0.0
311760,0.0,0.0,7.708261228338448,1000.3586421691774,0.0
311820,0.0,0.0,7.708261228338448,1000.3813204601083,0.0
311880,0.0,0.0,7.708261228338448,998.6660994570756,0.0
311940,0.0,0.0,7.708261228338448,999.1239152103368,0.0
312000,0.0,0.0,7.708261228338448,1000.3722993222171,0.0
312060,0.0,0.0,7.708261228338448,1000.7245746868218,0.0
312120,0.0,0.0,7.708261228338448,999.5038807730213,0.0
312180,0.0,0.0,7.708261228338448,999.5739085616032,0.0
312240,0.0,0.0,7.708261228338448,998.6033868266178,0.0
312300,0.0,0.0,7.708261228338448,1000.3580292495913,0.0
312360,0.0,0.0,7.708261228338448,1000.4222581034583,0.0
312420,0.0,0.0,7.708261228338448,1001.0857417127435,0.0
312480,0.0,0.0,7.708261228338448,997.9999802489456,0.0
312540,0.0,0.0,7.708261228338448,999.2155617697041,0.0
312600,0.0,0.0,7.708261228338448,999.824281034569,0.0
312660,0.0,0.0,7.708261228338448,1000.1661040486147,0.0
312720,0.0,0.0,7.708261228338448,1001.4981130398329,0.0
312780,0.0,0.0,7.708261228338448,999.6426263405882,0.0
312840,0.0,0.0,7.708261228338448,999.0820612889656,0.0
312900,0.0,0.0,7.708261228338448,999.2480728299898,0.0
312960,0.0,0.0,7.708261228338448,1000.083983575531,0.0
313020,0.0,0.0,7.708261228338448,1000.5235641811007,0.0
313080,0.0,0.0,7.708261228338448,1000.4796094028347,0.0
313140,0.0,0.0,7.708261228338448,997.9823241479176,0.0
313200,0.0,0.0,7.708261228338448,999.0855455538269,0.0
313260,0.0,0.0,7.708261228338448,1000.3429616262921,0.0
313320,0.0,0.0,7.708261228338448,1000.407369553024,0.0
313380,0.0,0.0,7.708261228338448,1001.099519814835,0.0
313440,0.0,0.0,7.708261228338448,997.604163119944,0.0
313500,0.0,0.0,7.708261228338448,998.9768491421037,0.0
313560,0.0,0.0,7.708261228338448,999.5233003456906,0.0
313620,0.0,0.0,7.708261228338448,1001.3770153952481,0.0
313680,0.0,0.0,7.708261228338448,1000.3461778667331,0.0
313740,0.0,0.0,7.708261228338448,1000.382181450811,0.0
313800,0.0,0.0,7.708261228338448,998.6653219404737,0.0
313860,0.0,0.0,7.708261228338448,999.1588887986769,0.0
313920,0.0,0.0,7.708261228338448,1000.3728590830029,0.0
313980,0.0,0.0,7.708261228338448,1000.6915376908421,0.0
314040,0.0,0.0,7.708261228338448,999.3021005214981,0.0
314100,0.0,0.0,7.708261228338448,999.6322512214449,0.0
314160,0.0,0.0,7.708261228338448,998.6559153601067,0.0
314220,0.0,0.0,7.708261228338448,999.7775405274598,0.0
314280,0.0,0.0,7.708261228338448,1001.4526808650888,0.0
314340,0.0,0.0,7.708261228338448,1000.1799217333757,0.0
314400,0.0,0.0,7.708261228338448,999.7826307071974,0.0
314460,0.0,0.0,7.708261228338448,998.6602432667127,0.0
314520,0.0,0.0,7.708261228338448,999.4827294279389,0.0
314580,0.0,0.0,7.708261228338448,1000.6129816662058,0.0
314640,0.0,0.0,7.708261228338448,1000.7419857947637,0.0
314700,0.0,0.0,7.708261228338448,999.0756082935002,0.0
314760,0.0,0.0,7.708261228338448,998.2065434584632,0.0
314820,0.0,0.0,7.708261228338448,999.2269396591662,0.0
314880,0.0,0.0,7.708261228338448,1001.4397725713362,0.0
314940,0.0,0.0,7.708261228338448,1000.2808626333083,0.0
315000,0.0,0.0,7.708261228338448,1000.5244305393467,0.0
315060,0.0,0.0,7.708261228338448,997.7414917199967,0.0
315120,0.0,0.0,7.708261228338448,999.1630403050435,0.0
315180,0.0,0.0,7.708261228338448,1000.431477730349,0.0
315240,0.0,0.0,7.708261228338448,1000.3516056901738,0.0
315300,0.0,0.0,7.708261228338448,1001.1699880151816,0.0
315360,0.0,0.0,7.708261228338448,999.2278777047178,0.0
315420,0.0,0.0,7.708261228338448,998.8847579553704,0.0
315480,0.0,0.0,7.708261228338448,999.7351492872829,0.0
315540,0.0,0.0,7.708261228338448,1000.423349309717,0.0
315600,0.0,0.0,7.708261228338448,1000.2356511949728,0.0
315660,0.0,0.0,7.708261228338448,1000.1678909266959,0.0
315720,0.0,0.0,7.708261228338448,997.9696258929447,0.0
315780,0.0,0.0,7.708261228338448,999.2686249631292,0.0
315840,0.0,0.0,7.708261228338448,1000.877908674334,0.0
315900,0.0,0.0,7.708261228338448,1000.4957503000633,0.0
315960,0.0,0.0,7.708261228338448,1000.2308304790993,0.0
316020,0.0,0.0,7.708261228338448,998.6525365687995,0.0
316080,0.0,0.0,7.708261228338448,999.0361064472027,0.0
316140,0.0,0.0,7.708261228338448,999.7616396624599,0.0
316200,0.0,0.0,7.708261228338448,1001.6242191348932,0.0
316260,0.0,0.0,7.708261228338448,1000.1089405245575,0.0
316320,0.0,0.0,7.708261228338448,999.8924504862932,0.0
316380,0.0,0.0,7.708261228338448,998.6993424757238,0.0
316440,0.0,0.0,7.708261228338448,999.4969982244494,0.0
316500,0.0,0.0,7.708261228338448,1000.5854042719732,0.0
316560,0.0,0.0,7.708261228338448,1000.714779641821,0.0
316620,0.0,0.0,7.708261228338448,998.7146298564442,0.0
316680,0.0,0.0,7.708261228338448,999.2775614623109,0.0
316740,0.0,0.0,7.708261228338448,999.3364108601967,0.0
316800,0.0,0.0,7.708261228338448,1000.0910275035645,0.0
316860,0.0,0.0,7.708261228338448,1001.468605049266,0.0
316920,0.0,0.0,7.708261228338448,999.8739285002468,0.0
316980,0.0,0.0,7.708261228338448,999.2433402630819,0.0
317040,0.0,0.0,7.708261228338448,999.059805917521,0.0
317100,0.0,0.0,7.708261228338448,999.898835869037,0.0
317160,0.0,0.0,7.708261228338448,1001.0140272756935,0.0
317220,0.0,0.0,7.708261228338448,999.4915556455935,0.0
317280,0.0,0.0,7.708261228338448,999.3043246025625,0.0
317340,0.0,0.0,7.708261228338448,998.8601215133822,0.0
317400,0.0,0.0,7.708261228338448,999.786332517834,0.0
317460,0.0,0.0,7.708261228338448,1000.3752126896284,0.0
317520,0.0,0.0,7.708261228338448,1000.0878492508454,0.0
317580,0.0,0.0,7.708261228338448,1000.1855087512619,0.0
317640,0.0,0.0,7.708261228338448,997.9167854905227,0.0
317700,0.0,0.0,7.708261228338448,999.3235142779547,0.0
317760,0.0,0.0,7.708261228338448,1001.0130769701041,0.0
317820,0.0,0.0,7.708261228338448,1000.3967128282194,0.0
317880,0.0,0.0,7.708261228338448,1000.6494774721267,0.0
317940,0.0,0.0,7.708261228338448,998.8142341140168,0.0
318000,0.0,0.0,7.708261228338448,998.9937804474589,0.0
318060,0.0,0.0,7.708261228338448,1000.1997282512925,0.0
318120,0.0,0.0,7.708261228338448,1000.6658363329673,0.0
318180,0.0,0.0,7.708261228338448,999.7713377799845,0.0
318240,0.0,0.0,7.708261228338448,999.7618289639313,0.0
318300,0.0,0.0,7.708261228338448,998.3452209995316,0.0
318360,0.0,0.0,7.708261228338448,1000.1110542388833,0.0
318420,0.0,0.0,7.708261228338448,1000.3242504373366,0.0
318480,0.0,0.0,7.708261228338448,1001.3578308352262,0.0
318540,0.0,0.0,7.708261228338448,998.2806789564089,0.0
318600,0.0,0.0,7.708261228338448,999.3357450189037,0.0
318660,0.0,0.0,7.708261228338448,999.4662811159749,0.0
318720,0.0,0.0,7.708261228338448,1000.0550220816089,0.0
318780,0.0,0.0,7.708261228338448,1001.5643237924461,0.0
318840,0.0,0.0,7.708261228338448,999.8175761288858,0.0
318900,0.0,0.0,7.708261228338448,999.2728435413853,0.0
318960,0.0,0.0,7.708261228338448,999.0356181450051,0.0
319020,0.0,0.0,7.708261228338448,999.9066337580908,0.0
319080,0.0,0.0,7.708261228338448,1000.5975770319483,0.0
319140,0.0,0.0,7.708261228338448,1000.5861137935225,0.0
319200,0.0,0.0,7.708261228338448,998.1716325134153,0.0
319260,0.0,0.0,7.708261228338448,999.069726020102,0.0
319320,0.0,0.0,7.708261228338448,1000.0412865992311,0.0
319380,0.0,0.0,7.708261228338448,1000.3394701429586,0.0
319440,0.0,0.0,7.708261228338448,1001.2562894071165,0.0
319500,0.0,0.0,7.708261228338448,997.8980545289993,0.0
319560,0.0,0.0,7.708261228338448,999.0540689198464,0.0
319620,0.0,0.0,7.708261228338448,999.2756569161381,0.0
319680,0.0,0.0,7.708261228338448,1001.3355408448491,0.0
319740,0.0,0.0,7.708261228338448,1000.375965631409,0.0
319800,0.0,0.0,7.708261228338448,1000.6608648155292,0.0
319860,0.0,0.0,7.708261228338448,998.7981436747398,0.0
319920,0.0,0.0,7.708261228338448,999.0482827064297,0.0
319980,0.0,0.0,7.708261228338448,1000.219938417456,0.0
320040,0.0,0.0,7.708261228338448,1000.6348716074766,0.0
320100,0.0,0.0,7.708261228338448,999.5769282686098,0.0
320160,0.0,0.0,7.708261228338448,999.8018433638996,0.0
320220,0.0,0.0,7.708261228338448,998.3793392146204,0.0
320280,0.0,0.0,7.708261228338448,999.6273987111751,0.0
320340,0.0,0.0,7.708261228338448,1001.3611786836113,0.0
320400,0.0,0.0,7.708261228338448,1000.2842788358032,0.0
320460,0.0,0.0,7.708261228338448,1000.0496971762742,0.0
320520,0.0,0.0,7.708261228338448,998.6115423285768,0.0
320580,0.0,0.0,7.708261228338448,999.305424590929,0.0
320640,0.0,0.0,7.708261228338448,1000.5250965114691,0.0
320700,0.0,0.0,7.708261228338448,1000.7553332677724,0.0
320760,0.0,0.0,7.708261228338448,999.4498068931983,0.0
320820,0.0,0.0,7.708261228338448,998.2059536821041,0.0
320880,0.0,0.0,7.708261228338448,999.1314232219836,0.0
320940,0.0,0.0,7.708261228338448,1001.1968476354667,0.0
321000,0.0,0.0,7.708261228338448,1000.3818789155702,0.0
321060,0.0,0.0,7.708261228338448,1000.6251937133785,0.0
321120,0.0,0.0,7.708261228338448,997.8725443680023,0.0
321180,0.0,0.0,7.708261228338448,999.1611394515186,0.0
321240,0.0,0.0,7.708261228338448,1000.1305372194506,0.0
321300,0.0,0.0,7.708261228338448,1000.293094632873,0.0
321360,0.0,0.0,7.708261228338448,1001.3299636781235,0.0
321420,0.0,0.0,7.708261228338448,999.4166807853546,0.0
321480,0.0,0.0,7.708261228338448,998.9264563116652,0.0
321540,0.0,0.0,7.708261228338448,999.5115211181034,0.0
321600,0.0,0.0,7.708261228338448,1000.28460788429,0.0
321660,0.0,0.0,7.708261228338448,1000.3984303448226,0.0
321720,0.0,0.0,7.708261228338448,1000.3188934513067,0.0
321780,0.0,0.0,7.708261228338448,997.9296401073859,0.0
321840,0.0,0.0,7.708261228338448,999.1585166827622,0.0
321900,0.0,0.0,7.708261228338448,1000.6451500480604,0.0
321960,0.0,0.0,7.708261228338448,1000.6692020313795,0.0
322020,0.0,0.0,7.708261228338448,1000.3401777993249,0.0
322080,0.0,0.0,7.708261228338448,998.8828032134104,0.0
322140,0.0,0.0,7.708261228338448,998.6595498573864,0.0
322200,0.0,0.0,7.708261228338448,999.6238942040186,0.0
322260,0.0,0.0,7.708261228338448,1001.5430614285192,0.0
322320,0.0,0.0,7.708261228338448,1000.2073289244456,0.0
322380,0.0,0.0,7.708261228338448,1000.1544819045109,0.0
322440,0.0,0.0,7.708261228338448,998.6414191388214,0.0
322500,0.0,0.0,7.708261228338448,999.3325000750766,0.0
322560,0.0,0.0,7.708261228338448,1000.518151086452,0.0
322620,0.0,0.0,7.708261228338448,1000.7247591275343,0.0
322680,0.0,0.0,7.708261228338448,998.9966065038669,0.0
322740,0.0,0.0,7.708261228338448,999.4165624272082,0.0
322800,0.0,0.0,7.708261228338448,999.0216827471255,0.0
322860,0.0,0.0,7.708261228338448,999.9589051826536,0.0
322920,0.0,0.0,7.708261228338448,1001.4795341137394,0.0
322980,0.0,0.0,7.708261228338448,1000.0299421998247,0.0
323040,0.0,0.0,7.708261228338448,999.465630905356,0.0
323100,0.0,0.0,7.708261228338448,998.7954333508322,0.0
323160,0.0,0.0,7.708261228338448,999.7050815817131,0.0
323220,0.0,0.0,7.708261228338448,1001.7260581863964,0.0
323280,0.0,0.0,7.708261228338448,1000.0340952919356,0.0
323340,0.0,0.0,7.708261228338448,1000.1273670278026,0.0
323400,0.0,0.0,7.708261228338448,997.8786378272721,0.0
323460,0.0,0.0,7.708261228338448,999.520158456931,0.0
323520,0.0,0.0,7.708261228338448,1000.3101510704446,0.0
323580,0.0,0.0,7.708261228338448,1000.2397181182995,0.0
323640,0.0,0.0,7.708261228338448,1000.3388799074646,0.0
323700,0.0,0.0,7.708261228338448,997.8311345107405,0.0
323760,0.0,0.0,7.708261228338448,999.2151758495072,0.0
323820,0.0,0.0,7.708261228338448,1000.7694835219421,0.0
323880,0.0,0.0,7.708261228338448,1000.3988378382273,0.0
323940,0.0,0.0,7.708261228338448,1000.9062746245139,0.0
324000,0.0,0.0,7.708261228338448,999.0013849234942,0.0
324060,0.0,0.0,7.708261228338448,998.9043111999744,0.0
324120,0.0,0.0,7.708261228338448,999.9909939020945,0.0
324180,0.0,0.0,7.708261228338448,1000.5712626841971,0.0
324240,0.0,0.0,7.708261228338448,1000.018550838693,0.0
324300,0.0,0.0,7.708261228338448,999.956429840185,0.0
324360,0.0,0.0,7.708261228338448,998.1321554468656,0.0
324420,0.0,0.0,7.708261228338448,999.824848834739,0.0
324480,0.0,0.0,7.708261228338448,1000.1989273657408,0.0
324540,0.0,0.0,7.708261228338448,1001.591966245557,0.0
324600,0.0,0.0,7.708261228338448,998.5832540457642,0.0
324660,0.0,0.0,7.708261228338448,999.490299076098,0.0
324720,0.0,0.0,7.708261228338448,999.0965282171485,0.0
324780,0.0,0.0,7.708261228338448,999.9235182207593,0.0
324840,0.0,0.0,7.708261228338448,1001.5829226119298,0.0
324900,0.0,0.0,7.708261228338448,999.9776950051081,0.0
324960,0.0,0.0,7.708261228338448,999.5142166080656,0.0
325020,0.0,0.0,7.708261228338448,998.8489532845215,0.0
325080,0.0,0.0,7.708261228338448,999.7177346936937,0.0
325140,0.0,0.0,7.708261228338448,1000.623966273388,0.0
325200,0.0,0.0,7.708261228338448,1000.6664098081502,0.0
325260,0.0,0.0,7.708261228338448,998.4219557386548,0.0
325320,0.0,0.0,7.708261228338448,999.1210976344094,0.0
325380,0.0,0.0,7.708261228338448,999.7154293114017,0.0
325440,0.0,0.0,7.708261228338448,1000.24113834372,0.0
325500,0.0,0.0,7.708261228338448,1001.3747690292472,0.0
325560,0.0,0.0,7.708261228338448,999.667160631854,0.0
325620,0.0,0.0,7.708261228338448,999.0091480462985,0.0
325680,0.0,0.0,7.708261228338448,999.5252966454054,0.0
325740,0.0,0.0,7.708261228338448,1000.0768371132308,0.0
325800,0.0,0.0,7.708261228338448,1001.0832098644291,0.0
325860,0.0,0.0,7.708261228338448,999.0710717146312,0.0
325920,0.0,0.0,7.708261228338448,999.097323910566,0.0
325980,0.0,0.0,7.708261228338448,998.8953951521049,0.0
326040,0.0,0.0,7.708261228338448,1000.0213791386176,0.0
326100,0.0,0.0,7.708261228338448,1000.5127052918267,0.0
326160,0.0,0.0,7.708261228338448,999.8631715840036,0.0
326220,0.0,0.0,7.708261228338448,999.997733534203,0.0
326280,0.0,0.0,7.708261228338448,998.1148468498031,0.0
326340,0.0,0.0,7.708261228338448,999.4638144631137,0.0
326400,0.0,0.0,7.708261228338448,1001.209502930051,0.0
326460,0.0,0.0,7.708261228338448,1000.3625724351575,0.0
326520,0.0,0.0,7.708261228338448,1000.3550372346235,0.0
326580,0.0,0.0,7.708261228338448,998.658617642263,0.0
326640,0.0,0.0,7.708261228338448,999.1292013367923,0.0
326700,0.0,0.0,7.708261228338448,1000.3804736304313,0.0
326760,0.0,0.0,7.708261228338448,1000.7306167302048,0.0
326820,0.0,0.0,7.708261228338448,999.868631980106,0.0
326880,0.0,0.0,7.708261228338448,998.341022199811,0.0
326940,0.0,0.0,7.708261228338448,999.0742037904905,0.0
327000,0.0,0.0,7.708261228338448,1000.8840791140249,0.0
327060,0.0,0.0,7.708261228338448,1000.434683157652,0.0
327120,0.0,0.0,7.708261228338448,1000.7061131797902,0.0
327180,0.0,0.0,7.708261228338448,998.1203778635146,0.0
327240,0.0,0.0,7.708261228338448,999.2339401813348,0.0
327300,0.0,0.0,7.708261228338448,999.7816173099295,0.0
327360,0.0,0.0,7.708261228338448,1000.1971501565192,0.0
327420,0.0,0.0,7.708261228338448,1001.4666406956271,0.0
327480,0.0,0.0,7.708261228338448,999.6178894181589,0.0
327540,0.0,0.0,7.708261228338448,999.0570084576143,0.0
327600,0.0,0.0,7.708261228338448,999.2700028388048,0.0
327660,0.0,0.0,7.708261228338448,1000.1105931005941,0.0
327720,0.0,0.0,7.708261228338448,1000.5253419540694,0.0
327780,0.0,0.0,7.708261228338448,1000.4636379801393,0.0
327840,0.0,0.0,7.708261228338448,997.9905675855,0.0
327900,0.0,0.0,7.708261228338448,999.0812643553318,0.0
327960,0.0,0.0,7.708261228338448,1000.36158339311,0.0
328020,0.0,0.0,7.708261228338448,1000.7929410878362,0.0
328080,0.0,0.0,7.708261228338448,1000.4314540624525,0.0
328140,0.0,0.0,7.708261228338448,999.1908095508967,0.0
328200,0.0,0.0,7.708261228338448,998.2846911630493,0.0
328260,0.0,0.0,7.708261228338448,999.4809491971814,0.0
328320,0.0,0.0,7.708261228338448,1001.4076821438406,0.0
328380,0.0,0.0,7.708261228338448,1000.2810441314074,0.0
328440,0.0,0.0,7.708261228338448,1000.4406072758251,0.0
328500,0.0,0.0,7.708261228338448,998.667060366005,0.0
328560,0.0,0.0,7.708261228338448,999.174577149976,0.0
328620,0.0,0.0,7.708261228338448,1000.4016109151958,0.0
328680,0.0,0.0,7.708261228338448,1000.7022515730831,0.0
328740,0.0,0.0,7.708261228338448,999.2902114031491,0.0
328800,0.0,0.0,7.708261228338448,999.5875428428523,0.0
328860,0.0,0.0,7.708261228338448,998.7026175821093,0.0
328920,0.0,0.0,7.708261228338448,999.8047699778848,0.0
328980,0.0,0.0,7.708261228338448,1001.444976818815,0.0
329040,0.0,0.0,7.708261228338448,1000.1705789396223,0.0
329100,0.0,0.0,7.708261228338448,999.7306842770947,0.0
329160,0.0,0.0,7.708261228338448,998.668010368821,0.0
329220,0.0,0.0,7.708261228338448,999.5089128951053,0.0
329280,0.0,0.0,7.708261228338448,1001.7161310208452,0.0
329340,0.0,0.0,7.708261228338448,1000.1755813964543,0.0
329400,0.0,0.0,7.708261228338448,1000.3410735757186,0.0
329460,0.0,0.0,7.708261228338448,997.5988320118834,0.0
329520,0.0,0.0,7.708261228338448,999.3066730716572,0.0
329580,0.0,0.0,7.708261228338448,1000.1439927515182,0.0
329640,0.0,0.0,7.708261228338448,1000.390754607439,0.0
329700,0.0,0.0,7.708261228338448,1000.4611523037204,0.0
329760,0.0,0.0,7.708261228338448,997.8456701266805,0.0
329820,0.0,0.0,7.708261228338448,999.1498762466173,0.0
329880,0.0,0.0,7.708261228338448,1000.4952713249949,0.0
329940,0.0,0.0,7.708261228338448,1000.3715345359786,0.0
330000,0.0,0.0,7.708261228338448,1001.1146543229917,0.0
330060,0.0,0.0,7.708261228338448,999.1924744893818,0.0
330120,0.0,0.0,7.708261228338448,998.8712603503074,0.0
330180,0.0,0.0,7.708261228338448,999.772043288281,0.0
330240,0.0,0.0,7.708261228338448,1000.4547646453242,0.0
330300,0.0,0.0,7.708261228338448,1000.2251353080079,0.0
330360,0.0,0.0,7.708261228338448,1000.13124928921,0.0
330420,0.0,0.0,7.708261228338448,997.9979291971645,0.0
330480,0.0,0.0,7.708261228338448,999.530207930625,0.0
330540,0.0,0.0,7.708261228338448,1000.0636501064016,0.0
330600,0.0,0.0,7.708261228338448,1001.7577124073732,0.0
330660,0.0,0.0,7.708261228338448,998.8842679178703,0.0
330720,0.0,0.0,7.708261228338448,999.651709583653,0.0
330780,0.0,0.0,7.708261228338448,998.7526077988715,0.0
330840,0.0,0.0,7.708261228338448,999.7890994917035,0.0
330900,0.0,0.0,7.708261228338448,1001.5477677299722,0.0
330960,0.0,0.0,7.708261228338448,1000.1094345909812,0.0
331020,0.0,0.0,7.708261228338448,999.7702341111541,0.0
331080,0.0,0.0,7.708261228338448,998.7140101616328,0.0
331140,0.0,0.0,7.708261228338448,999.5377301875604,0.0
331200,0.0,0.0,7.708261228338448,1000.6046391032721,0.0
331260,0.0,0.0,7.708261228338448,1000.7142149285362,0.0
331320,0.0,0.0,7.708261228338448,998.6928970037733,0.0
331380,0.0,0.0,7.708261228338448,999.2301273867116,0.0
331440,0.0,0.0,7.708261228338448,999.3931275311018,0.0
331500,0.0,0.0,7.708261228338448,1000.1248313583054,0.0
331560,0.0,0.0,7.708261228338448,1001.4418031675466,0.0
331620,0.0,0.0,7.708261228338448,999.8482940008505,0.0
331680,0.0,0.0,7.708261228338448,999.191046443369,0.0
331740,0.0,0.0,7.708261228338448,999.1095745753531,0.0
331800,0.0,0.0,7.708261228338448,999.9309729145195,0.0
331860,0.0,0.0,7.708261228338448,1001.0265654947983,0.0
331920,0.0,0.0,7.708261228338448,999.478262178246,0.0
331980,0.0,0.0,7.708261228338448,999.273499512393,0.0
332040,0.0,0.0,7.708261228338448,998.8511728218838,0.0
332100,0.0,0.0,7.708261228338448,999.8164343084106,0.0
332160,0.0,0.0,7.708261228338448,1000.4025378779818,0.0
332220,0.0,0.0,7.708261228338448,1000.0823694788884,0.0
332280,0.0,0.0,7.708261228338448,1000.1561661907067,0.0
332340,0.0,0.0,7.708261228338448,997.9467830349272,0.0
332400,0.0,0.0,7.708261228338448,999.3343857197823,0.0
332460,0.0,0.0,7.708261228338448,1001.0243199350244,0.0
332520,0.0,0.0,7.708261228338448,1000.403783739271,0.0
332580,0.0,0.0,7.708261228338448,1000.6064593131764,0.0
332640,0.0,0.0,7.708261228338448,998.7943916603914,0.0
332700,0.0,0.0,7.708261228338448,999.0008592063643,0.0
332760,0.0,0.0,7.708261228338448,1000.2180516769524,0.0
332820,0.0,0.0,7.708261228338448,1000.6789303057683,0.0
332880,0.0,0.0,7.708261228338448,1000.2422106913368,0.0
332940,0.0,0.0,7.708261228338448,998.5427175694463,0.0
333000,0.0,0.0,7.708261228338448,999.0697307783165,0.0
333060,0.0,0.0,7.708261228338448,1000.5458085734604,0.0
333120,0.0,0.0,7.708261228338448,1000.4430625000931,0.0
333180,0.0,0.0,7.708261228338448,1000.7495072103603,0.0
333240,0.0,0.0,7.708261228338448,998.3921822170881,0.0
333300,0.0,0.0,7.708261228338448,999.3406484398998,0.0
333360,0.0,0.0,7.708261228338448,999.4540947757215,0.0
333420,0.0,0.0,7.708261228338448,1000.0928580030023,0.0
333480,0.0,0.0,7.708261228338448,1001.5384699831437,0.0
333540,0.0,0.0,7.708261228338448,999.7897181982951,0.0
333600,0.0,0.0,7.708261228338448,999.2299176859159,0.0
333660,0.0,0.0,7.708261228338448,999.0627522670682,0.0
333720,0.0,0.0,7.708261228338448,999.9416347583044,0.0
333780,0.0,0.0,7.708261228338448,1000.6019337165048,0.0
333840,0.0,0.0,7.708261228338448,1000.5708357496025,0.0
333900,0.0,0.0,7.708261228338448,998.1684731063899,0.0
333960,0.0,0.0,7.708261228338448,999.0552771707444,0.0
334020,0.0,0.0,7.708261228338448,1000.0737609913904,0.0
334080,0.0,0.0,7.708261228338448,1000.3598451881603,0.0
334140,0.0,0.0,7.708261228338448,1001.2232063131289,0.0
334200,0.0,0.0,7.708261228338448,997.9177334746812,0.0
334260,0.0,0.0,7.708261228338448,999.0268163767894,0.0
334320,0.0,0.0,7.708261228338448,999.3053616163166,0.0
334380,0.0,0.0,7.708261228338448,1001.3236618785216,0.0
334440,0.0,0.0,7.708261228338448,1000.3840180892226,0.0
334500,0.0,0.0,7.708261228338448,1000.6132149329517,0.0
334560,0.0,0.0,7.708261228338448,998.77925206452,0.0
334620,0.0,0.0,7.708261228338448,999.0529049623665,0.0
334680,0.0,0.0,7.708261228338448,1000.237071308505,0.0
334740,0.0,0.0,7.708261228338448,1000.6481256783936,0.0
334800,0.0,0.0,7.708261228338448,999.5754032364997,0.0
334860,0.0,0.0,7.708261228338448,999.7759953569785,0.0
334920,0.0,0.0,7.708261228338448,998.4033066599193,0.0
334980,0.0,0.0,7.708261228338448,999.6405692155922,0.0
335040,0.0,0.0,7.708261228338448,1001.3572911221934,0.0
335100,0.0,0.0,7.708261228338448,1000.284503637279,0.0
335160,0.0,0.0,7.708261228338448,1000.0196492243962,0.0
335220,0.0,0.0,7.708261228338448,998.6094542521898,0.0
335280,0.0,0.0,7.708261228338448,999.3160534543287,0.0
335340,0.0,0.0,7.708261228338448,1001.6367302625512,0.0
335400,0.0,0.0,7.708261228338448,1000.2825389567734,0.0
335460,0.0,0.0,7.708261228338448,1000.5465207617985,0.0
335520,0.0,0.0,7.708261228338448,997.3947099562367,0.0
335580,0.0,0.0,7.708261228338448,999.100596637654,0.0
335640,0.0,0.0,7.708261228338448,999.9575361569421,0.0
335700,0.0,0.0,7.708261228338448,1000.4965562039772,0.0
335760,0.0,0.0,7.708261228338448,1000.5620897665186,0.0
335820,0.0,0.0,7.708261228338448,997.9798404522434,0.0
335880,0.0,0.0,7.708261228338448,999.1344229254198,0.0
335940,0.0,0.0,7.708261228338448,1000.1845566158297,0.0
336000,0.0,0.0,7.708261228338448,1000.3119455833564,0.0
336060,0.0,0.0,7.708261228338448,1001.2926738805393,0.0
336120,0.0,0.0,7.708261228338448,999.3932508025645,0.0
336180,0.0,0.0,7.708261228338448,998.9041133370243,0.0
336240,0.0,0.0,7.708261228338448,999.5368095627316,0.0
336300,0.0,0.0,7.708261228338448,1000.3099395831917,0.0
336360,0.0,0.0,7.708261228338448,1000.3965393330212,0.0
336420,0.0,0.0,7.708261228338448,1000.2963433593279,0.0
336480,0.0,0.0,7.708261228338448,997.9451262690194,0.0
336540,0.0,0.0,7.708261228338448,999.1630416385751,0.0
336600,0.0,0.0,7.708261228338448,1000.6607962964804,0.0
336660,0.0,0.0,7.708261228338448,1000.6698966338627,0.0
336720,0.0,0.0,7.708261228338448,1000.3317099720643,0.0
336780,0.0,0.0,7.708261228338448,998.8600411801863,0.0
336840,0.0,0.0,7.708261228338448,998.6831117553991,0.0
336900,0.0,0.0,7.708261228338448,999.6381867303436,0.0
336960,0.0,0.0,7.708261228338448,1001.5348150631663,0.0
337020,0.0,0.0,7.708261228338448,1000.2075475686757,0.0
337080,0.0,0.0,7.708261228338448,1000.1185541676407,0.0
337140,0.0,0.0,7.708261228338448,998.6398980894554,0.0
337200,0.0,0.0,7.708261228338448,999.3439341640395,0.0
337260,0.0,0.0,7.708261228338448,1000.5279442011265,0.0
337320,0.0,0.0,7.708261228338448,1000.7290243887331,0.0
337380,0.0,0.0,7.708261228338448,998.9999182028961,0.0
337440,0.0,0.0,7.708261228338448,999.3956230204847,0.0
337500,0.0,0.0,7.708261228338448,999.0369613743302,0.0
337560,0.0,0.0,7.708261228338448,999.9706742373969,0.0
337620,0.0,0.0,7.708261228338448,1001.4689584654941,0.0
337680,0.0,0.0,7.708261228338448,1000.0270848587433,0.0
337740,0.0,0.0,7.708261228338448,999.4456756588024,0.0
337800,0.0,0.0,7.708261228338448,998.6593664972505,0.0
337860,0.0,0.0,7.708261228338448,999.7509446357914,0.0
337920,0.0,0.0,7.708261228338448,1000.9212088891915,0.0
337980,0.0,0.0,7.708261228338448,999.8977184467279,0.0
338040,0.0,0.0,7.708261228338448,999.4724323945817,0.0
338100,0.0,0.0,7.708261228338448,998.8740151717121,0.0
338160,0.0,0.0,7.708261228338448,999.5755347989639,0.0
338220,0.0,0.0,7.708261228338448,1000.254219209284,0.0
338280,0.0,0.0,7.708261228338448,1000.2764140996519,0.0
338340,0.0,0.0,7.708261228338448,1000.3179547454022,0.0
338400,0.0,0.0,7.708261228338448,997.8413214850267,0.0
338460,0.0,0.0,7.708261228338448,999.2200884928852,0.0
338520,0.0,0.0,7.708261228338448,1000.7825783388714,0.0
338580,0.0,0.0,7.708261228338448,1000.4107437660308,0.0
338640,0.0,0.0,7.708261228338448,1000.8642806715591,0.0
338700,0.0,0.0,7.708261228338448,998.9795631617582,0.0
338760,0.0,0.0,7.708261228338448,998.9045968698158,0.0
338820,0.0,0.0,7.708261228338448,1000.0110165032393,0.0
338880,0.0,0.0,7.708261228338448,1000.5880692745666,0.0
338940,0.0,0.0,7.708261228338448,1000.6227131852344,0.0
339000,0.0,0.0,7.708261228338448,998.7780706340858,0.0
339060,0.0,0.0,7.708261228338448,999.1356670749102,0.0
339120,0.0,0.0,7.708261228338448,1000.1511307744921,0.0
339180,0.0,0.0,7.708261228338448,1000.4002418896238,0.0
339240,0.0,0.0,7.708261228338448,1000.7630299688882,0.0
339300,0.0,0.0,7.708261228338448,998.6942479422581,0.0
339360,0.0,0.0,7.708261228338448,999.4868031362861,0.0
339420,0.0,0.0,7.708261228338448,999.1035299412969,0.0
339480,0.0,0.0,7.708261228338448,999.9609510128151,0.0
339540,0.0,0.0,7.708261228338448,1001.5705807576379,0.0
339600,0.0,0.0,7.708261228338448,999.9550545390821,0.0
339660,0.0,0.0,7.708261228338448,999.4634791149689,0.0
339720,0.0,0.0,7.708261228338448,998.8706093504417,0.0
339780,0.0,0.0,7.708261228338448,999.7519579393163,0.0
339840,0.0,0.0,7.708261228338448,1000.6332110127454,0.0
339900,0.0,0.0,7.708261228338448,1000.6576900394851,0.0
339960,0.0,0.0,7.708261228338448,998.4141232279343,0.0
340020,0.0,0.0,7.708261228338448,999.093490717172,0.0
340080,0.0,0.0,7.708261228338448,999.7519633083624,0.0
340140,0.0,0.0,7.708261228338448,1000.2644042160736,0.0
340200,0.0,0.0,7.708261228338448,1001.3469887220427,0.0
340260,0.0,0.0,7.708261228338448,998.250326407789,0.0
340320,0.0,0.0,7.708261228338448,999.1567981116436,0.0
340380,0.0,0.0,7.708261228338448,999.0630566744363,0.0
340440,0.0,0.0,7.708261228338448,1001.2158433670646,0.0
340500,0.0,0.0,7.708261228338448,1000.3871709169102,0.0
340560,0.0,0.0,7.708261228338448,1000.8810816081665,0.0
340620,0.0,0.0,7.708261228338448,998.9485886974624,0.0
340680,0.0,0.0,7.708261228338448,998.9730079883118,0.0
340740,0.0,0.0,7.708261228338448,1000.0517731948014,0.0
340800,0.0,0.0,7.708261228338448,1000.5644924864567,0.0
340860,0.0,0.0,7.708261228338448,999.8327830518305,0.0
340920,0.0,0.0,7.708261228338448,999.9511502212763,0.0
340980,0.0,0.0,7.708261228338448,998.1645635015097,0.0
341040,0.0,0.0,7.708261228338448,999.4892611311417,0.0
341100,0.0,0.0,7.708261228338448,1001.2216822863312,0.0
341160,0.0,0.0,7.708261228338448,1000.3632605134643,0.0
341220,0.0,0.0,7.708261228338448,1000.2917662813916,0.0
341280,0.0,0.0,7.708261228338448,998.6403427550997,0.0
341340,0.0,0.0,7.708261228338448,999.1506809218321,0.0
341400,0.0,0.0,7.708261228338448,1001.4865836243227,0.0
341460,0.0,0.0,7.708261228338448,1000.3501137149235,0.0
341520,0.0,0.0,7.708261228338448,1000.717995014328,0.0
341580,0.0,0.0,7.708261228338448,997.3100967092835,0.0
341640,0.0,0.0,7.708261228338448,998.9300517475366,0.0
341700,0.0,0.0,7.708261228338448,999.7728191470143,0.0
341760,0.0,0.0,7.708261228338448,1000.553078679034,0.0
341820,0.0,0.0,7.708261228338448,1000.6321467295769,0.0
341880,0.0,0.0,7.708261228338448,998.2117148128486,0.0
341940,0.0,0.0,7.708261228338448,999.1774005054671,0.0
342000,0.0,0.0,7.708261228338448,999.8639392845073,0.0
342060,0.0,0.0,7.708261228338448,1000.2300849067099,0.0
342120,0.0,0.0,7.708261228338448,1001.4199429400907,0.0
342180,0.0,0.0,7.708261228338448,999.5828488736868,0.0
342240,0.0,0.0,7.708261228338448,999.0077874263065,0.0
342300,0.0,0.0,7.708261228338448,999.3100800029716,0.0
342360,0.0,0.0,7.708261228338448,1000.152261228446,0.0
342420,0.0,0.0,7.708261228338448,1000.5226458417412,0.0
342480,0.0,0.0,7.708261228338448,1000.4353822736833,0.0
342540,0.0,0.0,7.708261228338448,997.9962978855074,0.0
342600,0.0,0.0,7.708261228338448,999.0801073947462,0.0
342660,0.0,0.0,7.708261228338448,1000.398634926497,0.0
342720,0.0,0.0,7.708261228338448,1000.7911557789703,0.0
342780,0.0,0.0,7.708261228338448,1000.4232125900057,0.0
342840,0.0,0.0,7.708261228338448,999.1414936988484,0.0
342900,0.0,0.0,7.708261228338448,998.332869044385,0.0
342960,0.0,0.0,7.708261228338448,999.5007480148087,0.0
343020,0.0,0.0,7.708261228338448,1001.4094804630166,0.0
343080,0.0,0.0,7.708261228338448,1000.2830806812186,0.0
343140,0.0,0.0,7.708261228338448,1000.3833549794522,0.0
343200,0.0,0.0,7.708261228338448,998.6541166623941,0.0
343260,0.0,0.0,7.708261228338448,999.1907762395483,0.0
343320,0.0,0.0,7.708261228338448,1000.4209379110381,0.0
343380,0.0,0.0,7.708261228338448,1000.7129456559998,0.0
343440,0.0,0.0,7.708261228338448,999.282580949359,0.0
343500,0.0,0.0,7.708261228338448,999.5537917743997,0.0
343560,0.0,0.0,7.708261228338448,998.7351509564676,0.0
343620,0.0,0.0,7.708261228338448,999.824916017885,0.0
343680,0.0,0.0,7.708261228338448,1001.4369190776689,0.0
343740,0.0,0.0,7.708261228338448,1000.164588653705,0.0
343800,0.0,0.0,7.708261228338448,999.6929917099135,0.0
343860,0.0,0.0,7.708261228338448,998.2744616620046,0.0
343920,0.0,0.0,7.708261228338448,999.5857569256162,0.0
343980,0.0,0.0,7.708261228338448,1000.7916475886366,0.0
344040,0.0,0.0,7.708261228338448,1000.2628701747277,0.0
344100,0.0,0.0,7.708261228338448,999.6454203790732,0.0
344160,0.0,0.0,7.708261228338448,998.9621425271944,0.0
344220,0.0,0.0,7.708261228338448,999.3549396877293,0.0
344280,0.0,0.0,7.708261228338448,1000.1072756976503,0.0
344340,0.0,0.0,7.708261228338448,1000.418789565595,0.0
344400,0.0,0.0,7.708261228338448,1000.4428800869746,0.0
344460,0.0,0.0,7.708261228338448,997.8449599662941,0.0
344520,0.0,0.0,7.708261228338448,999.147792831534,0.0
344580,0.0,0.0,7.708261228338448,1000.5237038923758,0.0
344640,0.0,0.0,7.708261228338448,1000.3902097845787,0.0
344700,0.0,0.0,7.708261228338448,1001.0655077699005,0.0
344760,0.0,0.0,7.708261228338448,999.1626382644507,0.0
344820,0.0,0.0,7.708261228338448,998.862929687688,0.0
344880,0.0,0.0,7.708261228338448,999.801262351305,0.0
344940,0.0,0.0,7.708261228338448,1000.4802778113058,0.0
345000,0.0,0.0,7.708261228338448,1000.217734093467,0.0
345060,0.0,0.0,7.708261228338448,1000.100215252991,0.0
345120,0.0,0.0,7.708261228338448,998.0219094961253,0.0
345180,0.0,0.0,7.708261228338448,999.5565034641008,0.0
345240,0.0,0.0,7.708261228338448,1000.088658520564,0.0
345300,0.0,0.0,7.708261228338448,1001.7146041576316,0.0
345360,0.0,0.0,7.708261228338448,998.8896433051248,0.0
345420,0.0,0.0,7.708261228338448,999.6172468920668,0.0
345480,0.0,0.0,7.708261228338448,998.7873394435019,0.0
345540,0.0,0.0,7.708261228338448,999.8074146084723,0.0
345600,0.0,0.0,7.708261228338448,1001.5375027639951,0.0
345660,0.0,0.0,7.708261228338448,1000.1043373859846,0.0
345720,0.0,0.0,7.708261228338448,999.732349190285,0.0
345780,0.0,0.0,7.708261228338448,998.7197920876408,0.0
345840,0.0,0.0,7.708261228338448,999.5545643574837,0.0
345900,0.0,0.0,7.708261228338448,1000.6136471517673,0.0
345960,0.0,0.0,7.708261228338448,1000.7141029906292,0.0
346020,0.0,0.0,7.708261228338448,998.6944234027821,0.0
346080,0.0,0.0,7.708261228338448,999.2081846233448,0.0
346140,0.0,0.0,7.708261228338448,999.410769528206,0.0
346200,0.0,0.0,7.708261228338448,1000.1389264286138,0.0
346260,0.0,0.0,7.708261228338448,1001.427377923821,0.0
346320,0.0,0.0,7.708261228338448,998.6131317102036,0.0
346380,0.0,0.0,7.708261228338448,999.3170484118766,0.0
346440,0.0,0.0,7.708261228338448,998.8371233848404,0.0
346500,0.0,0.0,7.708261228338448,1001.0377278283847,0.0
346560,0.0,0.0,7.708261228338448,1000.3577202627569,0.0
346620,0.0,0.0,7.708261228338448,1001.1299757345498,0.0
346680,0.0,0.0,7.708261228338448,999.1382433060973,0.0
346740,0.0,0.0,7.708261228338448,998.9431756496052,0.0
346800,0.0,0.0,7.708261228338448,999.8370237652512,0.0
346860,0.0,0.0,7.708261228338448,1000.4499780579779,0.0
346920,0.0,0.0,7.708261228338448,1000.0648605004519,0.0
346980,0.0,0.0,7.708261228338448,1000.1246628365649,0.0
347040,0.0,0.0,7.708261228338448,997.9797418380233,0.0
347100,0.0,0.0,7.708261228338448,999.3472033196172,0.0
347160,0.0,0.0,7.708261228338448,1001.0371330541096,0.0
347220,0.0,0.0,7.708261228338448,1000.4101957885647,0.0
347280,0.0,0.0,7.708261228338448,1000.5614339048751,0.0
347340,0.0,0.0,7.708261228338448,998.7734615023642,0.0
347400,0.0,0.0,7.708261228338448,999.0096482005019,0.0
347460,0.0,0.0,7.708261228338448,1000.2377046998528,0.0
347520,0.0,0.0,7.708261228338448,1000.6922198473583,0.0
347580,0.0,0.0,7.708261228338448,1000.2138066772652,0.0
347640,0.0,0.0,7.708261228338448,998.5352128391742,0.0
347700,0.0,0.0,7.708261228338448,999.0555935963943,0.0
347760,0.0,0.0,7.708261228338448,1000.5520129450919,0.0
347820,0.0,0.0,7.708261228338448,1000.4561937162913,0.0
347880,0.0,0.0,7.708261228338448,1000.7495178530377,0.0
347940,0.0,0.0,7.708261228338448,998.3981408242123,0.0
348000,0.0,0.0,7.708261228338448,999.31607049633,0.0
348060,0.0,0.0,7.708261228338448,999.4750516356139,0.0
348120,0.0,0.0,7.708261228338448,1000.1078714455333,0.0
348180,0.0,0.0,7.708261228338448,1001.520513943987,0.0
348240,0.0,0.0,7.708261228338448,999.7817496617942,0.0
348300,0.0,0.0,7.708261228338448,999.2068057543619,0.0
348360,0.0,0.0,7.708261228338448,999.0715086019646,0.0
348420,0.0,0.0,7.708261228338448,999.955914686738,0.0
348480,0.0,0.0,7.708261228338448,1000.6071056787816,0.0
348540,0.0,0.0,7.708261228338448,1000.5648136683665,0.0
348600,0.0,0.0,7.708261228338448,998.1763013244457,0.0
348660,0.0,0.0,7.708261228338448,999.0467997079041,0.0
348720,0.0,0.0,7.708261228338448,1000.0808565781342,0.0
348780,0.0,0.0,7.708261228338448,1000.8570846584145,0.0
348840,0.0,0.0,7.708261228338448,1000.492196179978,0.0
348900,0.0,0.0,7.708261228338448,999.4977317199908,0.0
348960,0.0,0.0,7.708261228338448,997.9971712270155,0.0
349020,0.0,0.0,7.708261228338448,999.3640939604618,0.0
349080,0.0,0.0,7.708261228338448,1001.2239064855626,0.0
349140,0.0,0.0,7.708261228338448,1000.3294201865585,0.0
349200,0.0,0.0,7.708261228338448,1000.6712198390755,0.0
349260,0.0,0.0,7.708261228338448,998.7786486087084,0.0
349320,0.0,0.0,7.708261228338448,999.0522054086928,0.0
349380,0.0,0.0,7.708261228338448,1000.2618620322079,0.0
349440,0.0,0.0,7.708261228338448,1000.659590032385,0.0
349500,0.0,0.0,7.708261228338448,999.5710472477831,0.0
349560,0.0,0.0,7.708261228338448,999.7424316242061,0.0
349620,0.0,0.0,7.708261228338448,998.4355950643186,0.0
349680,0.0,0.0,7.708261228338448,999.6590562716706,0.0
349740,0.0,0.0,7.708261228338448,1001.3547057135642,0.0
349800,0.0,0.0,7.708261228338448,1000.2825107204629,0.0
349860,0.0,0.0,7.708261228338448,999.9801196494578,0.0
349920,0.0,0.0,7.708261228338448,997.9019857020588,0.0
349980,0.0,0.0,7.708261228338448,999.4096094786361,0.0
350040,0.0,0.0,7.708261228338448,1000.616733288921,0.0
350100,0.0,0.0,7.708261228338448,1000.6076229582914,0.0
350160,0.0,0.0,7.708261228338448,999.820274945753,0.0
350220,0.0,0.0,7.708261228338448,999.1363271549483,0.0
350280,0.0,0.0,7.708261228338448,999.1275935235433,0.0
350340,0.0,0.0,7.708261228338448,999.9341819434826,0.0
350400,0.0,0.0,7.708261228338448,1000.5212565593221,0.0
350460,0.0,0.0,7.708261228338448,1000.554456308882,0.0
350520,0.0,0.0,7.708261228338448,997.9603165490632,0.0
350580,0.0,0.0,7.708261228338448,999.1198297102824,0.0
350640,0.0,0.0,7.708261228338448,1000.219884588679,0.0
350700,0.0,0.0,7.708261228338448,1000.3350257428964,0.0
350760,0.0,0.0,7.708261228338448,1001.2489868029224,0.0
350820,0.0,0.0,7.708261228338448,999.3643367549038,0.0
350880,0.0,0.0,7.708261228338448,998.8833906661956,0.0
350940,0.0,0.0,7.708261228338448,999.5664308992498,0.0
351000,0.0,0.0,7.708261228338448,1000.3386687686881,0.0
351060,0.0,0.0,7.708261228338448,1000.3922635313278,0.0
351120,0.0,0.0,7.708261228338448,1000.2695280961669,0.0
351180,0.0,0.0,7.708261228338448,997.9619838530791,0.0
351240,0.0,0.0,7.708261228338448,999.2506058524704,0.0
351300,0.0,0.0,7.708261228338448,999.9370586595753,0.0
351360,0.0,0.0,7.708261228338448,1001.830812922237,0.0
351420,0.0,0.0,7.708261228338448,999.1858914992551,0.0
351480,0.0,0.0,7.708261228338448,999.7925710795992,0.0
351540,0.0,0.0,7.708261228338448,998.4605112615088,0.0
351600,0.0,0.0,7.708261228338448,999.6645346803277,0.0
351660,0.0,0.0,7.708261228338448,1001.4582896046635,0.0
351720,0.0,0.0,7.708261228338448,1000.2157693750796,0.0
351780,0.0,0.0,7.708261228338448,1000.0072923407627,0.0
351840,0.0,0.0,7.708261228338448,998.6387040980295,0.0
351900,0.0,0.0,7.708261228338448,999.3763000167478,0.0
351960,0.0,0.0,7.708261228338448,1000.5501887838849,0.0
352020,0.0,0.0,7.708261228338448,1000.7355449790577,0.0
352080,0.0,0.0,7.708261228338448,998.9802387564557,0.0
352140,0.0,0.0,7.708261228338448,999.3497078722614,0.0
352200,0.0,0.0,7.708261228338448,999.0870940273026,0.0
352260,0.0,0.0,7.708261228338448,1000.0016261655086,0.0
352320,0.0,0.0,7.708261228338448,1001.4522439198435,0.0
352380,0.0,0.0,7.708261228338448,998.9777983972049,0.0
352440,0.0,0.0,7.708261228338448,999.4809172820374,0.0
352500,0.0,0.0,7.708261228338448,998.6556088189336,0.0
352560,0.0,0.0,7.708261228338448,1000.8010500131069,0.0
352620,0.0,0.0,7.708261228338448,1000.303605611953,0.0
352680,0.0,0.0,7.708261228338448,1001.3290420218866,0.0
352740,0.0,0.0,7.708261228338448,999.3248598145299,0.0
352800,0.0,0.0,7.708261228338448,998.9724438805079,0.0
352860,0.0,0.0,7.708261228338448,999.6168437546307,0.0
352920,0.0,0.0,7.708261228338448,1000.3185876783213,0.0
352980,0.0,0.0,7.708261228338448,1000.2559562610287,0.0
353040,0.0,0.0,7.708261228338448,1000.2767271150788,0.0
353100,0.0,0.0,7.708261228338448,997.8784145681431,0.0
353160,0.0,0.0,7.708261228338448,999.2319652445555,0.0
353220,0.0,0.0,7.708261228338448,1000.8167542919389,0.0
353280,0.0,0.0,7.708261228338448,1000.424967905698,0.0
353340,0.0,0.0,7.708261228338448,1000.799578692349,0.0
353400,0.0,0.0,7.708261228338448,998.9427031872067,0.0
353460,0.0,0.0,7.708261228338448,998.9099041187161,0.0
353520,0.0,0.0,7.708261228338448,1000.0469681079471,0.0
353580,0.0,0.0,7.708261228338448,1000.6140331628327,0.0
353640,0.0,0.0,7.708261228338448,1000.5683656979731,0.0
353700,0.0,0.0,7.708261228338448,998.7574490309033,0.0
353760,0.0,0.0,7.708261228338448,999.1017597108864,0.0
353820,0.0,0.0,7.708261228338448,1000.1825005521109,0.0
353880,0.0,0.0,7.708261228338448,1000.4217163339929,0.0
353940,0.0,0.0,7.708261228338448,1000.7687145729977,0.0
354000,0.0,0.0,7.708261228338448,998.6878116577408,0.0
354060,0.0,0.0,7.708261228338448,999.4474563602604,0.0
354120,0.0,0.0,7.708261228338448,999.146085237765,0.0
354180,0.0,0.0,7.708261228338448,999.9854944464004,0.0
354240,0.0,0.0,7.708261228338448,1001.5516124748976,0.0
354300,0.0,0.0,7.708261228338448,999.941852549665,0.0
354360,0.0,0.0,7.708261228338448,999.4203532904929,0.0
354420,0.0,0.0,7.708261228338448,998.8859007103063,0.0
354480,0.0,0.0,7.708261228338448,999.7767541074735,0.0
354540,0.0,0.0,7.708261228338448,1000.6406839712203,0.0
354600,0.0,0.0,7.708261228338448,1000.650889906035,0.0
354660,0.0,0.0,7.708261228338448,998.4124059624532,0.0
354720,0.0,0.0,7.708261228338448,999.0735133470306,0.0
354780,0.0,0.0,7.708261228338448,999.7758000955987,0.0
354840,0.0,0.0,7.708261228338448,1000.8606212954679,0.0
354900,0.0,0.0,7.708261228338448,1000.5271111929313,0.0
354960,0.0,0.0,7.708261228338448,999.8381576475829,0.0
355020,0.0,0.0,7.708261228338448,997.7665454862523,0.0
355080,0.0,0.0,7.708261228338448,999.2629521904971,0.0
355140,0.0,0.0,7.708261228338448,1001.0045858187583,0.0
355200,0.0,0.0,7.708261228338448,1000.3452226193782,0.0
355260,0.0,0.0,7.708261228338448,1000.9040521143886,0.0
355320,0.0,0.0,7.708261228338448,998.9373030541067,0.0
355380,0.0,0.0,7.708261228338448,998.9605811388265,0.0
355440,0.0,0.0,7.708261228338448,1000.0873808278226,0.0
355500,0.0,0.0,7.708261228338448,1000.585288553902,0.0
355560,0.0,0.0,7.708261228338448,999.8224479802673,0.0
355620,0.0,0.0,7.708261228338448,999.9106976303336,0.0
355680,0.0,0.0,7.708261228338448,998.2043763592561,0.0
355740,0.0,0.0,7.708261228338448,999.5108693114539,0.0
355800,0.0,0.0,7.708261228338448,1001.2282837565111,0.0
355860,0.0,0.0,7.708261228338448,1000.3639181544837,0.0
355920,0.0,0.0,7.708261228338448,1000.2396564707756,0.0
355980,0.0,0.0,7.708261228338448,998.6273095735816,0.0
356040,0.0,0.0,7.708261228338448,999.1687354132554,0.0
356100,0.0,0.0,7.708261228338448,1001.4719094085416,0.0
356160,0.0,0.0,7.708261228338448,1000.3579787753881,0.0
356220,0.0,0.0,7.708261228338448,1000.688195277847,0.0
356280,0.0,0.0,7.708261228338448,997.350918379626,0.0
356340,0.0,0.0,7.708261228338448,998.943506967286,0.0
356400,0.0,0.0,7.708261228338448,999.798386173142,0.0
356460,0.0,0.0,7.708261228338448,1000.5611804500703,0.0
356520,0.0,0.0,7.708261228338448,1000.627633387256,0.0
356580,0.0,0.0,7.708261228338448,998.2153526430251,0.0
356640,0.0,0.0,7.708261228338448,999.1565513977414,0.0
356700,0.0,0.0,7.708261228338448,999.8855583671531,0.0
356760,0.0,0.0,7.708261228338448,1000.246058272937,0.0
356820,0.0,0.0,7.708261228338448,1001.3965562716753,0.0
356880,0.0,0.0,7.708261228338448,999.5700697430805,0.0
356940,0.0,0.0,7.708261228338448,998.9873856356016,0.0
357000,0.0,0.0,7.708261228338448,999.3231709659973,0.0
357060,0.0,0.0,7.708261228338448,1000.1690832444003,0.0
357120,0.0,0.0,7.708261228338448,1000.5259215017493,0.0
357180,0.0,0.0,7.708261228338448,1000.4239752563965,0.0
357240,0.0,0.0,7.708261228338448,998.0055927101322,0.0
357300,0.0,0.0,7.708261228338448,998.9431722977174,0.0
357360,0.0,0.0,7.708261228338448,999.7722711599661,0.0
357420,0.0,0.0,7.708261228338448,1001.8890416416856,0.0
357480,0.0,0.0,7.708261228338448,999.4695913823492,0.0
357540,0.0,0.0,7.708261228338448,999.9758106836452,0.0
357600,0.0,0.0,7.708261228338448,998.1620985912591,0.0
357660,0.0,0.0,7.708261228338448,999.5211364240856,0.0
357720,0.0,0.0,7.708261228338448,1001.3272306849428,0.0
357780,0.0,0.0,7.708261228338448,1000.2992508048069,0.0
357840,0.0,0.0,7.708261228338448,1000.2949968460274,0.0
357900,0.0,0.0,7.708261228338448,998.6383598166288,0.0
357960,0.0,0.0,7.708261228338448,999.2097120976571,0.0
358020,0.0,0.0,7.708261228338448,1000.4406206982056,0.0
358080,0.0,0.0,7.708261228338448,1000.724010138811,0.0
358140,0.0,0.0,7.708261228338448,999.272211738829,0.0
358200,0.0,0.0,7.708261228338448,999.5182778926753,0.0
358260,0.0,0.0,7.708261228338448,998.769716530124,0.0
358320,0.0,0.0,7.708261228338448,999.846751062373,0.0
358380,0.0,0.0,7.708261228338448,1001.4285762077153,0.0
358440,0.0,0.0,7.708261228338448,1000.1572309915321,0.0
358500,0.0,0.0,7.708261228338448,999.6532712158179,0.0
358560,0.0,0.0,7.708261228338448,998.3085650643859,0.0
358620,0.0,0.0,7.708261228338448,999.6035798344308,0.0
358680,0.0,0.0,7.708261228338448,1000.806558535683,0.0
358740,0.0,0.0,7.708261228338448,1000.2566175788604,0.0
358800,0.0,0.0,7.708261228338448,999.6306287105899,0.0
358860,0.0,0.0,7.708261228338448,998.9400960087976,0.0
358920,0.0,0.0,7.708261228338448,999.3704671547091,0.0
358980,0.0,0.0,7.708261228338448,1000.126115693405,0.0
359040,0.0,0.0,7.708261228338448,1000.4227428328134,0.0
359100,0.0,0.0,7.708261228338448,1000.4311308070515,0.0
359160,0.0,0.0,7.708261228338448,997.8588778954179,0.0
359220,0.0,0.0,7.708261228338448,999.144233089741,0.0
359280,0.0,0.0,7.708261228338448,1000.531815549713,0.0
359340,0.0,0.0,7.708261228338448,1000.4000812730735,0.0
359400,0.0,0.0,7.708261228338448,1001.0426478704231,0.0
359460,0.0,0.0,7.708261228338448,999.152042385379,0.0
359520,0.0,0.0,7.708261228338448,998.8575034392136,0.0
359580,0.0,0.0,7.708261228338448,999.8101912315005,0.0
359640,0.0,0.0,7.708261228338448,1000.4910486292489,0.0
359700,0.0,0.0,7.708261228338448,1000.9269880986692,0.0
359760,0.0,0.0,7.708261228338448,999.0098228099815,0.0
359820,0.0,0.0,7.708261228338448,999.2328338658248,0.0
359880,0.0,0.0,7.708261228338448,999.7531031297211,0.0
359940,0.0,0.0,7.708261228338448,1000.3317134876718,0.0
360000,0.0,0.0,7.708261228338448,1000.7526762284035,0.0
360060,0.0,0.0,7.708261228338448,999.0015881106293,0.0
360120,0.0,0.0,7.708261228338448,999.6180594073081,0.0
360180,0.0,0.0,7.708261228338448,998.7960532418334,0.0
360240,0.0,0.0,7.708261228338448,999.8352253857772,0.0
360300,0.0,0.0,7.708261228338448,1001.5381935634722,0.0
360360,0.0,0.0,7.708261228338448,1000.0916578776094,0.0
360420,0.0,0.0,7.708261228338448,999.6924554734298,0.0
360480,0.0,0.0,7.708261228338448,998.7295982274211,0.0
360540,0.0,0.0,7.708261228338448,999.5780709448267,0.0
360600,0.0,0.0,7.708261228338448,1000.6244246188294,0.0
360660,0.0,0.0,7.708261228338448,1000.7124091380131,0.0
360720,0.0,0.0,7.708261228338448,998.6904384077031,0.0
360780,0.0,0.0,7.708261228338448,999.1809059312166,0.0
360840,0.0,0.0,7.708261228338448,999.4372565537499,0.0
360900,0.0,0.0,7.708261228338448,1000.8020046676282,0.0
360960,0.0,0.0,7.708261228338448,1000.5315231426167,0.0
361020,0.0,0.0,7.708261228338448,1000.2149021593309,0.0
361080,0.0,0.0,7.708261228338448,997.6130687430883,0.0
361140,0.0,0.0,7.708261228338448,999.1899718830853,0.0
361200,0.0,0.0,7.708261228338448,1000.7301886551387,0.0
361260,0.0,0.0,7.708261228338448,1000.3279814558607,0.0
361320,0.0,0.0,7.708261228338448,1001.131719287222,0.0
361380,0.0,0.0,7.708261228338448,999.1253375834314,0.0
361440,0.0,0.0,7.708261228338448,998.9119320879446,0.0
361500,0.0,0.0,7.708261228338448,999.8751026757215,0.0
361560,0.0,0.0,7.708261228338448,1000.4758237666753,0.0
361620,0.0,0.0,7.708261228338448,1000.0566631885432,0.0
361680,0.0,0.0,7.708261228338448,1000.087969289271,0.0
361740,0.0,0.0,7.708261228338448,998.0141936324721,0.0
361800,0.0,0.0,7.708261228338448,999.3637432332021,0.0
361860,0.0,0.0,7.708261228338448,1001.0511377506581,0.0
361920,0.0,0.0,7.708261228338448,1000.4161791535713,0.0
361980,0.0,0.0,7.708261228338448,1000.5102323118277,0.0
362040,0.0,0.0,7.708261228338448,998.7495212147171,0.0
362100,0.0,0.0,7.708261228338448,999.0215917672114,0.0
362160,0.0,0.0,7.708261228338448,1001.2624066758293,0.0
362220,0.0,0.0,7.708261228338448,1000.3914221581613,0.0
362280,0.0,0.0,7.708261228338448,1000.8418635784593,0.0
362340,0.0,0.0,7.708261228338448,997.3871238730136,0.0
362400,0.0,0.0,7.708261228338448,998.8062309796325,0.0
362460,0.0,0.0,7.708261228338448,999.606209639747,0.0
362520,0.0,0.0,7.708261228338448,1000.5720608359459,0.0
362580,0.0,0.0,7.708261228338448,1000.675610254211,0.0
362640,0.0,0.0,7.708261228338448,998.4812236900876,0.0
362700,0.0,0.0,7.708261228338448,999.2562289247721,0.0
362760,0.0,0.0,7.708261228338448,999.5496556800738,0.0
362820,0.0,0.0,7.708261228338448,1000.1398950543382,0.0
362880,0.0,0.0,7.708261228338448,1001.4862423817868,0.0
362940,0.0,0.0,7.708261228338448,999.7550853550558,0.0
363000,0.0,0.0,7.708261228338448,999.1532537848478,0.0
363060,0.0,0.0,7.708261228338448,999.1028578047813,0.0
363120,0.0,0.0,7.708261228338448,999.993537697345,0.0
363180,0.0,0.0,7.708261228338448,1000.6102334105308,0.0
363240,0.0,0.0,7.708261228338448,1000.5457758460465,0.0
363300,0.0,0.0,7.708261228338448,998.1711220392709,0.0
363360,0.0,0.0,7.708261228338448,998.6721356588554,0.0
363420,0.0,0.0,7.708261228338448,999.6153832169023,0.0
363480,0.0,0.0,7.708261228338448,1001.874607594247,0.0
363540,0.0,0.0,7.708261228338448,999.7217767782621,0.0
363600,0.0,0.0,7.708261228338448,1000.1422025940411,0.0
363660,0.0,0.0,7.708261228338448,997.9301506498741,0.0
363720,0.0,0.0,7.708261228338448,999.3958075051311,0.0
363780,0.0,0.0,7.708261228338448,1001.1526975596804,0.0
363840,0.0,0.0,7.708261228338448,1000.3506320568061,0.0
363900,0.0,0.0,7.708261228338448,1000.560456914575,0.0
363960,0.0,0.0,7.708261228338448,998.7351392346635,0.0
364020,0.0,0.0,7.708261228338448,999.0738998946916,0.0
364080,0.0,0.0,7.708261228338448,1000.2980599267307,0.0
364140,0.0,0.0,7.708261228338448,1000.682878292961,0.0
364200,0.0,0.0,7.708261228338448,999.5475240001919,0.0
364260,0.0,0.0,7.708261228338448,999.6898543873596,0.0
364320,0.0,0.0,7.708261228338448,998.490036629808,0.0
364380,0.0,0.0,7.708261228338448,999.6916007043989,0.0
364440,0.0,0.0,7.708261228338448,1001.3554334708826,0.0
364500,0.0,0.0,7.708261228338448,1000.2743013355923,0.0
364560,0.0,0.0,7.708261228338448,999.9157997048404,0.0
364620,0.0,0.0,7.708261228338448,997.9635585333192,0.0
364680,0.0,0.0,7.708261228338448,999.4359770016206,0.0
364740,0.0,0.0,7.708261228338448,1000.6477577585644,0.0
364800,0.0,0.0,7.708261228338448,1000.583032211262,0.0
364860,0.0,0.0,7.708261228338448,999.7982086296419,0.0
364920,0.0,0.0,7.708261228338448,999.0916498081577,0.0
364980,0.0,0.0,7.708261228338448,999.1539745715612,0.0
365040,0.0,0.0,7.708261228338448,999.9651233421448,0.0
365100,0.0,0.0,7.708261228338448,1000.5250542421758,0.0
365160,0.0,0.0,7.708261228338448,1000.5401405908362,0.0
365220,0.0,0.0,7.708261228338448,997.9666846960279,0.0
365280,0.0,0.0,7.708261228338448,999.1082918531242,0.0
365340,0.0,0.0,7.708261228338448,1000.2459010512124,0.0
365400,0.0,0.0,7.708261228338448,1000.352209669602,0.0
365460,0.0,0.0,7.708261228338448,1001.215673276929,0.0
365520,0.0,0.0,7.708261228338448,999.3439629006044,0.0
365580,0.0,0.0,7.708261228338448,998.8684788683594,0.0
365640,0.0,0.0,7.708261228338448,999.5867253927315,0.0
365700,0.0,0.0,7.708261228338448,1000.3594980858958,0.0
365760,0.0,0.0,7.708261228338448,1001.2046016030251,0.0
365820,0.0,0.0,7.708261228338448,999.2420094649527,0.0
365880,0.0,0.0,7.708261228338448,999.3848526446591,0.0
365940,0.0,0.0,7.708261228338448,999.343571796078,0.0
366000,0.0,0.0,7.708261228338448,1000.216181173447,0.0
366060,0.0,0.0,7.708261228338448,1000.7100981843723,0.0
366120,0.0,0.0,7.708261228338448,999.2915200375378,0.0
366180,0.0,0.0,7.708261228338448,999.7736048630196,0.0
366240,0.0,0.0,7.708261228338448,998.5025187791432,0.0
366300,0.0,0.0,7.708261228338448,999.6958547835169,0.0
366360,0.0,0.0,7.708261228338448,1001.4704940112345,0.0
366420,0.0,0.0,7.708261228338448,1000.204884966874,0.0
366480,0.0,0.0,7.708261228338448,999.950460080244,0.0
366540,0.0,0.0,7.708261228338448,998.6426404422604,0.0
366600,0.0,0.0,7.708261228338448,999.4039692467597,0.0
366660,0.0,0.0,7.708261228338448,1000.5680721257346,0.0
366720,0.0,0.0,7.708261228338448,1000.7389728384675,0.0
366780,0.0,0.0,7.708261228338448,998.9674781580082,0.0
366840,0.0,0.0,7.708261228338448,999.3115614272014,0.0
366900,0.0,0.0,7.708261228338448,999.1265904089126,0.0
366960,0.0,0.0,7.708261228338448,1000.0271411154903,0.0
367020,0.0,0.0,7.708261228338448,1001.4367806874667,0.0
367080,0.0,0.0,7.708261228338448,998.9833575613441,0.0
367140,0.0,0.0,7.708261228338448,999.4495965427877,0.0
367200,0.0,0.0,7.708261228338448,998.6748893049702,0.0
367260,0.0,0.0,7.708261228338448,1000.8021303531978,0.0
367320,0.0,0.0,7.708261228338448,1000.3212008216777,0.0
367380,0.0,0.0,7.708261228338448,1001.2897896669124,0.0
367440,0.0,0.0,7.708261228338448,999.3057715700902,0.0
367500,0.0,0.0,7.708261228338448,998.9555767978112,0.0
367560,0.0,0.0,7.708261228338448,999.6358472056908,0.0
367620,0.0,0.0,7.708261228338448,1000.3386918998501,0.0
367680,0.0,0.0,7.708261228338448,1000.256926086732,0.0
367740,0.0,0.0,7.708261228338448,1000.2585722076523,0.0
367800,0.0,0.0,7.708261228338448,997.8963117486086,0.0
367860,0.0,0.0,7.708261228338448,999.2353189715124,0.0
367920,0.0,0.0,7.708261228338448,1000.824022922926,0.0
367980,0.0,0.0,7.708261228338448,1000.4331347593115,0.0
368040,0.0,0.0,7.708261228338448,1000.7717147752173,0.0
368100,0.0,0.0,7.708261228338448,998.9295209592274,0.0
368160,0.0,0.0,7.708261228338448,998.9101791698223,0.0
368220,0.0,0.0,7.708261228338448,1000.9872118694825,0.0
368280,0.0,0.0,7.708261228338448,1000.3841381466393,0.0
368340,0.0,0.0,7.708261228338448,1000.9675416304452,0.0
368400,0.0,0.0,7.708261228338448,997.579254662387,0.0
368460,0.0,0.0,7.708261228338448,998.7266326604553,0.0
368520,0.0,0.0,7.708261228338448,999.4135974357765,0.0
368580,0.0,0.0,7.708261228338448,1000.5325452799698,0.0
368640,0.0,0.0,7.708261228338448,1000.6932317890586,0.0
368700,0.0,0.0,7.708261228338448,998.771998544858,0.0
368760,0.0,0.0,7.708261228338448,999.395770142465,0.0
368820,0.0,0.0,7.708261228338448,999.2019957085913,0.0
368880,0.0,0.0,7.708261228338448,1000.0102203579582,0.0
368940,0.0,0.0,7.708261228338448,1001.5302233293153,0.0
369000,0.0,0.0,7.708261228338448,999.9277776330296,0.0
369060,0.0,0.0,7.708261228338448,999.3742514555998,0.0
369120,0.0,0.0,7.708261228338448,998.9030130038163,0.0
369180,0.0,0.0,7.708261228338448,999.803288924648,0.0
369240,0.0,0.0,7.708261228338448,1000.6479319238715,0.0
369300,0.0,0.0,7.708261228338448,1000.6426776566756,0.0
369360,0.0,0.0,7.708261228338448,998.4090694741916,0.0
369420,0.0,0.0,7.708261228338448,999.0540500639528,0.0
369480,0.0,0.0,7.708261228338448,999.8017088785472,0.0
369540,0.0,0.0,7.708261228338448,1000.8648440207371,0.0
369600,0.0,0.0,7.708261228338448,1000.5312578026111,0.0
369660,0.0,0.0,7.708261228338448,999.8020279826545,0.0
369720,0.0,0.0,7.708261228338448,997.7957059826824,0.0
369780,0.0,0.0,7.708261228338448,999.2657173622802,0.0
369840,0.0,0.0,7.708261228338448,1001.0104700014094,0.0
369900,0.0,0.0,7.708261228338448,1000.3541501651536,0.0
369960,0.0,0.0,7.708261228338448,1000.8706602880327,0.0
370020,0.0,0.0,7.708261228338448,998.9226654797146,0.0
370080,0.0,0.0,7.708261228338448,998.960555313227,0.0
370140,0.0,0.0,7.708261228338448,1000.0999146861758,0.0
370200,0.0,0.0,7.708261228338448,1000.5970996362151,0.0
370260,0.0,0.0,7.708261228338448,999.8247817539087,0.0
370320,0.0,0.0,7.708261228338448,999.8919883242329,0.0
370380,0.0,0.0,7.708261228338448,998.2205689051491,0.0
370440,0.0,0.0,7.708261228338448,999.5186248743618,0.0
370500,0.0,0.0,7.708261228338448,1001.2255452030931,0.0
370560,0.0,0.0,7.708261228338448,1000.3670924657168,0.0
370620,0.0,0.0,7.708261228338448,1000.2179013068306,0.0
370680,0.0,0.0,7.708261228338448,997.6438612201312,0.0
370740,0.0,0.0,7.708261228338448,999.2638342388768,0.0
370800,0.0,0.0,7.708261228338448,1000.4381025315016,0.0
370860,0.0,0.0,7.708261228338448,1000.8840752919806,0.0
370920,0.0,0.0,7.708261228338448,999.9645634875475,0.0
370980,0.0,0.0,7.708261228338448,999.3268976178676,0.0
371040,0.0,0.0,7.708261228338448,998.9402123204943,0.0
371100,0.0,0.0,7.708261228338448,999.777013766163,0.0
371160,0.0,0.0,7.708261228338448,1000.5821908406883,0.0
371220,0.0,0.0,7.708261228338448,1000.6319587347434,0.0
371280,0.0,0.0,7.708261228338448,998.1929838918732,0.0
371340,0.0,0.0,7.708261228338448,999.1354079221067,0.0
371400,0.0,0.0,7.708261228338448,999.912514574348,0.0
371460,0.0,0.0,7.708261228338448,1000.2663824479988,0.0
371520,0.0,0.0,7.708261228338448,1001.3674528605038,0.0
371580,0.0,0.0,7.708261228338448,999.5512012292431,0.0
371640,0.0,0.0,7.708261228338448,998.9625934942234,0.0
371700,0.0,0.0,7.708261228338448,999.3427813283383,0.0
371760,0.0,0.0,7.708261228338448,1000.1916282842832,0.0
371820,0.0,0.0,7.708261228338448,1001.4545215513364,0.0
371880,0.0,0.0,7.708261228338448,999.4794505765483,0.0
371940,0.0,0.0,7.708261228338448,999.5858522384416,0.0
372000,0.0,0.0,7.708261228338448,998.9034832517013,0.0
372060,0.0,0.0,7.708261228338448,1000.0543791845093,0.0
372120,0.0,0.0,7.708261228338448,1000.6305908116725,0.0
372180,0.0,0.0,7.708261228338448,999.578518920716,0.0
372240,0.0,0.0,7.708261228338448,999.9462531064561,0.0
372300,0.0,0.0,7.708261228338448,998.2236552608565,0.0
372360,0.0,0.0,7.708261228338448,999.5468818429911,0.0
372420,0.0,0.0,7.708261228338448,1001.3518625051893,0.0
372480,0.0,0.0,7.708261228338448,1000.294930400737,0.0
372540,0.0,0.0,7.708261228338448,1000.2359610031855,0.0
372600,0.0,0.0,7.708261228338448,998.6287198195846,0.0
372660,0.0,0.0,7.708261228338448,999.2319989890809,0.0
372720,0.0,0.0,7.708261228338448,1000.463024185167,0.0
372780,0.0,0.0,7.708261228338448,1000.733858124981,0.0
372840,0.0,0.0,7.708261228338448,999.258572276024,0.0
372900,0.0,0.0,7.708261228338448,999.478143581275,0.0
372960,0.0,0.0,7.708261228338448,998.8098258429335,0.0
373020,0.0,0.0,7.708261228338448,999.8722523595254,0.0
373080,0.0,0.0,7.708261228338448,1001.4196281074658,0.0
373140,0.0,0.0,7.708261228338448,999.3431222735685,0.0
373200,0.0,0.0,7.708261228338448,999.6245645304957,0.0
373260,0.0,0.0,7.708261228338448,998.5297134555858,0.0
373320,0.0,0.0,7.708261228338448,1000.5126043989093,0.0
373380,0.0,0.0,7.708261228338448,1000.2417157129532,0.0
373440,0.0,0.0,7.708261228338448,1001.4573751793436,0.0
373500,0.0,0.0,7.708261228338448,999.4958115467507,0.0
373560,0.0,0.0,7.708261228338448,999.0481851683471,0.0
373620,0.0,0.0,7.708261228338448,999.4065268945395,0.0
373680,0.0,0.0,7.708261228338448,1000.1859382116163,0.0
373740,0.0,0.0,7.708261228338448,1000.4116689033689,0.0
373800,0.0,0.0,7.708261228338448,1000.3998465685792,0.0
373860,0.0,0.0,7.708261228338448,997.8806583302979,0.0
373920,0.0,0.0,7.708261228338448,999.1450924762036,0.0
373980,0.0,0.0,7.708261228338448,1000.5677783160007,0.0
374040,0.0,0.0,7.708261228338448,1000.4181203960196,0.0
374100,0.0,0.0,7.708261228338448,1000.9900333997895,0.0
374160,0.0,0.0,7.708261228338448,999.1189999989681,0.0
374220,0.0,0.0,7.708261228338448,998.8518471574383,0.0
374280,0.0,0.0,7.708261228338448,1000.6645517073468,0.0
374340,0.0,0.0,7.708261228338448,1000.3429312475191,0.0
374400,0.0,0.0,7.708261228338448,1001.0507038373693,0.0
374460,0.0,0.0,7.708261228338448,997.886449380531,0.0
374520,0.0,0.0,7.708261228338448,998.7260922597835,0.0
374580,0.0,0.0,7.708261228338448,999.2432593067537,0.0
374640,0.0,0.0,7.708261228338448,1000.4511934304466,0.0
374700,0.0,0.0,7.708261228338448,1000.68115623825,0.0
374760,0.0,0.0,7.708261228338448,999.0622053221217,0.0
374820,0.0,0.0,7.708261228338448,999.5473757457961,0.0
374880,0.0,0.0,7.708261228338448,998.8760107779298,0.0
374940,0.0,0.0,7.708261228338448,999.8733436121321,0.0
375000,0.0,0.0,7.708261228338448,1001.5207666728733,0.0
375060,0.0,0.0,7.708261228338448,1000.0736361598382,0.0
375120,0.0,0.0,7.708261228338448,999.6171077119645,0.0
375180,0.0,0.0,7.708261228338448,998.7490895010297,0.0
375240,0.0,0.0,7.708261228338448,999.6179093223114,0.0
375300,0.0,0.0,7.708261228338448,1000.6396775556567,0.0
375360,0.0,0.0,7.708261228338448,1000.7068880664361,0.0
375420,0.0,0.0,7.708261228338448,998.6718406387907,0.0
375480,0.0,0.0,7.708261228338448,999.1400021870348,0.0
375540,0.0,0.0,7.708261228338448,999.4867372452362,0.0
375600,0.0,0.0,7.708261228338448,1000.8135505760633,0.0
375660,0.0,0.0,7.708261228338448,1000.5424689464603,0.0
375720,0.0,0.0,7.708261228338448,1000.1498947315735,0.0
375780,0.0,0.0,7.708261228338448,997.6533652071886,0.0
375840,0.0,0.0,7.708261228338448,999.1878908223032,0.0
375900,0.0,0.0,7.708261228338448,1000.7548545745218,0.0
375960,0.0,0.0,7.708261228338448,1000.3438395927645,0.0
376020,0.0,0.0,7.708261228338448,1001.0832366223974,0.0
376080,0.0,0.0,7.708261228338448,999.0989655590571,0.0
376140,0.0,0.0,7.708261228338448,998.9059859217202,0.0
376200,0.0,0.0,7.708261228338448,999.9002877149248,0.0
376260,0.0,0.0,7.708261228338448,1000.4980372342523,0.0
376320,0.0,0.0,7.708261228338448,1000.0516706244764,0.0
376380,0.0,0.0,7.708261228338448,1000.0598709676359,0.0
376440,0.0,0.0,7.708261228338448,998.040278927446,0.0
376500,0.0,0.0,7.708261228338448,999.3758458367221,0.0
376560,0.0,0.0,7.708261228338448,1001.0585428571214,0.0
376620,0.0,0.0,7.708261228338448,1000.4213202953141,0.0
376680,0.0,0.0,7.708261228338448,1000.4725488068461,0.0
376740,0.0,0.0,7.708261228338448,997.4474591260455,0.0
376800,0.0,0.0,7.708261228338448,999.132474623492,0.0
376860,0.0,0.0,7.708261228338448,1000.2276148616992,0.0
376920,0.0,0.0,7.708261228338448,1001.103900525487,0.0
376980,0.0,0.0,7.708261228338448,1000.0946007774899,0.0
377040,0.0,0.0,7.708261228338448,999.5709044722009,0.0
377100,0.0,0.0,7.708261228338448,998.7823251705435,0.0
377160,0.0,0.0,7.708261228338448,999.6086743993593,0.0
377220,0.0,0.0,7.708261228338448,1000.5923775668475,0.0
377280,0.0,0.0,7.708261228338448,1000.687191277488,0.0
377340,0.0,0.0,7.708261228338448,998.4490819250498,0.0
377400,0.0,0.0,7.708261228338448,999.219313730169,0.0
377460,0.0,0.0,7.708261228338448,999.5933266718046,0.0
377520,0.0,0.0,7.708261228338448,1000.1679206568087,0.0
377580,0.0,0.0,7.708261228338448,1001.4568559485939,0.0
377640,0.0,0.0,7.708261228338448,999.7321760383056,0.0
377700,0.0,0.0,7.708261228338448,999.1123988929127,0.0
377760,0.0,0.0,7.708261228338448,999.1281696221831,0.0
377820,0.0,0.0,7.708261228338448,1000.0244396473751,0.0
377880,0.0,0.0,7.708261228338448,1000.613143351556,0.0
377940,0.0,0.0,7.708261228338448,1000.5291487214256,0.0
378000,0.0,0.0,7.708261228338448,998.1685224244361,0.0
378060,0.0,0.0,7.708261228338448,998.6989090795732,0.0
378120,0.0,0.0,7.708261228338448,999.6368473590668,0.0
378180,0.0,0.0,7.708261228338448,1001.8459576843544,0.0
378240,0.0,0.0,7.708261228338448,999.7261410625737,0.0
378300,0.0,0.0,7.708261228338448,1000.1138256711313,0.0
378360,0.0,0.0,7.708261228338448,997.962361895082,0.0
378420,0.0,0.0,7.708261228338448,999.4054448019799,0.0
378480,0.0,0.0,7.708261228338448,1001.1580294333817,0.0
378540,0.0,0.0,7.708261228338448,1000.3559806484963,0.0
378600,0.0,0.0,7.708261228338448,1000.5217815138975,0.0
378660,0.0,0.0,7.708261228338448,998.7199831092881,0.0
378720,0.0,0.0,7.708261228338448,999.0808443854625,0.0
378780,0.0,0.0,7.708261228338448,1000.3117801875089,0.0
378840,0.0,0.0,7.708261228338448,1000.6927733021557,0.0
378900,0.0,0.0,7.708261228338448,999.5470383006309,0.0
378960,0.0,0.0,7.708261228338448,999.6665249412131,0.0
379020,0.0,0.0,7.708261228338448,998.5095393228235,0.0
379080,0.0,0.0,7.708261228338448,999.7038214929646,0.0
379140,0.0,0.0,7.708261228338448,1001.3504478108865,0.0
379200,0.0,0.0,7.708261228338448,999.6905000884533,0.0
379260,0.0,0.0,7.708261228338448,999.8040674634249,0.0
379320,0.0,0.0,7.708261228338448,998.4416121352524,0.0
379380,0.0,0.0,7.708261228338448,1000.1690855158996,0.0
379440,0.0,0.0,7.708261228338448,1000.1349241714851,0.0
379500,0.0,0.0,7.708261228338448,1001.5839469910233,0.0
379560,0.0,0.0,7.708261228338448,999.6818487228154,0.0
379620,0.0,0.0,7.708261228338448,999.2155528791944,0.0
379680,0.0,0.0,7.708261228338448,999.1783999573074,0.0
379740,0.0,0.0,7.708261228338448,1000.012365933713,0.0
379800,0.0,0.0,7.708261228338448,1000.5234415147708,0.0
379860,0.0,0.0,7.708261228338448,1000.5220131239755,0.0
379920,0.0,0.0,7.708261228338448,997.9769073896538,0.0
379980,0.0,0.0,7.708261228338448,999.0979990093484,0.0
380040,0.0,0.0,7.708261228338448,1000.2743482251267,0.0
380100,0.0,0.0,7.708261228338448,1000.3697480090323,0.0
380160,0.0,0.0,7.708261228338448,1001.1806168274375,0.0
380220,0.0,0.0,7.708261228338448,999.32180715388,0.0
380280,0.0,0.0,7.708261228338448,998.8541769292348,0.0
380340,0.0,0.0,7.708261228338448,999.6088911117805,0.0
380400,0.0,0.0,7.708261228338448,1000.3814690812892,0.0
380460,0.0,0.0,7.708261228338448,1001.1712477991142,0.0
380520,0.0,0.0,7.708261228338448,999.2334016679965,0.0
380580,0.0,0.0,7.708261228338448,999.3519795336623,0.0
380640,0.0,0.0,7.708261228338448,999.3664763086128,0.0
380700,0.0,0.0,7.708261228338448,1000.2333262224943,0.0
380760,0.0,0.0,7.708261228338448,1000.7217294625713,0.0
380820,0.0,0.0,7.708261228338448,999.2935893101263,0.0
380880,0.0,0.0,7.708261228338448,999.7485366182651,0.0
380940,0.0,0.0,7.708261228338448,998.526352643297,0.0
381000,0.0,0.0,7.708261228338448,999.7086475789478,0.0
381060,0.0,0.0,7.708261228338448,1001.4633693817639,0.0
381120,0.0,0.0,7.708261228338448,1000.2043722004134,0.0
381180,0.0,0.0,7.708261228338448,999.9215800001917,0.0
381240,0.0,0.0,7.708261228338448,998.6429476345332,0.0
381300,0.0,0.0,7.708261228338448,999.4143982567124,0.0
381360,0.0,0.0,7.708261228338448,1000.5758385765882,0.0
381420,0.0,0.0,7.708261228338448,1000.7413177523565,0.0
381480,0.0,0.0,7.708261228338448,998.9718431849146,0.0
381540,0.0,0.0,7.708261228338448,999.2935495804746,0.0
381600,0.0,0.0,7.708261228338448,999.1378858339394,0.0
381660,0.0,0.0,7.708261228338448,1000.6951700139077,0.0
381720,0.0,0.0,7.708261228338448,1000.5179516645093,0.0
381780,0.0,0.0,7.708261228338448,1000.5326235720797,0.0
381840,0.0,0.0,7.708261228338448,997.6181260442658,0.0
381900,0.0,0.0,7.708261228338448,999.1530684380256,0.0
381960,0.0,0.0,7.708261228338448,1000.4388964225659,0.0
382020,0.0,0.0,7.708261228338448,1000.2962712632243,0.0
382080,0.0,0.0,7.708261228338448,1001.2882451522225,0.0
382140,0.0,0.0,7.708261228338448,999.3022337586617,0.0
382200,0.0,0.0,7.708261228338448,998.9113060523869,0.0
382260,0.0,0.0,7.708261228338448,999.6641291223804,0.0
382320,0.0,0.0,7.708261228338448,1000.3599151539859,0.0
382380,0.0,0.0,7.708261228338448,1000.2559471490536,0.0
382440,0.0,0.0,7.708261228338448,1000.2343016913211,0.0
382500,0.0,0.0,7.708261228338448,997.9172864471803,0.0
382560,0.0,0.0,7.708261228338448,999.2421404655007,0.0
382620,0.0,0.0,7.708261228338448,1000.836588576057,0.0
382680,0.0,0.0,7.708261228338448,1000.4421445345106,0.0
382740,0.0,0.0,7.708261228338448,1000.7353249585174,0.0
382800,0.0,0.0,7.708261228338448,997.3408697208143,0.0
382860,0.0,0.0,7.708261228338448,999.0298191772569,0.0
382920,0.0,0.0,7.708261228338448,999.9800547216103,0.0
382980,0.0,0.0,7.708261228338448,1001.2739843696634,0.0
383040,0.0,0.0,7.708261228338448,1000.207698186761,0.0
383100,0.0,0.0,7.708261228338448,999.8650280771801,0.0
383160,0.0,0.0,7.708261228338448,998.6687817485175,0.0
383220,0.0,0.0,7.708261228338448,999.4326065749971,0.0
383280,0.0,0.0,7.708261228338448,1000.5528958635132,0.0
383340,0.0,0.0,7.708261228338448,1000.715025380762,0.0
383400,0.0,0.0,7.708261228338448,998.7374745370281,0.0
383460,0.0,0.0,7.708261228338448,999.3536829627315,0.0
383520,0.0,0.0,7.708261228338448,999.2495988142537,0.0
383580,0.0,0.0,7.708261228338448,1000.0397739486876,0.0
383640,0.0,0.0,7.708261228338448,1001.5085114806357,0.0
383700,0.0,0.0,7.708261228338448,999.9090206381961,0.0
383760,0.0,0.0,7.708261228338448,999.3258104789701,0.0
383820,0.0,0.0,7.708261228338448,998.9240214642618,0.0
383880,0.0,0.0,7.708261228338448,999.8342160902608,0.0
383940,0.0,0.0,7.708261228338448,1000.655029667204,0.0
384000,0.0,0.0,7.708261228338448,1000.6318822658998,0.0
384060,0.0,0.0,7.708261228338448,998.4257368408636,0.0
384120,0.0,0.0,7.708261228338448,998.4616819836057,0.0
384180,0.0,0.0,7.708261228338448,999.4793018246526,0.0
384240,0.0,0.0,7.708261228338448,1001.7745434941622,0.0
384300,0.0,0.0,7.708261228338448,999.9495029219236,0.0
384360,0.0,0.0,7.708261228338448,1000.2762494616281,0.0
384420,0.0,0.0,7.708261228338448,997.7909989415894,0.0
384480,0.0,0.0,7.708261228338448,999.2933831648267,0.0
384540,0.0,0.0,7.708261228338448,1000.9430223953809,0.0
384600,0.0,0.0,7.708261228338448,1000.3800730054415,0.0
384660,0.0,0.0,7.708261228338448,1000.7780807217285,0.0
384720,0.0,0.0,7.708261228338448,998.8804262640615,0.0
384780,0.0,0.0,7.708261228338448,998.9715336711847,0.0
384840,0.0,0.0,7.708261228338448,1000.1349242544445,0.0
384900,0.0,0.0,7.708261228338448,1000.6233448681111,0.0
384960,0.0,0.0,7.708261228338448,999.8072405003646,0.0
385020,0.0,0.0,7.708261228338448,999.8470499731518,0.0
385080,0.0,0.0,7.708261228338448,998.2640412767147,0.0
385140,0.0,0.0,7.708261228338448,999.5443374419086,0.0
385200,0.0,0.0,7.708261228338448,1001.2329004448765,0.0
385260,0.0,0.0,7.708261228338448,1000.0002602536421,0.0
385320,0.0,0.0,7.708261228338448,999.9652444387519,0.0
385380,0.0,0.0,7.708261228338448,998.4296385031494,0.0
385440,0.0,0.0,7.708261228338448,999.800747107406,0.0
385500,0.0,0.0,7.708261228338448,1000.0164449250495,0.0
385560,0.0,0.0,7.708261228338448,1001.6516304680515,0.0
385620,0.0,0.0,7.708261228338448,999.8456088501083,0.0
385680,0.0,0.0,7.708261228338448,999.4227494896612,0.0
385740,0.0,0.0,7.708261228338448,998.9790975146922,0.0
385800,0.0,0.0,7.708261228338448,999.8375098005946,0.0
385860,0.0,0.0,7.708261228338448,1000.5872224291907,0.0
385920,0.0,0.0,7.708261228338448,1000.6134550028966,0.0
385980,0.0,0.0,7.708261228338448,998.1857310126253,0.0
386040,0.0,0.0,7.708261228338448,999.1052369016799,0.0
386100,0.0,0.0,7.708261228338448,999.9676052783143,0.0
386160,0.0,0.0,7.708261228338448,1000.2964407909003,0.0
386220,0.0,0.0,7.708261228338448,1001.323165840702,0.0
386280,0.0,0.0,7.708261228338448,999.5170315740797,0.0
386340,0.0,0.0,7.708261228338448,998.9256050783338,0.0
386400,0.0,0.0,7.708261228338448,999.3796513025598,0.0
386460,0.0,0.0,7.708261228338448,1000.228945966812,0.0
386520,0.0,0.0,7.708261228338448,1001.4026420607953,0.0
386580,0.0,0.0,7.708261228338448,999.4610928228832,0.0
386640,0.0,0.0,7.708261228338448,999.5322210799237,0.0
386700,0.0,0.0,7.708261228338448,998.9562350009355,0.0
386760,0.0,0.0,7.708261228338448,1000.0844878169523,0.0
386820,0.0,0.0,7.708261228338448,1000.6534427617397,0.0
386880,0.0,0.0,7.708261228338448,999.5703155948582,0.0
386940,0.0,0.0,7.708261228338448,999.9096843271631,0.0
387000,0.0,0.0,7.708261228338448,998.2638958272814,0.0
387060,0.0,0.0,7.708261228338448,999.5661477659877,0.0
387120,0.0,0.0,7.708261228338448,1001.3529726309839,0.0
387180,0.0,0.0,7.708261228338448,1000.2947784833532,0.0
387240,0.0,0.0,7.708261228338448,1000.1872633241137,0.0
387300,0.0,0.0,7.708261228338448,998.6221227663117,0.0
387360,0.0,0.0,7.708261228338448,999.2485098761449,0.0
387420,0.0,0.0,7.708261228338448,1000.4788870877726,0.0
387480,0.0,0.0,7.708261228338448,1000.7409806788642,0.0
387540,0.0,0.0,7.708261228338448,999.2523602884787,0.0
387600,0.0,0.0,7.708261228338448,999.4478635523263,0.0
387660,0.0,0.0,7.708261228338448,998.837264974142,0.0
387720,0.0,0.0,7.708261228338448,1000.5361084639103,0.0
387780,0.0,0.0,7.708261228338448,1000.4714784197674,0.0
387840,0.0,0.0,7.708261228338448,1000.8523939282917,0.0
387900,0.0,0.0,7.708261228338448,997.7472306801969,0.0
387960,0.0,0.0,7.708261228338448,999.1703625424656,0.0
388020,0.0,0.0,7.708261228338448,1000.1213787181339,0.0
388080,0.0,0.0,7.708261228338448,1000.2315461705587,0.0
388140,0.0,0.0,7.708261228338448,1001.4269804998033,0.0
388200,0.0,0.0,7.708261228338448,999.4854183120228,0.0
388260,0.0,0.0,7.708261228338448,998.978980592476,0.0
388320,0.0,0.0,7.708261228338448,999.4429902129845,0.0
388380,0.0,0.0,7.708261228338448,1000.2173006208542,0.0
388440,0.0,0.0,7.708261228338448,1000.4098259811352,0.0
388500,0.0,0.0,7.708261228338448,1000.3738061434627,0.0
388560,0.0,0.0,7.708261228338448,997.8970498156772,0.0
388620,0.0,0.0,7.708261228338448,999.1473974864988,0.0
388680,0.0,0.0,7.708261228338448,1000.5937106188031,0.0
388740,0.0,0.0,7.708261228338448,1000.4330149815864,0.0
388800,0.0,0.0,7.708261228338448,1000.9460114658991,0.0
388860,0.0,0.0,7.708261228338448,999.0923387999352,0.0
388920,0.0,0.0,7.708261228338448,998.8483241724063,0.0
388980,0.0,0.0,7.708261228338448,1000.6710496552391,0.0
389040,0.0,0.0,7.708261228338448,1000.3609158448362,0.0
389100,0.0,0.0,7.708261228338448,1001.0370230711817,0.0
389160,0.0,0.0,7.708261228338448,997.9070867381784,0.0
389220,0.0,0.0,7.708261228338448,998.7169464359894,0.0
389280,0.0,0.0,7.708261228338448,999.2606566314988,0.0
389340,0.0,0.0,7.708261228338448,1000.4666204870072,0.0
389400,0.0,0.0,7.708261228338448,1000.6898214947385,0.0
389460,0.0,0.0,7.708261228338448,999.0602109602656,0.0
389520,0.0,0.0,7.708261228338448,999.5183773489105,0.0
389580,0.0,0.0,7.708261228338448,998.9029092211645,0.0
389640,0.0,0.0,7.708261228338448,999.8899939260488,0.0
389700,0.0,0.0,7.708261228338448,1001.5093913212282,0.0
389760,0.0,0.0,7.708261228338448,1000.0683998035023,0.0
389820,0.0,0.0,7.708261228338448,999.586216304767,0.0
389880,0.0,0.0,7.708261228338448,998.7550966224779,0.0
389940,0.0,0.0,7.708261228338448,999.6330768860252,0.0
390000,0.0,0.0,7.708261228338448,1000.6469913986933,0.0
390060,0.0,0.0,7.708261228338448,1000.705225715891,0.0
390120,0.0,0.0,7.708261228338448,998.7553473480866,0.0
390180,0.0,0.0,7.708261228338448,998.2807672726643,0.0
390240,0.0,0.0,7.708261228338448,999.3317571323631,0.0
390300,0.0,0.0,7.708261228338448,1001.6377785514588,0.0
390360,0.0,0.0,7.708261228338448,1000.1365924005742,0.0
390420,0.0,0.0,7.708261228338448,1000.4259163024267,0.0
390480,0.0,0.0,7.708261228338448,997.7024760810643,0.0
390540,0.0,0.0,7.708261228338448,999.2106342689925,0.0
390600,0.0,0.0,7.708261228338448,1000.6825866088126,0.0
390660,0.0,0.0,7.708261228338448,1000.371193832862,0.0
390720,0.0,0.0,7.708261228338448,1001.0173102694338,0.0
390780,0.0,0.0,7.708261228338448,999.0661210823716,0.0
390840,0.0,0.0,7.708261228338448,998.9057947890726,0.0
390900,0.0,0.0,7.708261228338448,999.92646473319,0.0
390960,0.0,0.0,7.708261228338448,1000.5217611826403,0.0
391020,0.0,0.0,7.708261228338448,1000.0445319776426,0.0
391080,0.0,0.0,7.708261228338448,1000.0295233544765,0.0
391140,0.0,0.0,7.708261228338448,998.0678098699588,0.0
391200,0.0,0.0,7.708261228338448,999.3898094009697,0.0
391260,0.0,0.0,7.708261228338448,1001.0667590202003,0.0
391320,0.0,0.0,7.708261228338448,1000.4259293416162,0.0
391380,0.0,0.0,7.708261228338448,1000.4325699215939,0.0
391440,0.0,0.0,7.708261228338448,997.486142957191,0.0
391500,0.0,0.0,7.708261228338448,999.1397538250858,0.0
391560,0.0,0.0,7.708261228338448,1000.250608894313,0.0
391620,0.0,0.0,7.708261228338448,1001.0903502162629,0.0
391680,0.0,0.0,7.708261228338448,1000.0887370113724,0.0
391740,0.0,0.0,7.708261228338448,999.5342862631495,0.0
391800,0.0,0.0,7.708261228338448,998.7902209718465,0.0
391860,0.0,0.0,7.708261228338448,999.6249870495119,0.0
391920,0.0,0.0,7.708261228338448,1000.6006105264443,0.0
391980,0.0,0.0,7.708261228338448,1000.6861000523329,0.0
392040,0.0,0.0,7.708261228338448,998.454353526926,0.0
392100,0.0,0.0,7.708261228338448,999.1992181788519,0.0
392160,0.0,0.0,7.708261228338448,999.6083364587391,0.0
392220,0.0,0.0,7.708261228338448,1000.1807812888715,0.0
392280,0.0,0.0,7.708261228338448,1001.4407056709472,0.0
392340,0.0,0.0,7.708261228338448,999.7252595926433,0.0
392400,0.0,0.0,7.708261228338448,999.0944014528174,0.0
392460,0.0,0.0,7.708261228338448,999.135251813144,0.0
392520,0.0,0.0,7.708261228338448,1000.0364933026303,0.0
392580,0.0,0.0,7.708261228338448,1001.6030226299154,0.0
392640,0.0,0.0,7.708261228338448,999.6900357302007,0.0
392700,0.0,0.0,7.708261228338448,999.7617426290693,0.0
392760,0.0,0.0,7.708261228338448,998.5173771447493,0.0
392820,0.0,0.0,7.708261228338448,999.8881715329579,0.0
392880,0.0,0.0,7.708261228338448,1000.5428653148061,0.0
392940,0.0,0.0,7.708261228338448,999.8385348377811,0.0
393000,0.0,0.0,7.708261228338448,1000.0865702012478,0.0
393060,0.0,0.0,7.708261228338448,998.0264359652975,0.0
393120,0.0,0.0,7.708261228338448,999.4190699186257,0.0
393180,0.0,0.0,7.708261228338448,1001.1862821683148,0.0
393240,0.0,0.0,7.708261228338448,1000.357605741154,0.0
393300,0.0,0.0,7.708261228338448,1000.478627585539,0.0
393360,0.0,0.0,7.708261228338448,998.7019586098578,0.0
393420,0.0,0.0,7.708261228338448,999.0917829031254,0.0
393480,0.0,0.0,7.708261228338448,1000.3305379816242,0.0
393540,0.0,0.0,7.708261228338448,1000.7044051833403,0.0
393600,0.0,0.0,7.708261228338448,999.5408843757436,0.0
393660,0.0,0.0,7.708261228338448,999.6361074828118,0.0
393720,0.0,0.0,7.708261228338448,998.5369817632237,0.0
393780,0.0,0.0,7.708261228338448,1000.3173487944512,0.0
393840,0.0,0.0,7.708261228338448,1000.3899180401053,0.0
393900,0.0,0.0,7.708261228338448,1001.1714724970316,0.0
393960,0.0,0.0,7.708261228338448,998.0034729195447,0.0
394020,0.0,0.0,7.708261228338448,999.2601572461665,0.0
394080,0.0,0.0,7.708261228338448,999.7614418880752,0.0
394140,0.0,0.0,7.708261228338448,1000.1345187913632,0.0
394200,0.0,0.0,7.708261228338448,1001.536568039448,0.0
394260,0.0,0.0,7.708261228338448,999.6742380185217,0.0
394320,0.0,0.0,7.708261228338448,999.1292995996938,0.0
394380,0.0,0.0,7.708261228338448,999.2118534172096,0.0
394440,0.0,0.0,7.708261228338448,1000.0458743115112,0.0
394500,0.0,0.0,7.708261228338448,1000.525812235622,0.0
394560,0.0,0.0,7.708261228338448,1000.5024285344139,0.0
394620,0.0,0.0,7.708261228338448,997.980985489601,0.0
394680,0.0,0.0,7.708261228338448,999.0898206404545,0.0
394740,0.0,0.0,7.708261228338448,1000.3062268750567,0.0
394800,0.0,0.0,7.708261228338448,1000.3889114883125,0.0
394860,0.0,0.0,7.708261228338448,1001.1408677471595,0.0
394920,0.0,0.0,7.708261228338448,999.2954805201279,0.0
394980,0.0,0.0,7.708261228338448,998.8401374222028,0.0
395040,0.0,0.0,7.708261228338448,1000.306195871241,0.0
395100,0.0,0.0,7.708261228338448,1000.2862738848658,0.0
395160,0.0,0.0,7.708261228338448,1001.0907006924501,0.0
395220,0.0,0.0,7.708261228338448,998.2680935691833,0.0
395280,0.0,0.0,7.708261228338448,998.8018355628991,0.0
395340,0.0,0.0,7.708261228338448,999.1037785518621,0.0
395400,0.0,0.0,7.708261228338448,1000.3436821052468,0.0
395460,0.0,0.0,7.708261228338448,1000.6515652299028,0.0
395520,0.0,0.0,7.708261228338448,999.3488260338231,0.0
395580,0.0,0.0,7.708261228338448,999.6864303240947,0.0
395640,0.0,0.0,7.708261228338448,998.5915329218108,0.0
395700,0.0,0.0,7.708261228338448,999.7412176300493,0.0
395760,0.0,0.0,7.708261228338448,1001.4555679928845,0.0
395820,0.0,0.0,7.708261228338448,1000.1947485673329,0.0
395880,0.0,0.0,7.708261228338448,999.8523080244076,0.0
395940,0.0,0.0,7.708261228338448,998.6495196318333,0.0
396000,0.0,0.0,7.708261228338448,999.4463316129116,0.0
396060,0.0,0.0,7.708261228338448,1000.5943363648265,0.0
396120,0.0,0.0,7.708261228338448,1000.742896371326,0.0
396180,0.0,0.0,7.708261228338448,999.1172659599686,0.0
396240,0.0,0.0,7.708261228338448,998.191256884554,0.0
396300,0.0,0.0,7.708261228338448,999.2135147032667,0.0
396360,0.0,0.0,7.708261228338448,1001.4392648061696,0.0
396420,0.0,0.0,7.708261228338448,1000.277768866045,0.0
396480,0.0,0.0,7.708261228338448,1000.5458668187702,0.0
396540,0.0,0.0,7.708261228338448,997.7260334784203,0.0
396600,0.0,0.0,7.708261228338448,999.1708422100368,0.0
396660,0.0,0.0,7.708261228338448,1000.3982192431768,0.0
396720,0.0,0.0,7.708261228338448,1000.3348048882654,0.0
396780,0.0,0.0,7.708261228338448,1001.2117871584946,0.0
396840,0.0,0.0,7.708261228338448,999.2541174597199,0.0
396900,0.0,0.0,7.708261228338448,998.8957632924215,0.0
396960,0.0,0.0,7.708261228338448,999.7084343885311,0.0
397020,0.0,0.0,7.708261228338448,1000.399987786844,0.0
397080,0.0,0.0,7.708261228338448,1000.2428900019167,0.0
397140,0.0,0.0,7.708261228338448,1000.1935657698098,0.0
397200,0.0,0.0,7.708261228338448,997.9494458468278,0.0
397260,0.0,0.0,7.708261228338448,999.258147674113,0.0
397320,0.0,0.0,7.708261228338448,1000.863277169493,0.0
397380,0.0,0.0,7.708261228338448,1000.4529974814654,0.0
397440,0.0,0.0,7.708261228338448,1000.6762800564468,0.0
397500,0.0,0.0,7.708261228338448,997.3905131521602,0.0
397560,0.0,0.0,7.708261228338448,999.0345207875058,0.0
397620,0.0,0.0,7.708261228338448,1000.0214939350059,0.0
397680,0.0,0.0,7.708261228338448,1001.2500906327499,0.0
397740,0.0,0.0,7.708261228338448,1000.2008536141027,0.0
397800,0.0,0.0,7.708261228338448,999.8028251171629,0.0
397860,0.0,0.0,7.708261228338448,998.6759754216263,0.0
397920,0.0,0.0,7.708261228338448,999.4571833383254,0.0
397980,0.0,0.0,7.708261228338448,1000.56789085345,0.0
398040,0.0,0.0,7.708261228338448,1000.7177219215232,0.0
398100,0.0,0.0,7.708261228338448,998.7311328680535,0.0
398160,0.0,0.0,7.708261228338448,999.3197830570983,0.0
398220,0.0,0.0,7.708261228338448,999.2842047857117,0.0
398280,0.0,0.0,7.708261228338448,1000.0616895012657,0.0
398340,0.0,0.0,7.708261228338448,1001.4900793014149,0.0
398400,0.0,0.0,7.708261228338448,999.896142310765,0.0
398460,0.0,0.0,7.708261228338448,999.29037296331,0.0
398520,0.0,0.0,7.708261228338448,998.9384773787651,0.0
398580,0.0,0.0,7.708261228338448,999.8565600197937,0.0
398640,0.0,0.0,7.708261228338448,1001.7116190670639,0.0
398700,0.0,0.0,7.708261228338448,999.8790042949425,0.0
398760,0.0,0.0,7.708261228338448,999.9677660815235,0.0
398820,0.0,0.0,7.708261228338448,998.1489915937736,0.0
398880,0.0,0.0,7.708261228338448,999.6945050209318,0.0
398940,0.0,0.0,7.708261228338448,1000.4221125963618,0.0
399000,0.0,0.0,7.708261228338448,1000.0590831943109,0.0
399060,0.0,0.0,7.708261228338448,1000.2305999434185,0.0
399120,0.0,0.0,7.708261228338448,997.8800159062779,0.0
399180,0.0,0.0,7.708261228338448,999.3030203761077,0.0
399240,0.0,0.0,7.708261228338448,1000.9865077011827,0.0
399300,0.0,0.0,7.708261228338448,1000.38757119055,0.0
399360,0.0,0.0,7.708261228338448,1000.7224617621847,0.0
399420,0.0,0.0,7.708261228338448,998.8516538719214,0.0
399480,0.0,0.0,7.708261228338448,998.9789302165832,0.0
399540,0.0,0.0,7.708261228338448,1000.1632796141355,0.0
399600,0.0,0.0,7.708261228338448,1000.6431724308891,0.0
399660,0.0,0.0,7.708261228338448,999.795264177136,0.0
399720,0.0,0.0,7.708261228338448,999.8091351412074,0.0
399780,0.0,0.0,7.708261228338448,998.2992950609087,0.0
399840,0.0,0.0,7.708261228338448,999.5657900330572,0.0
399900,0.0,0.0,7.708261228338448,1001.236653943049,0.0
399960,0.0,0.0,7.708261228338448,999.9987986447237,0.0
400020,0.0,0.0,7.708261228338448,999.9413401278252,0.0
400080,0.0,0.0,7.708261228338448,998.427396132917,0.0
400140,0.0,0.0,7.708261228338448,999.8181927080585,0.0
400200,0.0,0.0,7.708261228338448,1000.037952819235,0.0
400260,0.0,0.0,7.708261228338448,1001.6268513918858,0.0
400320,0.0,0.0,7.708261228338448,999.8339660586773,0.0
400380,0.0,0.0,7.708261228338448,999.3858362780084,0.0
400440,0.0,0.0,7.708261228338448,998.9929541823832,0.0
400500,0.0,0.0,7.708261228338448,999.8584541376558,0.0
400560,0.0,0.0,7.708261228338448,1000.5934136485719,0.0
400620,0.0,0.0,7.708261228338448,1000.6066871404689,0.0
400680,0.0,0.0,7.708261228338448,998.1906199719806,0.0
400740,0.0,0.0,7.708261228338448,999.091076301431,0.0
400800,0.0,0.0,7.708261228338448,999.9838174228267,0.0
400860,0.0,0.0,7.708261228338448,1000.3101041762075,0.0
400920,0.0,0.0,7.708261228338448,1001.3021902860664,0.0
400980,0.0,0.0,7.708261228338448,999.5057586261914,0.0
401040,0.0,0.0,7.708261228338448,998.9101473124756,0.0
401100,0.0,0.0,7.708261228338448,999.8962322290192,0.0
401160,0.0,0.0,7.708261228338448,1000.1755237784248,0.0
401220,0.0,0.0,7.708261228338448,1001.1046703406714,0.0
401280,0.0,0.0,7.708261228338448,998.6729726513428,0.0
401340,0.0,0.0,7.708261228338448,998.9603322740148,0.0
401400,0.0,0.0,7.708261228338448,998.9751739418432,0.0
401460,0.0,0.0,7.708261228338448,1000.1784149407139,0.0
401520,0.0,0.0,7.708261228338448,1000.581089469978,0.0
401580,0.0,0.0,7.708261228338448,999.6276642309158,0.0
401640,0.0,0.0,7.708261228338448,999.8652247610285,0.0
401700,0.0,0.0,7.708261228338448,998.3056379450915,0.0
401760,0.0,0.0,7.708261228338448,999.5871521867648,0.0
401820,0.0,0.0,7.708261228338448,1001.3505862374185,0.0
401880,0.0,0.0,7.708261228338448,1000.2942516821946,0.0
401940,0.0,0.0,7.708261228338448,1000.1350170263966,0.0
402000,0.0,0.0,7.708261228338448,998.6163267898634,0.0
402060,0.0,0.0,7.708261228338448,999.2670531683738,0.0
402120,0.0,0.0,7.708261228338448,1000.4954924106612,0.0
402180,0.0,0.0,7.708261228338448,1000.7476745628094,0.0
402240,0.0,0.0,7.708261228338448,999.2441502796923,0.0
402300,0.0,0.0,7.708261228338448,999.4158178713437,0.0
402360,0.0,0.0,7.708261228338448,998.8668761291999,0.0
402420,0.0,0.0,7.708261228338448,1000.5472416554301,0.0
402480,0.0,0.0,7.708261228338448,1000.4861206124531,0.0
402540,0.0,0.0,7.708261228338448,1000.8108054870725,0.0
402600,0.0,0.0,7.708261228338448,997.7665089949277,0.0
402660,0.0,0.0,7.708261228338448,999.1529747034796,0.0
402720,0.0,0.0,7.708261228338448,1000.1393903843217,0.0
402780,0.0,0.0,7.708261228338448,1000.246362288372,0.0
402840,0.0,0.0,7.708261228338448,1001.4016966400794,0.0
402900,0.0,0.0,7.708261228338448,999.472850117348,0.0
402960,0.0,0.0,7.708261228338448,998.9617788707291,0.0
403020,0.0,0.0,7.708261228338448,999.4553325037257,0.0
403080,0.0,0.0,7.708261228338448,1000.232901979157,0.0
403140,0.0,0.0,7.708261228338448,1000.4136056987556,0.0
403200,0.0,0.0,7.708261228338448,1000.3622234349185,0.0
403260,0.0,0.0,7.708261228338448,997.9094908635477,0.0
403320,0.0,0.0,7.708261228338448,999.1460435503275,0.0
403380,0.0,0.0,7.708261228338448,1000.5984083504092,0.0
403440,0.0,0.0,7.708261228338448,1000.4413300803848,0.0
403500,0.0,0.0,7.708261228338448,1000.9265250286137,0.0
403560,0.0,0.0,7.708261228338448,997.4153227055015,0.0
403620,0.0,0.0,7.708261228338448,998.9748442836731,0.0
403680,0.0,0.0,7.708261228338448,999.7526689020632,0.0
403740,0.0,0.0,7.708261228338448,1001.3554551416239,0.0
403800,0.0,0.0,7.708261228338448,1000.2917460969385,0.0
403860,0.0,0.0,7.708261228338448,1000.1210368566534,0.0
403920,0.0,0.0,7.708261228338448,998.6279945765533,0.0
403980,0.0,0.0,7.708261228338448,999.2858382218908,0.0
404040,0.0,0.0,7.708261228338448,1000.481207965981,0.0
404100,0.0,0.0,7.708261228338448,1000.7171229315944,0.0
404160,0.0,0.0,7.708261228338448,999.0339035093322,0.0
404220,0.0,0.0,7.708261228338448,999.484508259415,0.0
404280,0.0,0.0,7.708261228338448,998.9376274976562,0.0
404340,0.0,0.0,7.708261228338448,999.9122725871334,0.0
404400,0.0,0.0,7.708261228338448,1001.4971956753774,0.0
404460,0.0,0.0,7.708261228338448,1000.0590340510254,0.0
404520,0.0,0.0,7.708261228338448,999.5467710836812,0.0
404580,0.0,0.0,7.708261228338448,998.7650871502683,0.0
404640,0.0,0.0,7.708261228338448,999.654453931123,0.0
404700,0.0,0.0,7.708261228338448,1001.7670781883296,0.0
404760,0.0,0.0,7.708261228338448,1000.0494966370335,0.0
404820,0.0,0.0,7.708261228338448,1000.1951854357488,0.0
404880,0.0,0.0,7.708261228338448,997.7970743418977,0.0
404940,0.0,0.0,7.708261228338448,999.4756337141432,0.0
405000,0.0,0.0,7.708261228338448,1000.2661570292651,0.0
405060,0.0,0.0,7.708261228338448,1000.2504598435314,0.0
405120,0.0,0.0,7.708261228338448,1000.371150193743,0.0
405180,0.0,0.0,7.708261228338448,997.8035953951139,0.0
405240,0.0,0.0,7.708261228338448,999.2081656617813,0.0
405300,0.0,0.0,7.708261228338448,1000.7352197251636,0.0
405360,0.0,0.0,7.708261228338448,1000.3847456279459,0.0
405420,0.0,0.0,7.708261228338448,1000.9640106540098,0.0
405480,0.0,0.0,7.708261228338448,999.0354164161931,0.0
405540,0.0,0.0,7.708261228338448,998.9026953017041,0.0
405600,0.0,0.0,7.708261228338448,999.9573129907941,0.0
405660,0.0,0.0,7.708261228338448,1000.5464389029406,0.0
405720,0.0,0.0,7.708261228338448,1000.0345913828379,0.0
405780,0.0,0.0,7.708261228338448,999.9942750938159,0.0
405840,0.0,0.0,7.708261228338448,998.0989626338078,0.0
405900,0.0,0.0,7.708261228338448,999.4073484670207,0.0
405960,0.0,0.0,7.708261228338448,1001.0770283344284,0.0
406020,0.0,0.0,7.708261228338448,1000.2730043049439,0.0
406080,0.0,0.0,7.708261228338448,1000.0965284184127,0.0
406140,0.0,0.0,7.708261228338448,998.4924119379958,0.0
406200,0.0,0.0,7.708261228338448,999.4270518375399,0.0
406260,0.0,0.0,7.708261228338448,999.902762377171,0.0
406320,0.0,0.0,7.708261228338448,1001.65102304079,0.0
406380,0.0,0.0,7.708261228338448,999.9846492248234,0.0
406440,0.0,0.0,7.708261228338448,999.6295473614873,0.0
406500,0.0,0.0,7.708261228338448,998.8204367654706,0.0
406560,0.0,0.0,7.708261228338448,999.6748398159,0.0
406620,0.0,0.0,7.708261228338448,1000.6126066594328,0.0
406680,0.0,0.0,7.708261228338448,1000.6761516751567,0.0
406740,0.0,0.0,7.708261228338448,998.4444742948791,0.0
406800,0.0,0.0,7.708261228338448,999.1586004005625,0.0
406860,0.0,0.0,7.708261228338448,999.6595407098578,0.0
406920,0.0,0.0,7.708261228338448,1000.2104520322277,0.0
406980,0.0,0.0,7.708261228338448,1001.4083388305038,0.0
407040,0.0,0.0,7.708261228338448,999.698651302832,0.0
407100,0.0,0.0,7.708261228338448,999.051875726637,0.0
407160,0.0,0.0,7.708261228338448,999.4768965803643,0.0
407220,0.0,0.0,7.708261228338448,1000.0455251447236,0.0
407280,0.0,0.0,7.708261228338448,1001.0775405134262,0.0
407340,0.0,0.0,7.708261228338448,999.0881167612984,0.0
407400,0.0,0.0,7.708261228338448,999.1295890703819,0.0
407460,0.0,0.0,7.708261228338448,998.8922954057732,0.0
407520,0.0,0.0,7.708261228338448,999.9906883456393,0.0
407580,0.0,0.0,7.708261228338448,1000.4885591930324,0.0
407640,0.0,0.0,7.708261228338448,999.875829773058,0.0
407700,0.0,0.0,7.708261228338448,1000.0313635379733,0.0
407760,0.0,0.0,7.708261228338448,998.079257283811,0.0
407820,0.0,0.0,7.708261228338448,999.446384472162,0.0
407880,0.0,0.0,7.708261228338448,1001.2003025756434,0.0
407940,0.0,0.0,7.708261228338448,1000.3612112920605,0.0
408000,0.0,0.0,7.708261228338448,1000.4012413249917,0.0
408060,0.0,0.0,7.708261228338448,998.6735993984178,0.0
408120,0.0,0.0,7.708261228338448,999.1146195456879,0.0
408180,0.0,0.0,7.708261228338448,1000.3619514024195,0.0
408240,0.0,0.0,7.708261228338448,1000.7211472507039,0.0
408300,0.0,0.0,7.708261228338448,999.5195554761818,0.0
408360,0.0,0.0,7.708261228338448,999.5871644557785,0.0
408420,0.0,0.0,7.708261228338448,998.585526575975,0.0
408480,0.0,0.0,7.708261228338448,1000.3443600698175,0.0
408540,0.0,0.0,7.708261228338448,1000.4158743647388,0.0
408600,0.0,0.0,7.708261228338448,1001.1056446243399,0.0
408660,0.0,0.0,7.708261228338448,998.0127861115994,0.0
408720,0.0,0.0,7.708261228338448,999.2236465015417,0.0
408780,0.0,0.0,7.708261228338448,999.8031616786526,0.0
408840,0.0,0.0,7.708261228338448,1000.1590107607243,0.0
408900,0.0,0.0,7.708261228338448,1001.5051365293904,0.0
408960,0.0,0.0,7.708261228338448,999.6534889136152,0.0
409020,0.0,0.0,7.708261228338448,999.0932531157051,0.0
409080,0.0,0.0,7.708261228338448,999.2350056253849,0.0
409140,0.0,0.0,7.708261228338448,1000.073105662657,0.0
409200,0.0,0.0,7.708261228338448,1000.5282285203649,0.0
409260,0.0,0.0,7.708261228338448,1000.4868871705544,0.0
409320,0.0,0.0,7.708261228338448,997.9884514569302,0.0
409380,0.0,0.0,7.708261228338448,999.0838511462324,0.0
409440,0.0,0.0,7.708261228338448,1000.3266587501961,0.0
409500,0.0,0.0,7.708261228338448,1000.4034812566513,0.0
409560,0.0,0.0,7.708261228338448,1001.1107847995788,0.0
409620,0.0,0.0,7.708261228338448,997.6155242016802,0.0
409680,0.0,0.0,7.708261228338448,998.9799307342104,0.0
409740,0.0,0.0,7.708261228338448,999.508820703444,0.0
409800,0.0,0.0,7.708261228338448,1001.3776526813061,0.0
409860,0.0,0.0,7.708261228338448,1000.3480035370671,0.0
409920,0.0,0.0,7.708261228338448,1000.3996029808598,0.0
409980,0.0,0.0,7.708261228338448,998.670631322741,0.0
410040,0.0,0.0,7.708261228338448,999.1520616427126,0.0
410100,0.0,0.0,7.708261228338448,1000.3650437824907,0.0
410160,0.0,0.0,7.708261228338448,1000.6886983072897,0.0
410220,0.0,0.0,7.708261228338448,999.3160355670002,0.0
410280,0.0,0.0,7.708261228338448,999.6423625068994,0.0
410340,0.0,0.0,7.708261228338448,998.6398351538767,0.0
410400,0.0,0.0,7.708261228338448,999.7691647755919,0.0
410460,0.0,0.0,7.708261228338448,1001.449825429724,0.0
410520,0.0,0.0,7.708261228338448,1000.1858463103265,0.0
410580,0.0,0.0,7.708261228338448,999.7976612241907,0.0
410640,0.0,0.0,7.708261228338448,998.656021755342,0.0
410700,0.0,0.0,7.708261228338448,999.4728694341511,0.0
410760,0.0,0.0,7.708261228338448,1000.609080657224,0.0
410820,0.0,0.0,7.708261228338448,1000.74330658879,0.0
410880,0.0,0.0,7.708261228338448,999.0937664725191,0.0
410940,0.0,0.0,7.708261228338448,998.2035375927346,0.0
411000,0.0,0.0,7.708261228338448,999.2213802864436,0.0
411060,0.0,0.0,7.708261228338448,1001.4301195871282,0.0
411120,0.0,0.0,7.708261228338448,1000.286118079102,0.0
411180,0.0,0.0,7.708261228338448,1000.5304544136518,0.0
411240,0.0,0.0,7.708261228338448,997.7439300098026,0.0
411300,0.0,0.0,7.708261228338448,999.1622312949514,0.0
411360,0.0,0.0,7.708261228338448,1000.417056651726,0.0
411420,0.0,0.0,7.708261228338448,1000.348760601214,0.0
411480,0.0,0.0,7.708261228338448,1001.1798661174099,0.0
411540,0.0,0.0,7.708261228338448,999.2374904312453,0.0
411600,0.0,0.0,7.708261228338448,998.8857489330666,0.0
411660,0.0,0.0,7.708261228338448,999.7240871152765,0.0
411720,0.0,0.0,7.708261228338448,1000.4165152745861,0.0
411780,0.0,0.0,7.708261228338448,1000.2440030545761,0.0
411840,0.0,0.0,7.708261228338448,1000.1761492293828,0.0
411900,0.0,0.0,7.708261228338448,997.9650424127093,0.0
411960,0.0,0.0,7.708261228338448,999.262654530741,0.0
412020,0.0,0.0,7.708261228338448,1000.867627892484,0.0
412080,0.0,0.0,7.708261228338448,1000.5046631335949,0.0
412140,0.0,0.0,7.708261228338448,1000.2367393349151,0.0
412200,0.0,0.0,7.708261228338448,998.6622823329938,0.0
412260,0.0,0.0,7.708261228338448,999.017907101283,0.0
412320,0.0,0.0,7.708261228338448,999.7547284222126,0.0
412380,0.0,0.0,7.708261228338448,1001.6221386365014,0.0
412440,0.0,0.0,7.708261228338448,1000.1140345264288,0.0
412500,0.0,0.0,7.708261228338448,999.9056645224487,0.0
412560,0.0,0.0,7.708261228338448,998.6951601199293,0.0
412620,0.0,0.0,7.708261228338448,999.4887498240174,0.0
412680,0.0,0.0,7.708261228338448,1000.5828929288227,0.0
412740,0.0,0.0,7.708261228338448,1000.7157755737688,0.0
412800,0.0,0.0,7.708261228338448,998.7270572385816,0.0
412860,0.0,0.0,7.708261228338448,999.28420771706,0.0
412920,0.0,0.0,7.708261228338448,999.3214147841131,0.0
412980,0.0,0.0,7.708261228338448,1000.0848665083814,0.0
413040,0.0,0.0,7.708261228338448,1001.4706162612782,0.0
413100,0.0,0.0,7.708261228338448,999.8815788396118,0.0
413160,0.0,0.0,7.708261228338448,999.2534882193225,0.0
413220,0.0,0.0,7.708261228338448,998.9547254693149,0.0
413280,0.0,0.0,7.708261228338448,999.8806959146091,0.0
413340,0.0,0.0,7.708261228338448,1001.6812497866225,0.0
413400,0.0,0.0,7.708261228338448,999.8756297657196,0.0
413460,0.0,0.0,7.708261228338448,999.9322814699982,0.0
413520,0.0,0.0,7.708261228338448,998.1840148460808,0.0
413580,0.0,0.0,7.708261228338448,999.7128284665041,0.0
413640,0.0,0.0,7.708261228338448,1000.4415532808172,0.0
413700,0.0,0.0,7.708261228338448,1000.0617065625552,0.0
413760,0.0,0.0,7.708261228338448,1000.2126743956428,0.0
413820,0.0,0.0,7.708261228338448,997.9003373737146,0.0
413880,0.0,0.0,7.708261228338448,999.3071801608626,0.0
413940,0.0,0.0,7.708261228338448,1000.9903280994037,0.0
414000,0.0,0.0,7.708261228338448,1000.3945647103089,0.0
414060,0.0,0.0,7.708261228338448,1000.6944888978684,0.0
414120,0.0,0.0,7.708261228338448,998.8399788896663,0.0
414180,0.0,0.0,7.708261228338448,998.9804637986686,0.0
414240,0.0,0.0,7.708261228338448,1000.1730672525615,0.0
414300,0.0,0.0,7.708261228338448,1000.652303083248,0.0
414360,0.0,0.0,7.708261228338448,999.7984317675454,0.0
414420,0.0,0.0,7.708261228338448,999.7922870488366,0.0
414480,0.0,0.0,7.708261228338448,998.312157015411,0.0
414540,0.0,0.0,7.708261228338448,1000.0793122733035,0.0
414600,0.0,0.0,7.708261228338448,1000.3059462906517,0.0
414660,0.0,0.0,7.708261228338448,1001.3979532421844,0.0
414720,0.0,0.0,7.708261228338448,998.3032875229908,0.0
414780,0.0,0.0,7.708261228338448,999.3599893790342,0.0
414840,0.0,0.0,7.708261228338448,999.4224156685775,0.0
414900,0.0,0.0,7.708261228338448,1000.0370483348088,0.0
414960,0.0,0.0,7.708261228338448,1001.5753203435447,0.0
415020,0.0,0.0,7.708261228338448,999.8365839294942,0.0
415080,0.0,0.0,7.708261228338448,999.3040860461757,0.0
415140,0.0,0.0,7.708261228338448,999.0130279393678,0.0
415200,0.0,0.0,7.708261228338448,999.8831795143918,0.0
415260,0.0,0.0,7.708261228338448,1000.5998441184455,0.0
415320,0.0,0.0,7.708261228338448,1000.5969999257047,0.0
415380,0.0,0.0,7.708261228338448,998.1902735423735,0.0
415440,0.0,0.0,7.708261228338448,999.075626054417,0.0
415500,0.0,0.0,7.708261228338448,1000.0081730680173,0.0
415560,0.0,0.0,7.708261228338448,1000.3273321360917,0.0
415620,0.0,0.0,7.708261228338448,1001.27563334779,0.0
415680,0.0,0.0,7.708261228338448,997.9168949943115,0.0
415740,0.0,0.0,7.708261228338448,999.0707295408363,0.0
415800,0.0,0.0,7.708261228338448,999.2489345655794,0.0
415860,0.0,0.0,7.708261228338448,1001.3328106860396,0.0
415920,0.0,0.0,7.708261228338448,1000.3746315686378,0.0
415980,0.0,0.0,7.708261228338448,1000.6947267401408,0.0
416040,0.0,0.0,7.708261228338448,998.815515498738,0.0
416100,0.0,0.0,7.708261228338448,999.0402596305205,0.0
416160,0.0,0.0,7.708261228338448,1000.2021535181153,0.0
416220,0.0,0.0,7.708261228338448,1000.6255882794125,0.0
416280,0.0,0.0,7.708261228338448,999.5975553526323,0.0
416340,0.0,0.0,7.708261228338448,999.8219069881653,0.0
416400,0.0,0.0,7.708261228338448,998.3531757273676,0.0
416460,0.0,0.0,7.708261228338448,999.6124679737421,0.0
416520,0.0,0.0,7.708261228338448,1001.353218981231,0.0
416580,0.0,0.0,7.708261228338448,1000.2909250182744,0.0
416640,0.0,0.0,7.708261228338448,1000.0785090737515,0.0
416700,0.0,0.0,7.708261228338448,998.6117726561433,0.0
416760,0.0,0.0,7.708261228338448,999.2896617203991,0.0
416820,0.0,0.0,7.708261228338448,1000.5142391497449,0.0
416880,0.0,0.0,7.708261228338448,1000.7539937031413,0.0
416940,0.0,0.0,7.708261228338448,999.4807656430883,0.0
417000,0.0,0.0,7.708261228338448,998.2093630256607,0.0
417060,0.0,0.0,7.708261228338448,999.1260338489881,0.0
417120,0.0,0.0,7.708261228338448,1001.1793272652167,0.0
417180,0.0,0.0,7.708261228338448,1000.3849875148854,0.0
417240,0.0,0.0,7.708261228338448,1000.6331017119566,0.0
417300,0.0,0.0,7.708261228338448,997.8838623424455,0.0
417360,0.0,0.0,7.708261228338448,999.1662311991217,0.0
417420,0.0,0.0,7.708261228338448,1000.1054209716042,0.0
417480,0.0,0.0,7.708261228338448,1000.2851600555136,0.0
417540,0.0,0.0,7.708261228338448,1001.3448620730635,0.0
417600,0.0,0.0,7.708261228338448,999.4321954215095,0.0
417660,0.0,0.0,7.708261228338448,998.935009009918,0.0
417720,0.0,0.0,7.708261228338448,999.4935685917053,0.0
417780,0.0,0.0,7.708261228338448,1000.2712193306949,0.0
417840,0.0,0.0,7.708261228338448,1000.407414856998,0.0
417900,0.0,0.0,7.708261228338448,1000.3312076136576,0.0
417960,0.0,0.0,7.708261228338448,997.9277400713162,0.0
418020,0.0,0.0,7.708261228338448,999.1521767976415,0.0
418080,0.0,0.0,7.708261228338448,1000.6271406925528,0.0
418140,0.0,0.0,7.708261228338448,1000.6780039064348,0.0
418200,0.0,0.0,7.708261228338448,1000.3474591704683,0.0
418260,0.0,0.0,7.708261228338448,998.9027176923831,0.0
418320,0.0,0.0,7.708261228338448,998.6331812370006,0.0
418380,0.0,0.0,7.708261228338448,999.6132446674727,0.0
418440,0.0,0.0,7.708261228338448,1001.5377639087337,0.0
418500,0.0,0.0,7.708261228338448,1000.2124456518529,0.0
418560,0.0,0.0,7.708261228338448,1000.1765440923413,0.0
418620,0.0,0.0,7.708261228338448,998.6405535976123,0.0
418680,0.0,0.0,7.708261228338448,999.3210297600222,0.0
418740,0.0,0.0,7.708261228338448,1000.511081743995,0.0
418800,0.0,0.0,7.708261228338448,1000.7236934619896,0.0
418860,0.0,0.0,7.708261228338448,999.0134671459384,0.0
418920,0.0,0.0,7.708261228338448,999.4291436195507,0.0
418980,0.0,0.0,7.708261228338448,999.000218527281,0.0
419040,0.0,0.0,7.708261228338448,999.9484710405286,0.0
419100,0.0,0.0,7.708261228338448,1001.4804168997939,0.0
419160,0.0,0.0,7.708261228338448,1000.0392973716066,0.0
419220,0.0,0.0,7.708261228338448,999.4834323300232,0.0
419280,0.0,0.0,7.708261228338448,998.785918645625,0.0
419340,0.0,0.0,7.708261228338448,999.6920930840978,0.0
419400,0.0,0.0,7.708261228338448,1001.7301369076663,0.0
419460,0.0,0.0,7.708261228338448,1000.0426224629696,0.0
419520,0.0,0.0,7.708261228338448,1000.1426033833533,0.0
419580,0.0,0.0,7.708261228338448,997.8580701368674,0.0
419640,0.0,0.0,7.708261228338448,999.506800039015,0.0
419700,0.0,0.0,7.708261228338448,1000.299551062562,0.0
419760,0.0,0.0,7.708261228338448,1000.2485621540553,0.0
419820,0.0,0.0,7.708261228338448,1000.3475078867044,0.0
419880,0.0,0.0,7.708261228338448,997.827445205966,0.0
419940,0.0,0.0,7.708261228338448,999.210646754135,0.0
420000,0.0,0.0,7.708261228338448,1000.7549134436018,0.0
420060,0.0,0.0,7.708261228338448,1000.3972175051086,0.0
420120,0.0,0.0,7.708261228338448,1000.9210000084472,0.0
420180,0.0,0.0,7.708261228338448,999.0126007741677,0.0
420240,0.0,0.0,7.708261228338448,998.9013712391735,0.0
420300,0.0,0.0,7.708261228338448,999.9786510280397,0.0
420360,0.0,0.0,7.708261228338448,1000.5645777844705,0.0
420420,0.0,0.0,7.708261228338448,1000.0301537962457,0.0
420480,0.0,0.0,7.708261228338448,999.9676497864542,0.0
420540,0.0,0.0,7.708261228338448,998.121827161207,0.0
420600,0.0,0.0,7.708261228338448,999.8090351322778,0.0
420660,0.0,0.0,7.708261228338448,1000.1909371682674,0.0
420720,0.0,0.0,7.708261228338448,1001.6046521515875,0.0
420780,0.0,0.0,7.708261228338448,998.5974993465237,0.0
420840,0.0,0.0,7.708261228338448,999.5003154212371,0.0
420900,0.0,0.0,7.708261228338448,999.0769386134438,0.0
420960,0.0,0.0,7.708261228338448,999.9157519583657,0.0
421020,0.0,0.0,7.708261228338448,1001.5834028812224,0.0
421080,0.0,0.0,7.708261228338448,999.9852707717953,0.0
421140,0.0,0.0,7.708261228338448,999.5287911091623,0.0
421200,0.0,0.0,7.708261228338448,998.8404938449459,0.0
421260,0.0,0.0,7.708261228338448,999.7075444870352,0.0
421320,0.0,0.0,7.708261228338448,1000.6235519182817,0.0
421380,0.0,0.0,7.708261228338448,1000.6696775961245,0.0
421440,0.0,0.0,7.708261228338448,998.4345375996915,0.0
421500,0.0,0.0,7.708261228338448,999.1266309521873,0.0
421560,0.0,0.0,7.708261228338448,999.6985789221014,0.0
421620,0.0,0.0,7.708261228338448,1000.2349677618374,0.0
421680,0.0,0.0,7.708261228338448,1001.3803118937825,0.0
421740,0.0,0.0,7.708261228338448,999.6769960547945,0.0
421800,0.0,0.0,7.708261228338448,999.0181897864483,0.0
421860,0.0,0.0,7.708261228338448,999.5046753593589,0.0
421920,0.0,0.0,7.708261228338448,1000.0692686399947,0.0
421980,0.0,0.0,7.708261228338448,1001.0812354297866,0.0
422040,0.0,0.0,7.708261228338448,999.0900009387308,0.0
422100,0.0,0.0,7.708261228338448,999.106504593415,0.0
422160,0.0,0.0,7.708261228338448,998.892201950927,0.0
422220,0.0,0.0,7.708261228338448,1000.0112493249035,0.0
422280,0.0,0.0,7.708261228338448,1000.5071471455018,0.0
422340,0.0,0.0,7.708261228338448,999.8741330073752,0.0
422400,0.0,0.0,7.708261228338448,1000.0065776868935,0.0
422460,0.0,0.0,7.708261228338448,998.1043535489177,0.0
422520,0.0,0.0,7.708261228338448,999.4569022358754,0.0
422580,0.0,0.0,7.708261228338448,1001.2017414425363,0.0
422640,0.0,0.0,7.708261228338448,1000.3649651489894,0.0
422700,0.0,0.0,7.708261228338448,1000.3686927176831,0.0
422760,0.0,0.0,7.708261228338448,998.6635931799511,0.0
422820,0.0,0.0,7.708261228338448,999.1221832167677,0.0
422880,0.0,0.0,7.708261228338448,1000.3730562031417,0.0
422940,0.0,0.0,7.708261228338448,1000.7285003101181,0.0
423000,0.0,0.0,7.708261228338448,999.8868658695444,0.0
423060,0.0,0.0,7.708261228338448,998.349785706281,0.0
423120,0.0,0.0,7.708261228338448,999.0732146635928,0.0
423180,0.0,0.0,7.708261228338448,1000.8696027878104,0.0
423240,0.0,0.0,7.708261228338448,1000.4355141223767,0.0
423300,0.0,0.0,7.708261228338448,1000.7088263322142,0.0
423360,0.0,0.0,7.708261228338448,998.131747680435,0.0
423420,0.0,0.0,7.708261228338448,999.2390722456707,0.0
423480,0.0,0.0,7.708261228338448,999.7661321149595,0.0
423540,0.0,0.0,7.708261228338448,1000.1922348309215,0.0
423600,0.0,0.0,7.708261228338448,1001.4717139960725,0.0
423660,0.0,0.0,7.708261228338448,999.6263325249398,0.0
423720,0.0,0.0,7.708261228338448,999.064591859033,0.0
423780,0.0,0.0,7.708261228338448,999.2598450132032,0.0
423840,0.0,0.0,7.708261228338448,1000.1025848691799,0.0
423900,0.0,0.0,7.708261228338448,1000.5295430148782,0.0
423960,0.0,0.0,7.708261228338448,1000.4693355183897,0.0
424020,0.0,0.0,7.708261228338448,997.9957494269179,0.0
424080,0.0,0.0,7.708261228338448,999.079228741435,0.0
424140,0.0,0.0,7.708261228338448,1000.3488027171792,0.0
424200,0.0,0.0,7.708261228338448,1000.4184754972049,0.0
424260,0.0,0.0,7.708261228338448,1001.0788279487551,0.0
424320,0.0,0.0,7.708261228338448,997.6416794967004,0.0
424380,0.0,0.0,7.708261228338448,998.9657928897244,0.0
424440,0.0,0.0,7.708261228338448,999.5336468887414,0.0
424500,0.0,0.0,7.708261228338448,1001.3643758475303,0.0
424560,0.0,0.0,7.708261228338448,1000.3524645175304,0.0
424620,0.0,0.0,7.708261228338448,1000.3592117916285,0.0
424680,0.0,0.0,7.708261228338448,998.6605046462786,0.0
424740,0.0,0.0,7.708261228338448,999.1593013527535,0.0
424800,0.0,0.0,7.708261228338448,1000.3774891711265,0.0
424860,0.0,0.0,7.708261228338448,1000.6973374569156,0.0
424920,0.0,0.0,7.708261228338448,999.318180180255,0.0
424980,0.0,0.0,7.708261228338448,999.6200421254205,0.0
425040,0.0,0.0,7.708261228338448,998.6582149372637,0.0
425100,0.0,0.0,7.708261228338448,999.7807147995795,0.0
425160,0.0,0.0,7.708261228338448,1001.442127242366,0.0
425220,0.0,0.0,7.708261228338448,1000.1851058133881,0.0
425280,0.0,0.0,7.708261228338448,999.7742399676104,0.0
425340,0.0,0.0,7.708261228338448,998.6570312138165,0.0
425400,0.0,0.0,7.708261228338448,999.4821401803374,0.0
425460,0.0,0.0,7.708261228338448,1001.7214397376965,0.0
425520,0.0,0.0,7.708261228338448,1000.1862634298886,0.0
425580,0.0,0.0,7.708261228338448,1000.3734317301523,0.0
425640,0.0,0.0,7.708261228338448,997.5606462438357,0.0
425700,0.0,0.0,7.708261228338448,999.2804601750945,0.0
425760,0.0,0.0,7.708261228338448,1000.1186833674703,0.0
425820,0.0,0.0,7.708261228338448,1000.4006897133182,0.0
425880,0.0,0.0,7.708261228338448,1000.4758726136491,0.0
425940,0.0,0.0,7.708261228338448,997.847212758421,0.0
426000,0.0,0.0,7.708261228338448,999.1483594386701,0.0
426060,0.0,0.0,7.708261228338448,1000.4635259423061,0.0
426120,0.0,0.0,7.708261228338448,1000.3629236421275,0.0
426180,0.0,0.0,7.708261228338448,1001.1425650670557,0.0
426240,0.0,0.0,7.708261228338448,999.215606438202,0.0
426300,0.0,0.0,7.708261228338448,998.8741695117052,0.0
426360,0.0,0.0,7.708261228338448,999.7465543166028,0.0
426420,0.0,0.0,7.708261228338448,1000.4375634203186,0.0
426480,0.0,0.0,7.708261228338448,1000.2413644159755,0.0
426540,0.0,0.0,7.708261228338448,1000.1525112726979,0.0
426600,0.0,0.0,7.708261228338448,997.9843573727683,0.0
426660,0.0,0.0,7.708261228338448,999.4998438882121,0.0
426720,0.0,0.0,7.708261228338448,1000.0458054769296,0.0
426780,0.0,0.0,7.708261228338448,1001.7800876824881,0.0
426840,0.0,0.0,7.708261228338448,998.9055280895332,0.0
426900,0.0,0.0,7.708261228338448,999.6739794602826,0.0
426960,0.0,0.0,7.708261228338448,998.7173732749906,0.0
427020,0.0,0.0,7.708261228338448,999.773634946107,0.0
427080,0.0,0.0,7.708261228338448,1001.5457360898894,0.0
427140,0.0,0.0,7.708261228338448,1000.1197697546853,0.0
427200,0.0,0.0,7.708261228338448,999.8010965353486,0.0
427260,0.0,0.0,7.708261228338448,998.7045387541298,0.0
427320,0.0,0.0,7.708261228338448,999.5196486675945,0.0
427380,0.0,0.0,7.708261228338448,1000.598777880658,0.0
427440,0.0,0.0,7.708261228338448,1000.7165227166316,0.0
427500,0.0,0.0,7.708261228338448,998.7138516454638,0.0
427560,0.0,0.0,7.708261228338448,999.2459602534738,0.0
427620,0.0,0.0,7.708261228338448,999.3635692818926,0.0
427680,0.0,0.0,7.708261228338448,1000.1112747262321,0.0
427740,0.0,0.0,7.708261228338448,1001.4489364167185,0.0
427800,0.0,0.0,7.708261228338448,999.8633767598709,0.0
427860,0.0,0.0,7.708261228338448,999.2125418373901,0.0
427920,0.0,0.0,7.708261228338448,999.0753639578674,0.0
427980,0.0,0.0,7.708261228338448,999.9159381218335,0.0
428040,0.0,0.0,7.708261228338448,1001.0197533342191,0.0
428100,0.0,0.0,7.708261228338448,999.5056649471156,0.0
428160,0.0,0.0,7.708261228338448,999.2898544903617,0.0
428220,0.0,0.0,7.708261228338448,998.8516492479724,0.0
428280,0.0,0.0,7.708261228338448,999.7980477415603,0.0
428340,0.0,0.0,7.708261228338448,1000.3903736357157,0.0
428400,0.0,0.0,7.708261228338448,1000.0958852133042,0.0
428460,0.0,0.0,7.708261228338448,1000.1706366396594,0.0
428520,0.0,0.0,7.708261228338448,997.9335988026463,0.0
428580,0.0,0.0,7.708261228338448,999.3250841743702,0.0
428640,0.0,0.0,7.708261228338448,1001.009543242785,0.0
428700,0.0,0.0,7.708261228338448,1000.4041621063868,0.0
428760,0.0,0.0,7.708261228338448,1000.6287952402572,0.0
428820,0.0,0.0,7.708261228338448,998.8076362856698,0.0
428880,0.0,0.0,7.708261228338448,998.9927478756457,0.0
428940,0.0,0.0,7.708261228338448,1000.2038482852396,0.0
429000,0.0,0.0,7.708261228338448,1000.6725326031259,0.0
429060,0.0,0.0,7.708261228338448,1000.2693642472917,0.0
429120,0.0,0.0,7.708261228338448,998.5571015869997,0.0
429180,0.0,0.0,7.708261228338448,999.0737435318359,0.0
429240,0.0,0.0,7.708261228338448,1000.5227512570663,0.0
429300,0.0,0.0,7.708261228338448,1000.4399599602694,0.0
429360,0.0,0.0,7.708261228338448,1000.7511513864155,0.0
429420,0.0,0.0,7.708261228338448,998.4086229924999,0.0
429480,0.0,0.0,7.708261228338448,999.3521027060908,0.0
429540,0.0,0.0,7.708261228338448,999.4304195637806,0.0
429600,0.0,0.0,7.708261228338448,1000.0834313077544,0.0
429660,0.0,0.0,7.708261228338448,1001.5443235509225,0.0
429720,0.0,0.0,7.708261228338448,999.801078747505,0.0
429780,0.0,0.0,7.708261228338448,999.2458248257874,0.0
429840,0.0,0.0,7.708261228338448,999.0493118998,0.0
429900,0.0,0.0,7.708261228338448,999.9286430565119,0.0
429960,0.0,0.0,7.708261228338448,1000.6043637284437,0.0
430020,0.0,0.0,7.708261228338448,1000.5775666388913,0.0
430080,0.0,0.0,7.708261228338448,998.1806933326526,0.0
430140,0.0,0.0,7.708261228338448,999.0568529103451,0.0
430200,0.0,0.0,7.708261228338448,1000.0543025498785,0.0
430260,0.0,0.0,7.708261228338448,1000.3536360508052,0.0
430320,0.0,0.0,7.708261228338448,1001.2338655209601,0.0
430380,0.0,0.0,7.708261228338448,997.9324432258229,0.0
430440,0.0,0.0,7.708261228338448,999.0353118828075,0.0
430500,0.0,0.0,7.708261228338448,999.2895277485711,0.0
430560,0.0,0.0,7.708261228338448,1001.320829088833,0.0
430620,0.0,0.0,7.708261228338448,1000.3841935741505,0.0
430680,0.0,0.0,7.708261228338448,1000.6322190214571,0.0
430740,0.0,0.0,7.708261228338448,998.7893546343416,0.0
430800,0.0,0.0,7.708261228338448,999.0472410443728,0.0
430860,0.0,0.0,7.708261228338448,1000.2264827566405,0.0
430920,0.0,0.0,7.708261228338448,1000.6432125723567,0.0
430980,0.0,0.0,7.708261228338448,999.5896093069182,0.0
431040,0.0,0.0,7.708261228338448,999.7876528762002,0.0
431100,0.0,0.0,7.708261228338448,998.3873696926114,0.0
431160,0.0,0.0,7.708261228338448,999.6312511910262,0.0
431220,0.0,0.0,7.708261228338448,1001.3517204714327,0.0
431280,0.0,0.0,7.708261228338448,1000.2893618565876,0.0
431340,0.0,0.0,7.708261228338448,1000.0367964841745,0.0
431400,0.0,0.0,7.708261228338448,998.60899591567,0.0
431460,0.0,0.0,7.708261228338448,999.3058911339576,0.0
431520,0.0,0.0,7.708261228338448,1001.6323722926022,0.0
431580,0.0,0.0,7.708261228338448,1000.2863897611318,0.0
431640,0.0,0.0,7.708261228338448,1000.5578625429594,0.0
431700,0.0,0.0,7.708261228338448,997.3847965013293,0.0
431760,0.0,0.0,7.708261228338448,999.0902793382122,0.0
431820,0.0,0.0,7.708261228338448,999.9467534328439,0.0
431880,0.0,0.0,7.708261228338448,1000.5000064703387,0.0
431940,0.0,0.0,7.708261228338448,1000.5667430124562,0.0
432000,0.0,0.0,7.708261228338448,997.9892418436101,0.0
432060,0.0,0.0,7.708261228338448,999.1360098602431,0.0
432120,0.0,0.0,7.708261228338448,1000.1679072661024,0.0
432180,0.0,0.0,7.708261228338448,1000.3074769281575,0.0
432240,0.0,0.0,7.708261228338448,1001.3017604386845,0.0
432300,0.0,0.0,7.708261228338448,999.4036876030166,0.0
432360,0.0,0.0,7.708261228338448,998.9084611740935,0.0
432420,0.0,0.0,7.708261228338448,999.5246259780239,0.0
432480,0.0,0.0,7.708261228338448,1000.3014742523437,0.0
432540,0.0,0.0,7.708261228338448,1000.4035398339282,0.0
432600,0.0,0.0,7.708261228338448,1000.3046200590794,0.0
432660,0.0,0.0,7.708261228338448,997.9443309899669,0.0
432720,0.0,0.0,7.708261228338448,999.1580165471973,0.0
432780,0.0,0.0,7.708261228338448,1000.6482229118387,0.0
432840,0.0,0.0,7.708261228338448,1000.676817295351,0.0
432900,0.0,0.0,7.708261228338448,1000.3370541696629,0.0
432960,0.0,0.0,7.708261228338448,998.8734924725626,0.0
433020,0.0,0.0,7.708261228338448,998.6645341974304,0.0
433080,0.0,0.0,7.708261228338448,999.630746252046,0.0
433140,0.0,0.0,7.708261228338448,1001.5304517816531,0.0
433200,0.0,0.0,7.708261228338448,1000.211715296612,0.0
433260,0.0,0.0,7.708261228338448,1000.1331352220823,0.0
433320,0.0,0.0,7.708261228338448,998.6387688813762,0.0
433380,0.0,0.0,7.708261228338448,999.3356499821025,0.0
433440,0.0,0.0,7.708261228338448,1000.5232214137781,0.0
433500,0.0,0.0,7.708261228338448,1000.7286832060082,0.0
433560,0.0,0.0,7.708261228338448,999.0131576059601,0.0
433620,0.0,0.0,7.708261228338448,999.4039256150518,0.0
433680,0.0,0.0,7.708261228338448,999.0214442131387,0.0
433740,0.0,0.0,7.708261228338448,999.963354554019,0.0
433800,0.0,0.0,7.708261228338448,1001.4690807463132,0.0
433860,0.0,0.0,7.708261228338448,1000.0342518232625,0.0
433920,0.0,0.0,7.708261228338448,999.4580174845813,0.0
433980,0.0,0.0,7.708261228338448,998.6400473495415,0.0
434040,0.0,0.0,7.708261228338448,999.742744981961,0.0
434100,0.0,0.0,7.708261228338448,1000.915558641657,0.0
434160,0.0,0.0,7.708261228338448,999.9150074793642,0.0
434220,0.0,0.0,7.708261228338448,999.4810861734873,0.0
434280,0.0,0.0,7.708261228338448,998.8770860934168,0.0
434340,0.0,0.0,7.708261228338448,999.564865273187,0.0
434400,0.0,0.0,7.708261228338448,1000.2471178446159,0.0
434460,0.0,0.0,7.708261228338448,1000.28358546386,0.0
434520,0.0,0.0,7.708261228338448,1000.3246143998109,0.0
434580,0.0,0.0,7.708261228338448,997.838710911141,0.0
434640,0.0,0.0,7.708261228338448,999.2160509821572,0.0
434700,0.0,0.0,7.708261228338448,1000.7713123635297,0.0
434760,0.0,0.0,7.708261228338448,1000.410084592706,0.0
434820,0.0,0.0,7.708261228338448,1000.8750202112308,0.0
434880,0.0,0.0,7.708261228338448,998.9880474009756,0.0
434940,0.0,0.0,7.708261228338448,998.9017234731981,0.0
435000,0.0,0.0,7.708261228338448,1000.0015279360211,0.0
435060,0.0,0.0,7.708261228338448,1000.5833288386386,0.0
435120,0.0,0.0,7.708261228338448,1000.0240469528374,0.0
435180,0.0,0.0,7.708261228338448,999.938822670435,0.0
435240,0.0,0.0,7.708261228338448,998.1461605875124,0.0
435300,0.0,0.0,7.708261228338448,999.8274244254739,0.0
435360,0.0,0.0,7.708261228338448,1000.2113377849486,0.0
435420,0.0,0.0,7.708261228338448,1001.5652743406517,0.0
435480,0.0,0.0,7.708261228338448,998.6075366255687,0.0
435540,0.0,0.0,7.708261228338448,999.4712903716825,0.0
435600,0.0,0.0,7.708261228338448,999.1029148651108,0.0
435660,0.0,0.0,7.708261228338448,999.9315999125813,0.0
435720,0.0,0.0,7.708261228338448,1001.5694975811715,0.0
435780,0.0,0.0,7.708261228338448,999.9795306269523,0.0
435840,0.0,0.0,7.708261228338448,999.4995485347296,0.0
435900,0.0,0.0,7.708261228338448,998.8474956148692,0.0
435960,0.0,0.0,7.708261228338448,999.7220581618187,0.0
436020,0.0,0.0,7.708261228338448,1000.6302073724921,0.0
436080,0.0,0.0,7.708261228338448,1000.6671548859038,0.0
436140,0.0,0.0,7.708261228338448,998.4405363449903,0.0
436200,0.0,0.0,7.708261228338448,999.1108537917981,0.0
436260,0.0,0.0,7.708261228338448,999.7092012105431,0.0
436320,0.0,0.0,7.708261228338448,1000.2460253545795,0.0
436380,0.0,0.0,7.708261228338448,1001.3658538093515,0.0
436440,0.0,0.0,7.708261228338448,998.2764041339854,0.0
436500,0.0,0.0,7.708261228338448,999.1810224024135,0.0
436560,0.0,0.0,7.708261228338448,999.0322913039994,0.0
436620,0.0,0.0,7.708261228338448,1001.2057820565911,0.0
436680,0.0,0.0,7.708261228338448,1000.3815210946121,0.0
436740,0.0,0.0,7.708261228338448,1000.9206379137332,0.0
436800,0.0,0.0,7.708261228338448,998.9720364580811,0.0
436860,0.0,0.0,7.708261228338448,998.9689397089948,0.0
436920,0.0,0.0,7.708261228338448,1000.0271262289712,0.0
436980,0.0,0.0,7.708261228338448,1000.5496273143409,0.0
437040,0.0,0.0,7.708261228338448,999.8548621804712,0.0
437100,0.0,0.0,7.708261228338448,999.9753417136313,0.0
437160,0.0,0.0,7.708261228338448,998.137454874216,0.0
437220,0.0,0.0,7.708261228338448,999.4723373274221,0.0
437280,0.0,0.0,7.708261228338448,1001.2072097212887,0.0
437340,0.0,0.0,7.708261228338448,1000.3675625068907,0.0
437400,0.0,0.0,7.708261228338448,1000.3268103966577,0.0
437460,0.0,0.0,7.708261228338448,998.6509832148063,0.0
437520,0.0,0.0,7.708261228338448,999.134289227734,0.0
437580,0.0,0.0,7.708261228338448,1001.4764525901222,0.0
437640,0.0,0.0,7.708261228338448,1000.3513986953351,0.0
437700,0.0,0.0,7.708261228338448,1000.7381065888596,0.0
437760,0.0,0.0,7.708261228338448,997.2971555329935,0.0
437820,0.0,0.0,7.708261228338448,998.9149805744328,0.0
437880,0.0,0.0,7.708261228338448,999.7515369543843,0.0
437940,0.0,0.0,7.708261228338448,1000.5531076831802,0.0
438000,0.0,0.0,7.708261228338448,1000.6374113804244,0.0
438060,0.0,0.0,7.708261228338448,998.2300534780719,0.0
438120,0.0,0.0,7.708261228338448,999.189591544106,0.0
438180,0.0,0.0,7.708261228338448,999.8327442183598,0.0
438240,0.0,0.0,7.708261228338448,1000.2184276055367,0.0
438300,0.0,0.0,7.708261228338448,1001.4342630937498,0.0
438360,0.0,0.0,7.708261228338448,999.6004542388326,0.0
438420,0.0,0.0,7.708261228338448,999.0243802743324,0.0
438480,0.0,0.0,7.708261228338448,999.2895085479364,0.0
438540,0.0,0.0,7.708261228338448,1000.1349222604338,0.0
438600,0.0,0.0,7.708261228338448,1000.5295697456497,0.0
438660,0.0,0.0,7.708261228338448,1000.4481305139096,0.0
438720,0.0,0.0,7.708261228338448,998.0022703461959,0.0
438780,0.0,0.0,7.708261228338448,999.0764280919421,0.0
438840,0.0,0.0,7.708261228338448,1000.3751933855957,0.0
438900,0.0,0.0,7.708261228338448,1000.7971813080256,0.0
438960,0.0,0.0,7.708261228338448,1000.4295059024571,0.0
439020,0.0,0.0,7.708261228338448,999.1686841957586,0.0
439080,0.0,0.0,7.708261228338448,998.3043050536808,0.0
439140,0.0,0.0,7.708261228338448,999.4891230367449,0.0
439200,0.0,0.0,7.708261228338448,1001.3997655851205,0.0
439260,0.0,0.0,7.708261228338448,1000.286528212521,0.0
439320,0.0,0.0,7.708261228338448,1000.4092235922398,0.0
439380,0.0,0.0,7.708261228338448,998.6601805315772,0.0
439440,0.0,0.0,7.708261228338448,999.1791884818477,0.0
439500,0.0,0.0,7.708261228338448,1000.4097625082072,0.0
439560,0.0,0.0,7.708261228338448,1000.709190594078,0.0
439620,0.0,0.0,7.708261228338448,999.3012819281822,0.0
439680,0.0,0.0,7.708261228338448,999.569760374905,0.0
439740,0.0,0.0,7.708261228338448,998.71162193433,0.0
439800,0.0,0.0,7.708261228338448,999.8121604733857,0.0
439860,0.0,0.0,7.708261228338448,1001.4347127411479,0.0
439920,0.0,0.0,7.708261228338448,1000.1733641156723,0.0
439980,0.0,0.0,7.708261228338448,999.7152986386396,0.0
440040,0.0,0.0,7.708261228338448,998.2462637684645,0.0
440100,0.0,0.0,7.708261228338448,999.5727111590535,0.0
440160,0.0,0.0,7.708261228338448,1000.7801308318382,0.0
440220,0.0,0.0,7.708261228338448,1000.2852127359674,0.0
440280,0.0,0.0,7.708261228338448,999.6581456041381,0.0
440340,0.0,0.0,7.708261228338448,998.9736911951912,0.0
440400,0.0,0.0,7.708261228338448,999.3390043111327,0.0
440460,0.0,0.0,7.708261228338448,1000.0947417442957,0.0
440520,0.0,0.0,7.708261228338448,1000.4255282180519,0.0
440580,0.0,0.0,7.708261228338448,1000.4517562449746,0.0
440640,0.0,0.0,7.708261228338448,997.8462475832577,0.0
440700,0.0,0.0,7.708261228338448,999.1452688605449,0.0
440760,0.0,0.0,7.708261228338448,1000.5054943861766,0.0
440820,0.0,0.0,7.708261228338448,1000.3864002542138,0.0
440880,0.0,0.0,7.708261228338448,1001.0805772336415,0.0
440940,0.0,0.0,7.708261228338448,999.1758759966319,0.0
441000,0.0,0.0,7.708261228338448,998.8630490676362,0.0
441060,0.0,0.0,7.708261228338448,999.7864687832757,0.0
441120,0.0,0.0,7.708261228338448,1000.4711098123387,0.0
441180,0.0,0.0,7.708261228338448,1000.2285481528406,0.0
441240,0.0,0.0,7.708261228338448,1000.1123859149552,0.0
441300,0.0,0.0,7.708261228338448,998.014316660216,0.0
441360,0.0,0.0,7.708261228338448,999.5381305779927,0.0
441420,0.0,0.0,7.708261228338448,1000.0786748895854,0.0
441480,0.0,0.0,7.708261228338448,1001.7261625381119,0.0
441540,0.0,0.0,7.708261228338448,998.9049147002324,0.0
441600,0.0,0.0,7.708261228338448,999.629490313932,0.0
441660,0.0,0.0,7.708261228338448,998.7663297020215,0.0
441720,0.0,0.0,7.708261228338448,999.7982586494516,0.0
441780,0.0,0.0,7.708261228338448,1001.5355583888451,0.0
441840,0.0,0.0,7.708261228338448,1000.1113195828354,0.0
441900,0.0,0.0,7.708261228338448,999.7500015721494,0.0
441960,0.0,0.0,7.708261228338448,998.7133509474365,0.0
442020,0.0,0.0,7.708261228338448,999.5434076242468,0.0
442080,0.0,0.0,7.708261228338448,1000.6105852200488,0.0
442140,0.0,0.0,7.708261228338448,1000.7160192684919,0.0
442200,0.0,0.0,7.708261228338448,998.7090174091431,0.0
442260,0.0,0.0,7.708261228338448,999.2169637059195,0.0
442320,0.0,0.0,7.708261228338448,999.3920307076999,0.0
442380,0.0,0.0,7.708261228338448,1000.1308402199985,0.0
442440,0.0,0.0,7.708261228338448,1001.4312200784777,0.0
442500,0.0,0.0,7.708261228338448,998.630270249594,0.0
442560,0.0,0.0,7.708261228338448,999.3270793113684,0.0
442620,0.0,0.0,7.708261228338448,998.8256906022906,0.0
442680,0.0,0.0,7.708261228338448,1001.0277484033146,0.0
442740,0.0,0.0,7.708261228338448,1000.3546109232597,0.0
442800,0.0,0.0,7.708261228338448,1001.143613608546,0.0
442860,0.0,0.0,7.708261228338448,999.1487476134279,0.0
442920,0.0,0.0,7.708261228338448,998.9438496562174,0.0
442980,0.0,0.0,7.708261228338448,999.8251365647203,0.0
443040,0.0,0.0,7.708261228338448,1000.4427188655419,0.0
443100,0.0,0.0,7.708261228338448,1000.0750881663643,0.0
443160,0.0,0.0,7.708261228338448,1000.1339304302405,0.0
443220,0.0,0.0,7.708261228338448,997.9714626597573,0.0
443280,0.0,0.0,7.708261228338448,999.3404881689492,0.0
443340,0.0,0.0,7.708261228338448,1001.0269413632689,0.0
443400,0.0,0.0,7.708261228338448,1000.4112305627431,0.0
443460,0.0,0.0,7.708261228338448,1000.5756702470015,0.0
443520,0.0,0.0,7.708261228338448,998.7820946323817,0.0
443580,0.0,0.0,7.708261228338448,999.0035588310565,0.0
443640,0.0,0.0,7.708261228338448,1000.2281986626435,0.0
443700,0.0,0.0,7.708261228338448,1000.6884486428314,0.0
443760,0.0,0.0,7.708261228338448,1000.2326515200562,0.0
443820,0.0,0.0,7.708261228338448,998.5457295447636,0.0
443880,0.0,0.0,7.708261228338448,999.057156243705,0.0
443940,0.0,0.0,7.708261228338448,1000.5349370544337,0.0
444000,0.0,0.0,7.708261228338448,1000.4548098102134,0.0
444060,0.0,0.0,7.708261228338448,1000.7510909241338,0.0
444120,0.0,0.0,7.708261228338448,998.4111593827756,0.0
444180,0.0,0.0,7.708261228338448,999.3231472873987,0.0
444240,0.0,0.0,7.708261228338448,999.4582891620307,0.0
444300,0.0,0.0,7.708261228338448,1000.1016018686825,0.0
444360,0.0,0.0,7.708261228338448,1001.5240246944691,0.0
444420,0.0,0.0,7.708261228338448,999.7901367846615,0.0
444480,0.0,0.0,7.708261228338448,999.2173368873393,0.0
444540,0.0,0.0,7.708261228338448,999.0615942748325,0.0
444600,0.0,0.0,7.708261228338448,999.9467962666664,0.0
444660,0.0,0.0,7.708261228338448,1000.6093990641737,0.0
444720,0.0,0.0,7.708261228338448,1000.5698013151799,0.0
444780,0.0,0.0,7.708261228338448,998.186204155347,0.0
444840,0.0,0.0,7.708261228338448,999.0471636754942,0.0
444900,0.0,0.0,7.708261228338448,1000.0663776027891,0.0
444960,0.0,0.0,7.708261228338448,1000.8583534811735,0.0
445020,0.0,0.0,7.708261228338448,1000.4943307079654,0.0
445080,0.0,0.0,7.708261228338448,999.5141993235877,0.0
445140,0.0,0.0,7.708261228338448,997.9838872109865,0.0
445200,0.0,0.0,7.708261228338448,999.3587220168328,0.0
445260,0.0,0.0,7.708261228338448,1001.2148089066167,0.0
445320,0.0,0.0,7.708261228338448,1000.3304664922607,0.0
445380,0.0,0.0,7.708261228338448,1000.6836692420834,0.0
445440,0.0,0.0,7.708261228338448,998.7859409377851,0.0
445500,0.0,0.0,7.708261228338448,999.0471195888363,0.0
445560,0.0,0.0,7.708261228338448,1000.2540743976521,0.0
445620,0.0,0.0,7.708261228338448,1000.6563836287856,0.0
445680,0.0,0.0,7.708261228338448,999.5827769076678,0.0
445740,0.0,0.0,7.708261228338448,999.7508871161119,0.0
445800,0.0,0.0,7.708261228338448,998.4234955293866,0.0
445860,0.0,0.0,7.708261228338448,999.6518737532033,0.0
445920,0.0,0.0,7.708261228338448,1001.3501472677433,0.0
445980,0.0,0.0,7.708261228338448,1000.2867400655634,0.0
446040,0.0,0.0,7.708261228338448,999.9928114811908,0.0
446100,0.0,0.0,7.708261228338448,998.6070537641554,0.0
446160,0.0,0.0,7.708261228338448,999.324066107208,0.0
446220,0.0,0.0,7.708261228338448,1001.6124039346362,0.0
446280,0.0,0.0,7.708261228338448,1000.2913579399462,0.0
446340,0.0,0.0,7.708261228338448,1000.5293414994999,0.0
446400,0.0,0.0,7.708261228338448,997.422968151161,0.0
446460,0.0,0.0,7.708261228338448,999.1038311602516,0.0
446520,0.0,0.0,7.708261228338448,999.9683212285016,0.0
446580,0.0,0.0,7.708261228338448,1000.5062580273096,0.0
446640,0.0,0.0,7.708261228338448,1000.5597002561337,0.0
446700,0.0,0.0,7.708261228338448,997.9983134039222,0.0
446760,0.0,0.0,7.708261228338448,999.12446543719,0.0
446820,0.0,0.0,7.708261228338448,1000.1810855008817,0.0
446880,0.0,0.0,7.708261228338448,1000.3198521308245,0.0
446940,0.0,0.0,7.708261228338448,1001.2794431751589,0.0
447000,0.0,0.0,7.708261228338448,999.3930486575264,0.0
447060,0.0,0.0,7.708261228338448,998.8963816415755,0.0
447120,0.0,0.0,7.708261228338448,999.5344068727364,0.0
447180,0.0,0.0,7.708261228338448,1000.3143208540178,0.0
447240,0.0,0.0,7.708261228338448,1000.4073375963442,0.0
447300,0.0,0.0,7.708261228338448,1000.2935454285101,0.0
447360,0.0,0.0,7.708261228338448,997.9553977155424,0.0
447420,0.0,0.0,7.708261228338448,999.2130931412969,0.0
447480,0.0,0.0,7.708261228338448,999.913859919805,0.0
447540,0.0,0.0,7.708261228338448,1001.8525156942111,0.0
447600,0.0,0.0,7.708261228338448,999.2101070798902,0.0
447660,0.0,0.0,7.708261228338448,999.820768222061,0.0
447720,0.0,0.0,7.708261228338448,998.419909898458,0.0
447780,0.0,0.0,7.708261228338448,999.6458158060025,0.0
447840,0.0,0.0,7.708261228338448,1001.4504600238512,0.0
447900,0.0,0.0,7.708261228338448,1000.2248212925385,0.0
447960,0.0,0.0,7.708261228338448,1000.0467254977551,0.0
448020,0.0,0.0,7.708261228338448,998.6351774124507,0.0
448080,0.0,0.0,7.708261228338448,999.355794286239,0.0
448140,0.0,0.0,7.708261228338448,1000.538360830818,0.0
448200,0.0,0.0,7.708261228338448,1000.734511246908,0.0
448260,0.0,0.0,7.708261228338448,999.0058909582558,0.0
448320,0.0,0.0,7.708261228338448,999.3722552733022,0.0
448380,0.0,0.0,7.708261228338448,999.0516617004034,0.0
448440,0.0,0.0,7.708261228338448,999.9834223597402,0.0
448500,0.0,0.0,7.708261228338448,1001.4562096434174,0.0
448560,0.0,0.0,7.708261228338448,999.0039869644932,0.0
448620,0.0,0.0,7.708261228338448,999.5023692103177,0.0
448680,0.0,0.0,7.708261228338448,998.6382952231116,0.0
448740,0.0,0.0,7.708261228338448,1000.7802756147905,0.0
448800,0.0,0.0,7.708261228338448,1000.2934490333794,0.0
448860,0.0,0.0,7.708261228338448,1001.3534618486904,0.0
448920,0.0,0.0,7.708261228338448,999.3443382442108,0.0
448980,0.0,0.0,7.708261228338448,998.9824239289175,0.0
449040,0.0,0.0,7.708261228338448,999.59447058526,0.0
449100,0.0,0.0,7.708261228338448,1000.3021172747568,0.0
449160,0.0,0.0,7.708261228338448,1000.2686608693322,0.0
449220,0.0,0.0,7.708261228338448,1000.2925338095617,0.0
449280,0.0,0.0,7.708261228338448,997.8692822283942,0.0
449340,0.0,0.0,7.708261228338448,999.223571525937,0.0
449400,0.0,0.0,7.708261228338448,1000.7962885741028,0.0
449460,0.0,0.0,7.708261228338448,1000.4224966286575,0.0
449520,0.0,0.0,7.708261228338448,1000.8244237463858,0.0
449580,0.0,0.0,7.708261228338448,998.9600771033016,0.0
449640,0.0,0.0,7.708261228338448,998.9041367865085,0.0
449700,0.0,0.0,7.708261228338448,1000.0282798904609,0.0
449760,0.0,0.0,7.708261228338448,1000.603902581843,0.0
449820,0.0,0.0,7.708261228338448,1000.5985879740545,0.0
449880,0.0,0.0,7.708261228338448,998.7752422920207,0.0
449940,0.0,0.0,7.708261228338448,999.112424159592,0.0
450000,0.0,0.0,7.708261228338448,1000.1532306116706,0.0
450060,0.0,0.0,7.708261228338448,1000.4145661536695,0.0
450120,0.0,0.0,7.708261228338448,1000.7680196944972,0.0
450180,0.0,0.0,7.708261228338448,998.7073353392343,0.0
450240,0.0,0.0,7.708261228338448,999.4629123677438,0.0
450300,0.0,0.0,7.708261228338448,999.1186718680916,0.0
450360,0.0,0.0,7.708261228338448,999.973260611141,0.0
450420,0.0,0.0,7.708261228338448,1001.555161154608,0.0
450480,0.0,0.0,7.708261228338448,999.9534407806588,0.0
450540,0.0,0.0,7.708261228338448,999.4420043366315,0.0
450600,0.0,0.0,7.708261228338448,998.8729007731442,0.0
450660,0.0,0.0,7.708261228338448,999.7612615056182,0.0
450720,0.0,0.0,7.708261228338448,1000.6400373818865,0.0
450780,0.0,0.0,7.708261228338448,1000.656519787009,0.0
450840,0.0,0.0,7.708261228338448,998.4284912120578,0.0
450900,0.0,0.0,7.708261228338448,999.0807255098797,0.0
450960,0.0,0.0,7.708261228338448,999.7523747814076,0.0
451020,0.0,0.0,7.708261228338448,1000.8582679527559,0.0
451080,0.0,0.0,7.708261228338448,1000.527599076941,0.0
451140,0.0,0.0,7.708261228338448,999.865431526197,0.0
451200,0.0,0.0,7.708261228338448,997.7502779679039,0.0
451260,0.0,0.0,7.708261228338448,999.2572762461402,0.0
451320,0.0,0.0,7.708261228338448,1000.9887682929149,0.0
451380,0.0,0.0,7.708261228338448,1000.3437816289601,0.0
451440,0.0,0.0,7.708261228338448,1000.9230383967638,0.0
451500,0.0,0.0,7.708261228338448,998.9500410758487,0.0
451560,0.0,0.0,7.708261228338448,998.9563282127796,0.0
451620,0.0,0.0,7.708261228338448,1000.0737740354703,0.0
451680,0.0,0.0,7.708261228338448,1000.5779244008963,0.0
451740,0.0,0.0,7.708261228338448,999.8367095347609,0.0
451800,0.0,0.0,7.708261228338448,999.9239553928893,0.0
451860,0.0,0.0,7.708261228338448,998.1891273955971,0.0
451920,0.0,0.0,7.708261228338448,999.5007651975814,0.0
451980,0.0,0.0,7.708261228338448,1001.2195424029627,0.0
452040,0.0,0.0,7.708261228338448,1000.3674380688434,0.0
452100,0.0,0.0,7.708261228338448,1000.2589630766694,0.0
452160,0.0,0.0,7.708261228338448,998.6322592528388,0.0
452220,0.0,0.0,7.708261228338448,999.1585805988894,0.0
452280,0.0,0.0,7.708261228338448,1001.4638710399918,0.0
452340,0.0,0.0,7.708261228338448,1000.3599576854698,0.0
452400,0.0,0.0,7.708261228338448,1000.6997502228153,0.0
452460,0.0,0.0,7.708261228338448,997.3456350226643,0.0
452520,0.0,0.0,7.708261228338448,998.9339042794389,0.0
452580,0.0,0.0,7.708261228338448,999.7859338056536,0.0
452640,0.0,0.0,7.708261228338448,1000.5621947605191,0.0
452700,0.0,0.0,7.708261228338448,1000.6313001291834,0.0
452760,0.0,0.0,7.708261228338448,998.2282142901367,0.0
452820,0.0,0.0,7.708261228338448,999.1622472869799,0.0
452880,0.0,0.0,7.708261228338448,999.8662033702357,0.0
452940,0.0,0.0,7.708261228338448,1000.2395528244093,0.0
453000,0.0,0.0,7.708261228338448,1001.4045776581455,0.0
453060,0.0,0.0,7.708261228338448,999.5812486086772,0.0
453120,0.0,0.0,7.708261228338448,998.9965448522814,0.0
453180,0.0,0.0,7.708261228338448,999.3100299658147,0.0
453240,0.0,0.0,7.708261228338448,1000.1586509634394,0.0
453300,0.0,0.0,7.708261228338448,1000.531147198083,0.0
453360,0.0,0.0,7.708261228338448,1000.4320336969683,0.0
453420,0.0,0.0,7.708261228338448,998.0103188715104,0.0
453480,0.0,0.0,7.708261228338448,998.927227192353,0.0
453540,0.0,0.0,7.708261228338448,999.7628852125333,0.0
453600,0.0,0.0,7.708261228338448,1001.8922191224759,0.0
453660,0.0,0.0,7.708261228338448,999.4822991240487,0.0
453720,0.0,0.0,7.708261228338448,999.986353326956,0.0
453780,0.0,0.0,7.708261228338448,998.1469710164561,0.0
453840,0.0,0.0,7.708261228338448,999.5137334399666,0.0
453900,0.0,0.0,7.708261228338448,1001.319654559731,0.0
453960,0.0,0.0,7.708261228338448,1000.3023031066082,0.0
454020,0.0,0.0,7.708261228338448,1000.3110518461509,0.0
454080,0.0,0.0,7.708261228338448,998.641242455819,0.0
454140,0.0,0.0,7.708261228338448,999.2016791491103,0.0
454200,0.0,0.0,7.708261228338448,1000.4335815466487,0.0
454260,0.0,0.0,7.708261228338448,1000.7221854407568,0.0
454320,0.0,0.0,7.708261228338448,999.2860238579714,0.0
454380,0.0,0.0,7.708261228338448,999.5281693443691,0.0
454440,0.0,0.0,7.708261228338448,998.7539221446054,0.0
454500,0.0,0.0,7.708261228338448,999.838307109802,0.0
454560,0.0,0.0,7.708261228338448,1001.4266485299098,0.0
454620,0.0,0.0,7.708261228338448,1000.163772124833,0.0
454680,0.0,0.0,7.708261228338448,999.6676417144142,0.0
454740,0.0,0.0,7.708261228338448,998.2893416289987,0.0
454800,0.0,0.0,7.708261228338448,999.5945766509532,0.0
454860,0.0,0.0,7.708261228338448,1000.7989229698197,0.0
454920,0.0,0.0,7.708261228338448,1000.2733066042045,0.0
454980,0.0,0.0,7.708261228338448,999.639624449376,0.0
455040,0.0,0.0,7.708261228338448,998.9470510349745,0.0
455100,0.0,0.0,7.708261228338448,999.3591279521398,0.0
455160,0.0,0.0,7.708261228338448,1000.1177100591112,0.0
455220,0.0,0.0,7.708261228338448,1000.428316842264,0.0
455280,0.0,0.0,7.708261228338448,1000.4374339519945,0.0
455340,0.0,0.0,7.708261228338448,997.8606226510412,0.0
455400,0.0,0.0,7.708261228338448,999.1417179715868,0.0
455460,0.0,0.0,7.708261228338448,1000.5184449438619,0.0
455520,0.0,0.0,7.708261228338448,1000.3978938420303,0.0
455580,0.0,0.0,7.708261228338448,1001.0528655745084,0.0
455640,0.0,0.0,7.708261228338448,999.1616037847398,0.0
455700,0.0,0.0,7.708261228338448,998.8569606296077,0.0
455760,0.0,0.0,7.708261228338448,999.7993417360641,0.0
455820,0.0,0.0,7.708261228338448,1000.4847441698538,0.0
455880,0.0,0.0,7.708261228338448,1000.9418862222736,0.0
455940,0.0,0.0,7.708261228338448,999.0207542208024,0.0
456000,0.0,0.0,7.708261228338448,999.2402173499449,0.0
456060,0.0,0.0,7.708261228338448,999.7340262606538,0.0
456120,0.0,0.0,7.708261228338448,1000.3265775065779,0.0
456180,0.0,0.0,7.708261228338448,1000.7510008242923,0.0
456240,0.0,0.0,7.708261228338448,999.0147654344233,0.0
456300,0.0,0.0,7.708261228338448,999.6260560001299,0.0
456360,0.0,0.0,7.708261228338448,998.7812222572514,0.0
456420,0.0,0.0,7.708261228338448,999.828415539082,0.0
456480,0.0,0.0,7.708261228338448,1001.5365774251662,0.0
456540,0.0,0.0,7.708261228338448,1000.0974205203864,0.0
456600,0.0,0.0,7.708261228338448,999.7050469077545,0.0
456660,0.0,0.0,7.708261228338448,998.7242288809827,0.0
456720,0.0,0.0,7.708261228338448,999.569534460807,0.0
456780,0.0,0.0,7.708261228338448,1000.6224878735193,0.0
456840,0.0,0.0,7.708261228338448,1000.7142324871338,0.0
456900,0.0,0.0,7.708261228338448,998.7025382364936,0.0
456960,0.0,0.0,7.708261228338448,999.1869269938728,0.0
457020,0.0,0.0,7.708261228338448,999.4226757360275,0.0
457080,0.0,0.0,7.708261228338448,1000.151672904541,0.0
457140,0.0,0.0,7.708261228338448,1001.4125006717326,0.0
457200,0.0,0.0,7.708261228338448,998.6430554683943,0.0
457260,0.0,0.0,7.708261228338448,999.3004447336003,0.0
457320,0.0,0.0,7.708261228338448,998.8446967438209,0.0
457380,0.0,0.0,7.708261228338448,1001.0219786613958,0.0
457440,0.0,0.0,7.708261228338448,1000.3677598199042,0.0
457500,0.0,0.0,7.708261228338448,1001.1076532477326,0.0
457560,0.0,0.0,7.708261228338448,999.1328635781759,0.0
457620,0.0,0.0,7.708261228338448,998.935477778865,0.0
457680,0.0,0.0,7.708261228338448,999.8397036408303,0.0
457740,0.0,0.0,7.708261228338448,1000.4580087332596,0.0
457800,0.0,0.0,7.708261228338448,1000.0774813912135,0.0
457860,0.0,0.0,7.708261228338448,1000.1167122674887,0.0
457920,0.0,0.0,7.708261228338448,997.9884844002278,0.0
457980,0.0,0.0,7.708261228338448,999.3454887836002,0.0
458040,0.0,0.0,7.708261228338448,1001.027999842402,0.0
458100,0.0,0.0,7.708261228338448,1000.416898352624,0.0
458160,0.0,0.0,7.708261228338448,1000.5523174899132,0.0
458220,0.0,0.0,7.708261228338448,998.772811263105,0.0
458280,0.0,0.0,7.708261228338448,999.0058357533586,0.0
458340,0.0,0.0,7.708261228338448,1001.2433608104474,0.0
458400,0.0,0.0,7.708261228338448,1000.3881377601627,0.0
458460,0.0,0.0,7.708261228338448,1000.863108086436,0.0
458520,0.0,0.0,7.708261228338448,997.3847093577804,0.0
458580,0.0,0.0,7.708261228338448,998.7939244764533,0.0
458640,0.0,0.0,7.708261228338448,999.5804148192143,0.0
458700,0.0,0.0,7.708261228338448,1000.5666709547556,0.0
458760,0.0,0.0,7.708261228338448,1000.6782707048733,0.0
458820,0.0,0.0,7.708261228338448,998.5058463030214,0.0
458880,0.0,0.0,7.708261228338448,999.2768258490063,0.0
458940,0.0,0.0,7.708261228338448,999.5103624715691,0.0
459000,0.0,0.0,7.708261228338448,1000.1231350916285,0.0
459060,0.0,0.0,7.708261228338448,1001.4990929899927,0.0
459120,0.0,0.0,7.708261228338448,999.7747698890754,0.0
459180,0.0,0.0,7.708261228338448,999.1800338142142,0.0
459240,0.0,0.0,7.708261228338448,999.0799506565144,0.0
459300,0.0,0.0,7.708261228338448,999.9710441573995,0.0
459360,0.0,0.0,7.708261228338448,1000.6138017704029,0.0
459420,0.0,0.0,7.708261228338448,1000.5583310116633,0.0
459480,0.0,0.0,7.708261228338448,998.1893433320105,0.0
459540,0.0,0.0,7.708261228338448,998.6454570654824,0.0
459600,0.0,0.0,7.708261228338448,999.5977694079623,0.0
459660,0.0,0.0,7.708261228338448,1001.8787945624741,0.0
459720,0.0,0.0,7.708261228338448,999.7384840014322,0.0
459780,0.0,0.0,7.708261228338448,1000.1621586955802,0.0
459840,0.0,0.0,7.708261228338448,997.9060777825056,0.0
459900,0.0,0.0,7.708261228338448,999.3845047037722,0.0
459960,0.0,0.0,7.708261228338448,1001.1359297403974,0.0
460020,0.0,0.0,7.708261228338448,1000.3517246255896,0.0
460080,0.0,0.0,7.708261228338448,1000.5908577434909,0.0
460140,0.0,0.0,7.708261228338448,998.7506444191754,0.0
460200,0.0,0.0,7.708261228338448,999.0630288719178,0.0
460260,0.0,0.0,7.708261228338448,1000.2819531051217,0.0
460320,0.0,0.0,7.708261228338448,1000.6756788581064,0.0
460380,0.0,0.0,7.708261228338448,999.568016389333,0.0
460440,0.0,0.0,7.708261228338448,999.7095659542379,0.0
460500,0.0,0.0,7.708261228338448,998.4647100234064,0.0
460560,0.0,0.0,7.708261228338448,999.6763814676075,0.0
460620,0.0,0.0,7.708261228338448,1001.3492129778996,0.0
460680,0.0,0.0,7.708261228338448,1000.2820799243202,0.0
460740,0.0,0.0,7.708261228338448,999.9430955371416,0.0
460800,0.0,0.0,7.708261228338448,997.9336025013205,0.0
460860,0.0,0.0,7.708261228338448,999.4213283618408,0.0
460920,0.0,0.0,7.708261228338448,1000.6317174698678,0.0
460980,0.0,0.0,7.708261228338448,1000.6060430839391,0.0
461040,0.0,0.0,7.708261228338448,999.8119419089571,0.0
461100,0.0,0.0,7.708261228338448,999.1104658585267,0.0
461160,0.0,0.0,7.708261228338448,999.1365684656847,0.0
461220,0.0,0.0,7.708261228338448,999.9495694429902,0.0
461280,0.0,0.0,7.708261228338448,1000.5293481857447,0.0
461340,0.0,0.0,7.708261228338448,1000.5486039870606,0.0
461400,0.0,0.0,7.708261228338448,997.976420445739,0.0
461460,0.0,0.0,7.708261228338448,999.109600683883,0.0
461520,0.0,0.0,7.708261228338448,1000.2229160795125,0.0
461580,0.0,0.0,7.708261228338448,1000.345417344119,0.0
461640,0.0,0.0,7.708261228338448,1001.2308470799584,0.0
461700,0.0,0.0,7.708261228338448,999.3594162805426,0.0
461760,0.0,0.0,7.708261228338448,998.8738304524028,0.0
461820,0.0,0.0,7.708261228338448,999.5691826567631,0.0
461880,0.0,0.0,7.708261228338448,1000.3470641008523,0.0
461940,0.0,0.0,7.708261228338448,1001.2256671249789,0.0
462000,0.0,0.0,7.708261228338448,999.2574787438026,0.0
462060,0.0,0.0,7.708261228338448,999.4006502812483,0.0
462120,0.0,0.0,7.708261228338448,999.3143953856453,0.0
462180,0.0,0.0,7.708261228338448,1000.2051480471899,0.0
462240,0.0,0.0,7.708261228338448,1000.7045825318252,0.0
462300,0.0,0.0,7.708261228338448,999.3085914165209,0.0
462360,0.0,0.0,7.708261228338448,999.7873257432359,0.0
462420,0.0,0.0,7.708261228338448,998.4815586831036,0.0
462480,0.0,0.0,7.708261228338448,999.6851992961409,0.0
462540,0.0,0.0,7.708261228338448,1001.4659452434192,0.0
462600,0.0,0.0,7.708261228338448,1000.2110592821108,0.0
462660,0.0,0.0,7.708261228338448,999.9712983889804,0.0
462720,0.0,0.0,7.708261228338448,998.639430784442,0.0
462780,0.0,0.0,7.708261228338448,999.3919381341323,0.0
462840,0.0,0.0,7.708261228338448,1000.5619937570398,0.0
462900,0.0,0.0,7.708261228338448,1000.7392307373675,0.0
462960,0.0,0.0,7.708261228338448,998.9839576492897,0.0
463020,0.0,0.0,7.708261228338448,999.3233200162733,0.0
463080,0.0,0.0,7.708261228338448,999.1059368192217,0.0
463140,0.0,0.0,7.708261228338448,1000.0169629492857,0.0
463200,0.0,0.0,7.708261228338448,1001.4385829866816,0.0
463260,0.0,0.0,7.708261228338448,999.0019377714949,0.0
463320,0.0,0.0,7.708261228338448,999.4615990972272,0.0
463380,0.0,0.0,7.708261228338448,998.6642570050752,0.0
463440,0.0,0.0,7.708261228338448,1000.7881637018172,0.0
463500,0.0,0.0,7.708261228338448,1000.3160210706607,0.0
463560,0.0,0.0,7.708261228338448,1001.3032817163518,0.0
463620,0.0,0.0,7.708261228338448,999.3176060635603,0.0
463680,0.0,0.0,7.708261228338448,998.9601405549965,0.0
463740,0.0,0.0,7.708261228338448,999.6220989631184,0.0
463800,0.0,0.0,7.708261228338448,1000.3292753837018,0.0
463860,0.0,0.0,7.708261228338448,1000.2659647594904,0.0
463920,0.0,0.0,7.708261228338448,1000.2681556623035,0.0
463980,0.0,0.0,7.708261228338448,997.8913968639221,0.0
464040,0.0,0.0,7.708261228338448,999.2294106482585,0.0
464100,0.0,0.0,7.708261228338448,1000.810790704073,0.0
464160,0.0,0.0,7.708261228338448,1000.4323666680735,0.0
464220,0.0,0.0,7.708261228338448,1000.7864699462182,0.0
464280,0.0,0.0,7.708261228338448,998.9403136023376,0.0
464340,0.0,0.0,7.708261228338448,998.9058342265689,0.0
464400,0.0,0.0,7.708261228338448,1000.9725764754817,0.0
464460,0.0,0.0,7.708261228338448,1000.3818568535913,0.0
464520,0.0,0.0,7.708261228338448,1000.9737670853582,0.0
464580,0.0,0.0,7.708261228338448,997.5907530857818,0.0
464640,0.0,0.0,7.708261228338448,998.7247542659914,0.0
464700,0.0,0.0,7.708261228338448,999.4034135323858,0.0
464760,0.0,0.0,7.708261228338448,1000.5286235165206,0.0
464820,0.0,0.0,7.708261228338448,1000.6929609487654,0.0
464880,0.0,0.0,7.708261228338448,998.7862376190025,0.0
464940,0.0,0.0,7.708261228338448,999.4048072902349,0.0
465000,0.0,0.0,7.708261228338448,999.1838901708658,0.0
465060,0.0,0.0,7.708261228338448,1000.0025746472447,0.0
465120,0.0,0.0,7.708261228338448,1001.5319624307389,0.0
465180,0.0,0.0,7.708261228338448,999.9359863375948,0.0
465240,0.0,0.0,7.708261228338448,999.3875601094023,0.0
465300,0.0,0.0,7.708261228338448,998.8938194480361,0.0
465360,0.0,0.0,7.708261228338448,999.7930717383566,0.0
465420,0.0,0.0,7.708261228338448,1000.6481535268282,0.0
465480,0.0,0.0,7.708261228338448,1000.6468282915714,0.0
465540,0.0,0.0,7.708261228338448,998.4211226294112,0.0
465600,0.0,0.0,7.708261228338448,999.0575972055884,0.0
465660,0.0,0.0,7.708261228338448,999.7855481354642,0.0
465720,0.0,0.0,7.708261228338448,1000.8634497440065,0.0
465780,0.0,0.0,7.708261228338448,1000.5321940854933,0.0
465840,0.0,0.0,7.708261228338448,999.8203987986475,0.0
465900,0.0,0.0,7.708261228338448,997.7851381390469,0.0
465960,0.0,0.0,7.708261228338448,999.2611516538038,0.0
466020,0.0,0.0,7.708261228338448,1000.998926418285,0.0
466080,0.0,0.0,7.708261228338448,1000.3537997247296,0.0
466140,0.0,0.0,7.708261228338448,1000.8831771033512,0.0
466200,0.0,0.0,7.708261228338448,998.9314964514853,0.0
466260,0.0,0.0,7.708261228338448,998.9569486642492,0.0
466320,0.0,0.0,7.708261228338448,1000.0902768864307,0.0
466380,0.0,0.0,7.708261228338448,1000.5923284239212,0.0
466440,0.0,0.0,7.708261228338448,999.8360002594712,0.0
466500,0.0,0.0,7.708261228338448,999.9011038425797,0.0
466560,0.0,0.0,7.708261228338448,998.2098366556659,0.0
466620,0.0,0.0,7.708261228338448,999.5111891103253,0.0
466680,0.0,0.0,7.708261228338448,1001.2187527968526,0.0
466740,0.0,0.0,7.708261228338448,1000.3701484960753,0.0
466800,0.0,0.0,7.708261228338448,1000.2313841629632,0.0
466860,0.0,0.0,7.708261228338448,997.631395984391,0.0
466920,0.0,0.0,7.708261228338448,999.256871202492,0.0
466980,0.0,0.0,7.708261228338448,1000.4281381886943,0.0
467040,0.0,0.0,7.708261228338448,1000.8957632027282,0.0
467100,0.0,0.0,7.708261228338448,999.9712467866722,0.0
467160,0.0,0.0,7.708261228338448,999.3386709035586,0.0
467220,0.0,0.0,7.708261228338448,998.9317610895878,0.0
467280,0.0,0.0,7.708261228338448,999.7686458982554,0.0
467340,0.0,0.0,7.708261228338448,1000.5833142243861,0.0
467400,0.0,0.0,7.708261228338448,1000.6352006104383,0.0
467460,0.0,0.0,7.708261228338448,998.2036410785654,0.0
467520,0.0,0.0,7.708261228338448,999.1385385117593,0.0
467580,0.0,0.0,7.708261228338448,999.8977306404606,0.0
467640,0.0,0.0,7.708261228338448,1000.2618812335049,0.0
467700,0.0,0.0,7.708261228338448,1001.3731780721156,0.0
467760,0.0,0.0,7.708261228338448,999.5599470296115,0.0
467820,0.0,0.0,7.708261228338448,998.9688052365275,0.0
467880,0.0,0.0,7.708261228338448,999.3324649176699,0.0
467940,0.0,0.0,7.708261228338448,1000.1838607598146,0.0
468000,0.0,0.0,7.708261228338448,1000.5318455589597,0.0
468060,0.0,0.0,7.708261228338448,1000.4140417351911,0.0
468120,0.0,0.0,7.708261228338448,998.0180963822338,0.0
468180,0.0,0.0,7.708261228338448,998.9489220120058,0.0
468240,0.0,0.0,7.708261228338448,999.7823338449525,0.0
468300,0.0,0.0,7.708261228338448,1001.8618226017499,0.0
468360,0.0,0.0,7.708261228338448,999.4891860981986,0.0
468420,0.0,0.0,7.708261228338448,999.9601086975483,0.0
468480,0.0,0.0,7.708261228338448,998.1746712155336,0.0
468540,0.0,0.0,7.708261228338448,999.5242116513356,0.0
468600,0.0,0.0,7.708261228338448,1001.3182484270785,0.0
468660,0.0,0.0,7.708261228338448,1000.3050492855898,0.0
468720,0.0,0.0,7.708261228338448,1000.2787373370786,0.0
468780,0.0,0.0,7.708261228338448,998.6352556784808,0.0
468840,0.0,0.0,7.708261228338448,999.209655854284,0.0
468900,0.0,0.0,7.708261228338448,1000.4432898352457,0.0
468960,0.0,0.0,7.708261228338448,1000.7282157611288,0.0
469020,0.0,0.0,7.708261228338448,999.289221853416,0.0
469080,0.0,0.0,7.708261228338448,999.5085903819771,0.0
469140,0.0,0.0,7.708261228338448,998.7679451613452,0.0
469200,0.0,0.0,7.708261228338448,999.8485682311149,0.0
469260,0.0,0.0,7.708261228338448,1001.4187616544713,0.0
469320,0.0,0.0,7.708261228338448,999.3737733955984,0.0
469380,0.0,0.0,7.708261228338448,999.6512149967012,0.0
469440,0.0,0.0,7.708261228338448,998.5146576172563,0.0
469500,0.0,0.0,7.708261228338448,1000.4817640757043,0.0
469560,0.0,0.0,7.708261228338448,1000.2261053514641,0.0
469620,0.0,0.0,7.708261228338448,1001.482960381616,0.0
469680,0.0,0.0,7.708261228338448,999.5187738903456,0.0
469740,0.0,0.0,7.708261228338448,999.069708421459,0.0
469800,0.0,0.0,7.708261228338448,999.3794710005325,0.0
469860,0.0,0.0,7.708261228338448,1000.1636214013159,0.0
469920,0.0,0.0,7.708261228338448,1000.4224161372798,0.0
469980,0.0,0.0,7.708261228338448,1000.4167244401082,0.0
470040,0.0,0.0,7.708261228338448,997.8793192693346,0.0
470100,0.0,0.0,7.708261228338448,999.1397128584537,0.0
470160,0.0,0.0,7.708261228338448,1000.53927515208,0.0
470220,0.0,0.0,7.708261228338448,1000.411340569485,0.0
470280,0.0,0.0,7.708261228338448,1001.0175634731308,0.0
470340,0.0,0.0,7.708261228338448,999.1413567243253,0.0
470400,0.0,0.0,7.708261228338448,998.8511256775947,0.0
470460,0.0,0.0,7.708261228338448,1000.6359995913829,0.0
470520,0.0,0.0,7.708261228338448,1000.3332565291835,0.0
470580,0.0,0.0,7.708261228338448,1001.0590830747523,0.0
470640,0.0,0.0,7.708261228338448,997.9067761408023,0.0
470700,0.0,0.0,7.708261228338448,998.7326249325305,0.0
470760,0.0,0.0,7.708261228338448,999.2264017255218,0.0
470820,0.0,0.0,7.708261228338448,1000.4388852588918,0.0
470880,0.0,0.0,7.708261228338448,1000.6764634203573,0.0
470940,0.0,0.0,7.708261228338448,999.0848535512389,0.0
471000,0.0,0.0,7.708261228338448,999.5675253034259,0.0
471060,0.0,0.0,7.708261228338448,998.8442686175388,0.0
471120,0.0,0.0,7.708261228338448,999.8579608346322,0.0
471180,0.0,0.0,7.708261228338448,1001.5210641663456,0.0
471240,0.0,0.0,7.708261228338448,1000.0851670532132,0.0
471300,0.0,0.0,7.708261228338448,999.6451985058428,0.0
471360,0.0,0.0,7.708261228338448,998.7378005340996,0.0
471420,0.0,0.0,7.708261228338448,999.5997055372371,0.0
471480,0.0,0.0,7.708261228338448,1000.6351480347844,0.0
471540,0.0,0.0,7.708261228338448,1000.7109039614287,0.0
471600,0.0,0.0,7.708261228338448,998.6920124677937,0.0
471660,0.0,0.0,7.708261228338448,999.1539799325523,0.0
471720,0.0,0.0,7.708261228338448,999.4587479304819,0.0
471780,0.0,0.0,7.708261228338448,1000.8065799007948,0.0
471840,0.0,0.0,7.708261228338448,1000.540428618794,0.0
471900,0.0,0.0,7.708261228338448,1000.1823230330483,0.0
471960,0.0,0.0,7.708261228338448,997.6414381351746,0.0
472020,0.0,0.0,7.708261228338448,999.1845205235461,0.0
472080,0.0,0.0,7.708261228338448,1000.7335983709974,0.0
472140,0.0,0.0,7.708261228338448,1000.3396019282612,0.0
472200,0.0,0.0,7.708261228338448,1001.1036128626083,0.0
472260,0.0,0.0,7.708261228338448,999.1147586670932,0.0
472320,0.0,0.0,7.708261228338448,998.9052013762599,0.0
472380,0.0,0.0,7.708261228338448,999.8829743118774,0.0
472440,0.0,0.0,7.708261228338448,1000.4873182143489,0.0
472500,0.0,0.0,7.708261228338448,1000.0656536961028,0.0
472560,0.0,0.0,7.708261228338448,1000.0748145130439,0.0
472620,0.0,0.0,7.708261228338448,998.026800814445,0.0
472680,0.0,0.0,7.708261228338448,999.3653744483621,0.0
472740,0.0,0.0,7.708261228338448,1001.0455120302541,0.0
472800,0.0,0.0,7.708261228338448,1000.4228171797556,0.0
472860,0.0,0.0,7.708261228338448,1000.4943093442234,0.0
472920,0.0,0.0,7.708261228338448,997.4321379632628,0.0
472980,0.0,0.0,7.708261228338448,999.1242761841557,0.0
473040,0.0,0.0,7.708261228338448,1000.2102466543906,0.0
473100,0.0,0.0,7.708261228338448,1001.1177229219755,0.0
473160,0.0,0.0,7.708261228338448,1000.1027800740131,0.0
473220,0.0,0.0,7.708261228338448,999.5928610452097,0.0
473280,0.0,0.0,7.708261228338448,998.7728454914442,0.0
473340,0.0,0.0,7.708261228338448,999.595801350892,0.0
473400,0.0,0.0,7.708261228338448,1000.5901980234255,0.0
473460,0.0,0.0,7.708261228338448,1000.6898134357089,0.0
473520,0.0,0.0,7.708261228338448,998.4647440087698,0.0
473580,0.0,0.0,7.708261228338448,999.2292141972653,0.0
473640,0.0,0.0,7.708261228338448,999.5710345371236,0.0
473700,0.0,0.0,7.708261228338448,1000.159115035097,0.0
473760,0.0,0.0,7.708261228338448,1001.4635508743366,0.0
473820,0.0,0.0,7.708261228338448,999.7440031666312,0.0
473880,0.0,0.0,7.708261228338448,999.1262189444053,0.0
473940,0.0,0.0,7.708261228338448,999.1144093715691,0.0
474000,0.0,0.0,7.708261228338448,1000.0118270578716,0.0
474060,0.0,0.0,7.708261228338448,1000.6162559628519,0.0
474120,0.0,0.0,7.708261228338448,1000.5368167555258,0.0
474180,0.0,0.0,7.708261228338448,998.1802927129294,0.0
474240,0.0,0.0,7.708261228338448,998.6828365297126,0.0
474300,0.0,0.0,7.708261228338448,999.6263810892798,0.0
474360,0.0,0.0,7.708261228338448,1001.8464775368019,0.0
474420,0.0,0.0,7.708261228338448,999.7382903964227,0.0
474480,0.0,0.0,7.708261228338448,1000.1253376482778,0.0
474540,0.0,0.0,7.708261228338448,997.948560618333,0.0
474600,0.0,0.0,7.708261228338448,999.3980882951986,0.0
474660,0.0,0.0,7.708261228338448,1001.1473285618143,0.0
474720,0.0,0.0,7.708261228338448,1000.3575171882386,0.0
474780,0.0,0.0,7.708261228338448,1000.5392885947289,0.0
474840,0.0,0.0,7.708261228338448,998.729118886196,0.0
474900,0.0,0.0,7.708261228338448,999.0735572106852,0.0
474960,0.0,0.0,7.708261228338448,1000.3020053951009,0.0
475020,0.0,0.0,7.708261228338448,1000.6889544522638,0.0
475080,0.0,0.0,7.708261228338448,999.5612327925298,0.0
475140,0.0,0.0,7.708261228338448,999.6781299931849,0.0
475200,0.0,0.0,7.708261228338448,998.4937722540117,0.0
475260,0.0,0.0,7.708261228338448,999.6942592373022,0.0
475320,0.0,0.0,7.708261228338448,1001.3459247677424,0.0
475380,0.0,0.0,7.708261228338448,999.7064377089647,0.0
475440,0.0,0.0,7.708261228338448,999.8141113876629,0.0
475500,0.0,0.0,7.708261228338448,998.4388836076494,0.0
475560,0.0,0.0,7.708261228338448,1000.1508584908878,0.0
475620,0.0,0.0,7.708261228338448,1000.1280068940612,0.0
475680,0.0,0.0,7.708261228338448,1001.5905189310234,0.0
475740,0.0,0.0,7.708261228338448,999.6912698891012,0.0
475800,0.0,0.0,7.708261228338448,999.227011838328,0.0
475860,0.0,0.0,7.708261228338448,999.1669104263893,0.0
475920,0.0,0.0,7.708261228338448,1000.0024591115236,0.0
475980,0.0,0.0,7.708261228338448,1000.5273181474377,0.0
476040,0.0,0.0,7.708261228338448,1000.5278212635966,0.0
476100,0.0,0.0,7.708261228338448,997.9842111247808,0.0
476160,0.0,0.0,7.708261228338448,999.0975929053047,0.0
476220,0.0,0.0,7.708261228338448,1000.2587936149789,0.0
476280,0.0,0.0,7.708261228338448,1000.3659094719151,0.0
476340,0.0,0.0,7.708261228338448,1001.1901821457676,0.0
476400,0.0,0.0,7.708261228338448,999.3323174831296,0.0
476460,0.0,0.0,7.708261228338448,998.8566819206509,0.0
476520,0.0,0.0,7.708261228338448,999.5968305627346,0.0
476580,0.0,0.0,7.708261228338448,1000.3734968360827,0.0
476640,0.0,0.0,7.708261228338448,1001.1851747448062,0.0
476700,0.0,0.0,7.708261228338448,999.244848488749,0.0
476760,0.0,0.0,7.708261228338448,999.3617418522474,0.0
476820,0.0,0.0,7.708261228338448,999.3457871689061,0.0
476880,0.0,0.0,7.708261228338448,1000.2260426083787,0.0
476940,0.0,0.0,7.708261228338448,1000.7184945024671,0.0
477000,0.0,0.0,7.708261228338448,999.3069287176048,0.0
477060,0.0,0.0,7.708261228338448,999.7575513187704,0.0
477120,0.0,0.0,7.708261228338448,998.511772849104,0.0
477180,0.0,0.0,7.708261228338448,999.7011492275808,0.0
477240,0.0,0.0,7.708261228338448,1001.4595927707026,0.0
477300,0.0,0.0,7.708261228338448,1000.2092767529324,0.0
477360,0.0,0.0,7.708261228338448,999.9356924416253,0.0
477420,0.0,0.0,7.708261228338448,998.6402305208092,0.0
477480,0.0,0.0,7.708261228338448,999.4056560600998,0.0
477540,0.0,0.0,7.708261228338448,1000.5717211659653,0.0
477600,0.0,0.0,7.708261228338448,1000.7418438090508,0.0
477660,0.0,0.0,7.708261228338448,998.9848613021531,0.0
477720,0.0,0.0,7.708261228338448,999.3014003568945,0.0
477780,0.0,0.0,7.708261228338448,999.122717394657,0.0
477840,0.0,0.0,7.708261228338448,1000.6886415226946,0.0
477900,0.0,0.0,7.708261228338448,1000.5159073467493,0.0
477960,0.0,0.0,7.708261228338448,1000.5492967545823,0.0
478020,0.0,0.0,7.708261228338448,997.6195964567969,0.0
478080,0.0,0.0,7.708261228338448,999.1531441312864,0.0
478140,0.0,0.0,7.708261228338448,1000.4244308547276,0.0
478200,0.0,0.0,7.708261228338448,1000.29329632482,0.0
478260,0.0,0.0,7.708261228338448,1001.2965284410677,0.0
478320,0.0,0.0,7.708261228338448,999.3111434013649,0.0
478380,0.0,0.0,7.708261228338448,998.9134064435475,0.0
478440,0.0,0.0,7.708261228338448,999.6536558675841,0.0
478500,0.0,0.0,7.708261228338448,1000.3532306841802,0.0
478560,0.0,0.0,7.708261228338448,1000.263598614216,0.0
478620,0.0,0.0,7.708261228338448,1000.2415520147973,0.0
478680,0.0,0.0,7.708261228338448,997.9138276533498,0.0
478740,0.0,0.0,7.708261228338448,999.237126564177,0.0
478800,0.0,0.0,7.708261228338448,1000.8262031813083,0.0
478860,0.0,0.0,7.708261228338448,1000.442083207894,0.0
478920,0.0,0.0,7.708261228338448,1000.7462753137037,0.0
478980,0.0,0.0,7.708261228338448,998.9190728950773,0.0
479040,0.0,0.0,7.708261228338448,998.9089487620133,0.0
479100,0.0,0.0,7.708261228338448,1000.9685747034374,0.0
479160,0.0,0.0,7.708261228338448,1000.3952363519722,0.0
479220,0.0,0.0,7.708261228338448,1000.9577115571749,0.0
479280,0.0,0.0,7.708261228338448,997.6182773601745,0.0
479340,0.0,0.0,7.708261228338448,998.7240274140722,0.0
479400,0.0,0.0,7.708261228338448,999.4202092349262,0.0
479460,0.0,0.0,7.708261228338448,1000.5398348865635,0.0
479520,0.0,0.0,7.708261228338448,1000.6972678095511,0.0
479580,0.0,0.0,7.708261228338448,998.7889439525501,0.0
479640,0.0,0.0,7.708261228338448,999.3808992618316,0.0
479700,0.0,0.0,7.708261228338448,999.2032586225334,0.0
479760,0.0,0.0,7.708261228338448,1000.016464951366,0.0
479820,0.0,0.0,7.708261228338448,1001.5182376936363,0.0
479880,0.0,0.0,7.708261228338448,999.930759780752,0.0
479940,0.0,0.0,7.708261228338448,999.3644244397716,0.0
480000,0.0,0.0,7.708261228338448,998.8998704056504,0.0
480060,0.0,0.0,7.708261228338448,999.8055735465202,0.0
480120,0.0,0.0,7.708261228338448,1000.6537467665433,0.0
480180,0.0,0.0,7.708261228338448,1000.6434790299684,0.0
480240,0.0,0.0,7.708261228338448,998.4562050296869,0.0
480300,0.0,0.0,7.708261228338448,998.4343701202592,0.0
480360,0.0,0.0,7.708261228338448,999.4592029175942,0.0
480420,0.0,0.0,7.708261228338448,1001.7731597372501,0.0
480480,0.0,0.0,7.708261228338448,999.965692045552,0.0
480540,0.0,0.0,7.708261228338448,1000.2989540828877,0.0
480600,0.0,0.0,7.708261228338448,997.7690437377162,0.0
480660,0.0,0.0,7.708261228338448,999.2831479066558,0.0
480720,0.0,0.0,7.708261228338448,1000.9178994952232,0.0
480780,0.0,0.0,7.708261228338448,1000.3774214163826,0.0
480840,0.0,0.0,7.708261228338448,1000.8135773908054,0.0
480900,0.0,0.0,7.708261228338448,998.9021048719994,0.0
480960,0.0,0.0,7.708261228338448,998.9631573069975,0.0
481020,0.0,0.0,7.708261228338448,1000.1122280796113,0.0
481080,0.0,0.0,7.708261228338448,1000.6109772321437,0.0
481140,0.0,0.0,7.708261228338448,999.8293983690248,0.0
481200,0.0,0.0,7.708261228338448,999.8712041748439,0.0
481260,0.0,0.0,7.708261228338448,998.237540061461,0.0
481320,0.0,0.0,7.708261228338448,999.5266106813314,0.0
481380,0.0,0.0,7.708261228338448,1001.2207063401625,0.0
481440,0.0,0.0,7.708261228338448,1000.0228053607536,0.0
481500,0.0,0.0,7.708261228338448,999.9834886324261,0.0
481560,0.0,0.0,7.708261228338448,998.4330385054557,0.0
481620,0.0,0.0,7.708261228338448,999.766555763809,0.0
481680,0.0,0.0,7.708261228338448,1000.0008612230366,0.0
481740,0.0,0.0,7.708261228338448,1001.6614356438596,0.0
481800,0.0,0.0,7.708261228338448,999.8604805183745,0.0
481860,0.0,0.0,7.708261228338448,999.4505684786045,0.0
481920,0.0,0.0,7.708261228338448,998.9613428338332,0.0
481980,0.0,0.0,7.708261228338448,999.8181845941058,0.0
482040,0.0,0.0,7.708261228338448,1000.5884232800208,0.0
482100,0.0,0.0,7.708261228338448,1000.6210368042662,0.0
482160,0.0,0.0,7.708261228338448,998.2026425883196,0.0
482220,0.0,0.0,7.708261228338448,999.1125014918039,0.0
482280,0.0,0.0,7.708261228338448,999.9389113208891,0.0
482340,0.0,0.0,7.708261228338448,1000.2859896835257,0.0
482400,0.0,0.0,7.708261228338448,1001.3380831942436,0.0
482460,0.0,0.0,7.708261228338448,999.5347779396266,0.0
482520,0.0,0.0,7.708261228338448,998.9387201189801,0.0
482580,0.0,0.0,7.708261228338448,999.3593247499507,0.0
482640,0.0,0.0,7.708261228338448,1000.2125870203047,0.0
482700,0.0,0.0,7.708261228338448,1001.4238624048951,0.0
482760,0.0,0.0,7.708261228338448,999.477979605548,0.0
482820,0.0,0.0,7.708261228338448,999.5531562167014,0.0
482880,0.0,0.0,7.708261228338448,998.9220815688924,0.0
482940,0.0,0.0,7.708261228338448,1000.0692063009609,0.0
483000,0.0,0.0,7.708261228338448,1000.6444655913008,0.0
483060,0.0,0.0,7.708261228338448,999.5882960269796,0.0
483120,0.0,0.0,7.708261228338448,999.92583098903,0.0
483180,0.0,0.0,7.708261228338448,998.24224934407,0.0
483240,0.0,0.0,7.708261228338448,999.5541618083176,0.0
483300,0.0,0.0,7.708261228338448,1001.3443740990591,0.0
483360,0.0,0.0,7.708261228338448,1000.2995174654131,0.0
483420,0.0,0.0,7.708261228338448,1000.2119487798934,0.0
483480,0.0,0.0,7.708261228338448,998.6246936034718,0.0
483540,0.0,0.0,7.708261228338448,999.2359517993839,0.0
483600,0.0,0.0,7.708261228338448,1000.4688820771818,0.0
483660,0.0,0.0,7.708261228338448,1000.7387679713739,0.0
483720,0.0,0.0,7.708261228338448,999.270777976668,0.0
483780,0.0,0.0,7.708261228338448,999.4631639892806,0.0
483840,0.0,0.0,7.708261228338448,998.8145412353664,0.0
483900,0.0,0.0,7.708261228338448,1000.5229657824996,0.0
483960,0.0,0.0,7.708261228338448,1000.4653305787076,0.0
484020,0.0,0.0,7.708261228338448,1000.878094990627,0.0
484080,0.0,0.0,7.708261228338448,997.757339318039,0.0
484140,0.0,0.0,7.708261228338448,999.1763213768089,0.0
484200,0.0,0.0,7.708261228338448,1000.0981617622589,0.0
484260,0.0,0.0,7.708261228338448,1000.224384731341,0.0
484320,0.0,0.0,7.708261228338448,1001.4383103560534,0.0
484380,0.0,0.0,7.708261228338448,999.4985478209302,0.0
484440,0.0,0.0,7.708261228338448,998.988374683436,0.0
484500,0.0,0.0,7.708261228338448,999.427423992815,0.0
484560,0.0,0.0,7.708261228338448,1000.2054452026196,0.0
484620,0.0,0.0,7.708261228338448,1000.417350398288,0.0
484680,0.0,0.0,7.708261228338448,1000.3836189005143,0.0
484740,0.0,0.0,7.708261228338448,997.8969117077614,0.0
484800,0.0,0.0,7.708261228338448,999.1429627975405,0.0
484860,0.0,0.0,7.708261228338448,1000.5770051387003,0.0
484920,0.0,0.0,7.708261228338448,1000.4301239279537,0.0
484980,0.0,0.0,7.708261228338448,1000.9611901827589,0.0
485040,0.0,0.0,7.708261228338448,999.1052870173521,0.0
485100,0.0,0.0,7.708261228338448,998.8465992726914,0.0
485160,0.0,0.0,7.708261228338448,1000.6523851362069,0.0
485220,0.0,0.0,7.708261228338448,1000.356172981029,0.0
485280,0.0,0.0,7.708261228338448,1001.0420857515875,0.0
485340,0.0,0.0,7.708261228338448,997.9228311756207,0.0
485400,0.0,0.0,7.708261228338448,998.7196964197952,0.0
485460,0.0,0.0,7.708261228338448,999.2502068666728,0.0
485520,0.0,0.0,7.708261228338448,1000.4597521837286,0.0
485580,0.0,0.0,7.708261228338448,1000.6877550636651,0.0
485640,0.0,0.0,7.708261228338448,999.0757018257324,0.0
485700,0.0,0.0,7.708261228338448,999.5296476789088,0.0
485760,0.0,0.0,7.708261228338448,998.8835100253756,0.0
485820,0.0,0.0,7.708261228338448,999.8807919423238,0.0
485880,0.0,0.0,7.708261228338448,1001.5088731294359,0.0
485940,0.0,0.0,7.708261228338448,1000.076148646816,0.0
486000,0.0,0.0,7.708261228338448,999.6026391374598,0.0
486060,0.0,0.0,7.708261228338448,998.7475209127884,0.0
486120,0.0,0.0,7.708261228338448,999.6217276816146,0.0
486180,0.0,0.0,7.708261228338448,1000.6446587621864,0.0
486240,0.0,0.0,7.708261228338448,1000.7081385713966,0.0
486300,0.0,0.0,7.708261228338448,998.7735352738903,0.0
486360,0.0,0.0,7.708261228338448,998.2729648286796,0.0
486420,0.0,0.0,7.708261228338448,999.324460411053,0.0
486480,0.0,0.0,7.708261228338448,1001.6305283585457,0.0
486540,0.0,0.0,7.708261228338448,1000.1440281718734,0.0
486600,0.0,0.0,7.708261228338448,1000.4337069464561,0.0
486660,0.0,0.0,7.708261228338448,997.6993884586708,0.0
486720,0.0,0.0,7.708261228338448,999.2078251476718,0.0
486780,0.0,0.0,7.708261228338448,1000.6682703180314,0.0
486840,0.0,0.0,7.708261228338448,1000.3692469521051,0.0
486900,0.0,0.0,7.708261228338448,1001.0300752832758,0.0
486960,0.0,0.0,7.708261228338448,999.076384169674,0.0
487020,0.0,0.0,7.708261228338448,998.9042734391236,0.0
487080,0.0,0.0,7.708261228338448,999.9150149651086,0.0
487140,0.0,0.0,7.708261228338448,1000.5152869544211,0.0
487200,0.0,0.0,7.708261228338448,1000.0550378020961,0.0
487260,0.0,0.0,7.708261228338448,1000.0392262096409,0.0
487320,0.0,0.0,7.708261228338448,998.0590430170761,0.0
487380,0.0,0.0,7.708261228338448,999.3823591724017,0.0
487440,0.0,0.0,7.708261228338448,1001.0575869254537,0.0
487500,0.0,0.0,7.708261228338448,1000.4276639047335,0.0
487560,0.0,0.0,7.708261228338448,1000.4467134775468,0.0
487620,0.0,0.0,7.708261228338448,997.4769622436135,0.0
487680,0.0,0.0,7.708261228338448,999.1335567163002,0.0
487740,0.0,0.0,7.708261228338448,1000.2388819021191,0.0
487800,0.0,0.0,7.708261228338448,1001.100049624744,0.0
487860,0.0,0.0,7.708261228338448,1000.0948897230583,0.0
487920,0.0,0.0,7.708261228338448,999.548543357326,0.0
487980,0.0,0.0,7.708261228338448,998.7831672475726,0.0
488040,0.0,0.0,7.708261228338448,999.6160067578256,0.0
488100,0.0,0.0,7.708261228338448,1000.5995900456879,0.0
488160,0.0,0.0,7.708261228338448,1000.6882915986006,0.0
488220,0.0,0.0,7.708261228338448,998.4667471317099,0.0
488280,0.0,0.0,7.708261228338448,999.2053741919335,0.0
488340,0.0,0.0,7.708261228338448,999.5922167721495,0.0
488400,0.0,0.0,7.708261228338448,1000.1748519640483,0.0
488460,0.0,0.0,7.708261228338448,1001.4449493493579,0.0
488520,0.0,0.0,7.708261228338448,999.7340544855197,0.0
488580,0.0,0.0,7.708261228338448,999.103699093427,0.0
488640,0.0,0.0,7.708261228338448,999.1250039645573,0.0
488700,0.0,0.0,7.708261228338448,1000.0275284650847,0.0
488760,0.0,0.0,7.708261228338448,1001.6106386496492,0.0
488820,0.0,0.0,7.708261228338448,999.6992915819279,0.0
488880,0.0,0.0,7.708261228338448,999.7724665002852,0.0
488940,0.0,0.0,7.708261228338448,998.4986469764646,0.0
489000,0.0,0.0,7.708261228338448,999.8789674485708,0.0
489060,0.0,0.0,7.708261228338448,1000.5371494826378,0.0
489120,0.0,0.0,7.708261228338448,999.8491097393467,0.0
489180,0.0,0.0,7.708261228338448,1000.0941918066504,0.0
489240,0.0,0.0,7.708261228338448,998.0174254098604,0.0
489300,0.0,0.0,7.708261228338448,999.4131086949267,0.0
489360,0.0,0.0,7.708261228338448,1001.1780822397374,0.0
489420,0.0,0.0,7.708261228338448,1000.3593794620493,0.0
489480,0.0,0.0,7.708261228338448,1000.4912279706142,0.0
489540,0.0,0.0,7.708261228338448,998.7082043858757,0.0
489600,0.0,0.0,7.708261228338448,999.0857945514408,0.0
489660,0.0,0.0,7.708261228338448,1000.3232260398225,0.0
489720,0.0,0.0,7.708261228338448,1000.7019312725282,0.0
489780,0.0,0.0,7.708261228338448,999.5526591724532,0.0
489840,0.0,0.0,7.708261228338448,999.6446081173594,0.0
489900,0.0,0.0,7.708261228338448,998.5248297003525,0.0
489960,0.0,0.0,7.708261228338448,999.7139086404322,0.0
490020,0.0,0.0,7.708261228338448,1001.3427150563003,0.0
490080,0.0,0.0,7.708261228338448,999.7103310462139,0.0
490140,0.0,0.0,7.708261228338448,999.7915729350055,0.0
490200,0.0,0.0,7.708261228338448,998.4435209596289,0.0
490260,0.0,0.0,7.708261228338448,1000.1576208152336,0.0
490320,0.0,0.0,7.708261228338448,1000.145704395579,0.0
490380,0.0,0.0,7.708261228338448,1001.5646808707876,0.0
490440,0.0,0.0,7.708261228338448,999.6802135261207,0.0
490500,0.0,0.0,7.708261228338448,999.2000853007796,0.0
490560,0.0,0.0,7.708261228338448,999.1791891765483,0.0
490620,0.0,0.0,7.708261228338448,1000.0197491192426,0.0
490680,0.0,0.0,7.708261228338448,1000.5323316300617,0.0
490740,0.0,0.0,7.708261228338448,1000.5195437020377,0.0
490800,0.0,0.0,7.708261228338448,997.9940623968623,0.0
490860,0.0,0.0,7.708261228338448,999.0902748799202,0.0
490920,0.0,0.0,7.708261228338448,1000.2675813819858,0.0
490980,0.0,0.0,7.708261228338448,1000.37634028852,0.0
491040,0.0,0.0,7.708261228338448,1001.1708549791751,0.0
491100,0.0,0.0,7.708261228338448,999.323431824487,0.0
491160,0.0,0.0,7.708261228338448,998.8480835732237,0.0
491220,0.0,0.0,7.708261228338448,1000.2663244635734,0.0
491280,0.0,0.0,7.708261228338448,1000.2703199524252,0.0
491340,0.0,0.0,7.708261228338448,1001.096283192784,0.0
491400,0.0,0.0,7.708261228338448,998.2974615801419,0.0
491460,0.0,0.0,7.708261228338448,998.8221214197747,0.0
491520,0.0,0.0,7.708261228338448,999.0866256067486,0.0
491580,0.0,0.0,7.708261228338448,1000.3242433260988,0.0
491640,0.0,0.0,7.708261228338448,1000.641972545534,0.0
491700,0.0,0.0,7.708261228338448,999.3749674798535,0.0
491760,0.0,0.0,7.708261228338448,999.7123307538476,0.0
491820,0.0,0.0,7.708261228338448,998.5550474984809,0.0
491880,0.0,0.0,7.708261228338448,999.7220964775627,0.0
491940,0.0,0.0,7.708261228338448,1001.4508212261171,0.0
492000,0.0,0.0,7.708261228338448,1000.2054400624107,0.0
492060,0.0,0.0,7.708261228338448,999.8886493245968,0.0
492120,0.0,0.0,7.708261228338448,998.6428087935859,0.0
492180,0.0,0.0,7.708261228338448,999.425230707227,0.0
492240,0.0,0.0,7.708261228338448,1000.5842280597489,0.0
492300,0.0,0.0,7.708261228338448,1000.7440289007208,0.0
492360,0.0,0.0,7.708261228338448,999.1528832410019,0.0
492420,0.0,0.0,7.708261228338448,998.1852521414831,0.0
492480,0.0,0.0,7.708261228338448,999.2038110211462,0.0
492540,0.0,0.0,7.708261228338448,1001.4241197123833,0.0
492600,0.0,0.0,7.708261228338448,1000.2843067548026,0.0
492660,0.0,0.0,7.708261228338448,1000.5580536031489,0.0
492720,0.0,0.0,7.708261228338448,997.7278139143116,0.0
492780,0.0,0.0,7.708261228338448,999.1724988240534,0.0
492840,0.0,0.0,7.708261228338448,1000.3699790384917,0.0
492900,0.0,0.0,7.708261228338448,1000.3269538796795,0.0
492960,0.0,0.0,7.708261228338448,1001.2339359231134,0.0
493020,0.0,0.0,7.708261228338448,999.2731988271101,0.0
493080,0.0,0.0,7.708261228338448,998.900533539839,0.0
493140,0.0,0.0,7.708261228338448,999.6870045350106,0.0
493200,0.0,0.0,7.708261228338448,1000.3851488642536,0.0
493260,0.0,0.0,7.708261228338448,1000.2561988993791,0.0
493320,0.0,0.0,7.708261228338448,1000.2102117172354,0.0
493380,0.0,0.0,7.708261228338448,997.9394141174291,0.0
493440,0.0,0.0,7.708261228338448,999.2479581313743,0.0
493500,0.0,0.0,7.708261228338448,1000.8449009110495,0.0
493560,0.0,0.0,7.708261228338448,1000.4518392725726,0.0
493620,0.0,0.0,7.708261228338448,1000.7006138180457,0.0
493680,0.0,0.0,7.708261228338448,997.3804292867882,0.0
493740,0.0,0.0,7.708261228338448,999.0284700462573,0.0
493800,0.0,0.0,7.708261228338448,999.9998166154433,0.0
493860,0.0,0.0,7.708261228338448,1001.2618884822116,0.0
493920,0.0,0.0,7.708261228338448,1000.2081976108225,0.0
493980,0.0,0.0,7.708261228338448,999.830475663669,0.0
494040,0.0,0.0,7.708261228338448,998.6696363948124,0.0
494100,0.0,0.0,7.708261228338448,999.442864190305,0.0
494160,0.0,0.0,7.708261228338448,1000.5618957373852,0.0
494220,0.0,0.0,7.708261228338448,1000.7183144644204,0.0
494280,0.0,0.0,7.708261228338448,998.7499142514318,0.0
494340,0.0,0.0,7.708261228338448,999.3338854562409,0.0
494400,0.0,0.0,7.708261228338448,999.258270314728,0.0
494460,0.0,0.0,7.708261228338448,1000.0499990431008,0.0
494520,0.0,0.0,7.708261228338448,1001.4947215466462,0.0
494580,0.0,0.0,7.708261228338448,999.9084055515657,0.0
494640,0.0,0.0,7.708261228338448,999.3098313415505,0.0
494700,0.0,0.0,7.708261228338448,998.9247623363588,0.0
494760,0.0,0.0,7.708261228338448,999.8413282453839,0.0
494820,0.0,0.0,7.708261228338448,1001.721263978203,0.0
494880,0.0,0.0,7.708261228338448,999.8903162375602,0.0
494940,0.0,0.0,7.708261228338448,999.9862919238047,0.0
495000,0.0,0.0,7.708261228338448,998.1217868604732,0.0
495060,0.0,0.0,7.708261228338448,999.679213318705,0.0
495120,0.0,0.0,7.708261228338448,1000.410763595316,0.0
495180,0.0,0.0,7.708261228338448,1000.0710670452631,0.0
495240,0.0,0.0,7.708261228338448,1000.2418737423776,0.0
495300,0.0,0.0,7.708261228338448,997.8700701454692,0.0
495360,0.0,0.0,7.708261228338448,999.2960065935592,0.0
495420,0.0,0.0,7.708261228338448,1000.9723118300936,0.0
495480,0.0,0.0,7.708261228338448,1000.3872933489163,0.0
495540,0.0,0.0,7.708261228338448,1000.7413640768067,0.0
495600,0.0,0.0,7.708261228338448,998.8635696424255,0.0
495660,0.0,0.0,7.708261228338448,998.9729614398509,0.0
495720,0.0,0.0,7.708261228338448,1000.1505085207679,0.0
495780,0.0,0.0,7.708261228338448,1000.6370004443028,0.0
495840,0.0,0.0,7.708261228338448,999.8096448631078,0.0
495900,0.0,0.0,7.708261228338448,999.822496275817,0.0
495960,0.0,0.0,7.708261228338448,998.2840661091223,0.0
496020,0.0,0.0,7.708261228338448,999.5552163763016,0.0
496080,0.0,0.0,7.708261228338448,1001.22910820503,0.0
496140,0.0,0.0,7.708261228338448,1000.014323866568,0.0
496200,0.0,0.0,7.708261228338448,999.9520946113324,0.0
496260,0.0,0.0,7.708261228338448,998.4287235950836,0.0
496320,0.0,0.0,7.708261228338448,999.7965350695706,0.0
496380,0.0,0.0,7.708261228338448,1000.0291621161009,0.0
496440,0.0,0.0,7.708261228338448,1001.6317374397744,0.0
496500,0.0,0.0,7.708261228338448,999.8434641211803,0.0
496560,0.0,0.0,7.708261228338448,999.4012512763923,0.0
496620,0.0,0.0,7.708261228338448,998.9816740531767,0.0
496680,0.0,0.0,7.708261228338448,999.8469336469777,0.0
496740,0.0,0.0,7.708261228338448,1000.5950084651444,0.0
496800,0.0,0.0,7.708261228338448,1000.6116809367832,0.0
496860,0.0,0.0,7.708261228338448,998.2026278861015,0.0
496920,0.0,0.0,7.708261228338448,999.0941717366621,0.0
496980,0.0,0.0,7.708261228338448,999.9656347501871,0.0
497040,0.0,0.0,7.708261228338448,1000.3042150372862,0.0
497100,0.0,0.0,7.708261228338448,1001.3108044039246,0.0
497160,0.0,0.0,7.708261228338448,999.5171457448237,0.0
497220,0.0,0.0,7.708261228338448,998.9172998700781,0.0
497280,0.0,0.0,7.708261228338448,999.8745527988591,0.0
497340,0.0,0.0,7.708261228338448,1000.1680998484879,0.0
497400,0.0,0.0,7.708261228338448,1001.1043383229875,0.0
497460,0.0,0.0,7.708261228338448,998.6925282135626,0.0
497520,0.0,0.0,7.708261228338448,998.9698729250339,0.0
497580,0.0,0.0,7.708261228338448,998.9696755879093,0.0
497640,0.0,0.0,7.708261228338448,1000.1684668495468,0.0
497700,0.0,0.0,7.708261228338448,1000.5759981764727,0.0
497760,0.0,0.0,7.708261228338448,999.6405899973041,0.0
497820,0.0,0.0,7.708261228338448,999.8753830336439,0.0
497880,0.0,0.0,7.708261228338448,998.2914551362352,0.0
497940,0.0,0.0,7.708261228338448,999.579109224538,0.0
498000,0.0,0.0,7.708261228338448,1001.3444426701193,0.0
498060,0.0,0.0,7.708261228338448,1000.2981558531537,0.0
498120,0.0,0.0,7.708261228338448,1000.1505468900901,0.0
498180,0.0,0.0,7.708261228338448,998.6172066922064,0.0
498240,0.0,0.0,7.708261228338448,999.2583120367512,0.0
498300,0.0,0.0,7.708261228338448,1000.4890933805875,0.0
498360,0.0,0.0,7.708261228338448,1000.7467543699178,0.0
498420,0.0,0.0,7.708261228338448,999.2578331107852,0.0
498480,0.0,0.0,7.708261228338448,999.4254057502338,0.0
498540,0.0,0.0,7.708261228338448,998.8513538674248,0.0
498600,0.0,0.0,7.708261228338448,1000.5380078801554,0.0
498660,0.0,0.0,7.708261228338448,1000.4825585664046,0.0
498720,0.0,0.0,7.708261228338448,1000.8277356153659,0.0
498780,0.0,0.0,7.708261228338448,997.7752859179541,0.0
498840,0.0,0.0,7.708261228338448,999.1558379236768,0.0
498900,0.0,0.0,7.708261228338448,1000.1228947912615,0.0
498960,0.0,0.0,7.708261228338448,1000.2419004571086,0.0
499020,0.0,0.0,7.708261228338448,1001.4089375126458,0.0
499080,0.0,0.0,7.708261228338448,999.4822605380115,0.0
499140,0.0,0.0,7.708261228338448,998.9674510580722,0.0
499200,0.0,0.0,7.708261228338448,999.4440795839006,0.0
499260,0.0,0.0,7.708261228338448,1000.2248157826751,0.0
499320,0.0,0.0,7.708261228338448,1000.4197468184586,0.0
499380,0.0,0.0,7.708261228338448,1000.3692232063412,0.0
499440,0.0,0.0,7.708261228338448,997.9100918859472,0.0
499500,0.0,0.0,7.708261228338448,999.1422716158675,0.0
499560,0.0,0.0,7.708261228338448,1000.5859347284776,0.0
499620,0.0,0.0,7.708261228338448,1000.4397349393424,0.0
499680,0.0,0.0,7.708261228338448,1000.9370357650051,0.0
499740,0.0,0.0,7.708261228338448,997.4194996348542,0.0
499800,0.0,0.0,7.708261228338448,998.9739922023595,0.0
499860,0.0,0.0,7.708261228338448,999.740620543509,0.0
499920,0.0,0.0,7.708261228338448,1001.3585198610676,0.0
499980,0.0,0.0,7.708261228338448,1000.294810025057,0.0
500040,0.0,0.0,7.708261228338448,1000.1354169141324,0.0
500100,0.0,0.0,7.708261228338448,998.6281319289259,0.0
500160,0.0,0.0,7.708261228338448,999.2788765676352,0.0
500220,0.0,0.0,7.708261228338448,1000.4762815434873,0.0
500280,0.0,0.0,7.708261228338448,1000.7161862985292,0.0
500340,0.0,0.0,7.708261228338448,999.0466741541412,0.0
500400,0.0,0.0,7.708261228338448,999.49235272541,0.0
500460,0.0,0.0,7.708261228338448,998.9229491757093,0.0
500520,0.0,0.0,7.708261228338448,999.9054397000675,0.0
500580,0.0,0.0,7.708261228338448,1001.4964820629561,0.0
500640,0.0,0.0,7.708261228338448,1000.0653862915618,0.0
500700,0.0,0.0,7.708261228338448,999.5587063584934,0.0
500760,0.0,0.0,7.708261228338448,998.7588490495306,0.0
500820,0.0,0.0,7.708261228338448,999.6457161175349,0.0
500880,0.0,0.0,7.708261228338448,1000.654293588291,0.0
500940,0.0,0.0,7.708261228338448,1000.7042600969062,0.0
501000,0.0,0.0,7.708261228338448,998.7618211272421,0.0
501060,0.0,0.0,7.708261228338448,998.2884588905684,0.0
501120,0.0,0.0,7.708261228338448,999.3349184598146,0.0
501180,0.0,0.0,7.708261228338448,1001.6143257374806,0.0
501240,0.0,0.0,7.708261228338448,1000.1520594189166,0.0
501300,0.0,0.0,7.708261228338448,1000.4172201301117,0.0
501360,0.0,0.0,7.708261228338448,997.7205763266728,0.0
501420,0.0,0.0,7.708261228338448,999.2054787584459,0.0
501480,0.0,0.0,7.708261228338448,1000.6784854502973,0.0
501540,0.0,0.0,7.708261228338448,1000.3794985460302,0.0
501600,0.0,0.0,7.708261228338448,1001.001255775564,0.0
501660,0.0,0.0,7.708261228338448,999.0631454898247,0.0
501720,0.0,0.0,7.708261228338448,998.9002436531543,0.0
501780,0.0,0.0,7.708261228338448,999.9264418732262,0.0
501840,0.0,0.0,7.708261228338448,1000.5274456945511,0.0
501900,0.0,0.0,7.708261228338448,1000.0579513593813,0.0
501960,0.0,0.0,7.708261228338448,1000.0233279865178,0.0
502020,0.0,0.0,7.708261228338448,998.0730296548476,0.0
502080,0.0,0.0,7.708261228338448,999.3875109448468,0.0
502140,0.0,0.0,7.708261228338448,1001.0566895878029,0.0
502200,0.0,0.0,7.708261228338448,1000.2961593444055,0.0
502260,0.0,0.0,7.708261228338448,1000.1167449956173,0.0
502320,0.0,0.0,7.708261228338448,998.5077602986129,0.0
502380,0.0,0.0,7.708261228338448,999.3828932142628,0.0
502440,0.0,0.0,7.708261228338448,999.8823917383465,0.0
502500,0.0,0.0,7.708261228338448,1001.6574828032058,0.0
502560,0.0,0.0,7.708261228338448,999.9999250303413,0.0
502620,0.0,0.0,7.708261228338448,999.6676891126815,0.0
502680,0.0,0.0,7.708261228338448,998.8036322689669,0.0
502740,0.0,0.0,7.708261228338448,999.651224251196,0.0
502800,0.0,0.0,7.708261228338448,1000.6089181453401,0.0
502860,0.0,0.0,7.708261228338448,1000.6817923336146,0.0
502920,0.0,0.0,7.708261228338448,998.4676460719955,0.0
502980,0.0,0.0,7.708261228338448,999.1760160485991,0.0
503040,0.0,0.0,7.708261228338448,999.6232516683436,0.0
503100,0.0,0.0,7.708261228338448,1000.1949753055453,0.0
503160,0.0,0.0,7.708261228338448,1001.422165431592,0.0
503220,0.0,0.0,7.708261228338448,999.7187706041915,0.0
503280,0.0,0.0,7.708261228338448,999.0748860102868,0.0
503340,0.0,0.0,7.708261228338448,999.4363593647503,0.0
503400,0.0,0.0,7.708261228338448,1000.0280798158733,0.0
503460,0.0,0.0,7.708261228338448,1001.0725616802432,0.0
503520,0.0,0.0,7.708261228338448,999.1195844328379,0.0
503580,0.0,0.0,7.708261228338448,999.1493879531585,0.0
503640,0.0,0.0,7.708261228338448,998.8882852861374,0.0
503700,0.0,0.0,7.708261228338448,999.9696012386505,0.0
503760,0.0,0.0,7.708261228338448,1000.475242839585,0.0
503820,0.0,0.0,7.708261228338448,999.8940479320305,0.0
503880,0.0,0.0,7.708261228338448,1000.0504629372257,0.0
503940,0.0,0.0,7.708261228338448,998.0573663841266,0.0
504000,0.0,0.0,7.708261228338448,999.4333869325311,0.0
504060,0.0,0.0,7.708261228338448,1001.1864705342922,0.0
504120,0.0,0.0,7.708261228338448,1000.363949351484,0.0
504180,0.0,0.0,7.708261228338448,1000.4301524422644,0.0
504240,0.0,0.0,7.708261228338448,998.6851371839423,0.0
504300,0.0,0.0,7.708261228338448,999.1020935247043,0.0
504360,0.0,0.0,7.708261228338448,1000.3472183956162,0.0
504420,0.0,0.0,7.708261228338448,1000.7157372606978,0.0
504480,0.0,0.0,7.708261228338448,999.5398775149272,0.0
504540,0.0,0.0,7.708261228338448,999.6063793769912,0.0
504600,0.0,0.0,7.708261228338448,998.5609373225892,0.0
504660,0.0,0.0,7.708261228338448,1000.3258445154424,0.0
504720,0.0,0.0,7.708261228338448,1000.4063437139539,0.0
504780,0.0,0.0,7.708261228338448,1001.133803270991,0.0
504840,0.0,0.0,7.708261228338448,998.0279570325334,0.0
504900,0.0,0.0,7.708261228338448,999.2359826137769,0.0
504960,0.0,0.0,7.708261228338448,999.7747721218786,0.0
505020,0.0,0.0,7.708261228338448,1000.1487507292865,0.0
505080,0.0,0.0,7.708261228338448,1001.5154019021643,0.0
505140,0.0,0.0,7.708261228338448,999.667913533439,0.0
505200,0.0,0.0,7.708261228338448,999.109425022854,0.0
505260,0.0,0.0,7.708261228338448,999.2177516060842,0.0
505320,0.0,0.0,7.708261228338448,1000.0581192610496,0.0
505380,0.0,0.0,7.708261228338448,1000.5335490380351,0.0
505440,0.0,0.0,7.708261228338448,1000.4965668042917,0.0
505500,0.0,0.0,7.708261228338448,997.9959825303455,0.0
505560,0.0,0.0,7.708261228338448,999.0824463623311,0.0
505620,0.0,0.0,7.708261228338448,1000.305420326834,0.0
505680,0.0,0.0,7.708261228338448,1000.397697689106,0.0
505740,0.0,0.0,7.708261228338448,1001.1261971849517,0.0
505800,0.0,0.0,7.708261228338448,997.6278485127121,0.0
505860,0.0,0.0,7.708261228338448,998.9849782532466,0.0
505920,0.0,0.0,7.708261228338448,999.489805914048,0.0
505980,0.0,0.0,7.708261228338448,1001.3790093936462,0.0
506040,0.0,0.0,7.708261228338448,1000.3497713397842,0.0
506100,0.0,0.0,7.708261228338448,1000.4231319906493,0.0
506160,0.0,0.0,7.708261228338448,998.6781793265926,0.0
506220,0.0,0.0,7.708261228338448,999.1435467787056,0.0
506280,0.0,0.0,7.708261228338448,1000.3546938724543,0.0
506340,0.0,0.0,7.708261228338448,1000.6845835491549,0.0
506400,0.0,0.0,7.708261228338448,999.3326966531389,0.0
506460,0.0,0.0,7.708261228338448,999.6559531830138,0.0
506520,0.0,0.0,7.708261228338448,998.619364152548,0.0
506580,0.0,0.0,7.708261228338448,999.758353628753,0.0
506640,0.0,0.0,7.708261228338448,1001.4466441546232,0.0
506700,0.0,0.0,7.708261228338448,1000.192922494509,0.0
506760,0.0,0.0,7.708261228338448,999.8173060729112,0.0
506820,0.0,0.0,7.708261228338448,998.6511311101522,0.0
506880,0.0,0.0,7.708261228338448,999.4604516135178,0.0
506940,0.0,0.0,7.708261228338448,1000.6038327656033,0.0
507000,0.0,0.0,7.708261228338448,1000.744691848192,0.0
507060,0.0,0.0,7.708261228338448,999.115725426744,0.0
507120,0.0,0.0,7.708261228338448,998.1998804620056,0.0
507180,0.0,0.0,7.708261228338448,999.2147680541248,0.0
507240,0.0,0.0,7.708261228338448,1001.4192285901577,0.0
507300,0.0,0.0,7.708261228338448,1000.2916693458201,0.0
507360,0.0,0.0,7.708261228338448,1000.5379459147712,0.0
507420,0.0,0.0,7.708261228338448,997.746330443534,0.0
507480,0.0,0.0,7.708261228338448,999.1618453046655,0.0
507540,0.0,0.0,7.708261228338448,1000.39959608169,0.0
507600,0.0,0.0,7.708261228338448,1000.3448050650671,0.0
507660,0.0,0.0,7.708261228338448,1001.1924637116189,0.0
507720,0.0,0.0,7.708261228338448,999.2492462054829,0.0
507780,0.0,0.0,7.708261228338448,998.887525919935,0.0
507840,0.0,0.0,7.708261228338448,999.7106878066006,0.0
507900,0.0,0.0,7.708261228338448,1000.4078882192838,0.0
507960,0.0,0.0,7.708261228338448,1000.2534414637498,0.0
508020,0.0,0.0,7.708261228338448,1000.186329085392,0.0
508080,0.0,0.0,7.708261228338448,997.9593464823336,0.0
508140,0.0,0.0,7.708261228338448,999.255693728989,0.0
508200,0.0,0.0,7.708261228338448,1000.8555187268388,0.0
508260,0.0,0.0,7.708261228338448,1000.5145364141574,0.0
508320,0.0,0.0,7.708261228338448,1000.2437475652043,0.0
508380,0.0,0.0,7.708261228338448,998.6740936639786,0.0
508440,0.0,0.0,7.708261228338448,998.9967027795042,0.0
508500,0.0,0.0,7.708261228338448,999.7463771001951,0.0
508560,0.0,0.0,7.708261228338448,1001.6201085479827,0.0
508620,0.0,0.0,7.708261228338448,1000.1197760530642,0.0
508680,0.0,0.0,7.708261228338448,999.9218448204506,0.0
508740,0.0,0.0,7.708261228338448,998.6905260383123,0.0
508800,0.0,0.0,7.708261228338448,999.4790136732337,0.0
508860,0.0,0.0,7.708261228338448,1000.5796400635725,0.0
508920,0.0,0.0,7.708261228338448,1000.7167486083592,0.0
508980,0.0,0.0,7.708261228338448,998.7409038469048,0.0
509040,0.0,0.0,7.708261228338448,999.2924834722495,0.0
509100,0.0,0.0,7.708261228338448,999.3040367648236,0.0
509160,0.0,0.0,7.708261228338448,1000.0774629090686,0.0
509220,0.0,0.0,7.708261228338448,1001.4732223622601,0.0
509280,0.0,0.0,7.708261228338448,999.8902922341138,0.0
509340,0.0,0.0,7.708261228338448,999.2656669046432,0.0
509400,0.0,0.0,7.708261228338448,998.9449900931756,0.0
509460,0.0,0.0,7.708261228338448,999.8705352853444,0.0
509520,0.0,0.0,7.708261228338448,1001.6866920006518,0.0
509580,0.0,0.0,7.708261228338448,999.8843165729548,0.0
509640,0.0,0.0,7.708261228338448,999.9442402888842,0.0
509700,0.0,0.0,7.708261228338448,998.165576905064,0.0
509760,0.0,0.0,7.708261228338448,999.7022337225505,0.0
509820,0.0,0.0,7.708261228338448,1000.434225945006,0.0
509880,0.0,0.0,7.708261228338448,1000.0712233211041,0.0
509940,0.0,0.0,7.708261228338448,1000.2204027744535,0.0
510000,0.0,0.0,7.708261228338448,997.8938947358535,0.0
510060,0.0,0.0,7.708261228338448,999.301767605101,0.0
510120,0.0,0.0,7.708261228338448,1000.9798197066906,0.0
510180,0.0,0.0,7.708261228338448,1000.3949603235985,0.0
510240,0.0,0.0,7.708261228338448,1000.7072825790596,0.0
510300,0.0,0.0,7.708261228338448,998.8483652727466,0.0
510360,0.0,0.0,7.708261228338448,998.9757068575083,0.0
510420,0.0,0.0,7.708261228338448,1000.1638776339405,0.0
510480,0.0,0.0,7.708261228338448,1000.6482581062852,0.0
510540,0.0,0.0,7.708261228338448,999.8097879075793,0.0
510600,0.0,0.0,7.708261228338448,999.8015835384715,0.0
510660,0.0,0.0,7.708261228338448,998.3012287374208,0.0
510720,0.0,0.0,7.708261228338448,1000.0669354057621,0.0
510780,0.0,0.0,7.708261228338448,1000.300334098859,0.0
510840,0.0,0.0,7.708261228338448,1001.410051783999,0.0
510900,0.0,0.0,7.708261228338448,998.3158407346193,0.0
510960,0.0,0.0,7.708261228338448,999.3670594702165,0.0
511020,0.0,0.0,7.708261228338448,999.4056923521321,0.0
511080,0.0,0.0,7.708261228338448,1000.0311616578764,0.0
511140,0.0,0.0,7.708261228338448,1001.577416845604,0.0
511200,0.0,0.0,7.708261228338448,999.8440386165826,0.0
511260,0.0,0.0,7.708261228338448,999.3146731203981,0.0
511320,0.0,0.0,7.708261228338448,999.0041175750916,0.0
511380,0.0,0.0,7.708261228338448,999.8746700868927,0.0
511440,0.0,0.0,7.708261228338448,1000.601625373832,0.0
511500,0.0,0.0,7.708261228338448,1000.6010654575193,0.0
511560,0.0,0.0,7.708261228338448,998.2003028874337,0.0
511620,0.0,0.0,7.708261228338448,999.0770161149455,0.0
511680,0.0,0.0,7.708261228338448,999.9940556105508,0.0
511740,0.0,0.0,7.708261228338448,1000.3232295132702,0.0
511800,0.0,0.0,7.708261228338448,1001.2819215436854,0.0
511860,0.0,0.0,7.708261228338448,999.4976472688694,0.0
511920,0.0,0.0,7.708261228338448,998.8959163239517,0.0
511980,0.0,0.0,7.708261228338448,999.8888997203268,0.0
512040,0.0,0.0,7.708261228338448,1000.1871045165303,0.0
512100,0.0,0.0,7.708261228338448,1001.1026818547557,0.0
512160,0.0,0.0,7.708261228338448,998.7042292851294,0.0
512220,0.0,0.0,7.708261228338448,998.9514743504175,0.0
512280,0.0,0.0,7.708261228338448,998.9742372369692,0.0
512340,0.0,0.0,7.708261228338448,1000.1838540578941,0.0
512400,0.0,0.0,7.708261228338448,1000.5894678485932,0.0
512460,0.0,0.0,7.708261228338448,999.6416857127674,0.0
512520,0.0,0.0,7.708261228338448,999.8529900927678,0.0
512580,0.0,0.0,7.708261228338448,998.3123861332011,0.0
512640,0.0,0.0,7.708261228338448,999.5893392106673,0.0
512700,0.0,0.0,7.708261228338448,1001.340551450387,0.0
512760,0.0,0.0,7.708261228338448,1000.3000244592309,0.0
512820,0.0,0.0,7.708261228338448,1000.1241194997948,0.0
512880,0.0,0.0,7.708261228338448,998.6138686220268,0.0
512940,0.0,0.0,7.708261228338448,999.26591493069,0.0
513000,0.0,0.0,7.708261228338448,1000.4967609427971,0.0
513060,0.0,0.0,7.708261228338448,1000.7508992248148,0.0
513120,0.0,0.0,7.708261228338448,999.526854032239,0.0
513180,0.0,0.0,7.708261228338448,998.2152765107849,0.0
513240,0.0,0.0,7.708261228338448,999.1193161532161,0.0
513300,0.0,0.0,7.708261228338448,1001.1547880282494,0.0
513360,0.0,0.0,7.708261228338448,1000.3876146193845,0.0
513420,0.0,0.0,7.708261228338448,1000.6445839164744,0.0
513480,0.0,0.0,7.708261228338448,997.89970076302,0.0
513540,0.0,0.0,7.708261228338448,999.1761286915759,0.0
513600,0.0,0.0,7.708261228338448,1000.0680947528435,0.0
513660,0.0,0.0,7.708261228338448,1000.2722132659447,0.0
513720,0.0,0.0,7.708261228338448,1001.3680081953131,0.0
513780,0.0,0.0,7.708261228338448,999.4550650588023,0.0
513840,0.0,0.0,7.708261228338448,998.9496530794041,0.0
513900,0.0,0.0,7.708261228338448,999.4672847761076,0.0
513960,0.0,0.0,7.708261228338448,1000.2506961159693,0.0
514020,0.0,0.0,7.708261228338448,1000.4191238442027,0.0
514080,0.0,0.0,7.708261228338448,1000.3493841375677,0.0
514140,0.0,0.0,7.708261228338448,997.9245768188456,0.0
514200,0.0,0.0,7.708261228338448,999.1439392181728,0.0
514260,0.0,0.0,7.708261228338448,1000.6012636021537,0.0
514320,0.0,0.0,7.708261228338448,1000.6892429103838,0.0
514380,0.0,0.0,7.708261228338448,1000.35754772387,0.0
514440,0.0,0.0,7.708261228338448,998.9320510099163,0.0
514500,0.0,0.0,7.708261228338448,998.5958306443338,0.0
514560,0.0,0.0,7.708261228338448,999.5979154790949,0.0
514620,0.0,0.0,7.708261228338448,1001.5310139027656,0.0
514680,0.0,0.0,7.708261228338448,1000.218886692061,0.0
514740,0.0,0.0,7.708261228338448,1000.2093803085244,0.0
514800,0.0,0.0,7.708261228338448,998.640320741075,0.0
514860,0.0,0.0,7.708261228338448,999.304962422784,0.0
514920,0.0,0.0,7.708261228338448,1000.5004523280782,0.0
514980,0.0,0.0,7.708261228338448,1000.721525926652,0.0
515040,0.0,0.0,7.708261228338448,999.035514049692,0.0
515100,0.0,0.0,7.708261228338448,999.4479746301738,0.0
515160,0.0,0.0,7.708261228338448,998.9702900779225,0.0
515220,0.0,0.0,7.708261228338448,999.9334658769826,0.0
515280,0.0,0.0,7.708261228338448,1001.482236077763,0.0
515340,0.0,0.0,7.708261228338448,1000.0517531992995,0.0
515400,0.0,0.0,7.708261228338448,999.5091883986485,0.0
515460,0.0,0.0,7.708261228338448,998.7733315394316,0.0
515520,0.0,0.0,7.708261228338448,999.6739630816629,0.0
515580,0.0,0.0,7.708261228338448,1001.7370737221215,0.0
515640,0.0,0.0,7.708261228338448,1000.0532490995753,0.0
515700,0.0,0.0,7.708261228338448,1000.1643696070275,0.0
515760,0.0,0.0,7.708261228338448,997.829469835728,0.0
515820,0.0,0.0,7.708261228338448,999.4886220060533,0.0
515880,0.0,0.0,7.708261228338448,1000.2844719021133,0.0
515940,0.0,0.0,7.708261228338448,1000.2592459575459,0.0
516000,0.0,0.0,7.708261228338448,1000.3593506265499,0.0
516060,0.0,0.0,7.708261228338448,997.8219153868853,0.0
516120,0.0,0.0,7.708261228338448,999.2052078341427,0.0
516180,0.0,0.0,7.708261228338448,1000.735768411425,0.0
516240,0.0,0.0,7.708261228338448,1000.394304684847,0.0
516300,0.0,0.0,7.708261228338448,1000.9414584936674,0.0
516360,0.0,0.0,7.708261228338448,999.0277244114205,0.0
516420,0.0,0.0,7.708261228338448,998.8981578878886,0.0
516480,0.0,0.0,7.708261228338448,999.9622213903134,0.0
516540,0.0,0.0,7.708261228338448,1000.5551761287112,0.0
516600,0.0,0.0,7.708261228338448,1000.0444083409313,0.0
516660,0.0,0.0,7.708261228338448,999.9829071828774,0.0
516720,0.0,0.0,7.708261228338448,998.1081069874621,0.0
516780,0.0,0.0,7.708261228338448,999.788685577098,0.0
516840,0.0,0.0,7.708261228338448,1000.1799489161887,0.0
516900,0.0,0.0,7.708261228338448,1001.6222498047963,0.0
516960,0.0,0.0,7.708261228338448,998.6140991380929,0.0
517020,0.0,0.0,7.708261228338448,999.5142730170968,0.0
517080,0.0,0.0,7.708261228338448,999.0516546544353,0.0
517140,0.0,0.0,7.708261228338448,999.9053794486574,0.0
517200,0.0,0.0,7.708261228338448,1001.5846113026765,0.0
517260,0.0,0.0,7.708261228338448,999.9946540574823,0.0
517320,0.0,0.0,7.708261228338448,999.5483365964691,0.0
517380,0.0,0.0,7.708261228338448,998.8300411660696,0.0
517440,0.0,0.0,7.708261228338448,999.6943687250977,0.0
517500,0.0,0.0,7.708261228338448,1000.6224708680485,0.0
517560,0.0,0.0,7.708261228338448,1000.6736259693304,0.0
517620,0.0,0.0,7.708261228338448,998.4494648233863,0.0
517680,0.0,0.0,7.708261228338448,999.1346363701713,0.0
517740,0.0,0.0,7.708261228338448,999.677520152403,0.0
517800,0.0,0.0,7.708261228338448,1000.2267579824845,0.0
517860,0.0,0.0,7.708261228338448,1001.38771843082,0.0
517920,0.0,0.0,7.708261228338448,999.6891680996906,0.0
517980,0.0,0.0,7.708261228338448,999.0302022378322,0.0
518040,0.0,0.0,7.708261228338448,999.4797397531953,0.0
518100,0.0,0.0,7.708261228338448,1000.0594975949592,0.0
518160,0.0,0.0,7.708261228338448,1001.0786782049935,0.0
518220,0.0,0.0,7.708261228338448,999.1117058198232,0.0
518280,0.0,0.0,7.708261228338448,999.118068262837,0.0
518340,0.0,0.0,7.708261228338448,998.8887076691828,0.0
518400,0.0,0.0,7.708261228338448,999.998668535674,0.0
518460,0.0,0.0,7.708261228338448,1000.4998876167487,0.0
518520,0.0,0.0,7.708261228338448,999.8867106466369,0.0
518580,0.0,0.0,7.708261228338448,1000.0177655677868,0.0
518640,0.0,0.0,7.708261228338448,998.0914001850401,0.0
518700,0.0,0.0,7.708261228338448,999.4485666518985,0.0
518760,0.0,0.0,7.708261228338448,1001.1926258185324,0.0
518820,0.0,0.0,7.708261228338448,1000.3674513839924,0.0
518880,0.0,0.0,7.708261228338448,1000.3857377124464,0.0
518940,0.0,0.0,7.708261228338448,998.6700637215818,0.0
519000,0.0,0.0,7.708261228338448,999.1138931318868,0.0
519060,0.0,0.0,7.708261228338448,1000.3639643097578,0.0
519120,0.0,0.0,7.708261228338448,1000.7256554694062,0.0
519180,0.0,0.0,7.708261228338448,999.9083125846357,0.0
519240,0.0,0.0,7.708261228338448,998.3599274920313,0.0
519300,0.0,0.0,7.708261228338448,999.0725407086939,0.0
519360,0.0,0.0,7.708261228338448,1000.8531600889246,0.0
519420,0.0,0.0,7.708261228338448,1000.4358946957814,0.0
519480,0.0,0.0,7.708261228338448,1000.7119151690642,0.0
519540,0.0,0.0,7.708261228338448,998.1443193555602,0.0
519600,0.0,0.0,7.708261228338448,999.2457573325403,0.0
519660,0.0,0.0,7.708261228338448,999.7479844218013,0.0
519720,0.0,0.0,7.708261228338448,1000.1861229047572,0.0
519780,0.0,0.0,7.708261228338448,1001.4780603403711,0.0
519840,0.0,0.0,7.708261228338448,999.6361452011575,0.0
519900,0.0,0.0,7.708261228338448,999.0739999019688,0.0
519960,0.0,0.0,7.708261228338448,999.2480966176271,0.0
520020,0.0,0.0,7.708261228338448,1000.0930232385307,0.0
520080,0.0,0.0,7.708261228338448,1000.5339940992483,0.0
520140,0.0,0.0,7.708261228338448,1000.4759796249464,0.0
520200,0.0,0.0,7.708261228338448,998.0015135273534,0.0
520260,0.0,0.0,7.708261228338448,999.0772456311685,0.0
520320,0.0,0.0,7.708261228338448,1000.3341674060126,0.0
520380,0.0,0.0,7.708261228338448,1000.4152202307906,0.0
520440,0.0,0.0,7.708261228338448,1001.0887638789713,0.0
520500,0.0,0.0,7.708261228338448,997.6528285327262,0.0
520560,0.0,0.0,7.708261228338448,998.9681030254053,0.0
520620,0.0,0.0,7.708261228338448,999.5206140334948,0.0
520680,0.0,0.0,7.708261228338448,1001.3645739542252,0.0
520740,0.0,0.0,7.708261228338448,1000.3543534269181,0.0
520800,0.0,0.0,7.708261228338448,1000.3746285676241,0.0
520860,0.0,0.0,7.708261228338448,998.6651279830419,0.0
520920,0.0,0.0,7.708261228338448,999.1529305687918,0.0
520980,0.0,0.0,7.708261228338448,1000.370409720179,0.0
521040,0.0,0.0,7.708261228338448,1000.6949277220946,0.0
521100,0.0,0.0,7.708261228338448,999.3312099377204,0.0
521160,0.0,0.0,7.708261228338448,999.6291029583258,0.0
521220,0.0,0.0,7.708261228338448,998.6436485149667,0.0
521280,0.0,0.0,7.708261228338448,999.7730436157888,0.0
521340,0.0,0.0,7.708261228338448,1001.4393222869219,0.0
521400,0.0,0.0,7.708261228338448,1000.1906665900051,0.0
521460,0.0,0.0,7.708261228338448,999.7878074100619,0.0
521520,0.0,0.0,7.708261228338448,998.653129003755,0.0
521580,0.0,0.0,7.708261228338448,999.4730504062205,0.0
521640,0.0,0.0,7.708261228338448,1001.7198361396444,0.0
521700,0.0,0.0,7.708261228338448,1000.1914093997425,0.0
521760,0.0,0.0,7.708261228338448,1000.3834487093965,0.0
521820,0.0,0.0,7.708261228338448,997.5491490402428,0.0
521880,0.0,0.0,7.708261228338448,999.2708327814556,0.0
521940,0.0,0.0,7.708261228338448,1000.110231663852,0.0
522000,0.0,0.0,7.708261228338448,1000.4059169870682,0.0
522060,0.0,0.0,7.708261228338448,1000.4808986577491,0.0
522120,0.0,0.0,7.708261228338448,997.8505232698109,0.0
522180,0.0,0.0,7.708261228338448,999.1470180347685,0.0
522240,0.0,0.0,7.708261228338448,1000.4502224051764,0.0
522300,0.0,0.0,7.708261228338448,1000.3605155987424,0.0
522360,0.0,0.0,7.708261228338448,1001.1515602383415,0.0
522420,0.0,0.0,7.708261228338448,999.2245645333472,0.0
522480,0.0,0.0,7.708261228338448,998.8746810679112,0.0
522540,0.0,0.0,7.708261228338448,999.7362334637635,0.0
522600,0.0,0.0,7.708261228338448,1000.4313477947762,0.0
522660,0.0,0.0,7.708261228338448,1000.249348573856,0.0
522720,0.0,0.0,7.708261228338448,1000.1602513624296,0.0
522780,0.0,0.0,7.708261228338448,997.9801994213459,0.0
522840,0.0,0.0,7.708261228338448,999.2651534132275,0.0
522900,0.0,0.0,7.708261228338448,1000.867269658071,0.0
522960,0.0,0.0,7.708261228338448,1000.515127863237,0.0
523020,0.0,0.0,7.708261228338448,1000.2316289313217,0.0
523080,0.0,0.0,7.708261228338448,998.6567175455082,0.0
523140,0.0,0.0,7.708261228338448,999.0169424344283,0.0
523200,0.0,0.0,7.708261228338448,999.7625126084241,0.0
523260,0.0,0.0,7.708261228338448,1001.6076540177444,0.0
523320,0.0,0.0,7.708261228338448,1000.1172550057026,0.0
523380,0.0,0.0,7.708261228338448,999.8865835264488,0.0
523440,0.0,0.0,7.708261228338448,998.6934913869655,0.0
523500,0.0,0.0,7.708261228338448,999.4926633787928,0.0
523560,0.0,0.0,7.708261228338448,1000.5883590655156,0.0
523620,0.0,0.0,7.708261228338448,1000.7183124517076,0.0
523680,0.0,0.0,7.708261228338448,998.7450769538208,0.0
523740,0.0,0.0,7.708261228338448,999.2723125202574,0.0
523800,0.0,0.0,7.708261228338448,999.3183004239792,0.0
523860,0.0,0.0,7.708261228338448,1000.0895204731496,0.0
523920,0.0,0.0,7.708261228338448,1001.4604414681512,0.0
523980,0.0,0.0,7.708261228338448,999.8857565778717,0.0
524040,0.0,0.0,7.708261228338448,999.2472148518378,0.0
524100,0.0,0.0,7.708261228338448,999.0242865362338,0.0
524160,0.0,0.0,7.708261228338448,999.8925006197376,0.0
524220,0.0,0.0,7.708261228338448,1001.0087731204234,0.0
524280,0.0,0.0,7.708261228338448,999.5437829909553,0.0
524340,0.0,0.0,7.708261228338448,999.3147784766569,0.0
524400,0.0,0.0,7.708261228338448,998.8541631708534,0.0
524460,0.0,0.0,7.708261228338448,999.7703181394937,0.0
524520,0.0,0.0,7.708261228338448,1000.3710902166561,0.0
524580,0.0,0.0,7.708261228338448,1000.1141556243155,0.0
524640,0.0,0.0,7.708261228338448,1000.1926181586214,0.0
524700,0.0,0.0,7.708261228338448,997.9136549196762,0.0
524760,0.0,0.0,7.708261228338448,999.3119970652076,0.0
524820,0.0,0.0,7.708261228338448,1000.9881444457385,0.0
524880,0.0,0.0,7.708261228338448,1000.4035681258341,0.0
524940,0.0,0.0,7.708261228338448,1000.6627632795758,0.0
525000,0.0,0.0,7.708261228338448,998.8275763626856,0.0
525060,0.0,0.0,7.708261228338448,998.9817293863315,0.0
525120,0.0,0.0,7.708261228338448,1000.1827832853903,0.0
525180,0.0,0.0,7.708261228338448,1000.6623156314598,0.0
525240,0.0,0.0,7.708261228338448,1000.3082952571273,0.0
525300,0.0,0.0,7.708261228338448,998.5771044595077,0.0
525360,0.0,0.0,7.708261228338448,999.0813487368289,0.0
525420,0.0,0.0,7.708261228338448,1000.4910694341478,0.0
525480,0.0,0.0,7.708261228338448,1000.4341925218749,0.0
525540,0.0,0.0,7.708261228338448,1000.752885639692,0.0
525600,0.0,0.0,7.708261228338448,998.4300179737852,0.0
525660,0.0,0.0,7.708261228338448,999.3699342388201,0.0
525720,0.0,0.0,7.708261228338448,999.3968377751113,0.0
525780,0.0,0.0,7.708261228338448,1000.0693681813532,0.0
525840,0.0,0.0,7.708261228338448,1001.5534246042412,0.0
525900,0.0,0.0,7.708261228338448,999.816713023989,0.0
525960,0.0,0.0,7.708261228338448,999.2695982761343,0.0
526020,0.0,0.0,7.708261228338448,999.0308724401891,0.0
526080,0.0,0.0,7.708261228338448,999.9100095236879,0.0
526140,0.0,0.0,7.708261228338448,1000.6067795116923,0.0
526200,0.0,0.0,7.708261228338448,1000.5867721819271,0.0
526260,0.0,0.0,7.708261228338448,998.1964094720256,0.0
526320,0.0,0.0,7.708261228338448,999.0603449538139,0.0
526380,0.0,0.0,7.708261228338448,1000.0276325188961,0.0
526440,0.0,0.0,7.708261228338448,1000.3442833340214,0.0
526500,0.0,0.0,7.708261228338448,1001.2492043495275,0.0
526560,0.0,0.0,7.708261228338448,997.9496107127095,0.0
526620,0.0,0.0,7.708261228338448,999.0481764922746,0.0
526680,0.0,0.0,7.708261228338448,999.2678018354759,0.0
526740,0.0,0.0,7.708261228338448,1001.3178163614157,0.0
526800,0.0,0.0,7.708261228338448,1000.3836326781808,0.0
526860,0.0,0.0,7.708261228338448,1000.6591503973357,0.0
526920,0.0,0.0,7.708261228338448,998.8034001591731,0.0
526980,0.0,0.0,7.708261228338448,999.0401469819797,0.0
527040,0.0,0.0,7.708261228338448,1000.211942485402,0.0
527100,0.0,0.0,7.708261228338448,1000.6359761537573,0.0
527160,0.0,0.0,7.708261228338448,999.6072955795855,0.0
527220,0.0,0.0,7.708261228338448,999.803960011592,0.0
527280,0.0,0.0,7.708261228338448,998.3660256203938,0.0
527340,0.0,0.0,7.708261228338448,999.6187853566823,0.0
527400,0.0,0.0,7.708261228338448,1001.344803000587,0.0
527460,0.0,0.0,7.708261228338448,1000.2952083843942,0.0
527520,0.0,0.0,7.708261228338448,1000.0602693195201,0.0
527580,0.0,0.0,7.708261228338448,998.609019550663,0.0
527640,0.0,0.0,7.708261228338448,999.2926202379583,0.0
527700,0.0,0.0,7.708261228338448,1001.6280833570405,0.0
527760,0.0,0.0,7.708261228338448,1000.2905542766944,0.0
527820,0.0,0.0,7.708261228338448,1000.5731900930009,0.0
527880,0.0,0.0,7.708261228338448,997.3707765742921,0.0
527940,0.0,0.0,7.708261228338448,999.0771181719856,0.0
528000,0.0,0.0,7.708261228338448,999.9323750226735,0.0
528060,0.0,0.0,7.708261228338448,1000.503602468383,0.0
528120,0.0,0.0,7.708261228338448,1000.5726325201268,0.0
528180,0.0,0.0,7.708261228338448,998.0005608741254,0.0
528240,0.0,0.0,7.708261228338448,999.1389606979598,0.0
528300,0.0,0.0,7.708261228338448,1000.1468633467275,0.0
528360,0.0,0.0,7.708261228338448,1000.3012133365563,0.0
528420,0.0,0.0,7.708261228338448,1001.3139414572623,0.0
528480,0.0,0.0,7.708261228338448,999.416915532543,0.0
528540,0.0,0.0,7.708261228338448,998.9147957794687,0.0
528600,0.0,0.0,7.708261228338448,999.5093163084769,0.0
528660,0.0,0.0,7.708261228338448,1000.2903867757144,0.0
528720,0.0,0.0,7.708261228338448,1000.4116169268076,0.0
528780,0.0,0.0,7.708261228338448,1000.3151897822274,0.0
528840,0.0,0.0,7.708261228338448,997.9430354713135,0.0
528900,0.0,0.0,7.708261228338448,999.1521268235107,0.0
528960,0.0,0.0,7.708261228338448,1000.6327657911764,0.0
529020,0.0,0.0,7.708261228338448,1000.6846660867033,0.0
529080,0.0,0.0,7.708261228338448,1000.3435468849949,0.0
529140,0.0,0.0,7.708261228338448,998.8903789913086,0.0
529200,0.0,0.0,7.708261228338448,998.6419082632037,0.0
529260,0.0,0.0,7.708261228338448,999.6214761742639,0.0
529320,0.0,0.0,7.708261228338448,1001.5255844754433,0.0
529380,0.0,0.0,7.708261228338448,1000.2164356843119,0.0
529440,0.0,0.0,7.708261228338448,1000.1517419990504,0.0
529500,0.0,0.0,7.708261228338448,998.6378081733627,0.0
529560,0.0,0.0,7.708261228338448,999.3255711032308,0.0
529620,0.0,0.0,7.708261228338448,1000.5171561310493,0.0
529680,0.0,0.0,7.708261228338448,1000.7279756293794,0.0
529740,0.0,0.0,7.708261228338448,999.0283798976911,0.0
529800,0.0,0.0,7.708261228338448,999.4145994684609,0.0
529860,0.0,0.0,7.708261228338448,999.002748191017,0.0
529920,0.0,0.0,7.708261228338448,999.9542784193584,0.0
529980,0.0,0.0,7.708261228338448,1001.469560484506,0.0
530040,0.0,0.0,7.708261228338448,1000.0426232806429,0.0
530100,0.0,0.0,7.708261228338448,999.4733608385287,0.0
530160,0.0,0.0,7.708261228338448,998.61722842948,0.0
530220,0.0,0.0,7.708261228338448,999.7328163088064,0.0
530280,0.0,0.0,7.708261228338448,1000.9086684298381,0.0
530340,0.0,0.0,7.708261228338448,999.9344990087536,0.0
530400,0.0,0.0,7.708261228338448,999.4914011560206,0.0
530460,0.0,0.0,7.708261228338448,998.8813121441299,0.0
530520,0.0,0.0,7.708261228338448,999.5522678519854,0.0
530580,0.0,0.0,7.708261228338448,1000.2384166657811,0.0
530640,0.0,0.0,7.708261228338448,1000.2914386647105,0.0
530700,0.0,0.0,7.708261228338448,1000.3325731180023,0.0
530760,0.0,0.0,7.708261228338448,997.8354021339852,0.0
530820,0.0,0.0,7.708261228338448,999.2115979443649,0.0
530880,0.0,0.0,7.708261228338448,1000.7583447007786,0.0
530940,0.0,0.0,7.708261228338448,1000.408957967735,0.0
531000,0.0,0.0,7.708261228338448,1000.8879098358448,0.0
531060,0.0,0.0,7.708261228338448,998.9980146579484,0.0
531120,0.0,0.0,7.708261228338448,998.8986960046293,0.0
531180,0.0,0.0,7.708261228338448,999.9904872467702,0.0
531240,0.0,0.0,7.708261228338448,1000.5775752478149,0.0
531300,0.0,0.0,7.708261228338448,1000.0347732092977,0.0
531360,0.0,0.0,7.708261228338448,999.9488296869051,0.0
531420,0.0,0.0,7.708261228338448,998.137028069428,0.0
531480,0.0,0.0,7.708261228338448,999.8130792520057,0.0
531540,0.0,0.0,7.708261228338448,1000.2042895781508,0.0
531600,0.0,0.0,7.708261228338448,1001.5762334646996,0.0
531660,0.0,0.0,7.708261228338448,998.6210225987043,0.0
531720,0.0,0.0,7.708261228338448,999.4800689764807,0.0
531780,0.0,0.0,7.708261228338448,999.0852602960731,0.0
531840,0.0,0.0,7.708261228338448,999.9245992811442,0.0
531900,0.0,0.0,7.708261228338448,1001.5697331829097,0.0
531960,0.0,0.0,7.708261228338448,999.986570861907,0.0
532020,0.0,0.0,7.708261228338448,999.5125226256615,0.0
532080,0.0,0.0,7.708261228338448,998.8397010348633,0.0
532140,0.0,0.0,7.708261228338448,999.7127632383784,0.0
532200,0.0,0.0,7.708261228338448,1000.6298986833596,0.0
532260,0.0,0.0,7.708261228338448,1000.6702393312667,0.0
532320,0.0,0.0,7.708261228338448,998.452423687949,0.0
532380,0.0,0.0,7.708261228338448,999.1156263929416,0.0
532440,0.0,0.0,7.708261228338448,999.6937164816811,0.0
532500,0.0,0.0,7.708261228338448,1000.2404357975585,0.0
532560,0.0,0.0,7.708261228338448,1001.3707319439645,0.0
532620,0.0,0.0,7.708261228338448,998.2913486420815,0.0
532680,0.0,0.0,7.708261228338448,999.1883453398499,0.0
532740,0.0,0.0,7.708261228338448,999.0214971726749,0.0
532800,0.0,0.0,7.708261228338448,1001.1994334784812,0.0
532860,0.0,0.0,7.708261228338448,1000.3804219741196,0.0
532920,0.0,0.0,7.708261228338448,1000.9329530255474,0.0
532980,0.0,0.0,7.708261228338448,998.980488156144,0.0
533040,0.0,0.0,7.708261228338448,998.9668867391691,0.0
533100,0.0,0.0,7.708261228338448,1000.0177975022793,0.0
533160,0.0,0.0,7.708261228338448,1000.5447157247648,0.0
533220,0.0,0.0,7.708261228338448,999.865374939922,0.0
533280,0.0,0.0,7.708261228338448,999.9834997409648,0.0
533340,0.0,0.0,7.708261228338448,998.1278552497823,0.0
533400,0.0,0.0,7.708261228338448,999.465751313446,0.0
533460,0.0,0.0,7.708261228338448,1001.1999980314814,0.0
533520,0.0,0.0,7.708261228338448,1000.3700104763799,0.0
533580,0.0,0.0,7.708261228338448,1000.3393513698587,0.0
533640,0.0,0.0,7.708261228338448,998.6553453006715,0.0
533700,0.0,0.0,7.708261228338448,999.1275662170892,0.0
533760,0.0,0.0,7.708261228338448,1000.3817999557148,0.0
533820,0.0,0.0,7.708261228338448,1000.73546612978,0.0
533880,0.0,0.0,7.708261228338448,999.8827862780752,0.0
533940,0.0,0.0,7.708261228338448,998.3544420803776,0.0
534000,0.0,0.0,7.708261228338448,999.0652864382849,0.0
534060,0.0,0.0,7.708261228338448,1000.8541466256275,0.0
534120,0.0,0.0,7.708261228338448,1000.4477075362609,0.0
534180,0.0,0.0,7.708261228338448,1000.7081378568942,0.0
534240,0.0,0.0,7.708261228338448,998.1524192770801,0.0
534300,0.0,0.0,7.708261228338448,999.2234137547231,0.0
534360,0.0,0.0,7.708261228338448,999.7670958806972,0.0
534420,0.0,0.0,7.708261228338448,1000.2007210365616,0.0
534480,0.0,0.0,7.708261228338448,1001.4572054615445,0.0
534540,0.0,0.0,7.708261228338448,999.6263638397003,0.0
534600,0.0,0.0,7.708261228338448,999.0541448683005,0.0
534660,0.0,0.0,7.708261228338448,999.258137997704,0.0
534720,0.0,0.0,7.708261228338448,1000.1074908698877,0.0
534780,0.0,0.0,7.708261228338448,1000.5384774929045,0.0
534840,0.0,0.0,7.708261228338448,1000.4674748776112,0.0
534900,0.0,0.0,7.708261228338448,998.011212217308,0.0
534960,0.0,0.0,7.708261228338448,999.0725680218108,0.0
535020,0.0,0.0,7.708261228338448,1000.3396456530172,0.0
535080,0.0,0.0,7.708261228338448,1000.8048698490167,0.0
535140,0.0,0.0,7.708261228338448,1000.4382242355035,0.0
535200,0.0,0.0,7.708261228338448,999.2106585499704,0.0
535260,0.0,0.0,7.708261228338448,998.2614454662478,0.0
535320,0.0,0.0,7.708261228338448,999.4719491250489,0.0
535380,0.0,0.0,7.708261228338448,1001.3859026734194,0.0
535440,0.0,0.0,7.708261228338448,1000.290486097964,0.0
535500,0.0,0.0,7.708261228338448,1000.4494810533445,0.0
535560,0.0,0.0,7.708261228338448,998.6708646406619,0.0
535620,0.0,0.0,7.708261228338448,999.1625244625866,0.0
535680,0.0,0.0,7.708261228338448,1000.3925175009391,0.0
535740,0.0,0.0,7.708261228338448,1000.7026679537931,0.0
535800,0.0,0.0,7.708261228338448,999.3269697388434,0.0
535860,0.0,0.0,7.708261228338448,999.5945352344219,0.0
535920,0.0,0.0,7.708261228338448,998.6770785194808,0.0
535980,0.0,0.0,7.708261228338448,999.7931268748082,0.0
536040,0.0,0.0,7.708261228338448,1001.4320344691262,0.0
536100,0.0,0.0,7.708261228338448,1000.1853472772916,0.0
536160,0.0,0.0,7.708261228338448,999.7490551572154,0.0
536220,0.0,0.0,7.708261228338448,998.2054574245946,0.0
536280,0.0,0.0,7.708261228338448,999.553788131253,0.0
536340,0.0,0.0,7.708261228338448,1000.76296860167,0.0
536400,0.0,0.0,7.708261228338448,1000.3153926142262,0.0
536460,0.0,0.0,7.708261228338448,999.6762714761675,0.0
536520,0.0,0.0,7.708261228338448,998.9919917995056,0.0
536580,0.0,0.0,7.708261228338448,999.3164501385554,0.0
536640,0.0,0.0,7.708261228338448,1000.0761959358538,0.0
536700,0.0,0.0,7.708261228338448,1000.4337576783164,0.0
536760,0.0,0.0,7.708261228338448,1000.4643461263784,0.0
536820,0.0,0.0,7.708261228338448,997.8473518114613,0.0
536880,0.0,0.0,7.708261228338448,999.1428046334298,0.0
536940,0.0,0.0,7.708261228338448,1000.48024967841,0.0
537000,0.0,0.0,7.708261228338448,1000.3801488043479,0.0
537060,0.0,0.0,7.708261228338448,1001.1025305909546,0.0
537120,0.0,0.0,7.708261228338448,999.1944636437496,0.0
537180,0.0,0.0,7.708261228338448,998.8642984673206,0.0
537240,0.0,0.0,7.708261228338448,999.7659244476908,0.0
537300,0.0,0.0,7.708261228338448,1000.457719939364,0.0
537360,0.0,0.0,7.708261228338448,1000.2423133560853,0.0
537420,0.0,0.0,7.708261228338448,1000.12959778102,0.0
537480,0.0,0.0,7.708261228338448,998.0036276027549,0.0
537540,0.0,0.0,7.708261228338448,999.5133373978148,0.0
537600,0.0,0.0,7.708261228338448,1000.0644138441,0.0
537660,0.0,0.0,7.708261228338448,1001.7433112475081,0.0
537720,0.0,0.0,7.708261228338448,998.9235203162933,0.0
537780,0.0,0.0,7.708261228338448,999.6472053656695,0.0
537840,0.0,0.0,7.708261228338448,998.7377927283788,0.0
537900,0.0,0.0,7.708261228338448,999.7855819111159,0.0
537960,0.0,0.0,7.708261228338448,1001.5335651657641,0.0
538020,0.0,0.0,7.708261228338448,1000.1201878297474,0.0
538080,0.0,0.0,7.708261228338448,999.7747558282504,0.0
538140,0.0,0.0,7.708261228338448,998.705275601556,0.0
538200,0.0,0.0,7.708261228338448,999.5284082958672,0.0
538260,0.0,0.0,7.708261228338448,1000.6059212202296,0.0
538320,0.0,0.0,7.708261228338448,1000.7182085057075,0.0
538380,0.0,0.0,7.708261228338448,998.7271336125845,0.0
538440,0.0,0.0,7.708261228338448,999.2296132413583,0.0
538500,0.0,0.0,7.708261228338448,999.3674479919905,0.0
538560,0.0,0.0,7.708261228338448,1000.1197012880589,0.0
538620,0.0,0.0,7.708261228338448,1001.4367799083576,0.0
538680,0.0,0.0,7.708261228338448,998.6502284606279,0.0
538740,0.0,0.0,7.708261228338448,999.340889463359,0.0
538800,0.0,0.0,7.708261228338448,998.8108726169854,0.0
538860,0.0,0.0,7.708261228338448,1001.0158106776784,0.0
538920,0.0,0.0,7.708261228338448,1000.3499085698828,0.0
538980,0.0,0.0,7.708261228338448,1001.1621699322,0.0
539040,0.0,0.0,7.708261228338448,999.1624236313361,0.0
539100,0.0,0.0,7.708261228338448,998.9454981025882,0.0
539160,0.0,0.0,7.708261228338448,999.8098277638899,0.0
539220,0.0,0.0,7.708261228338448,1000.4329038931746,0.0
539280,0.0,0.0,7.708261228338448,1000.0871673966687,0.0
539340,0.0,0.0,7.708261228338448,1000.1460906884674,0.0
539400,0.0,0.0,7.708261228338448,997.9606730521132,0.0
539460,0.0,0.0,7.708261228338448,999.3322000351565,0.0
539520,0.0,0.0,7.708261228338448,1001.0143854513193,0.0
539580,0.0,0.0,7.708261228338448,1000.4119972016838,0.0
539640,0.0,0.0,7.708261228338448,1000.5942303200555,0.0
539700,0.0,0.0,7.708261228338448,998.7931925693201,0.0
539760,0.0,0.0,7.708261228338448,998.9962374270151,0.0
539820,0.0,0.0,7.708261228338448,1000.2161489836675,0.0
539880,0.0,0.0,7.708261228338448,1000.6833307414452,0.0
539940,0.0,0.0,7.708261228338448,1000.2558242859845,0.0
540000,0.0,0.0,7.708261228338448,998.5583649391596,0.0
540060,0.0,0.0,7.708261228338448,999.059875398463,0.0
540120,0.0,0.0,7.708261228338448,1000.5146645729551,0.0
540180,0.0,0.0,7.708261228338448,1000.4524522959374,0.0
540240,0.0,0.0,7.708261228338448,1000.752794069155,0.0
540300,0.0,0.0,7.708261228338448,998.4260692975953,0.0
540360,0.0,0.0,7.708261228338448,999.332602530059,0.0
540420,0.0,0.0,7.708261228338448,999.4378326561089,0.0
540480,0.0,0.0,7.708261228338448,1000.093570260787,0.0
540540,0.0,0.0,7.708261228338448,1001.5287756084302,0.0
540600,0.0,0.0,7.708261228338448,999.800179113425,0.0
540660,0.0,0.0,7.708261228338448,999.2307931519462,0.0
540720,0.0,0.0,7.708261228338448,999.0497653060445,0.0
540780,0.0,0.0,7.708261228338448,999.9355243732839,0.0
540840,0.0,0.0,7.708261228338448,1000.6116867170061,0.0
540900,0.0,0.0,7.708261228338448,1000.5757736215703,0.0
540960,0.0,0.0,7.708261228338448,998.1974635654315,0.0
541020,0.0,0.0,7.708261228338448,999.0481924859452,0.0
541080,0.0,0.0,7.708261228338448,1000.0491715508039,0.0
541140,0.0,0.0,7.708261228338448,1000.8595304916801,0.0
541200,0.0,0.0,7.708261228338448,1000.4966154097563,0.0
541260,0.0,0.0,7.708261228338448,999.5340083136836,0.0
541320,0.0,0.0,7.708261228338448,997.9680501452502,0.0
541380,0.0,0.0,7.708261228338448,999.3525088860039,0.0
541440,0.0,0.0,7.708261228338448,1001.2043790805441,0.0
541500,0.0,0.0,7.708261228338448,1000.3313178193157,0.0
541560,0.0,0.0,7.708261228338448,1000.6988918424424,0.0
541620,0.0,0.0,7.708261228338448,998.7947126680206,0.0
541680,0.0,0.0,7.708261228338448,999.0413656496444,0.0
541740,0.0,0.0,7.708261228338448,1000.244804594851,0.0
541800,0.0,0.0,7.708261228338448,1000.6523359018238,0.0
541860,0.0,0.0,7.708261228338448,999.595830842236,0.0
541920,0.0,0.0,7.708261228338448,999.761118252758,0.0
541980,0.0,0.0,7.708261228338448,998.4093901101397,0.0
542040,0.0,0.0,7.708261228338448,999.6434699408861,0.0
542100,0.0,0.0,7.708261228338448,1001.3450855911922,0.0
542160,0.0,0.0,7.708261228338448,1000.2913651683193,0.0
542220,0.0,0.0,7.708261228338448,1000.007876270273,0.0
542280,0.0,0.0,7.708261228338448,998.6063715332059,0.0
542340,0.0,0.0,7.708261228338448,999.3148102733644,0.0
542400,0.0,0.0,7.708261228338448,1001.6079178127499,0.0
542460,0.0,0.0,7.708261228338448,1000.2951185352961,0.0
542520,0.0,0.0,7.708261228338448,1000.5394744860781,0.0
542580,0.0,0.0,7.708261228338448,997.4147431333233,0.0
542640,0.0,0.0,7.708261228338448,999.0943912996352,0.0
542700,0.0,0.0,7.708261228338448,999.958647544778,0.0
542760,0.0,0.0,7.708261228338448,1000.5095774782101,0.0
542820,0.0,0.0,7.708261228338448,1000.5640431723481,0.0
542880,0.0,0.0,7.708261228338448,998.0073829875289,0.0
542940,0.0,0.0,7.708261228338448,999.1255420808246,0.0
543000,0.0,0.0,7.708261228338448,1000.1658686961856,0.0
543060,0.0,0.0,7.708261228338448,1000.3159148136591,0.0
543120,0.0,0.0,7.708261228338448,1001.2875000116537,0.0
543180,0.0,0.0,7.708261228338448,999.4026417048572,0.0
543240,0.0,0.0,7.708261228338448,998.9001332845459,0.0
543300,0.0,0.0,7.708261228338448,999.5231901798383,0.0
543360,0.0,0.0,7.708261228338448,1000.3066443862232,0.0
543420,0.0,0.0,7.708261228338448,1000.4138876060822,0.0
543480,0.0,0.0,7.708261228338448,1000.3011355579589,0.0
543540,0.0,0.0,7.708261228338448,997.9550541197576,0.0
543600,0.0,0.0,7.708261228338448,999.1989810344261,0.0
543660,0.0,0.0,7.708261228338448,999.9062748952869,0.0
543720,0.0,0.0,7.708261228338448,1001.8570276653649,0.0
543780,0.0,0.0,7.708261228338448,999.2225137501048,0.0
543840,0.0,0.0,7.708261228338448,999.8294637847953,0.0
543900,0.0,0.0,7.708261228338448,998.405496088805,0.0
543960,0.0,0.0,7.708261228338448,999.6391860549354,0.0
544020,0.0,0.0,7.708261228338448,1001.4457225020204,0.0
544080,0.0,0.0,7.708261228338448,1000.2288953810581,0.0
544140,0.0,0.0,7.708261228338448,1000.0600682410993,0.0
544200,0.0,0.0,7.708261228338448,998.6337500481928,0.0
544260,0.0,0.0,7.708261228338448,999.3480151366814,0.0
544320,0.0,0.0,7.708261228338448,1000.5340809090941,0.0
544380,0.0,0.0,7.708261228338448,1000.7344218202173,0.0
544440,0.0,0.0,7.708261228338448,999.018464741022,0.0
544500,0.0,0.0,7.708261228338448,999.3797776466456,0.0
544560,0.0,0.0,7.708261228338448,999.0372544377107,0.0
544620,0.0,0.0,7.708261228338448,999.9766290989741,0.0
544680,0.0,0.0,7.708261228338448,1001.4562751834566,0.0
544740,0.0,0.0,7.708261228338448,1000.0319390991831,0.0
544800,0.0,0.0,7.708261228338448,999.4357497652134,0.0
544860,0.0,0.0,7.708261228338448,998.6477897781845,0.0
544920,0.0,0.0,7.708261228338448,999.751991302245,0.0
544980,0.0,0.0,7.708261228338448,1000.9202808790934,0.0
545040,0.0,0.0,7.708261228338448,999.9316542619401,0.0
545100,0.0,0.0,7.708261228338448,999.4747565228037,0.0
545160,0.0,0.0,7.708261228338448,998.8662691801485,0.0
545220,0.0,0.0,7.708261228338448,999.5685581948944,0.0
545280,0.0,0.0,7.708261228338448,1000.2568283486843,0.0
545340,0.0,0.0,7.708261228338448,1000.2943805183131,0.0
545400,0.0,0.0,7.708261228338448,1000.3178987131997,0.0
545460,0.0,0.0,7.708261228338448,997.8519283345958,0.0
545520,0.0,0.0,7.708261228338448,999.2121164974843,0.0
545580,0.0,0.0,7.708261228338448,1000.7639475762578,0.0
545640,0.0,0.0,7.708261228338448,1000.417319553693,0.0
545700,0.0,0.0,7.708261228338448,1000.863631572971,0.0
545760,0.0,0.0,7.708261228338448,998.9871875333594,0.0
545820,0.0,0.0,7.708261228338448,998.8968500652404,0.0
545880,0.0,0.0,7.708261228338448,999.999397360257,0.0
545940,0.0,0.0,7.708261228338448,1000.5872744450627,0.0
546000,0.0,0.0,7.708261228338448,1000.6443913099097,0.0
546060,0.0,0.0,7.708261228338448,998.8012414836033,0.0
546120,0.0,0.0,7.708261228338448,999.1313709998344,0.0
546180,0.0,0.0,7.708261228338448,1000.1103570682711,0.0
546240,0.0,0.0,7.708261228338448,1000.4023891829986,0.0
546300,0.0,0.0,7.708261228338448,1000.7659761814784,0.0
546360,0.0,0.0,7.708261228338448,998.734192031056,0.0
546420,0.0,0.0,7.708261228338448,999.4877086270645,0.0
546480,0.0,0.0,7.708261228338448,999.0777224828399,0.0
546540,0.0,0.0,7.708261228338448,999.9543792033195,0.0
546600,0.0,0.0,7.708261228338448,1001.5612025359497,0.0
546660,0.0,0.0,7.708261228338448,999.9699208298847,0.0
546720,0.0,0.0,7.708261228338448,999.4756803407279,0.0
546780,0.0,0.0,7.708261228338448,998.8544779490217,0.0
546840,0.0,0.0,7.708261228338448,999.7381227903711,0.0
546900,0.0,0.0,7.708261228338448,1000.6380002138013,0.0
546960,0.0,0.0,7.708261228338448,1000.6643008661644,0.0
547020,0.0,0.0,7.708261228338448,998.4504331557183,0.0
547080,0.0,0.0,7.708261228338448,999.0932967284972,0.0
547140,0.0,0.0,7.708261228338448,999.7185092611027,0.0
547200,0.0,0.0,7.708261228338448,1000.854289040436,0.0
547260,0.0,0.0,7.708261228338448,1000.5274236344859,0.0
547320,0.0,0.0,7.708261228338448,999.9054720343796,0.0
547380,0.0,0.0,7.708261228338448,997.7262826668068,0.0
547440,0.0,0.0,7.708261228338448,999.2499958424377,0.0
547500,0.0,0.0,7.708261228338448,1000.9667259376048,0.0
547560,0.0,0.0,7.708261228338448,1000.3406971125237,0.0
547620,0.0,0.0,7.708261228338448,1000.95128123421,0.0
547680,0.0,0.0,7.708261228338448,998.9684789782292,0.0
547740,0.0,0.0,7.708261228338448,998.9512229029531,0.0
547800,0.0,0.0,7.708261228338448,1000.054335308968,0.0
547860,0.0,0.0,7.708261228338448,1000.5667477090867,0.0
547920,0.0,0.0,7.708261228338448,999.8552177259053,0.0
547980,0.0,0.0,7.708261228338448,999.9432234311963,0.0
548040,0.0,0.0,7.708261228338448,998.1676394928307,0.0
548100,0.0,0.0,7.708261228338448,999.4867943827908,0.0
548160,0.0,0.0,7.708261228338448,1001.2078510216254,0.0
548220,0.0,0.0,7.708261228338448,1000.3715296814999,0.0
548280,0.0,0.0,7.708261228338448,1000.2866333274469,0.0
548340,0.0,0.0,7.708261228338448,998.6400430186745,0.0
548400,0.0,0.0,7.708261228338448,999.1448847724878,0.0
548460,0.0,0.0,7.708261228338448,1001.4545329302982,0.0
548520,0.0,0.0,7.708261228338448,1000.36162493524,0.0
548580,0.0,0.0,7.708261228338448,1000.7160380829373,0.0
548640,0.0,0.0,7.708261228338448,997.3367467698763,0.0
548700,0.0,0.0,7.708261228338448,998.9212739038552,0.0
548760,0.0,0.0,7.708261228338448,999.7686414437871,0.0
548820,0.0,0.0,7.708261228338448,1000.56263600785,0.0
548880,0.0,0.0,7.708261228338448,1000.6359691682305,0.0
548940,0.0,0.0,7.708261228338448,998.2441403268948,0.0
549000,0.0,0.0,7.708261228338448,999.1712999255423,0.0
549060,0.0,0.0,7.708261228338448,999.840482967809,0.0
549120,0.0,0.0,7.708261228338448,1000.2302057345314,0.0
549180,0.0,0.0,7.708261228338448,1001.4159701423853,0.0
549240,0.0,0.0,7.708261228338448,999.5959796090373,0.0
549300,0.0,0.0,7.708261228338448,999.0097470690459,0.0
549360,0.0,0.0,7.708261228338448,999.2928262134398,0.0
549420,0.0,0.0,7.708261228338448,1000.1444107049955,0.0
549480,0.0,0.0,7.708261228338448,1000.5372126594968,0.0
549540,0.0,0.0,7.708261228338448,1000.4427096402704,0.0
549600,0.0,0.0,7.708261228338448,998.0160673762083,0.0
549660,0.0,0.0,7.708261228338448,998.9066903080858,0.0
549720,0.0,0.0,7.708261228338448,999.7503781496207,0.0
549780,0.0,0.0,7.708261228338448,1001.8976989164415,0.0
549840,0.0,0.0,7.708261228338448,999.4971218634225,0.0
549900,0.0,0.0,7.708261228338448,1000.0006364771258,0.0
549960,0.0,0.0,7.708261228338448,998.1271494984508,0.0
550020,0.0,0.0,7.708261228338448,999.5042468101357,0.0
550080,0.0,0.0,7.708261228338448,1001.3103659499742,0.0
550140,0.0,0.0,7.708261228338448,1000.3056741603423,0.0
550200,0.0,0.0,7.708261228338448,1000.3324197150665,0.0
550260,0.0,0.0,7.708261228338448,998.6455199635817,0.0
550320,0.0,0.0,7.708261228338448,999.191623299688,0.0
550380,0.0,0.0,7.708261228338448,1000.4243409908521,0.0
550440,0.0,0.0,7.708261228338448,1000.719462813847,0.0
550500,0.0,0.0,7.708261228338448,999.3024818119645,0.0
550560,0.0,0.0,7.708261228338448,999.5413470741785,0.0
550620,0.0,0.0,7.708261228338448,998.7340547427239,0.0
550680,0.0,0.0,7.708261228338448,999.8274760377373,0.0
550740,0.0,0.0,7.708261228338448,1001.4246115269704,0.0
550800,0.0,0.0,7.708261228338448,1000.1715976824481,0.0
550860,0.0,0.0,7.708261228338448,999.6862322132945,0.0
550920,0.0,0.0,7.708261228338448,998.2655153220394,0.0
550980,0.0,0.0,7.708261228338448,999.5833155273937,0.0
551040,0.0,0.0,7.708261228338448,1000.7892399018081,0.0
551100,0.0,0.0,7.708261228338448,1000.2929051864188,0.0
551160,0.0,0.0,7.708261228338448,999.650707644252,0.0
551220,0.0,0.0,7.708261228338448,998.9564155146018,0.0
551280,0.0,0.0,7.708261228338448,999.3452732705671,0.0
551340,0.0,0.0,7.708261228338448,1000.1070336327458,0.0
551400,0.0,0.0,7.708261228338448,1000.4344714997842,0.0
551460,0.0,0.0,7.708261228338448,1000.4452084054678,0.0
551520,0.0,0.0,7.708261228338448,997.8623397821754,0.0
551580,0.0,0.0,7.708261228338448,999.1391330367769,0.0
551640,0.0,0.0,7.708261228338448,1000.5024376612172,0.0
551700,0.0,0.0,7.708261228338448,1000.3947952701357,0.0
551760,0.0,0.0,7.708261228338448,1001.065685770349,0.0
551820,0.0,0.0,7.708261228338448,999.1732120352968,0.0
551880,0.0,0.0,7.708261228338448,998.8567902317536,0.0
551940,0.0,0.0,7.708261228338448,999.7862972157552,0.0
552000,0.0,0.0,7.708261228338448,1000.4768432240537,0.0
552060,0.0,0.0,7.708261228338448,1000.959756398647,0.0
552120,0.0,0.0,7.708261228338448,999.0333740016373,0.0
552180,0.0,0.0,7.708261228338448,999.2497312122287,0.0
552240,0.0,0.0,7.708261228338448,999.7118412522003,0.0
552300,0.0,0.0,7.708261228338448,1000.3201117495657,0.0
552360,0.0,0.0,7.708261228338448,1000.7487067381286,0.0
552420,0.0,0.0,7.708261228338448,999.0294706527156,0.0
552480,0.0,0.0,7.708261228338448,999.6360070041112,0.0
552540,0.0,0.0,7.708261228338448,998.7637306161083,0.0
552600,0.0,0.0,7.708261228338448,999.8202405221107,0.0
552660,0.0,0.0,7.708261228338448,1001.5350071924304,0.0
552720,0.0,0.0,7.708261228338448,1000.1039300846817,0.0
552780,0.0,0.0,7.708261228338448,999.7202723714104,0.0
552840,0.0,0.0,7.708261228338448,998.7182152905501,0.0
552900,0.0,0.0,7.708261228338448,999.5595192176088,0.0
552960,0.0,0.0,7.708261228338448,1000.6199458536405,0.0
553020,0.0,0.0,7.708261228338448,1000.7161966595299,0.0
553080,0.0,0.0,7.708261228338448,998.7159881690236,0.0
553140,0.0,0.0,7.708261228338448,999.1943989292193,0.0
553200,0.0,0.0,7.708261228338448,999.4059050704858,0.0
553260,0.0,0.0,7.708261228338448,1000.1445418817432,0.0
553320,0.0,0.0,7.708261228338448,1001.4158154342937,0.0
553380,0.0,0.0,7.708261228338448,998.6592438990848,0.0
553440,0.0,0.0,7.708261228338448,999.3092972335295,0.0
553500,0.0,0.0,7.708261228338448,998.834326763917,0.0
553560,0.0,0.0,7.708261228338448,1001.0125216126187,0.0
553620,0.0,0.0,7.708261228338448,1000.3651669388083,0.0
553680,0.0,0.0,7.708261228338448,1001.1196801185707,0.0
553740,0.0,0.0,7.708261228338448,999.1423996626319,0.0
553800,0.0,0.0,7.708261228338448,998.9357716215547,0.0
553860,0.0,0.0,7.708261228338448,999.8288624897511,0.0
553920,0.0,0.0,7.708261228338448,1000.4515510601485,0.0
553980,0.0,0.0,7.708261228338448,1000.0870400428554,0.0
554040,0.0,0.0,7.708261228338448,1000.1251282620173,0.0
554100,0.0,0.0,7.708261228338448,997.9812083973279,0.0
554160,0.0,0.0,7.708261228338448,999.3392109159194,0.0
554220,0.0,0.0,7.708261228338448,1001.0185264045963,0.0
554280,0.0,0.0,7.708261228338448,1000.4179917146765,0.0
554340,0.0,0.0,7.708261228338448,1000.5651466025364,0.0
554400,0.0,0.0,7.708261228338448,998.7807238987011,0.0
554460,0.0,0.0,7.708261228338448,999.0001332420624,0.0
554520,0.0,0.0,7.708261228338448,1001.2326744274387,0.0
554580,0.0,0.0,7.708261228338448,1000.3881396011786,0.0
554640,0.0,0.0,7.708261228338448,1000.8696096619988,0.0
554700,0.0,0.0,7.708261228338448,997.3893026528157,0.0
554760,0.0,0.0,7.708261228338448,998.7892862742164,0.0
554820,0.0,0.0,7.708261228338448,999.5714563760306,0.0
554880,0.0,0.0,7.708261228338448,1000.5654882955953,0.0
554940,0.0,0.0,7.708261228338448,1000.6794694974294,0.0
555000,0.0,0.0,7.708261228338448,998.5180693248723,0.0
555060,0.0,0.0,7.708261228338448,999.2830361352926,0.0
555120,0.0,0.0,7.708261228338448,999.4948041691541,0.0
555180,0.0,0.0,7.708261228338448,1000.1174470347726,0.0
555240,0.0,0.0,7.708261228338448,1001.5022480773849,0.0
555300,0.0,0.0,7.708261228338448,999.7827118996137,0.0
555360,0.0,0.0,7.708261228338448,999.1894756075576,0.0
555420,0.0,0.0,7.708261228338448,999.0706025578402,0.0
555480,0.0,0.0,7.708261228338448,999.9625968821346,0.0
555540,0.0,0.0,7.708261228338448,1000.6160877262386,0.0
555600,0.0,0.0,7.708261228338448,1000.5631203598739,0.0
555660,0.0,0.0,7.708261228338448,998.1971796841768,0.0
555720,0.0,0.0,7.708261228338448,999.0369615617753,0.0
555780,0.0,0.0,7.708261228338448,1000.0726346228751,0.0
555840,0.0,0.0,7.708261228338448,1000.8622623461314,0.0
555900,0.0,0.0,7.708261228338448,1000.4971423711238,0.0
555960,0.0,0.0,7.708261228338448,999.5009914590642,0.0
556020,0.0,0.0,7.708261228338448,997.9967616122834,0.0
556080,0.0,0.0,7.708261228338448,999.3595317080702,0.0
556140,0.0,0.0,7.708261228338448,1001.2062211649447,0.0
556200,0.0,0.0,7.708261228338448,1000.3378757901851,0.0
556260,0.0,0.0,7.708261228338448,1000.6640701751885,0.0
556320,0.0,0.0,7.708261228338448,998.7808771627211,0.0
556380,0.0,0.0,7.708261228338448,999.0453258009156,0.0
556440,0.0,0.0,7.708261228338448,1000.2567455636527,0.0
556500,0.0,0.0,7.708261228338448,1000.6622554655672,0.0
556560,0.0,0.0,7.708261228338448,999.598162625928,0.0
556620,0.0,0.0,7.708261228338448,999.7410999001327,0.0
556680,0.0,0.0,7.708261228338448,998.4257561836486,0.0
556740,0.0,0.0,7.708261228338448,999.6529135312672,0.0
556800,0.0,0.0,7.708261228338448,1001.3400340647496,0.0
556860,0.0,0.0,7.708261228338448,1000.2927831182677,0.0
556920,0.0,0.0,7.708261228338448,999.9861668839002,0.0
556980,0.0,0.0,7.708261228338448,997.8876200941361,0.0
557040,0.0,0.0,7.708261228338448,999.3993997554514,0.0
557100,0.0,0.0,7.708261228338448,1000.6066985174624,0.0
557160,0.0,0.0,7.708261228338448,1000.6390676456103,0.0
557220,0.0,0.0,7.708261228338448,999.8321994313195,0.0
557280,0.0,0.0,7.708261228338448,999.1409438125575,0.0
557340,0.0,0.0,7.708261228338448,999.1109532543139,0.0
557400,0.0,0.0,7.708261228338448,999.9256398090282,0.0
557460,0.0,0.0,7.708261228338448,1000.5342422158609,0.0
557520,0.0,0.0,7.708261228338448,1000.5608991461089,0.0
557580,0.0,0.0,7.708261228338448,997.9900767875513,0.0
557640,0.0,0.0,7.708261228338448,999.1133589971683,0.0
557700,0.0,0.0,7.708261228338448,1000.189242118851,0.0
557760,0.0,0.0,7.708261228338448,1000.334318291853,0.0
557820,0.0,0.0,7.708261228338448,1001.2540419028514,0.0
557880,0.0,0.0,7.708261228338448,999.3820300482388,0.0
557940,0.0,0.0,7.708261228338448,998.8833695158279,0.0
558000,0.0,0.0,7.708261228338448,999.5437158283437,0.0
558060,0.0,0.0,7.708261228338448,1000.3281503854143,0.0
558120,0.0,0.0,7.708261228338448,1001.2567476345691,0.0
558180,0.0,0.0,7.708261228338448,999.2787301903932,0.0
558240,0.0,0.0,7.708261228338448,999.4251983453687,0.0
558300,0.0,0.0,7.708261228338448,999.2731297593579,0.0
558360,0.0,0.0,7.708261228338448,1000.1885675438912,0.0
558420,0.0,0.0,7.708261228338448,1000.6957390670206,0.0
558480,0.0,0.0,7.708261228338448,999.3309429721625,0.0
558540,0.0,0.0,7.708261228338448,999.8078889380757,0.0
558600,0.0,0.0,7.708261228338448,998.4515834872458,0.0
558660,0.0,0.0,7.708261228338448,999.6699376102524,0.0
558720,0.0,0.0,7.708261228338448,1001.4601581467934,0.0
558780,0.0,0.0,7.708261228338448,1000.2190069004937,0.0
558840,0.0,0.0,7.708261228338448,1000.0018414854836,0.0
558900,0.0,0.0,7.708261228338448,998.6357707359203,0.0
558960,0.0,0.0,7.708261228338448,999.3751625087033,0.0
559020,0.0,0.0,7.708261228338448,1000.5528971192073,0.0
559080,0.0,0.0,7.708261228338448,1000.7390294394329,0.0
559140,0.0,0.0,7.708261228338448,999.0054096461815,0.0
559200,0.0,0.0,7.708261228338448,999.3408113250939,0.0
559260,0.0,0.0,7.708261228338448,999.0774689280389,0.0
559320,0.0,0.0,7.708261228338448,1000.002419907242,0.0
559380,0.0,0.0,7.708261228338448,1001.4415954857046,0.0
559440,0.0,0.0,7.708261228338448,999.0246975507864,0.0
559500,0.0,0.0,7.708261228338448,999.4787647985378,0.0
559560,0.0,0.0,7.708261228338448,998.64995174503,0.0
559620,0.0,0.0,7.708261228338448,1000.7703966547168,0.0
559680,0.0,0.0,7.708261228338448,1000.3081688965967,0.0
559740,0.0,0.0,7.708261228338448,1001.3226181547797,0.0
559800,0.0,0.0,7.708261228338448,999.3336457721946,0.0
559860,0.0,0.0,7.708261228338448,998.9674844899534,0.0
559920,0.0,0.0,7.708261228338448,999.603636877165,0.0
559980,0.0,0.0,7.708261228338448,1000.3160231200071,0.0
560040,0.0,0.0,7.708261228338448,1000.2769484096547,0.0
560100,0.0,0.0,7.708261228338448,1000.2812250747987,0.0
560160,0.0,0.0,7.708261228338448,997.8844375324808,0.0
560220,0.0,0.0,7.708261228338448,999.2220478296395,0.0
560280,0.0,0.0,7.708261228338448,1000.7936021586618,0.0
560340,0.0,0.0,7.708261228338448,1000.4306527406015,0.0
560400,0.0,0.0,7.708261228338448,1000.8066689851319,0.0
560460,0.0,0.0,7.708261228338448,998.9547512617845,0.0
560520,0.0,0.0,7.708261228338448,998.9006931019293,0.0
560580,0.0,0.0,7.708261228338448,1000.9548929751405,0.0
560640,0.0,0.0,7.708261228338448,1000.3781042084389,0.0
560700,0.0,0.0,7.708261228338448,1000.982071496609,0.0
560760,0.0,0.0,7.708261228338448,997.6032258583235,0.0
560820,0.0,0.0,7.708261228338448,998.7229072113031,0.0
560880,0.0,0.0,7.708261228338448,999.3901743657682,0.0
560940,0.0,0.0,7.708261228338448,1000.5230135502676,0.0
561000,0.0,0.0,7.708261228338448,1000.6921992002141,0.0
561060,0.0,0.0,7.708261228338448,998.803303438245,0.0
561120,0.0,0.0,7.708261228338448,999.4172756469143,0.0
561180,0.0,0.0,7.708261228338448,999.1608202731484,0.0
561240,0.0,0.0,7.708261228338448,999.9924497356649,0.0
561300,0.0,0.0,7.708261228338448,1001.5346987904543,0.0
561360,0.0,0.0,7.708261228338448,999.9461173518579,0.0
561420,0.0,0.0,7.708261228338448,999.4052048148895,0.0
561480,0.0,0.0,7.708261228338448,998.8825052664598,0.0
561540,0.0,0.0,7.708261228338448,999.7799693849829,0.0
561600,0.0,0.0,7.708261228338448,1000.6479140621542,0.0
561660,0.0,0.0,7.708261228338448,1000.6519042637518,0.0
561720,0.0,0.0,7.708261228338448,998.4353793753853,0.0
561780,0.0,0.0,7.708261228338448,999.0629170768964,0.0
561840,0.0,0.0,7.708261228338448,999.7655292249372,0.0
561900,0.0,0.0,7.708261228338448,1000.8614571152104,0.0
561960,0.0,0.0,7.708261228338448,1000.5329689000285,0.0
562020,0.0,0.0,7.708261228338448,999.8434579146804,0.0
562080,0.0,0.0,7.708261228338448,997.7717728312816,0.0
562140,0.0,0.0,7.708261228338448,999.255856161498,0.0
562200,0.0,0.0,7.708261228338448,1000.9850951509168,0.0
562260,0.0,0.0,7.708261228338448,1000.352868200264,0.0
562320,0.0,0.0,7.708261228338448,1000.8991756381413,0.0
562380,0.0,0.0,7.708261228338448,998.9424836809186,0.0
562440,0.0,0.0,7.708261228338448,998.9529319452805,0.0
562500,0.0,0.0,7.708261228338448,1000.0784299298243,0.0
562560,0.0,0.0,7.708261228338448,1000.5861440766612,0.0
562620,0.0,0.0,7.708261228338448,999.848839260727,0.0
562680,0.0,0.0,7.708261228338448,999.9125328707723,0.0
562740,0.0,0.0,7.708261228338448,998.1967774426126,0.0
562800,0.0,0.0,7.708261228338448,999.5022414326972,0.0
562860,0.0,0.0,7.708261228338448,1001.2108483853543,0.0
562920,0.0,0.0,7.708261228338448,1000.3734429265003,0.0
562980,0.0,0.0,7.708261228338448,1000.24803015439,0.0
563040,0.0,0.0,7.708261228338448,997.6161365232184,0.0
563100,0.0,0.0,7.708261228338448,999.2487070850109,0.0
563160,0.0,0.0,7.708261228338448,1000.4160831389091,0.0
563220,0.0,0.0,7.708261228338448,1000.909227665236,0.0
563280,0.0,0.0,7.708261228338448,999.9790136029264,0.0
563340,0.0,0.0,7.708261228338448,999.3532589972141,0.0
563400,0.0,0.0,7.708261228338448,998.9219567738687,0.0
563460,0.0,0.0,7.708261228338448,999.758595933454,0.0
563520,0.0,0.0,7.708261228338448,1000.5842074119361,0.0
563580,0.0,0.0,7.708261228338448,1000.6389122932356,0.0
563640,0.0,0.0,7.708261228338448,998.2154565394986,0.0
563700,0.0,0.0,7.708261228338448,999.1428305007956,0.0
563760,0.0,0.0,7.708261228338448,999.8805806794151,0.0
563820,0.0,0.0,7.708261228338448,1000.2563105377299,0.0
563880,0.0,0.0,7.708261228338448,1001.3801737356869,0.0
563940,0.0,0.0,7.708261228338448,999.5700564674864,0.0
564000,0.0,0.0,7.708261228338448,998.9765068732956,0.0
564060,0.0,0.0,7.708261228338448,999.320602704639,0.0
564120,0.0,0.0,7.708261228338448,1000.1746503005762,0.0
564180,0.0,0.0,7.708261228338448,1000.536776073925,0.0
564240,0.0,0.0,7.708261228338448,1000.4213730437382,0.0
564300,0.0,0.0,7.708261228338448,998.0226224156347,0.0
564360,0.0,0.0,7.708261228338448,998.9345270682064,0.0
564420,0.0,0.0,7.708261228338448,999.7738723613961,0.0
564480,0.0,0.0,7.708261228338448,1001.8641527800327,0.0
564540,0.0,0.0,7.708261228338448,999.5011665611972,0.0
564600,0.0,0.0,7.708261228338448,999.9695386507476,0.0
564660,0.0,0.0,7.708261228338448,998.1612102375636,0.0
564720,0.0,0.0,7.708261228338448,999.5173786583925,0.0
564780,0.0,0.0,7.708261228338448,1001.311221986021,0.0
564840,0.0,0.0,7.708261228338448,1000.308017474257,0.0
564900,0.0,0.0,7.708261228338448,1000.2930706889529,0.0
564960,0.0,0.0,7.708261228338448,998.6377847821534,0.0
565020,0.0,0.0,7.708261228338448,999.2022137169466,0.0
565080,0.0,0.0,7.708261228338448,1000.4368597676412,0.0
565140,0.0,0.0,7.708261228338448,1000.7266802632129,0.0
565200,0.0,0.0,7.708261228338448,999.3021618832429,0.0
565260,0.0,0.0,7.708261228338448,999.5174943412836,0.0
565320,0.0,0.0,7.708261228338448,998.7535496487417,0.0
565380,0.0,0.0,7.708261228338448,999.840814065203,0.0
565440,0.0,0.0,7.708261228338448,1001.4167933693146,0.0
565500,0.0,0.0,7.708261228338448,999.3890319322177,0.0
565560,0.0,0.0,7.708261228338448,999.6596974539283,0.0
565620,0.0,0.0,7.708261228338448,998.5095394503102,0.0
565680,0.0,0.0,7.708261228338448,1000.4675360628781,0.0
565740,0.0,0.0,7.708261228338448,1000.2213788922741,0.0
565800,0.0,0.0,7.708261228338448,1001.490017723617,0.0
565860,0.0,0.0,7.708261228338448,999.5273377367132,0.0
565920,0.0,0.0,7.708261228338448,999.076602198443,0.0
565980,0.0,0.0,7.708261228338448,999.3690512331071,0.0
566040,0.0,0.0,7.708261228338448,1000.1558745046287,0.0
566100,0.0,0.0,7.708261228338448,1000.4278984304478,0.0
566160,0.0,0.0,7.708261228338448,1000.4226720172285,0.0
566220,0.0,0.0,7.708261228338448,997.88111531905,0.0
566280,0.0,0.0,7.708261228338448,999.1370006219153,0.0
566340,0.0,0.0,7.708261228338448,1000.5268662182775,0.0
566400,0.0,0.0,7.708261228338448,1000.4094992264785,0.0
566460,0.0,0.0,7.708261228338448,1001.0269651165631,0.0
566520,0.0,0.0,7.708261228338448,999.1502884781453,0.0
566580,0.0,0.0,7.708261228338448,998.850307879885,0.0
566640,0.0,0.0,7.708261228338448,999.8084350014813,0.0
566700,0.0,0.0,7.708261228338448,1000.4968515502042,0.0
566760,0.0,0.0,7.708261228338448,1000.9270446598716,0.0
566820,0.0,0.0,7.708261228338448,999.0242838219715,0.0
566880,0.0,0.0,7.708261228338448,999.2200971152525,0.0
566940,0.0,0.0,7.708261228338448,999.7301355539724,0.0
567000,0.0,0.0,7.708261228338448,1000.3362437968104,0.0
567060,0.0,0.0,7.708261228338448,1000.7572190728113,0.0
567120,0.0,0.0,7.708261228338448,999.0321698760162,0.0
567180,0.0,0.0,7.708261228338448,999.6101009363823,0.0
567240,0.0,0.0,7.708261228338448,998.7873179063283,0.0
567300,0.0,0.0,7.708261228338448,999.8343095615584,0.0
567360,0.0,0.0,7.708261228338448,1001.5246096379104,0.0
567420,0.0,0.0,7.708261228338448,1000.1011133642164,0.0
567480,0.0,0.0,7.708261228338448,999.6923051721097,0.0
567540,0.0,0.0,7.708261228338448,998.721738446519,0.0
567600,0.0,0.0,7.708261228338448,999.5716040217158,0.0
567660,0.0,0.0,7.708261228338448,1000.6269506865095,0.0
567720,0.0,0.0,7.708261228338448,1000.7161682615355,0.0
567780,0.0,0.0,7.708261228338448,998.7211216951011,0.0
567840,0.0,0.0,7.708261228338448,999.1773641863559,0.0
567900,0.0,0.0,7.708261228338448,999.4162049131049,0.0
567960,0.0,0.0,7.708261228338448,1000.7954885770775,0.0
568020,0.0,0.0,7.708261228338448,1000.5360950559436,0.0
568080,0.0,0.0,7.708261228338448,1000.2323718805827,0.0
568140,0.0,0.0,7.708261228338448,997.6224808033031,0.0
568200,0.0,0.0,7.708261228338448,999.1810223815206,0.0
568260,0.0,0.0,7.708261228338448,1000.7021364378245,0.0
568320,0.0,0.0,7.708261228338448,1000.3319631380626,0.0
568380,0.0,0.0,7.708261228338448,1001.1353282618934,0.0
568440,0.0,0.0,7.708261228338448,999.1385564753429,0.0
568500,0.0,0.0,7.708261228338448,998.9055801747352,0.0
568560,0.0,0.0,7.708261228338448,999.8571600331483,0.0
568620,0.0,0.0,7.708261228338448,1000.4704605254194,0.0
568680,0.0,0.0,7.708261228338448,1000.084540370588,0.0
568740,0.0,0.0,7.708261228338448,1000.097365156157,0.0
568800,0.0,0.0,7.708261228338448,998.0067745026771,0.0
568860,0.0,0.0,7.708261228338448,999.3505085311073,0.0
568920,0.0,0.0,7.708261228338448,1001.0268718610021,0.0
568980,0.0,0.0,7.708261228338448,1000.423929551308,0.0
569040,0.0,0.0,7.708261228338448,1000.5270098110885,0.0
569100,0.0,0.0,7.708261228338448,997.408504624404,0.0
569160,0.0,0.0,7.708261228338448,999.113210950487,0.0
569220,0.0,0.0,7.708261228338448,1000.1847094453323,0.0
569280,0.0,0.0,7.708261228338448,1001.1371268816922,0.0
569340,0.0,0.0,7.708261228338448,1000.1138703029054,0.0
569400,0.0,0.0,7.708261228338448,999.6259483781319,0.0
569460,0.0,0.0,7.708261228338448,998.7600123230392,0.0
569520,0.0,0.0,7.708261228338448,999.5772787790705,0.0
569580,0.0,0.0,7.708261228338448,1000.5861585562562,0.0
569640,0.0,0.0,7.708261228338448,1000.6930259831063,0.0
569700,0.0,0.0,7.708261228338448,998.4851667454544,0.0
569760,0.0,0.0,7.708261228338448,999.2446040104048,0.0
569820,0.0,0.0,7.708261228338448,999.5398798979173,0.0
569880,0.0,0.0,7.708261228338448,1000.1460662621465,0.0
569940,0.0,0.0,7.708261228338448,1001.4736332527209,0.0
570000,0.0,0.0,7.708261228338448,999.7601861555729,0.0
570060,0.0,0.0,7.708261228338448,999.1467159517482,0.0
570120,0.0,0.0,7.708261228338448,999.0956612851479,0.0
570180,0.0,0.0,7.708261228338448,999.9938892292013,0.0
570240,0.0,0.0,7.708261228338448,1000.619648913316,0.0
570300,0.0,0.0,7.708261228338448,1000.5473100374588,0.0
570360,0.0,0.0,7.708261228338448,998.1956146083712,0.0
570420,0.0,0.0,7.708261228338448,998.6611386073602,0.0
570480,0.0,0.0,7.708261228338448,999.6119171754489,0.0
570540,0.0,0.0,7.708261228338448,1001.8487949624022,0.0
570600,0.0,0.0,7.708261228338448,999.7529443277034,0.0
570660,0.0,0.0,7.708261228338448,1000.1415573503698,0.0
570720,0.0,0.0,7.708261228338448,997.9294212465232,0.0
570780,0.0,0.0,7.708261228338448,999.3884297077973,0.0
570840,0.0,0.0,7.708261228338448,1001.133364835105,0.0
570900,0.0,0.0,7.708261228338448,1000.3588511853877,0.0
570960,0.0,0.0,7.708261228338448,1000.5637320660087,0.0
571020,0.0,0.0,7.708261228338448,998.7417470323738,0.0
571080,0.0,0.0,7.708261228338448,999.0642297166817,0.0
571140,0.0,0.0,7.708261228338448,1000.288717338184,0.0
571200,0.0,0.0,7.708261228338448,1000.6833181431177,0.0
571260,0.0,0.0,7.708261228338448,999.5788443547709,0.0
571320,0.0,0.0,7.708261228338448,999.6942199941011,0.0
571380,0.0,0.0,7.708261228338448,998.4729321175839,0.0
571440,0.0,0.0,7.708261228338448,999.6815320722409,0.0
571500,0.0,0.0,7.708261228338448,1001.3404036695046,0.0
571560,0.0,0.0,7.708261228338448,999.7253602118453,0.0
571620,0.0,0.0,7.708261228338448,999.8275537432248,0.0
571680,0.0,0.0,7.708261228338448,998.4356568410725,0.0
571740,0.0,0.0,7.708261228338448,1000.1282417555499,0.0
571800,0.0,0.0,7.708261228338448,1000.1184912428924,0.0
571860,0.0,0.0,7.708261228338448,1001.5998329647725,0.0
571920,0.0,0.0,7.708261228338448,999.7032412728286,0.0
571980,0.0,0.0,7.708261228338448,999.2427648817826,0.0
572040,0.0,0.0,7.708261228338448,999.1523690125575,0.0
572100,0.0,0.0,7.708261228338448,999.98940064531,0.0
572160,0.0,0.0,7.708261228338448,1000.5315203659069,0.0
572220,0.0,0.0,7.708261228338448,1000.5351993462596,0.0
572280,0.0,0.0,7.708261228338448,997.9928997480167,0.0
572340,0.0,0.0,7.708261228338448,999.0978242594275,0.0
572400,0.0,0.0,7.708261228338448,1000.239349611311,0.0
572460,0.0,0.0,7.708261228338448,1000.3605235036688,0.0
572520,0.0,0.0,7.708261228338448,1001.2027716853149,0.0
572580,0.0,0.0,7.708261228338448,999.3455408701575,0.0
572640,0.0,0.0,7.708261228338448,998.8605397660446,0.0
572700,0.0,0.0,7.708261228338448,999.5817916039219,0.0
572760,0.0,0.0,7.708261228338448,1000.363137662805,0.0
572820,0.0,0.0,7.708261228338448,1001.2027584223442,0.0
572880,0.0,0.0,7.708261228338448,999.2585089243768,0.0
572940,0.0,0.0,7.708261228338448,999.3747206334749,0.0
573000,0.0,0.0,7.708261228338448,999.3206442644731,0.0
573060,0.0,0.0,7.708261228338448,1000.2166845989368,0.0
573120,0.0,0.0,7.708261228338448,1000.7140826143429,0.0
573180,0.0,0.0,7.708261228338448,999.3222821025523,0.0
573240,0.0,0.0,7.708261228338448,999.7691824871068,0.0
573300,0.0,0.0,7.708261228338448,998.493832664904,0.0
573360,0.0,0.0,7.708261228338448,999.69186353584,0.0
573420,0.0,0.0,7.708261228338448,1001.4553721307379,0.0
573480,0.0,0.0,7.708261228338448,1000.214892356028,0.0
573540,0.0,0.0,7.708261228338448,999.9534468499153,0.0
573600,0.0,0.0,7.708261228338448,998.6373048339999,0.0
573660,0.0,0.0,7.708261228338448,999.3950750241628,0.0
573720,0.0,0.0,7.708261228338448,1000.5664546872666,0.0
573780,0.0,0.0,7.708261228338448,1000.7422339672356,0.0
573840,0.0,0.0,7.708261228338448,998.9997845471581,0.0
573900,0.0,0.0,7.708261228338448,999.3114295943353,0.0
573960,0.0,0.0,7.708261228338448,999.104602569266,0.0
574020,0.0,0.0,7.708261228338448,1000.6808383644029,0.0
574080,0.0,0.0,7.708261228338448,1000.5130825730137,0.0
574140,0.0,0.0,7.708261228338448,1000.5695166246602,0.0
574200,0.0,0.0,7.708261228338448,997.6207185006892,0.0
574260,0.0,0.0,7.708261228338448,999.1537912883903,0.0
574320,0.0,0.0,7.708261228338448,1000.4075341726146,0.0
574380,0.0,0.0,7.708261228338448,1000.2893879787077,0.0
574440,0.0,0.0,7.708261228338448,1001.306766266679,0.0
574500,0.0,0.0,7.708261228338448,999.3216582167896,0.0
574560,0.0,0.0,7.708261228338448,998.9163866087418,0.0
574620,0.0,0.0,7.708261228338448,999.6413985491863,0.0
574680,0.0,0.0,7.708261228338448,1000.3451164183814,0.0
574740,0.0,0.0,7.708261228338448,1000.271990253159,0.0
574800,0.0,0.0,7.708261228338448,1000.2501592472873,0.0
574860,0.0,0.0,7.708261228338448,997.9096376627347,0.0
574920,0.0,0.0,7.708261228338448,999.231508828402,0.0
574980,0.0,0.0,7.708261228338448,1000.8143357834176,0.0
575040,0.0,0.0,7.708261228338448,1000.4416781027677,0.0
575100,0.0,0.0,7.708261228338448,1000.7592707841752,0.0
575160,0.0,0.0,7.708261228338448,998.9287059052735,0.0
575220,0.0,0.0,7.708261228338448,998.9047302471821,0.0
575280,0.0,0.0,7.708261228338448,1000.9549253819331,0.0
575340,0.0,0.0,7.708261228338448,1000.3934164635823,0.0
575400,0.0,0.0,7.708261228338448,1000.9633525616811,0.0
575460,0.0,0.0,7.708261228338448,997.6296221701516,0.0
575520,0.0,0.0,7.708261228338448,998.7221143832521,0.0
575580,0.0,0.0,7.708261228338448,999.4109230907017,0.0
575640,0.0,0.0,7.708261228338448,1000.5363753656542,0.0
575700,0.0,0.0,7.708261228338448,1000.6972108347238,0.0
575760,0.0,0.0,7.708261228338448,998.8022790082076,0.0
575820,0.0,0.0,7.708261228338448,999.388873273717,0.0
575880,0.0,0.0,7.708261228338448,999.1868167675525,0.0
575940,0.0,0.0,7.708261228338448,1000.0095448699925,0.0
576000,0.0,0.0,7.708261228338448,1001.5196140919276,0.0
576060,0.0,0.0,7.708261228338448,999.9383827000934,0.0
576120,0.0,0.0,7.708261228338448,999.3763711159954,0.0
576180,0.0,0.0,7.708261228338448,998.8913939530494,0.0
576240,0.0,0.0,7.708261228338448,999.7962216125491,0.0
576300,0.0,0.0,7.708261228338448,1000.6539941789605,0.0
576360,0.0,0.0,7.708261228338448,1000.6473517033517,0.0
576420,0.0,0.0,7.708261228338448,998.4697410126363,0.0
576480,0.0,0.0,7.708261228338448,998.4248620693882,0.0
576540,0.0,0.0,7.708261228338448,999.4521927502834,0.0
576600,0.0,0.0,7.708261228338448,1001.7688737503536,0.0
576660,0.0,0.0,7.708261228338448,999.9742540982775,0.0
576720,0.0,0.0,7.708261228338448,1000.3062477565546,0.0
576780,0.0,0.0,7.708261228338448,997.7629595732705,0.0
576840,0.0,0.0,7.708261228338448,999.2789790089427,0.0
576900,0.0,0.0,7.708261228338448,1000.9070467791721,0.0
576960,0.0,0.0,7.708261228338448,1000.3773134905757,0.0
577020,0.0,0.0,7.708261228338448,1000.8252125251544,0.0
577080,0.0,0.0,7.708261228338448,998.9102201666383,0.0
577140,0.0,0.0,7.708261228338448,998.9595390856056,0.0
577200,0.0,0.0,7.708261228338448,1000.1033096499121,0.0
577260,0.0,0.0,7.708261228338448,1000.6067468113637,0.0
577320,0.0,0.0,7.708261228338448,999.8400798235834,0.0
577380,0.0,0.0,7.708261228338448,999.8796498646333,0.0
577440,0.0,0.0,7.708261228338448,998.2276278196866,0.0
577500,0.0,0.0,7.708261228338448,999.5195609529048,0.0
577560,0.0,0.0,7.708261228338448,1001.2143444327487,0.0
577620,0.0,0.0,7.708261228338448,1000.3745553185838,0.0
577680,0.0,0.0,7.708261228338448,1000.2071279639011,0.0
577740,0.0,0.0,7.708261228338448,997.6549288377189,0.0
577800,0.0,0.0,7.708261228338448,999.2601149315841,0.0
577860,0.0,0.0,7.708261228338448,1000.4372753934857,0.0
577920,0.0,0.0,7.708261228338448,1000.8970687198555,0.0
577980,0.0,0.0,7.708261228338448,999.9702328265389,0.0
578040,0.0,0.0,7.708261228338448,999.3196830758611,0.0
578100,0.0,0.0,7.708261228338448,998.933015687471,0.0
578160,0.0,0.0,7.708261228338448,999.7763144679791,0.0
578220,0.0,0.0,7.708261228338448,1000.5911071611174,0.0
578280,0.0,0.0,7.708261228338448,1000.6346750870624,0.0
578340,0.0,0.0,7.708261228338448,998.2224003343463,0.0
578400,0.0,0.0,7.708261228338448,999.1271439505806,0.0
578460,0.0,0.0,7.708261228338448,999.8938733377431,0.0
578520,0.0,0.0,7.708261228338448,1000.2686865856083,0.0
578580,0.0,0.0,7.708261228338448,1001.3618045619189,0.0
578640,0.0,0.0,7.708261228338448,999.5616889238964,0.0
578700,0.0,0.0,7.708261228338448,998.9613814328101,0.0
578760,0.0,0.0,7.708261228338448,999.3285888246065,0.0
578820,0.0,0.0,7.708261228338448,1000.1867301835662,0.0
578880,0.0,0.0,7.708261228338448,1001.4570282675869,0.0
578940,0.0,0.0,7.708261228338448,999.5021752576924,0.0
579000,0.0,0.0,7.708261228338448,999.586811644631,0.0
579060,0.0,0.0,7.708261228338448,998.8708772069198,0.0
579120,0.0,0.0,7.708261228338448,1000.0454722978902,0.0
579180,0.0,0.0,7.708261228338448,1000.6297308406885,0.0
579240,0.0,0.0,7.708261228338448,999.6129388089884,0.0
579300,0.0,0.0,7.708261228338448,999.9508995411888,0.0
579360,0.0,0.0,7.708261228338448,998.2096800651749,0.0
579420,0.0,0.0,7.708261228338448,999.536454987555,0.0
579480,0.0,0.0,7.708261228338448,1001.3321631925594,0.0
579540,0.0,0.0,7.708261228338448,1000.3054556697127,0.0
579600,0.0,0.0,7.708261228338448,1000.2498163197445,0.0
579660,0.0,0.0,7.708261228338448,998.6298627460782,0.0
579720,0.0,0.0,7.708261228338448,999.2178688053705,0.0
579780,0.0,0.0,7.708261228338448,1000.453565065587,0.0
579840,0.0,0.0,7.708261228338448,1000.7346830691482,0.0
579900,0.0,0.0,7.708261228338448,999.2959667541894,0.0
579960,0.0,0.0,7.708261228338448,999.4867512771318,0.0
580020,0.0,0.0,7.708261228338448,998.7815588191344,0.0
580080,0.0,0.0,7.708261228338448,1000.5040298740585,0.0
580140,0.0,0.0,7.708261228338448,1000.4554107465767,0.0
580200,0.0,0.0,7.708261228338448,1000.916269567774,0.0
580260,0.0,0.0,7.708261228338448,997.770097145674,0.0
580320,0.0,0.0,7.708261228338448,999.1868230541617,0.0
580380,0.0,0.0,7.708261228338448,1000.0652645978133,0.0
580440,0.0,0.0,7.708261228338448,1000.2132481019162,0.0
580500,0.0,0.0,7.708261228338448,1001.4554293412218,0.0
580560,0.0,0.0,7.708261228338448,999.5170588526742,0.0
580620,0.0,0.0,7.708261228338448,999.0033134083016,0.0
580680,0.0,0.0,7.708261228338448,999.4056370703508,0.0
580740,0.0,0.0,7.708261228338448,1000.1880852614091,0.0
580800,0.0,0.0,7.708261228338448,1000.4266728814852,0.0
580860,0.0,0.0,7.708261228338448,1000.3974808258381,0.0
580920,0.0,0.0,7.708261228338448,997.8961860086046,0.0
580980,0.0,0.0,7.708261228338448,999.1376518556499,0.0
581040,0.0,0.0,7.708261228338448,1000.5541166146357,0.0
581100,0.0,0.0,7.708261228338448,1000.4252480024877,0.0
581160,0.0,0.0,7.708261228338448,1000.9829850837796,0.0
581220,0.0,0.0,7.708261228338448,999.1233305520018,0.0
581280,0.0,0.0,7.708261228338448,998.8451440449883,0.0
581340,0.0,0.0,7.708261228338448,1000.628377251301,0.0
581400,0.0,0.0,7.708261228338448,1000.3487932202553,0.0
581460,0.0,0.0,7.708261228338448,1001.0490835067748,0.0
581520,0.0,0.0,7.708261228338448,997.9412956470946,0.0
581580,0.0,0.0,7.708261228338448,998.7243692172082,0.0
581640,0.0,0.0,7.708261228338448,999.2361473518765,0.0
581700,0.0,0.0,7.708261228338448,1000.4498984486726,0.0
581760,0.0,0.0,7.708261228338448,1000.6843620677791,0.0
581820,0.0,0.0,7.708261228338448,999.0951044990447,0.0
581880,0.0,0.0,7.708261228338448,999.5457846305849,0.0
581940,0.0,0.0,7.708261228338448,998.8575280183786,0.0
582000,0.0,0.0,7.708261228338448,999.8681479961158,0.0
582060,0.0,0.0,7.708261228338448,1001.5087562512084,0.0
582120,0.0,0.0,7.708261228338448,1000.0859967585188,0.0
582180,0.0,0.0,7.708261228338448,999.6253846302092,0.0
582240,0.0,0.0,7.708261228338448,998.7379658857221,0.0
582300,0.0,0.0,7.708261228338448,999.6065806310905,0.0
582360,0.0,0.0,7.708261228338448,1000.6410306561086,0.0
582420,0.0,0.0,7.708261228338448,1000.7116869321989,0.0
582480,0.0,0.0,7.708261228338448,998.7964675942094,0.0
582540,0.0,0.0,7.708261228338448,998.2629177406928,0.0
582600,0.0,0.0,7.708261228338448,999.3151711601766,0.0
582660,0.0,0.0,7.708261228338448,1001.6225064989746,0.0
582720,0.0,0.0,7.708261228338448,1000.1523433873123,0.0
582780,0.0,0.0,7.708261228338448,1000.4439784386929,0.0
582840,0.0,0.0,7.708261228338448,997.6947410201169,0.0
582900,0.0,0.0,7.708261228338448,999.2048243858519,0.0
582960,0.0,0.0,7.708261228338448,1000.6501723918396,0.0
583020,0.0,0.0,7.708261228338448,1000.3661322618824,0.0
583080,0.0,0.0,7.708261228338448,1001.0471417140396,0.0
583140,0.0,0.0,7.708261228338448,999.089624039579,0.0
583200,0.0,0.0,7.708261228338448,998.9029527335227,0.0
583260,0.0,0.0,7.708261228338448,999.9004197275029,0.0
583320,0.0,0.0,7.708261228338448,1000.5066100348009,0.0
583380,0.0,0.0,7.708261228338448,1000.0674325757409,0.0
583440,0.0,0.0,7.708261228338448,1000.0518499642317,0.0
583500,0.0,0.0,7.708261228338448,998.0478284664807,0.0
583560,0.0,0.0,7.708261228338448,999.3731466717576,0.0
583620,0.0,0.0,7.708261228338448,1001.0463920987308,0.0
583680,0.0,0.0,7.708261228338448,1000.4293346655153,0.0
583740,0.0,0.0,7.708261228338448,1000.4649362314459,0.0
583800,0.0,0.0,7.708261228338448,997.4648121540929,0.0
583860,0.0,0.0,7.708261228338448,999.1261655345769,0.0
583920,0.0,0.0,7.708261228338448,1000.2241272441299,0.0
583980,0.0,0.0,7.708261228338448,1001.111782830028,0.0
584040,0.0,0.0,7.708261228338448,1000.1022082734966,0.0
584100,0.0,0.0,7.708261228338448,999.5668994353483,0.0
584160,0.0,0.0,7.708261228338448,998.7747911868842,0.0
584220,0.0,0.0,7.708261228338448,999.6048498745778,0.0
584280,0.0,0.0,7.708261228338448,1000.5978806977978,0.0
584340,0.0,0.0,7.708261228338448,1000.6907734766987,0.0
584400,0.0,0.0,7.708261228338448,998.4809647450072,0.0
584460,0.0,0.0,7.708261228338448,999.2135772004448,0.0
584520,0.0,0.0,7.708261228338448,999.5727731350621,0.0
584580,0.0,0.0,7.708261228338448,1000.1673067077835,0.0
584640,0.0,0.0,7.708261228338448,1001.4504793351548,0.0
584700,0.0,0.0,7.708261228338448,999.7445310542423,0.0
584760,0.0,0.0,7.708261228338448,999.1154971804233,0.0
584820,0.0,0.0,7.708261228338448,999.112848410105,0.0
584880,0.0,0.0,7.708261228338448,1000.0165284417035,0.0
584940,0.0,0.0,7.708261228338448,1001.6202389532948,0.0
585000,0.0,0.0,7.708261228338448,999.7098288325507,0.0
585060,0.0,0.0,7.708261228338448,999.7858615981822,0.0
585120,0.0,0.0,7.708261228338448,998.476445500876,0.0
585180,0.0,0.0,7.708261228338448,999.86789723291,0.0
585240,0.0,0.0,7.708261228338448,1000.5300002494466,0.0
585300,0.0,0.0,7.708261228338448,999.8608449940716,0.0
585360,0.0,0.0,7.708261228338448,1000.1034675123271,0.0
585420,0.0,0.0,7.708261228338448,998.0066421303942,0.0
585480,0.0,0.0,7.708261228338448,999.4061983237297,0.0
585540,0.0,0.0,7.708261228338448,1001.1687172669745,0.0
585600,0.0,0.0,7.708261228338448,1000.3611099624625,0.0
585660,0.0,0.0,7.708261228338448,1000.5064113891588,0.0
585720,0.0,0.0,7.708261228338448,998.7159041161761,0.0
585780,0.0,0.0,7.708261228338448,999.0789836415555,0.0
585840,0.0,0.0,7.708261228338448,1000.3145846044202,0.0
585900,0.0,0.0,7.708261228338448,1000.6987980922285,0.0
585960,0.0,0.0,7.708261228338448,999.5657344858142,0.0
586020,0.0,0.0,7.708261228338448,999.6548198767778,0.0
586080,0.0,0.0,7.708261228338448,998.5107897943228,0.0
586140,0.0,0.0,7.708261228338448,999.7052815790495,0.0
586200,0.0,0.0,7.708261228338448,1001.3385543678227,0.0
586260,0.0,0.0,7.708261228338448,999.7251863849417,0.0
586320,0.0,0.0,7.708261228338448,999.8006163680836,0.0
586380,0.0,0.0,7.708261228338448,998.4409330902856,0.0
586440,0.0,0.0,7.708261228338448,1000.1408326853528,0.0
586500,0.0,0.0,7.708261228338448,1000.1395800006426,0.0
586560,0.0,0.0,7.708261228338448,1001.5703553679958,0.0
586620,0.0,0.0,7.708261228338448,999.6888751741463,0.0
586680,0.0,0.0,7.708261228338448,999.2101393412923,0.0
586740,0.0,0.0,7.708261228338448,999.1686645016379,0.0
586800,0.0,0.0,7.708261228338448,1000.0108019926071,0.0
586860,0.0,0.0,7.708261228338448,1000.536006846523,0.0
586920,0.0,0.0,7.708261228338448,1000.524910805446,0.0
586980,0.0,0.0,7.708261228338448,998.0012412857178,0.0
587040,0.0,0.0,7.708261228338448,999.0896340032538,0.0
587100,0.0,0.0,7.708261228338448,1000.253267492201,0.0
587160,0.0,0.0,7.708261228338448,1000.3729420274146,0.0
587220,0.0,0.0,7.708261228338448,1001.1794018495432,0.0
587280,0.0,0.0,7.708261228338448,999.3331238906669,0.0
587340,0.0,0.0,7.708261228338448,998.8502262624609,0.0
587400,0.0,0.0,7.708261228338448,1000.2488319944608,0.0
587460,0.0,0.0,7.708261228338448,1000.2655344288652,0.0
587520,0.0,0.0,7.708261228338448,1001.0976749471318,0.0
587580,0.0,0.0,7.708261228338448,998.3140377997573,0.0
587640,0.0,0.0,7.708261228338448,998.8290322344236,0.0
587700,0.0,0.0,7.708261228338448,999.0802822809727,0.0
587760,0.0,0.0,7.708261228338448,1000.3172895086572,0.0
587820,0.0,0.0,7.708261228338448,1000.6390712195313,0.0
587880,0.0,0.0,7.708261228338448,999.3872991458634,0.0
587940,0.0,0.0,7.708261228338448,999.720663246181,0.0
588000,0.0,0.0,7.708261228338448,998.5414460637518,0.0
588060,0.0,0.0,7.708261228338448,999.7151037307844,0.0
588120,0.0,0.0,7.708261228338448,1001.4472750267836,0.0
588180,0.0,0.0,7.708261228338448,1000.2102178745802,0.0
588240,0.0,0.0,7.708261228338448,999.9015294397843,0.0
588300,0.0,0.0,7.708261228338448,998.6400421993708,0.0
588360,0.0,0.0,7.708261228338448,999.4169922723963,0.0
588420,0.0,0.0,7.708261228338448,1000.5804771903776,0.0
588480,0.0,0.0,7.708261228338448,1000.7447042542332,0.0
588540,0.0,0.0,7.708261228338448,998.9921883521477,0.0
588600,0.0,0.0,7.708261228338448,999.2805922157493,0.0
588660,0.0,0.0,7.708261228338448,999.133951688055,0.0
588720,0.0,0.0,7.708261228338448,1000.6897457152885,0.0
588780,0.0,0.0,7.708261228338448,1000.5250280442573,0.0
588840,0.0,0.0,7.708261228338448,1000.5287129391207,0.0
588900,0.0,0.0,7.708261228338448,997.6450744120012,0.0
588960,0.0,0.0,7.708261228338448,999.1432418314803,0.0
589020,0.0,0.0,7.708261228338448,1000.4223199075967,0.0
589080,0.0,0.0,7.708261228338448,1000.3028962922672,0.0
589140,0.0,0.0,7.708261228338448,1001.2786611715418,0.0
589200,0.0,0.0,7.708261228338448,999.3078379235988,0.0
589260,0.0,0.0,7.708261228338448,998.904780201186,0.0
589320,0.0,0.0,7.708261228338448,999.6542266892803,0.0
589380,0.0,0.0,7.708261228338448,1000.3600706188618,0.0
589440,0.0,0.0,7.708261228338448,1000.2751474671517,0.0
589500,0.0,0.0,7.708261228338448,1000.236159800876,0.0
589560,0.0,0.0,7.708261228338448,997.9237185298513,0.0
589620,0.0,0.0,7.708261228338448,999.2333798620858,0.0
589680,0.0,0.0,7.708261228338448,1000.8169579505793,0.0
589740,0.0,0.0,7.708261228338448,1000.4486713317882,0.0
589800,0.0,0.0,7.708261228338448,1000.738774788896,0.0
589860,0.0,0.0,7.708261228338448,997.363115429073,0.0
589920,0.0,0.0,7.708261228338448,999.0207667349221,0.0
589980,0.0,0.0,7.708261228338448,999.9664846091737,0.0
590040,0.0,0.0,7.708261228338448,1001.27957200501,0.0
590100,0.0,0.0,7.708261228338448,1000.2182491715489,0.0
590160,0.0,0.0,7.708261228338448,999.8739494590465,0.0
590220,0.0,0.0,7.708261228338448,998.6613530782719,0.0
590280,0.0,0.0,7.708261228338448,999.4215414243793,0.0
590340,0.0,0.0,7.708261228338448,1000.5519233521042,0.0
590400,0.0,0.0,7.708261228338448,1000.7183543386686,0.0
590460,0.0,0.0,7.708261228338448,998.7757781679342,0.0
590520,0.0,0.0,7.708261228338448,999.3564087321528,0.0
590580,0.0,0.0,7.708261228338448,999.2200785149817,0.0
590640,0.0,0.0,7.708261228338448,1000.032067818985,0.0
590700,0.0,0.0,7.708261228338448,1001.5022309651563,0.0
590760,0.0,0.0,7.708261228338448,999.925796974466,0.0
590820,0.0,0.0,7.708261228338448,999.3398171746776,0.0
590880,0.0,0.0,7.708261228338448,998.9053824501863,0.0
590940,0.0,0.0,7.708261228338448,999.8187408350931,0.0
591000,0.0,0.0,7.708261228338448,1001.7366939675579,0.0
591060,0.0,0.0,7.708261228338448,999.9053490009313,0.0
591120,0.0,0.0,7.708261228338448,1000.0143165677339,0.0
591180,0.0,0.0,7.708261228338448,998.0822664471523,0.0
591240,0.0,0.0,7.708261228338448,999.6570881337217,0.0
591300,0.0,0.0,7.708261228338448,1000.3935609528094,0.0
591360,0.0,0.0,7.708261228338448,1000.0864365640921,0.0
591420,0.0,0.0,7.708261228338448,1000.2582917452505,0.0
591480,0.0,0.0,7.708261228338448,997.8554174565274,0.0
591540,0.0,0.0,7.708261228338448,999.2866916619123,0.0
591600,0.0,0.0,7.708261228338448,1000.9527117413323,0.0
591660,0.0,0.0,7.708261228338448,1000.3859574639798,0.0
591720,0.0,0.0,7.708261228338448,1000.7690013529274,0.0
591780,0.0,0.0,7.708261228338448,998.8806600734066,0.0
591840,0.0,0.0,7.708261228338448,998.9653343751241,0.0
591900,0.0,0.0,7.708261228338448,1000.1324491737245,0.0
591960,0.0,0.0,7.708261228338448,1000.6276730334217,0.0
592020,0.0,0.0,7.708261228338448,999.8282505544785,0.0
592080,0.0,0.0,7.708261228338448,999.8417589121606,0.0
592140,0.0,0.0,7.708261228338448,998.2629000880958,0.0
592200,0.0,0.0,7.708261228338448,999.5406360609536,0.0
592260,0.0,0.0,7.708261228338448,1001.2191362666696,0.0
592320,0.0,0.0,7.708261228338448,1000.0336070671999,0.0
592380,0.0,0.0,7.708261228338448,999.9670381171252,0.0
592440,0.0,0.0,7.708261228338448,998.4310725084016,0.0
592500,0.0,0.0,7.708261228338448,999.7681540111081,0.0
592560,0.0,0.0,7.708261228338448,1000.016638756066,0.0
592620,0.0,0.0,7.708261228338448,1001.639262197518,0.0
592680,0.0,0.0,7.708261228338448,999.8559580624213,0.0
592740,0.0,0.0,7.708261228338448,999.4232865398174,0.0
592800,0.0,0.0,7.708261228338448,998.9668611907617,0.0
592860,0.0,0.0,7.708261228338448,999.8311154118225,0.0
592920,0.0,0.0,7.708261228338448,1000.596323898999,0.0
592980,0.0,0.0,7.708261228338448,1000.6181758072646,0.0
593040,0.0,0.0,7.708261228338448,998.2174114867686,0.0
593100,0.0,0.0,7.708261228338448,999.0994513976823,0.0
593160,0.0,0.0,7.708261228338448,999.9417560943389,0.0
593220,0.0,0.0,7.708261228338448,1000.2957902595618,0.0
593280,0.0,0.0,7.708261228338448,1001.3227858725745,0.0
593340,0.0,0.0,7.708261228338448,999.5320475101721,0.0
593400,0.0,0.0,7.708261228338448,998.9277576814433,0.0
593460,0.0,0.0,7.708261228338448,999.8472997094426,0.0
593520,0.0,0.0,7.708261228338448,1000.1578485215786,0.0
593580,0.0,0.0,7.708261228338448,1001.1038089146987,0.0
593640,0.0,0.0,7.708261228338448,998.7155345447285,0.0
593700,0.0,0.0,7.708261228338448,998.9826079510306,0.0
593760,0.0,0.0,7.708261228338448,998.9629962822253,0.0
593820,0.0,0.0,7.708261228338448,1000.1553794332935,0.0
593880,0.0,0.0,7.708261228338448,1000.5688822147923,0.0
593940,0.0,0.0,7.708261228338448,999.6560523072426,0.0
594000,0.0,0.0,7.708261228338448,999.8889840826441,0.0
594060,0.0,0.0,7.708261228338448,998.27318353108,0.0
594120,0.0,0.0,7.708261228338448,999.5688311397049,0.0
594180,0.0,0.0,7.708261228338448,1001.3370530305864,0.0
594240,0.0,0.0,7.708261228338448,1000.3026195592272,0.0
594300,0.0,0.0,7.708261228338448,1000.1709275313958,0.0
594360,0.0,0.0,7.708261228338448,998.6188433967192,0.0
594420,0.0,0.0,7.708261228338448,999.2473965621604,0.0
594480,0.0,0.0,7.708261228338448,1000.4807547629576,0.0
594540,0.0,0.0,7.708261228338448,1000.7452447699227,0.0
594600,0.0,0.0,7.708261228338448,999.2740831784845,0.0
594660,0.0,0.0,7.708261228338448,999.4380838611984,0.0
594720,0.0,0.0,7.708261228338448,998.8320208497648,0.0
594780,0.0,0.0,7.708261228338448,1000.5266177463354,0.0
594840,0.0,0.0,7.708261228338448,1000.4776381618401,0.0
594900,0.0,0.0,7.708261228338448,1000.8492501903186,0.0
594960,0.0,0.0,7.708261228338448,997.7851427964052,0.0
595020,0.0,0.0,7.708261228338448,999.1602284454713,0.0
595080,0.0,0.0,7.708261228338448,1000.1028158386446,0.0
595140,0.0,0.0,7.708261228338448,1000.2359496882497,0.0
595200,0.0,0.0,7.708261228338448,1001.4183740427552,0.0
595260,0.0,0.0,7.708261228338448,999.4937381518846,0.0
595320,0.0,0.0,7.708261228338448,998.9751208159654,0.0
595380,0.0,0.0,7.708261228338448,999.4304585007703,0.0
595440,0.0,0.0,7.708261228338448,1000.2146480230359,0.0
595500,0.0,0.0,7.708261228338448,1000.4265757928857,0.0
595560,0.0,0.0,7.708261228338448,1000.3778083808581,0.0
595620,0.0,0.0,7.708261228338448,997.9105197523978,0.0
595680,0.0,0.0,7.708261228338448,999.1381018584256,0.0
595740,0.0,0.0,7.708261228338448,1000.5711278757047,0.0
595800,0.0,0.0,7.708261228338448,1000.437394769217,0.0
595860,0.0,0.0,7.708261228338448,1000.9500508076956,0.0
595920,0.0,0.0,7.708261228338448,997.4234162206888,0.0
595980,0.0,0.0,7.708261228338448,998.9734763141246,0.0
596040,0.0,0.0,7.708261228338448,999.7261417423241,0.0
596100,0.0,0.0,7.708261228338448,1001.3623254164744,0.0
596160,0.0,0.0,7.708261228338448,1000.2981126830645,0.0
596220,0.0,0.0,7.708261228338448,1000.1530715694031,0.0
596280,0.0,0.0,7.708261228338448,998.6286627310707,0.0
596340,0.0,0.0,7.708261228338448,999.2707330421541,0.0
596400,0.0,0.0,7.708261228338448,1000.4702261903018,0.0
596460,0.0,0.0,7.708261228338448,1000.7148237796257,0.0
596520,0.0,0.0,7.708261228338448,999.0609280111512,0.0
596580,0.0,0.0,7.708261228338448,999.502028588513,0.0
596640,0.0,0.0,7.708261228338448,998.9058313742853,0.0
596700,0.0,0.0,7.708261228338448,999.8972874593146,0.0
596760,0.0,0.0,7.708261228338448,1001.4959280950621,0.0
596820,0.0,0.0,7.708261228338448,1000.0725585894046,0.0
596880,0.0,0.0,7.708261228338448,999.5730015274789,0.0
596940,0.0,0.0,7.708261228338448,998.751847060141,0.0
597000,0.0,0.0,7.708261228338448,999.6355213254342,0.0
597060,0.0,0.0,7.708261228338448,1000.6523553969843,0.0
597120,0.0,0.0,7.708261228338448,1000.7070781811948,0.0
597180,0.0,0.0,7.708261228338448,998.7784266604774,0.0
597240,0.0,0.0,7.708261228338448,998.2814901958826,0.0
597300,0.0,0.0,7.708261228338448,999.3281354313602,0.0
597360,0.0,0.0,7.708261228338448,1001.6072838895077,0.0
597420,0.0,0.0,7.708261228338448,1000.1591406376609,0.0
597480,0.0,0.0,7.708261228338448,1000.4243226619274,0.0
597540,0.0,0.0,7.708261228338448,997.7182158266255,0.0
597600,0.0,0.0,7.708261228338448,999.2026217237881,0.0
597660,0.0,0.0,7.708261228338448,1000.6654029345135,0.0
597720,0.0,0.0,7.708261228338448,1000.3779105784847,0.0
597780,0.0,0.0,7.708261228338448,1001.0126142543216,0.0
597840,0.0,0.0,7.708261228338448,999.0725071751943,0.0
597900,0.0,0.0,7.708261228338448,998.8986351122327,0.0
597960,0.0,0.0,7.708261228338448,999.9159364991034,0.0
598020,0.0,0.0,7.708261228338448,1000.5216464706899,0.0
598080,0.0,0.0,7.708261228338448,1000.0677722548046,0.0
598140,0.0,0.0,7.708261228338448,1000.0321597648091,0.0
598200,0.0,0.0,7.708261228338448,998.0652474713249,0.0
598260,0.0,0.0,7.708261228338448,999.3805710863475,0.0
598320,0.0,0.0,7.708261228338448,1001.0481017293549,0.0
598380,0.0,0.0,7.708261228338448,1000.3069905963434,0.0
598440,0.0,0.0,7.708261228338448,1000.1235344590585,0.0
598500,0.0,0.0,7.708261228338448,998.5137986555316,0.0
598560,0.0,0.0,7.708261228338448,999.3647356064296,0.0
598620,0.0,0.0,7.708261228338448,999.8756272115825,0.0
598680,0.0,0.0,7.708261228338448,1001.6575643135868,0.0
598740,0.0,0.0,7.708261228338448,1000.0060529310047,0.0
598800,0.0,0.0,7.708261228338448,999.6802798570541,0.0
598860,0.0,0.0,7.708261228338448,998.7971109184175,0.0
598920,0.0,0.0,7.708261228338448,999.6426896083796,0.0
598980,0.0,0.0,7.708261228338448,1000.6082099120061,0.0
599040,0.0,0.0,7.708261228338448,1000.6840222742218,0.0
599100,0.0,0.0,7.708261228338448,998.4794067138063,0.0
599160,0.0,0.0,7.708261228338448,999.1814045686166,0.0
599220,0.0,0.0,7.708261228338448,999.6083012572234,0.0
599280,0.0,0.0,7.708261228338448,1000.1895665381924,0.0
599340,0.0,0.0,7.708261228338448,1001.4260507195119,0.0
599400,0.0,0.0,7.708261228338448,999.7270959395549,0.0
599460,0.0,0.0,7.708261228338448,999.0832734503422,0.0
599520,0.0,0.0,7.708261228338448,999.13193049058,0.0
599580,0.0,0.0,7.708261228338448,1000.040811417162,0.0
599640,0.0,0.0,7.708261228338448,1001.5881749608808,0.0
599700,0.0,0.0,7.708261228338448,999.7044535502142,0.0
599760,0.0,0.0,7.708261228338448,999.7499557378736,0.0
599820,0.0,0.0,7.708261228338448,998.5086302202318,0.0
599880,0.0,0.0,7.708261228338448,999.8863439452266,0.0
599940,0.0,0.0,7.708261228338448,1000.5476649813395,0.0
600000,0.0,0.0,7.708261228338448,999.8629183142996,0.0
600060,0.0,0.0,7.708261228338448,1000.0828933328497,0.0
600120,0.0,0.0,7.708261228338448,998.0287406720676,0.0
600180,0.0,0.0,7.708261228338448,999.4136071010664,0.0
600240,0.0,0.0,7.708261228338448,1001.1694131808697,0.0
600300,0.0,0.0,7.708261228338448,1000.3660297010497,0.0
600360,0.0,0.0,7.708261228338448,1000.4775954354637,0.0
600420,0.0,0.0,7.708261228338448,998.7054891826126,0.0
600480,0.0,0.0,7.708261228338448,999.0836444342841,0.0
600540,0.0,0.0,7.708261228338448,1000.3239191752209,0.0
600600,0.0,0.0,7.708261228338448,1000.7061966338138,0.0
600660,0.0,0.0,7.708261228338448,999.5690403837652,0.0
600720,0.0,0.0,7.708261228338448,999.6370206419277,0.0
600780,0.0,0.0,7.708261228338448,998.5235094503464,0.0
600840,0.0,0.0,7.708261228338448,1000.2978749940323,0.0
600900,0.0,0.0,7.708261228338448,1000.3906303007886,0.0
600960,0.0,0.0,7.708261228338448,1001.1778168421823,0.0
601020,0.0,0.0,7.708261228338448,998.0476907633474,0.0
601080,0.0,0.0,7.708261228338448,999.2566963969257,0.0
601140,0.0,0.0,7.708261228338448,999.7323194936395,0.0
601200,0.0,0.0,7.708261228338448,1000.132372020516,0.0
601260,0.0,0.0,7.708261228338448,1001.5316954498128,0.0
601320,0.0,0.0,7.708261228338448,999.6890310546418,0.0
601380,0.0,0.0,7.708261228338448,999.1354108626651,0.0
601440,0.0,0.0,7.708261228338448,999.1925881027373,0.0
601500,0.0,0.0,7.708261228338448,1000.0352659381933,0.0
601560,0.0,0.0,7.708261228338448,1000.5399947248326,0.0
601620,0.0,0.0,7.708261228338448,1000.5106617471312,0.0
601680,0.0,0.0,7.708261228338448,998.0064379629065,0.0
601740,0.0,0.0,7.708261228338448,999.081886621517,0.0
601800,0.0,0.0,7.708261228338448,1000.2746619613936,0.0
601860,0.0,0.0,7.708261228338448,1000.3882068752472,0.0
601920,0.0,0.0,7.708261228338448,1001.149431948637,0.0
601980,0.0,0.0,7.708261228338448,997.642008296629,0.0
602040,0.0,0.0,7.708261228338448,998.9940876475445,0.0
602100,0.0,0.0,7.708261228338448,999.4621692271387,0.0
602160,0.0,0.0,7.708261228338448,1001.3817163332667,0.0
602220,0.0,0.0,7.708261228338448,1000.3513213687835,0.0
602280,0.0,0.0,7.708261228338448,1000.4583117189347,0.0
602340,0.0,0.0,7.708261228338448,998.6902540046865,0.0
602400,0.0,0.0,7.708261228338448,999.1319572110052,0.0
602460,0.0,0.0,7.708261228338448,1000.3394810394483,0.0
602520,0.0,0.0,7.708261228338448,1000.677953577282,0.0
602580,0.0,0.0,7.708261228338448,999.3545087319104,0.0
602640,0.0,0.0,7.708261228338448,999.6761368651412,0.0
602700,0.0,0.0,7.708261228338448,998.5905503103661,0.0
602760,0.0,0.0,7.708261228338448,999.7429557544965,0.0
602820,0.0,0.0,7.708261228338448,1001.4427725216497,0.0
602880,0.0,0.0,7.708261228338448,1000.2021158352666,0.0
602940,0.0,0.0,7.708261228338448,999.845741227346,0.0
603000,0.0,0.0,7.708261228338448,998.6450754764662,0.0
603060,0.0,0.0,7.708261228338448,999.4432300656987,0.0
603120,0.0,0.0,7.708261228338448,1000.595998058281,0.0
603180,0.0,0.0,7.708261228338448,1000.7461289835621,0.0
603240,0.0,0.0,7.708261228338448,999.1449328863014,0.0
603300,0.0,0.0,7.708261228338448,998.1950460171745,0.0
603360,0.0,0.0,7.708261228338448,999.2062473840849,0.0
603420,0.0,0.0,7.708261228338448,1001.4059640764783,0.0
603480,0.0,0.0,7.708261228338448,1000.2977566772721,0.0
603540,0.0,0.0,7.708261228338448,1000.5481538074192,0.0
603600,0.0,0.0,7.708261228338448,997.7486738981983,0.0
603660,0.0,0.0,7.708261228338448,999.1623552917782,0.0
603720,0.0,0.0,7.708261228338448,1000.3763508181875,0.0
603780,0.0,0.0,7.708261228338448,1000.3387302802369,0.0
603840,0.0,0.0,7.708261228338448,1001.2101929940887,0.0
603900,0.0,0.0,7.708261228338448,999.2650387922961,0.0
603960,0.0,0.0,7.708261228338448,998.8908577575634,0.0
604020,0.0,0.0,7.708261228338448,999.6928783157332,0.0
604080,0.0,0.0,7.708261228338448,1000.3958615108285,0.0
604140,0.0,0.0,7.708261228338448,1000.2649271333403,0.0
604200,0.0,0.0,7.708261228338448,1000.2001097150644,0.0
604260,0.0,0.0,7.708261228338448,997.9515365266628,0.0
604320,0.0,0.0,7.708261228338448,999.2469025880507,0.0
604380,0.0,0.0,7.708261228338448,1000.8399430307323,0.0
604440,0.0,0.0,7.708261228338448,1000.5262439186008,0.0
604500,0.0,0.0,7.708261228338448,1000.2528034023908,0.0
604560,0.0,0.0,7.708261228338448,998.6898134528492,0.0
604620,0.0,0.0,7.708261228338448,998.9697940628699,0.0
604680,0.0,0.0,7.708261228338448,999.7353291468454,0.0
604740,0.0,0.0,7.708261228338448,1001.6181713773946,0.0
604800,0.0,0.0,7.708261228338448,1000.12672529235,0.0
604860,0.0,0.0,7.708261228338448,999.9436296468954,0.0
604920,0.0,0.0,7.708261228338448,998.6850442491442,0.0
604980,0.0,0.0,7.708261228338448,999.4664888523812,0.0
605040,0.0,0.0,7.708261228338448,1000.5750045466073,0.0
605100,0.0,0.0,7.708261228338448,1000.7176672636164,0.0
605160,0.0,0.0,7.708261228338448,998.7574171867001,0.0
605220,0.0,0.0,7.708261228338448,999.3038246249536,0.0
605280,0.0,0.0,7.708261228338448,999.2821579515064,0.0
605340,0.0,0.0,7.708261228338448,1000.0677306092116,0.0
605400,0.0,0.0,7.708261228338448,1001.4769624236815,0.0
605460,0.0,0.0,7.708261228338448,999.901002370247,0.0
605520,0.0,0.0,7.708261228338448,999.281664790977,0.0
605580,0.0,0.0,7.708261228338448,998.9330641771688,0.0
605640,0.0,0.0,7.708261228338448,999.8576015183959,0.0
605700,0.0,0.0,7.708261228338448,1001.6942168439152,0.0
605760,0.0,0.0,7.708261228338448,999.8944604699876,0.0
605820,0.0,0.0,7.708261228338448,999.9597720416251,0.0
605880,0.0,0.0,7.708261228338448,998.1426363494569,0.0
605940,0.0,0.0,7.708261228338448,999.6890562103267,0.0
606000,0.0,0.0,7.708261228338448,1000.4247335997517,0.0
606060,0.0,0.0,7.708261228338448,1000.0820398916035,0.0
606120,0.0,0.0,7.708261228338448,1000.2301418137935,0.0
606180,0.0,0.0,7.708261228338448,997.885713161326,0.0
606240,0.0,0.0,7.708261228338448,999.2953993634382,0.0
606300,0.0,0.0,7.708261228338448,1000.9673002829992,0.0
606360,0.0,0.0,7.708261228338448,1000.3949849706241,0.0
606420,0.0,0.0,7.708261228338448,1000.7233685888137,0.0
606480,0.0,0.0,7.708261228338448,998.8587144618874,0.0
606540,0.0,0.0,7.708261228338448,998.9702605882323,0.0
606600,0.0,0.0,7.708261228338448,1000.152674348596,0.0
606660,0.0,0.0,7.708261228338448,1000.6430382136894,0.0
606720,0.0,0.0,7.708261228338448,999.8227554403961,0.0
606780,0.0,0.0,7.708261228338448,999.8131488786408,0.0
606840,0.0,0.0,7.708261228338448,998.2880808472217,0.0
606900,0.0,0.0,7.708261228338448,1000.0523327497103,0.0
606960,0.0,0.0,7.708261228338448,1000.293256791788,0.0
607020,0.0,0.0,7.708261228338448,1001.4250505208302,0.0
607080,0.0,0.0,7.708261228338448,998.3295494377825,0.0
607140,0.0,0.0,7.708261228338448,999.3760980213042,0.0
607200,0.0,0.0,7.708261228338448,999.3859844904651,0.0
607260,0.0,0.0,7.708261228338448,1000.0239203980918,0.0
607320,0.0,0.0,7.708261228338448,1001.5802809368369,0.0
607380,0.0,0.0,7.708261228338448,999.8526574938238,0.0
607440,0.0,0.0,7.708261228338448,999.3276662501167,0.0
607500,0.0,0.0,7.708261228338448,998.993844862169,0.0
607560,0.0,0.0,7.708261228338448,999.8645332692051,0.0
607620,0.0,0.0,7.708261228338448,1000.6033050488822,0.0
607680,0.0,0.0,7.708261228338448,1000.6057451520055,0.0
607740,0.0,0.0,7.708261228338448,998.2114040376116,0.0
607800,0.0,0.0,7.708261228338448,999.0791570279506,0.0
607860,0.0,0.0,7.708261228338448,999.9778061442447,0.0
607920,0.0,0.0,7.708261228338448,1000.3181683878026,0.0
607980,0.0,0.0,7.708261228338448,1001.2894750553191,0.0
608040,0.0,0.0,7.708261228338448,999.5079661734947,0.0
608100,0.0,0.0,7.708261228338448,998.9018658190835,0.0
608160,0.0,0.0,7.708261228338448,999.869146581884,0.0
608220,0.0,0.0,7.708261228338448,1000.1805497955775,0.0
608280,0.0,0.0,7.708261228338448,1001.1024882278896,0.0
608340,0.0,0.0,7.708261228338448,998.7226032784946,0.0
608400,0.0,0.0,7.708261228338448,998.9600203190382,0.0
608460,0.0,0.0,7.708261228338448,998.9690178683259,0.0
608520,0.0,0.0,7.708261228338448,1000.1748510524147,0.0
608580,0.0,0.0,7.708261228338448,1000.5850408872998,0.0
608640,0.0,0.0,7.708261228338448,999.6537495099117,0.0
608700,0.0,0.0,7.708261228338448,999.8621206624942,0.0
608760,0.0,0.0,7.708261228338448,998.2996547825173,0.0
608820,0.0,0.0,7.708261228338448,999.5819324695866,0.0
608880,0.0,0.0,7.708261228338448,1001.3347708113554,0.0
608940,0.0,0.0,7.708261228338448,1000.3037499941422,0.0
609000,0.0,0.0,7.708261228338448,1000.138089725044,0.0
609060,0.0,0.0,7.708261228338448,998.6146375403047,0.0
609120,0.0,0.0,7.708261228338448,999.2578275332147,0.0
609180,0.0,0.0,7.708261228338448,1000.4908715549789,0.0
609240,0.0,0.0,7.708261228338448,1000.7501533022137,0.0
609300,0.0,0.0,7.708261228338448,999.5450338829729,0.0
609360,0.0,0.0,7.708261228338448,998.2189999272749,0.0
609420,0.0,0.0,7.708261228338448,999.1163497613602,0.0
609480,0.0,0.0,7.708261228338448,1001.1423254877742,0.0
609540,0.0,0.0,7.708261228338448,1000.3903082706032,0.0
609600,0.0,0.0,7.708261228338448,1000.6485096801508,0.0
609660,0.0,0.0,7.708261228338448,997.9094073801388,0.0
609720,0.0,0.0,7.708261228338448,999.1786359422215,0.0
609780,0.0,0.0,7.708261228338448,1000.0532043672093,0.0
609840,0.0,0.0,7.708261228338448,1000.2682237392888,0.0
609900,0.0,0.0,7.708261228338448,1001.3748663182718,0.0
609960,0.0,0.0,7.708261228338448,999.4638823410793,0.0
610020,0.0,0.0,7.708261228338448,998.9544751378314,0.0
610080,0.0,0.0,7.708261228338448,999.4567767335232,0.0
610140,0.0,0.0,7.708261228338448,1000.2432974718176,0.0
610200,0.0,0.0,7.708261228338448,1000.4250413293844,0.0
610260,0.0,0.0,7.708261228338448,1000.3559943283185,0.0
610320,0.0,0.0,7.708261228338448,997.9252821866135,0.0
610380,0.0,0.0,7.708261228338448,999.14013293339,0.0
610440,0.0,0.0,7.708261228338448,1000.5896206781075,0.0
610500,0.0,0.0,7.708261228338448,1000.4496864910449,0.0
610560,0.0,0.0,7.708261228338448,1000.9150614965928,0.0
610620,0.0,0.0,7.708261228338448,997.4552740250219,0.0
610680,0.0,0.0,7.708261228338448,998.966882980572,0.0
610740,0.0,0.0,7.708261228338448,999.7511704368665,0.0
610800,0.0,0.0,7.708261228338448,1001.3481670577486,0.0
610860,0.0,0.0,7.708261228338448,1000.2995847615884,0.0
610920,0.0,0.0,7.708261228338448,1000.112823254331,0.0
610980,0.0,0.0,7.708261228338448,998.6251206610764,0.0
611040,0.0,0.0,7.708261228338448,999.2813285473854,0.0
611100,0.0,0.0,7.708261228338448,1000.4815548014141,0.0
611160,0.0,0.0,7.708261228338448,1000.7208387040617,0.0
611220,0.0,0.0,7.708261228338448,999.0636034097329,0.0
611280,0.0,0.0,7.708261228338448,999.479431520097,0.0
611340,0.0,0.0,7.708261228338448,998.92366013562,0.0
611400,0.0,0.0,7.708261228338448,999.9097317375893,0.0
611460,0.0,0.0,7.708261228338448,1001.485653022284,0.0
611520,0.0,0.0,7.708261228338448,1000.069885757123,0.0
611580,0.0,0.0,7.708261228338448,999.5505326742875,0.0
611640,0.0,0.0,7.708261228338448,998.7551837115199,0.0
611700,0.0,0.0,7.708261228338448,999.6460489938522,0.0
611760,0.0,0.0,7.708261228338448,1001.7493935368774,0.0
611820,0.0,0.0,7.708261228338448,1000.067705573479,0.0
611880,0.0,0.0,7.708261228338448,1000.1985715981816,0.0
611940,0.0,0.0,7.708261228338448,997.7854126389846,0.0
612000,0.0,0.0,7.708261228338448,999.4612627067372,0.0
612060,0.0,0.0,7.708261228338448,1000.2607293611509,0.0
612120,0.0,0.0,7.708261228338448,1000.2732941424409,0.0
612180,0.0,0.0,7.708261228338448,1000.3771439229431,0.0
612240,0.0,0.0,7.708261228338448,997.8130855709707,0.0
612300,0.0,0.0,7.708261228338448,999.1983297744179,0.0
612360,0.0,0.0,7.708261228338448,1000.7077111004409,0.0
612420,0.0,0.0,7.708261228338448,1000.388785940577,0.0
612480,0.0,0.0,7.708261228338448,1000.9727991821371,0.0
612540,0.0,0.0,7.708261228338448,999.0503209743432,0.0
612600,0.0,0.0,7.708261228338448,998.8947023681425,0.0
612660,0.0,0.0,7.708261228338448,999.9379607468322,0.0
612720,0.0,0.0,7.708261228338448,1000.5404824595479,0.0
612780,0.0,0.0,7.708261228338448,1000.0636327790278,0.0
612840,0.0,0.0,7.708261228338448,1000.0057805972099,0.0
612900,0.0,0.0,7.708261228338448,998.0880154462392,0.0
612960,0.0,0.0,7.708261228338448,999.7596482327391,0.0
613020,0.0,0.0,7.708261228338448,1000.1632206756015,0.0
613080,0.0,0.0,7.708261228338448,1001.649204727586,0.0
613140,0.0,0.0,7.708261228338448,998.6351415082124,0.0
613200,0.0,0.0,7.708261228338448,999.5357574015711,0.0
613260,0.0,0.0,7.708261228338448,999.0154862680369,0.0
613320,0.0,0.0,7.708261228338448,999.8900719584973,0.0
613380,0.0,0.0,7.708261228338448,1001.5871064605741,0.0
613440,0.0,0.0,7.708261228338448,1000.0073898369775,0.0
613500,0.0,0.0,7.708261228338448,999.5774142611257,0.0
613560,0.0,0.0,7.708261228338448,998.8159000113635,0.0
613620,0.0,0.0,7.708261228338448,999.675558271209,0.0
613680,0.0,0.0,7.708261228338448,1000.6200724267422,0.0
613740,0.0,0.0,7.708261228338448,1000.6787740898272,0.0
613800,0.0,0.0,7.708261228338448,998.4688498078457,0.0
613860,0.0,0.0,7.708261228338448,999.1475038959629,0.0
613920,0.0,0.0,7.708261228338448,999.6484414094792,0.0
613980,0.0,0.0,7.708261228338448,1000.2146625972666,0.0
614040,0.0,0.0,7.708261228338448,1001.3986116085495,0.0
614100,0.0,0.0,7.708261228338448,999.7057277601448,0.0
614160,0.0,0.0,7.708261228338448,999.0479284383006,0.0
614220,0.0,0.0,7.708261228338448,999.4465701242236,0.0
614280,0.0,0.0,7.708261228338448,1000.0455520109834,0.0
614340,0.0,0.0,7.708261228338448,1001.0749552911296,0.0
614400,0.0,0.0,7.708261228338448,999.1386856310937,0.0
614460,0.0,0.0,7.708261228338448,999.1341355440853,0.0
614520,0.0,0.0,7.708261228338448,998.8847330790358,0.0
614580,0.0,0.0,7.708261228338448,999.9814469469978,0.0
614640,0.0,0.0,7.708261228338448,1000.4893823460825,0.0
614700,0.0,0.0,7.708261228338448,999.9023323665132,0.0
614760,0.0,0.0,7.708261228338448,1000.0333535429568,0.0
614820,0.0,0.0,7.708261228338448,998.0737851843812,0.0
614880,0.0,0.0,7.708261228338448,999.4375829372909,0.0
614940,0.0,0.0,7.708261228338448,1001.1809252084907,0.0
615000,0.0,0.0,7.708261228338448,1000.3700880201526,0.0
615060,0.0,0.0,7.708261228338448,1000.4091942373224,0.0
615120,0.0,0.0,7.708261228338448,998.6794081909158,0.0
615180,0.0,0.0,7.708261228338448,999.1032373216201,0.0
615240,0.0,0.0,7.708261228338448,1000.3517114266056,0.0
615300,0.0,0.0,7.708261228338448,1000.7214124513704,0.0
615360,0.0,0.0,7.708261228338448,999.9358594966217,0.0
615420,0.0,0.0,7.708261228338448,998.372665268877,0.0
615480,0.0,0.0,7.708261228338448,999.0725096486573,0.0
615540,0.0,0.0,7.708261228338448,1000.8329979536448,0.0
615600,0.0,0.0,7.708261228338448,1000.4354342154006,0.0
615660,0.0,0.0,7.708261228338448,1000.7156866157061,0.0
615720,0.0,0.0,7.708261228338448,998.1591446218072,0.0
615780,0.0,0.0,7.708261228338448,999.2553791215342,0.0
615840,0.0,0.0,7.708261228338448,999.7248021026467,0.0
615900,0.0,0.0,7.708261228338448,1000.1777622537816,0.0
615960,0.0,0.0,7.708261228338448,1001.486813884721,0.0
616020,0.0,0.0,7.708261228338448,999.6485281498101,0.0
616080,0.0,0.0,7.708261228338448,999.0868485125465,0.0
616140,0.0,0.0,7.708261228338448,999.2333549531342,0.0
616200,0.0,0.0,7.708261228338448,1000.0805426200172,0.0
616260,0.0,0.0,7.708261228338448,1000.5389338468343,0.0
616320,0.0,0.0,7.708261228338448,1000.4843963302063,0.0
616380,0.0,0.0,7.708261228338448,998.008313134555,0.0
616440,0.0,0.0,7.708261228338448,999.0753712340335,0.0
616500,0.0,0.0,7.708261228338448,1000.3160416964306,0.0
616560,0.0,0.0,7.708261228338448,1000.410630242877,0.0
616620,0.0,0.0,7.708261228338448,1001.1016497808482,0.0
616680,0.0,0.0,7.708261228338448,997.6647686308106,0.0
616740,0.0,0.0,7.708261228338448,998.9717411273301,0.0
616800,0.0,0.0,7.708261228338448,999.5043407170215,0.0
616860,0.0,0.0,7.708261228338448,1001.3652167820186,0.0
616920,0.0,0.0,7.708261228338448,1000.356224266217,0.0
616980,0.0,0.0,7.708261228338448,1000.3943799491858,0.0
617040,0.0,0.0,7.708261228338448,998.6713424252466,0.0
617100,0.0,0.0,7.708261228338448,999.145314022694,0.0
617160,0.0,0.0,7.708261228338448,1000.3615001222144,0.0
617220,0.0,0.0,7.708261228338448,1000.6916185175477,0.0
617280,0.0,0.0,7.708261228338448,999.3462062060657,0.0
617340,0.0,0.0,7.708261228338448,999.64067965698,0.0
617400,0.0,0.0,7.708261228338448,998.6259592571643,0.0
617460,0.0,0.0,7.708261228338448,999.7636000532699,0.0
617520,0.0,0.0,7.708261228338448,1001.4362652643418,0.0
617580,0.0,0.0,7.708261228338448,1000.1970604058868,0.0
617640,0.0,0.0,7.708261228338448,999.8046884180483,0.0
617700,0.0,0.0,7.708261228338448,998.6487663761225,0.0
617760,0.0,0.0,7.708261228338448,999.4621055016237,0.0
617820,0.0,0.0,7.708261228338448,1001.7187384740145,0.0
617880,0.0,0.0,7.708261228338448,1000.1970081199313,0.0
617940,0.0,0.0,7.708261228338448,1000.3958048133037,0.0
618000,0.0,0.0,7.708261228338448,997.5349931973609,0.0
618060,0.0,0.0,7.708261228338448,999.259473892273,0.0
618120,0.0,0.0,7.708261228338448,1000.0999041521093,0.0
618180,0.0,0.0,7.708261228338448,1000.4114976175954,0.0
618240,0.0,0.0,7.708261228338448,1000.4868505689514,0.0
618300,0.0,0.0,7.708261228338448,997.8540516743567,0.0
618360,0.0,0.0,7.708261228338448,999.145883790135,0.0
618420,0.0,0.0,7.708261228338448,1000.434793245413,0.0
618480,0.0,0.0,7.708261228338448,1000.3573283862067,0.0
618540,0.0,0.0,7.708261228338448,1001.1624707212547,0.0
618600,0.0,0.0,7.708261228338448,999.2350606563572,0.0
618660,0.0,0.0,7.708261228338448,998.8757090837219,0.0
618720,0.0,0.0,7.708261228338448,999.7242403271531,0.0
618780,0.0,0.0,7.708261228338448,1000.4238584134323,0.0
618840,0.0,0.0,7.708261228338448,1000.2581084974904,0.0
618900,0.0,0.0,7.708261228338448,1000.1693837154244,0.0
618960,0.0,0.0,7.708261228338448,997.9752862261786,0.0
619020,0.0,0.0,7.708261228338448,999.258643986447,0.0
619080,0.0,0.0,7.708261228338448,1000.8563306149516,0.0
619140,0.0,0.0,7.708261228338448,1000.5242639332263,0.0
619200,0.0,0.0,7.708261228338448,1000.2380856532359,0.0
619260,0.0,0.0,7.708261228338448,998.6672541460263,0.0
619320,0.0,0.0,7.708261228338448,998.9977453229304,0.0
619380,0.0,0.0,7.708261228338448,999.7549407192835,0.0
619440,0.0,0.0,7.708261228338448,1001.605595582233,0.0
619500,0.0,0.0,7.708261228338448,1000.1226541291547,0.0
619560,0.0,0.0,7.708261228338448,999.900944091082,0.0
619620,0.0,0.0,7.708261228338448,998.6891614244815,0.0
619680,0.0,0.0,7.708261228338448,999.4837525412404,0.0
619740,0.0,0.0,7.708261228338448,1000.585451762039,0.0
619800,0.0,0.0,7.708261228338448,1000.7193362605309,0.0
619860,0.0,0.0,7.708261228338448,998.7580865081732,0.0
619920,0.0,0.0,7.708261228338448,999.2796516055009,0.0
619980,0.0,0.0,7.708261228338448,999.3024151113419,0.0
620040,0.0,0.0,7.708261228338448,1000.082790248965,0.0
620100,0.0,0.0,7.708261228338448,1001.4626199815609,0.0
620160,0.0,0.0,7.708261228338448,999.8938517661621,0.0
620220,0.0,0.0,7.708261228338448,999.258228034941,0.0
620280,0.0,0.0,7.708261228338448,999.0044700683566,0.0
620340,0.0,0.0,7.708261228338448,999.8846664421544,0.0
620400,0.0,0.0,7.708261228338448,1001.0046500608576,0.0
620460,0.0,0.0,7.708261228338448,999.5618298745183,0.0
620520,0.0,0.0,7.708261228338448,999.3235340994011,0.0
620580,0.0,0.0,7.708261228338448,998.8544176920437,0.0
620640,0.0,0.0,7.708261228338448,999.7599511963911,0.0
620700,0.0,0.0,7.708261228338448,1000.3647446689612,0.0
620760,0.0,0.0,7.708261228338448,1000.1228654467236,0.0
620820,0.0,0.0,7.708261228338448,1000.1999938107771,0.0
620880,0.0,0.0,7.708261228338448,997.9075789026962,0.0
620940,0.0,0.0,7.708261228338448,999.3067275028502,0.0
621000,0.0,0.0,7.708261228338448,1000.9784038007532,0.0
621060,0.0,0.0,7.708261228338448,1000.4041670834588,0.0
621120,0.0,0.0,7.708261228338448,1000.6745061944918,0.0
621180,0.0,0.0,7.708261228338448,998.8353106668868,0.0
621240,0.0,0.0,7.708261228338448,998.9770466112255,0.0
621300,0.0,0.0,7.708261228338448,1000.174236803156,0.0
621360,0.0,0.0,7.708261228338448,1000.658717705864,0.0
621420,0.0,0.0,7.708261228338448,999.815435570144,0.0
621480,0.0,0.0,7.708261228338448,999.7823757497239,0.0
621540,0.0,0.0,7.708261228338448,998.3150341805863,0.0
621600,0.0,0.0,7.708261228338448,1000.068783985607,0.0
621660,0.0,0.0,7.708261228338448,1000.3125858829764,0.0
621720,0.0,0.0,7.708261228338448,1001.3842681471801,0.0
621780,0.0,0.0,7.708261228338448,998.3415161786778,0.0
621840,0.0,0.0,7.708261228338448,999.3482453282761,0.0
621900,0.0,0.0,7.708261228338448,999.4101769595298,0.0
621960,0.0,0.0,7.708261228338448,1000.040069564853,0.0
622020,0.0,0.0,7.708261228338448,1001.562823398572,0.0
622080,0.0,0.0,7.708261228338448,999.8446095401586,0.0
622140,0.0,0.0,7.708261228338448,999.3008932265358,0.0
622200,0.0,0.0,7.708261228338448,999.0030917048668,0.0
622260,0.0,0.0,7.708261228338448,999.8799167131484,0.0
622320,0.0,0.0,7.708261228338448,1000.6090363452325,0.0
622380,0.0,0.0,7.708261228338448,1000.6005142617668,0.0
622440,0.0,0.0,7.708261228338448,998.2187711594829,0.0
622500,0.0,0.0,7.708261228338448,999.0681656376431,0.0
622560,0.0,0.0,7.708261228338448,999.9869063820412,0.0
622620,0.0,0.0,7.708261228338448,1000.3287433965471,0.0
622680,0.0,0.0,7.708261228338448,1001.2733270610904,0.0
622740,0.0,0.0,7.708261228338448,997.971522423665,0.0
622800,0.0,0.0,7.708261228338448,999.0694186849081,0.0
622860,0.0,0.0,7.708261228338448,999.234861197492,0.0
622920,0.0,0.0,7.708261228338448,1001.3143365077793,0.0
622980,0.0,0.0,7.708261228338448,1000.3814685851735,0.0
623040,0.0,0.0,7.708261228338448,1000.7012522042061,0.0
623100,0.0,0.0,7.708261228338448,998.8250773821503,0.0
623160,0.0,0.0,7.708261228338448,999.0306191742195,0.0
623220,0.0,0.0,7.708261228338448,1000.1897597484217,0.0
623280,0.0,0.0,7.708261228338448,1000.6241338993037,0.0
623340,0.0,0.0,7.708261228338448,999.6315500441951,0.0
623400,0.0,0.0,7.708261228338448,999.8290897791607,0.0
623460,0.0,0.0,7.708261228338448,998.3344027026271,0.0
623520,0.0,0.0,7.708261228338448,999.6004070111164,0.0
623580,0.0,0.0,7.708261228338448,1001.3351557859268,0.0
623640,0.0,0.0,7.708261228338448,1000.3027983983864,0.0
623700,0.0,0.0,7.708261228338448,1000.0958471240306,0.0
623760,0.0,0.0,7.708261228338448,998.610248292188,0.0
623820,0.0,0.0,7.708261228338448,999.2735431430411,0.0
623880,0.0,0.0,7.708261228338448,1001.6238731906363,0.0
623940,0.0,0.0,7.708261228338448,1000.2952066375269,0.0
624000,0.0,0.0,7.708261228338448,1000.5960125073357,0.0
624060,0.0,0.0,7.708261228338448,997.3489249846402,0.0
624120,0.0,0.0,7.708261228338448,999.0586406745396,0.0
624180,0.0,0.0,7.708261228338448,999.9111611700718,0.0
624240,0.0,0.0,7.708261228338448,1000.5074012449992,0.0
624300,0.0,0.0,7.708261228338448,1000.580752437555,0.0
624360,0.0,0.0,7.708261228338448,998.0154893458601,0.0
624420,0.0,0.0,7.708261228338448,999.1447192472108,0.0
624480,0.0,0.0,7.708261228338448,1000.1174014088325,0.0
624540,0.0,0.0,7.708261228338448,1000.2914988384117,0.0
624600,0.0,0.0,7.708261228338448,1001.3319459404368,0.0
624660,0.0,0.0,7.708261228338448,999.4354065227633,0.0
624720,0.0,0.0,7.708261228338448,998.925076561998,0.0
624780,0.0,0.0,7.708261228338448,999.488091685185,0.0
624840,0.0,0.0,7.708261228338448,1000.2742999599911,0.0
624900,0.0,0.0,7.708261228338448,1000.4216952513759,0.0
624960,0.0,0.0,7.708261228338448,1000.33004228502,0.0
625020,0.0,0.0,7.708261228338448,997.9408447714825,0.0
625080,0.0,0.0,7.708261228338448,999.144698133327,0.0
625140,0.0,0.0,7.708261228338448,1000.6117964183692,0.0
625200,0.0,0.0,7.708261228338448,1000.6942655457536,0.0
625260,0.0,0.0,7.708261228338448,1000.3521523338661,0.0
625320,0.0,0.0,7.708261228338448,998.9138400862912,0.0
625380,0.0,0.0,7.708261228338448,998.6115677942853,0.0
625440,0.0,0.0,7.708261228338448,999.6087854505691,0.0
625500,0.0,0.0,7.708261228338448,1001.5197209531206,0.0
625560,0.0,0.0,7.708261228338448,1000.2221610182573,0.0
625620,0.0,0.0,7.708261228338448,1000.1779832470767,0.0
625680,0.0,0.0,7.708261228338448,998.6372315344194,0.0
625740,0.0,0.0,7.708261228338448,999.3121390610303,0.0
625800,0.0,0.0,7.708261228338448,1000.5085448789641,0.0
625860,0.0,0.0,7.708261228338448,1000.7265372070289,0.0
625920,0.0,0.0,7.708261228338448,999.0473433065775,0.0
625980,0.0,0.0,7.708261228338448,999.4297567821181,0.0
626040,0.0,0.0,7.708261228338448,998.9780282378489,0.0
626100,0.0,0.0,7.708261228338448,999.9418962575941,0.0
626160,0.0,0.0,7.708261228338448,1001.4707022475621,0.0
626220,0.0,0.0,7.708261228338448,1000.0532464785616,0.0
626280,0.0,0.0,7.708261228338448,999.4943893743571,0.0
626340,0.0,0.0,7.708261228338448,998.5877496010718,0.0
626400,0.0,0.0,7.708261228338448,999.7196408450476,0.0
626460,0.0,0.0,7.708261228338448,1000.8994211997109,0.0
626520,0.0,0.0,7.708261228338448,999.9581810666676,0.0
626580,0.0,0.0,7.708261228338448,999.5048338429701,0.0
626640,0.0,0.0,7.708261228338448,998.887752535196,0.0
626700,0.0,0.0,7.708261228338448,999.5360425363594,0.0
626760,0.0,0.0,7.708261228338448,1000.2267013039013,0.0
626820,0.0,0.0,7.708261228338448,1000.3005874985647,0.0
626880,0.0,0.0,7.708261228338448,1000.3429620347507,0.0
626940,0.0,0.0,7.708261228338448,997.8307344850889,0.0
627000,0.0,0.0,7.708261228338448,999.2063842444445,0.0
627060,0.0,0.0,7.708261228338448,1000.7421698254504,0.0
627120,0.0,0.0,7.708261228338448,1000.40695261879,0.0
627180,0.0,0.0,7.708261228338448,1000.9048608786612,0.0
627240,0.0,0.0,7.708261228338448,999.0107651895623,0.0
627300,0.0,0.0,7.708261228338448,998.8953852343412,0.0
627360,0.0,0.0,7.708261228338448,999.9765357939376,0.0
627420,0.0,0.0,7.708261228338448,1000.5699176705991,0.0
627480,0.0,0.0,7.708261228338448,1000.0474065590329,0.0
627540,0.0,0.0,7.708261228338448,999.9617488955083,0.0
627600,0.0,0.0,7.708261228338448,998.1255118731744,0.0
627660,0.0,0.0,7.708261228338448,999.795496884093,0.0
627720,0.0,0.0,7.708261228338448,1000.1950966987039,0.0
627780,0.0,0.0,7.708261228338448,1001.5906245058424,0.0
627840,0.0,0.0,7.708261228338448,998.6362424056828,0.0
627900,0.0,0.0,7.708261228338448,999.4916716492569,0.0
627960,0.0,0.0,7.708261228338448,999.0635669555742,0.0
628020,0.0,0.0,7.708261228338448,999.915708738717,0.0
628080,0.0,0.0,7.708261228338448,1001.5704817348613,0.0
628140,0.0,0.0,7.708261228338448,999.9949247745459,0.0
628200,0.0,0.0,7.708261228338448,999.5290451031896,0.0
628260,0.0,0.0,7.708261228338448,998.8304769494376,0.0
628320,0.0,0.0,7.708261228338448,999.7013066203796,0.0
628380,0.0,0.0,7.708261228338448,1000.6290934012472,0.0
628440,0.0,0.0,7.708261228338448,1000.6738292502235,0.0
628500,0.0,0.0,7.708261228338448,998.4660256052016,0.0
628560,0.0,0.0,7.708261228338448,999.1221706406868,0.0
628620,0.0,0.0,7.708261228338448,999.6752082959875,0.0
628680,0.0,0.0,7.708261228338448,1000.2333622648612,0.0
628740,0.0,0.0,7.708261228338448,1001.3769297739565,0.0
628800,0.0,0.0,7.708261228338448,998.3076054548657,0.0
628860,0.0,0.0,7.708261228338448,999.1975882479717,0.0
628920,0.0,0.0,7.708261228338448,999.0086370913643,0.0
628980,0.0,0.0,7.708261228338448,1001.1924525337346,0.0
629040,0.0,0.0,7.708261228338448,1000.3787025066512,0.0
629100,0.0,0.0,7.708261228338448,1000.9481212359758,0.0
629160,0.0,0.0,7.708261228338448,998.9906104851274,0.0
629220,0.0,0.0,7.708261228338448,998.9648426007611,0.0
629280,0.0,0.0,7.708261228338448,1000.0067311105648,0.0
629340,0.0,0.0,7.708261228338448,1000.5386192671068,0.0
629400,0.0,0.0,7.708261228338448,999.8770487479156,0.0
629460,0.0,0.0,7.708261228338448,999.9933432972306,0.0
629520,0.0,0.0,7.708261228338448,998.1165461658954,0.0
629580,0.0,0.0,7.708261228338448,999.4581186678794,0.0
629640,0.0,0.0,7.708261228338448,1001.1918271348561,0.0
629700,0.0,0.0,7.708261228338448,1000.3725387166954,0.0
629760,0.0,0.0,7.708261228338448,1000.3542944848823,0.0
629820,0.0,0.0,7.708261228338448,998.6607673463502,0.0
629880,0.0,0.0,7.708261228338448,999.1199125414593,0.0
629940,0.0,0.0,7.708261228338448,1000.3737054126126,0.0
630000,0.0,0.0,7.708261228338448,1000.7331496246128,0.0
630060,0.0,0.0,7.708261228338448,999.9020997545001,0.0
630120,0.0,0.0,7.708261228338448,998.3637614201662,0.0
630180,0.0,0.0,7.708261228338448,999.0642505779443,0.0
630240,0.0,0.0,7.708261228338448,1000.838947014683,0.0
630300,0.0,0.0,7.708261228338448,1000.4482793414071,0.0
630360,0.0,0.0,7.708261228338448,1000.711104593154,0.0
630420,0.0,0.0,7.708261228338448,998.1643020396042,0.0
630480,0.0,0.0,7.708261228338448,999.2291402123097,0.0
630540,0.0,0.0,7.708261228338448,999.7506161810468,0.0
630600,0.0,0.0,7.708261228338448,1000.1952805293732,0.0
630660,0.0,0.0,7.708261228338448,1001.4627484101584,0.0
630720,0.0,0.0,7.708261228338448,999.6354009133667,0.0
630780,0.0,0.0,7.708261228338448,999.0624764902303,0.0
630840,0.0,0.0,7.708261228338448,999.2473378191864,0.0
630900,0.0,0.0,7.708261228338448,1000.0988108441493,0.0
630960,0.0,0.0,7.708261228338448,1000.5426624795952,0.0
631020,0.0,0.0,7.708261228338448,1000.4735961083695,0.0
631080,0.0,0.0,7.708261228338448,998.0169848417146,0.0
631140,0.0,0.0,7.708261228338448,999.070546554837,0.0
631200,0.0,0.0,7.708261228338448,1000.3260997300453,0.0
631260,0.0,0.0,7.708261228338448,1000.8084926269444,0.0
631320,0.0,0.0,7.708261228338448,1000.4415557527537,0.0
631380,0.0,0.0,7.708261228338448,999.2259042680839,0.0
631440,0.0,0.0,7.708261228338448,998.2458160853138,0.0
631500,0.0,0.0,7.708261228338448,999.4657635374194,0.0
631560,0.0,0.0,7.708261228338448,1001.3787609186786,0.0
631620,0.0,0.0,7.708261228338448,1000.2927678237494,0.0
631680,0.0,0.0,7.708261228338448,1000.4625698981765,0.0
631740,0.0,0.0,7.708261228338448,998.6749237912728,0.0
631800,0.0,0.0,7.708261228338448,999.1561293610772,0.0
631860,0.0,0.0,7.708261228338448,1000.3860849615297,0.0
631920,0.0,0.0,7.708261228338448,1000.7006631840874,0.0
631980,0.0,0.0,7.708261228338448,999.3393257825375,0.0
632040,0.0,0.0,7.708261228338448,999.6028188650595,0.0
632100,0.0,0.0,7.708261228338448,998.6635921753104,0.0
632160,0.0,0.0,7.708261228338448,999.7859607612534,0.0
632220,0.0,0.0,7.708261228338448,1001.4293895732427,0.0
632280,0.0,0.0,7.708261228338448,1000.1907223485256,0.0
632340,0.0,0.0,7.708261228338448,999.7615053766677,0.0
632400,0.0,0.0,7.708261228338448,998.6536796130033,0.0
632460,0.0,0.0,7.708261228338448,999.4829441320496,0.0
632520,0.0,0.0,7.708261228338448,1001.6950290355362,0.0
632580,0.0,0.0,7.708261228338448,1000.1993858438977,0.0
632640,0.0,0.0,7.708261228338448,1000.3644947400935,0.0
632700,0.0,0.0,7.708261228338448,997.5734557321722,0.0
632760,0.0,0.0,7.708261228338448,999.2752461241186,0.0
632820,0.0,0.0,7.708261228338448,1000.121520793986,0.0
632880,0.0,0.0,7.708261228338448,1000.4164601069994,0.0
632940,0.0,0.0,7.708261228338448,1000.4764277193223,0.0
633000,0.0,0.0,7.708261228338448,997.8673042803872,0.0
633060,0.0,0.0,7.708261228338448,999.1397068109378,0.0
633120,0.0,0.0,7.708261228338448,1000.445482599087,0.0
633180,0.0,0.0,7.708261228338448,1000.3684540374974,0.0
633240,0.0,0.0,7.708261228338448,1001.1381085062529,0.0
633300,0.0,0.0,7.708261228338448,999.22353238797,0.0
633360,0.0,0.0,7.708261228338448,998.868077942115,0.0
633420,0.0,0.0,7.708261228338448,999.7343289963048,0.0
633480,0.0,0.0,7.708261228338448,1000.4359997783433,0.0
633540,0.0,0.0,7.708261228338448,1000.2615663436252,0.0
633600,0.0,0.0,7.708261228338448,1000.1563006805738,0.0
633660,0.0,0.0,7.708261228338448,997.9872683663858,0.0
633720,0.0,0.0,7.708261228338448,999.4761643633755,0.0
633780,0.0,0.0,7.708261228338448,1000.0419333176283,0.0
633840,0.0,0.0,7.708261228338448,1001.7711075087382,0.0
633900,0.0,0.0,7.708261228338448,998.9484414380196,0.0
633960,0.0,0.0,7.708261228338448,999.6753947240481,0.0
634020,0.0,0.0,7.708261228338448,998.6948061892653,0.0
634080,0.0,0.0,7.708261228338448,999.7662384401024,0.0
634140,0.0,0.0,7.708261228338448,1001.5312680205927,0.0
634200,0.0,0.0,7.708261228338448,1000.1324922042256,0.0
634260,0.0,0.0,7.708261228338448,999.8132082868826,0.0
634320,0.0,0.0,7.708261228338448,998.6943406025521,0.0
634380,0.0,0.0,7.708261228338448,999.5061667467966,0.0
634440,0.0,0.0,7.708261228338448,1000.5980776772126,0.0
634500,0.0,0.0,7.708261228338448,1000.7207375981054,0.0
634560,0.0,0.0,7.708261228338448,998.7519720483475,0.0
634620,0.0,0.0,7.708261228338448,999.2497608954384,0.0
634680,0.0,0.0,7.708261228338448,999.3316722029176,0.0
634740,0.0,0.0,7.708261228338448,1000.1027153393608,0.0
634800,0.0,0.0,7.708261228338448,1001.4454912153375,0.0
634860,0.0,0.0,7.708261228338448,998.675536673536,0.0
634920,0.0,0.0,7.708261228338448,999.3619055463116,0.0
634980,0.0,0.0,7.708261228338448,998.7897123727704,0.0
635040,0.0,0.0,7.708261228338448,1001.0000929685092,0.0
635100,0.0,0.0,7.708261228338448,1000.3420983088353,0.0
635160,0.0,0.0,7.708261228338448,1001.1900454801664,0.0
635220,0.0,0.0,7.708261228338448,999.1821129960381,0.0
635280,0.0,0.0,7.708261228338448,998.9492068453965,0.0
635340,0.0,0.0,7.708261228338448,999.7880103089007,0.0
635400,0.0,0.0,7.708261228338448,1000.418179936343,0.0
635460,0.0,0.0,7.708261228338448,1000.1027141385314,0.0
635520,0.0,0.0,7.708261228338448,1000.1636734694085,0.0
635580,0.0,0.0,7.708261228338448,997.9451608516774,0.0
635640,0.0,0.0,7.708261228338448,999.3210244903142,0.0
635700,0.0,0.0,7.708261228338448,1000.9972722850317,0.0
635760,0.0,0.0,7.708261228338448,1000.4121919485216,0.0
635820,0.0,0.0,7.708261228338448,1000.6209847306873,0.0
635880,0.0,0.0,7.708261228338448,998.8089904347593,0.0
635940,0.0,0.0,7.708261228338448,998.9866750881906,0.0
636000,0.0,0.0,7.708261228338448,1000.1992596122685,0.0
636060,0.0,0.0,7.708261228338448,1000.6756054009637,0.0
636120,0.0,0.0,7.708261228338448,1000.287245963704,0.0
636180,0.0,0.0,7.708261228338448,998.5750162941329,0.0
636240,0.0,0.0,7.708261228338448,999.0649136560079,0.0
636300,0.0,0.0,7.708261228338448,1000.4882899116153,0.0
636360,0.0,0.0,7.708261228338448,1000.4482315619538,0.0
636420,0.0,0.0,7.708261228338448,1000.7546802940914,0.0
636480,0.0,0.0,7.708261228338448,998.4445553617932,0.0
636540,0.0,0.0,7.708261228338448,999.346580604491,0.0
636600,0.0,0.0,7.708261228338448,999.4103607493713,0.0
636660,0.0,0.0,7.708261228338448,1000.0822088446391,0.0
636720,0.0,0.0,7.708261228338448,1001.5358492426795,0.0
636780,0.0,0.0,7.708261228338448,999.8133214378862,0.0
636840,0.0,0.0,7.708261228338448,999.249817685269,0.0
636900,0.0,0.0,7.708261228338448,999.0343389051903,0.0
636960,0.0,0.0,7.708261228338448,999.9201916715982,0.0
637020,0.0,0.0,7.708261228338448,1000.6139588094243,0.0
637080,0.0,0.0,7.708261228338448,1000.5835713294416,0.0
637140,0.0,0.0,7.708261228338448,998.2112765717384,0.0
637200,0.0,0.0,7.708261228338448,999.0505338328378,0.0
637260,0.0,0.0,7.708261228338448,1000.026800961482,0.0
637320,0.0,0.0,7.708261228338448,1000.8605545247525,0.0
637380,0.0,0.0,7.708261228338448,1000.4991587759058,0.0
637440,0.0,0.0,7.708261228338448,999.5601512945445,0.0
637500,0.0,0.0,7.708261228338448,997.9473354893876,0.0
637560,0.0,0.0,7.708261228338448,999.3447423794006,0.0
637620,0.0,0.0,7.708261228338448,1001.1914276530335,0.0
637680,0.0,0.0,7.708261228338448,1000.3317934202148,0.0
637740,0.0,0.0,7.708261228338448,1000.7193522099109,0.0
637800,0.0,0.0,7.708261228338448,998.8062679301314,0.0
637860,0.0,0.0,7.708261228338448,999.0343724306143,0.0
637920,0.0,0.0,7.708261228338448,1000.2327537843229,0.0
637980,0.0,0.0,7.708261228338448,1000.6466980221672,0.0
638040,0.0,0.0,7.708261228338448,999.611385592061,0.0
638100,0.0,0.0,7.708261228338448,999.7746832547937,0.0
638160,0.0,0.0,7.708261228338448,998.3914782587134,0.0
638220,0.0,0.0,7.708261228338448,999.6327807204989,0.0
638280,0.0,0.0,7.708261228338448,1001.3390870456998,0.0
638340,0.0,0.0,7.708261228338448,1000.2967352664408,0.0
638400,0.0,0.0,7.708261228338448,1000.0274144211123,0.0
638460,0.0,0.0,7.708261228338448,998.6059868182103,0.0
638520,0.0,0.0,7.708261228338448,999.3032958929915,0.0
638580,0.0,0.0,7.708261228338448,1001.6034084359874,0.0
638640,0.0,0.0,7.708261228338448,1000.2991232463468,0.0
638700,0.0,0.0,7.708261228338448,1000.5524793889272,0.0
638760,0.0,0.0,7.708261228338448,997.4037194175252,0.0
638820,0.0,0.0,7.708261228338448,999.0829016893722,0.0
638880,0.0,0.0,7.708261228338448,999.9463906214239,0.0
638940,0.0,0.0,7.708261228338448,1000.5129957112558,0.0
639000,0.0,0.0,7.708261228338448,1000.5693081041276,0.0
639060,0.0,0.0,7.708261228338448,998.0179138716153,0.0
639120,0.0,0.0,7.708261228338448,999.1275559295746,0.0
639180,0.0,0.0,7.708261228338448,1000.1475062288051,0.0
639240,0.0,0.0,7.708261228338448,1000.310680286114,0.0
639300,0.0,0.0,7.708261228338448,1001.2977611484548,0.0
639360,0.0,0.0,7.708261228338448,999.414254505974,0.0
639420,0.0,0.0,7.708261228338448,998.9053097880768,0.0
639480,0.0,0.0,7.708261228338448,999.5097175145727,0.0
639540,0.0,0.0,7.708261228338448,1000.2970721781852,0.0
639600,0.0,0.0,7.708261228338448,1000.4211971620699,0.0
639660,0.0,0.0,7.708261228338448,1000.3103914501091,0.0
639720,0.0,0.0,7.708261228338448,997.9544251847142,0.0
639780,0.0,0.0,7.708261228338448,999.1823406599821,0.0
639840,0.0,0.0,7.708261228338448,999.8969858882272,0.0
639900,0.0,0.0,7.708261228338448,1001.863188637527,0.0
639960,0.0,0.0,7.708261228338448,999.2361468121724,0.0
640020,0.0,0.0,7.708261228338448,999.8402528569569,0.0
640080,0.0,0.0,7.708261228338448,998.3883477227744,0.0
640140,0.0,0.0,7.708261228338448,999.6312900205165,0.0
640200,0.0,0.0,7.708261228338448,1001.4404481784247,0.0
640260,0.0,0.0,7.708261228338448,1000.2333855745028,0.0
640320,0.0,0.0,7.708261228338448,1000.0762569103749,0.0
640380,0.0,0.0,7.708261228338448,998.6324025969541,0.0
640440,0.0,0.0,7.708261228338448,999.338939402252,0.0
640500,0.0,0.0,7.708261228338448,1000.5288425426495,0.0
640560,0.0,0.0,7.708261228338448,1000.7340984873598,0.0
640620,0.0,0.0,7.708261228338448,999.032465474644,0.0
640680,0.0,0.0,7.708261228338448,999.3889921856321,0.0
640740,0.0,0.0,7.708261228338448,999.020599134051,0.0
640800,0.0,0.0,7.708261228338448,999.9685689072068,0.0
640860,0.0,0.0,7.708261228338448,1001.4565884673506,0.0
640920,0.0,0.0,7.708261228338448,1000.0396651470364,0.0
640980,0.0,0.0,7.708261228338448,999.4492018086145,0.0
641040,0.0,0.0,7.708261228338448,998.6273719602559,0.0
641100,0.0,0.0,7.708261228338448,999.7430353186363,0.0
641160,0.0,0.0,7.708261228338448,1000.9142007919764,0.0
641220,0.0,0.0,7.708261228338448,999.9495911031513,0.0
641280,0.0,0.0,7.708261228338448,999.484138567801,0.0
641340,0.0,0.0,7.708261228338448,998.869698659461,0.0
641400,0.0,0.0,7.708261228338448,999.5570884990998,0.0
641460,0.0,0.0,7.708261228338448,1000.2490652594963,0.0
641520,0.0,0.0,7.708261228338448,1000.301739880402,0.0
641580,0.0,0.0,7.708261228338448,1000.3251605878063,0.0
641640,0.0,0.0,7.708261228338448,997.8492874368363,0.0
641700,0.0,0.0,7.708261228338448,999.207836919269,0.0
641760,0.0,0.0,7.708261228338448,1000.7519928007637,0.0
641820,0.0,0.0,7.708261228338448,1000.4164433415496,0.0
641880,0.0,0.0,7.708261228338448,1000.8751878623788,0.0
641940,0.0,0.0,7.708261228338448,998.9963228108815,0.0
642000,0.0,0.0,7.708261228338448,998.8939186804467,0.0
642060,0.0,0.0,7.708261228338448,999.9892138097766,0.0
642120,0.0,0.0,7.708261228338448,1000.5820877216968,0.0
642180,0.0,0.0,7.708261228338448,1000.6607669480755,0.0
642240,0.0,0.0,7.708261228338448,998.8119979995917,0.0
642300,0.0,0.0,7.708261228338448,999.1368050131458,0.0
642360,0.0,0.0,7.708261228338448,1000.0922044236527,0.0
642420,0.0,0.0,7.708261228338448,1000.3988866953017,0.0
642480,0.0,0.0,7.708261228338448,1000.7655975026521,0.0
642540,0.0,0.0,7.708261228338448,998.7473698319491,0.0
642600,0.0,0.0,7.708261228338448,999.4952461085569,0.0
642660,0.0,0.0,7.708261228338448,999.0622232779348,0.0
642720,0.0,0.0,7.708261228338448,999.9478879193954,0.0
642780,0.0,0.0,7.708261228338448,1001.5616022489681,0.0
642840,0.0,0.0,7.708261228338448,999.9766570983373,0.0
642900,0.0,0.0,7.708261228338448,999.4873812368533,0.0
642960,0.0,0.0,7.708261228338448,998.847068004376,0.0
643020,0.0,0.0,7.708261228338448,999.7294621746867,0.0
643080,0.0,0.0,7.708261228338448,1000.6378589159677,0.0
643140,0.0,0.0,7.708261228338448,1000.6673506280223,0.0
643200,0.0,0.0,7.708261228338448,998.4617447961502,0.0
643260,0.0,0.0,7.708261228338448,999.0972817693303,0.0
643320,0.0,0.0,7.708261228338448,999.7040784928508,0.0
643380,0.0,0.0,7.708261228338448,1000.253106811437,0.0
643440,0.0,0.0,7.708261228338448,1001.3539565265801,0.0
643500,0.0,0.0,7.708261228338448,998.3239359288386,0.0
643560,0.0,0.0,7.708261228338448,999.17162468707,0.0
643620,0.0,0.0,7.708261228338448,999.0302093240998,0.0
643680,0.0,0.0,7.708261228338448,1001.1838216425439,0.0
643740,0.0,0.0,7.708261228338448,1000.3896267143192,0.0
643800,0.0,0.0,7.708261228338448,1000.9101579919212,0.0
643860,0.0,0.0,7.708261228338448,998.9745313408923,0.0
643920,0.0,0.0,7.708261228338448,998.961710110539,0.0
643980,0.0,0.0,7.708261228338448,1000.0210229666328,0.0
644040,0.0,0.0,7.708261228338448,1000.5523785795418,0.0
644100,0.0,0.0,7.708261228338448,999.8790726123319,0.0
644160,0.0,0.0,7.708261228338448,999.9740825179776,0.0
644220,0.0,0.0,7.708261228338448,998.13452350549,0.0
644280,0.0,0.0,7.708261228338448,999.4656258531043,0.0
644340,0.0,0.0,7.708261228338448,1001.1903621620386,0.0
644400,0.0,0.0,7.708261228338448,1000.3764179834711,0.0
644460,0.0,0.0,7.708261228338448,1000.3304443214566,0.0
644520,0.0,0.0,7.708261228338448,998.6539459670126,0.0
644580,0.0,0.0,7.708261228338448,999.1246704901394,0.0
644640,0.0,0.0,7.708261228338448,1001.4425329746657,0.0
644700,0.0,0.0,7.708261228338448,1000.3624850484423,0.0
644760,0.0,0.0,7.708261228338448,1000.7411881942575,0.0
644820,0.0,0.0,7.708261228338448,997.3210814058265,0.0
644880,0.0,0.0,7.708261228338448,998.9031013329093,0.0
644940,0.0,0.0,7.708261228338448,999.7421347139651,0.0
645000,0.0,0.0,7.708261228338448,1000.5618120718259,0.0
645060,0.0,0.0,7.708261228338448,1000.6423228117405,0.0
645120,0.0,0.0,7.708261228338448,998.2659835540154,0.0
645180,0.0,0.0,7.708261228338448,999.1872461166092,0.0
645240,0.0,0.0,7.708261228338448,999.8024853499635,0.0
645300,0.0,0.0,7.708261228338448,1000.2153608818539,0.0
645360,0.0,0.0,7.708261228338448,1001.4336653026674,0.0
645420,0.0,0.0,7.708261228338448,999.617402334068,0.0
645480,0.0,0.0,7.708261228338448,999.0309310905232,0.0
645540,0.0,0.0,7.708261228338448,999.2679343636312,0.0
645600,0.0,0.0,7.708261228338448,1000.1228737544556,0.0
645660,0.0,0.0,7.708261228338448,1000.5447703665037,0.0
645720,0.0,0.0,7.708261228338448,1000.4582344867409,0.0
645780,0.0,0.0,7.708261228338448,998.0239699814628,0.0
645840,0.0,0.0,7.708261228338448,998.8774236354202,0.0
645900,0.0,0.0,7.708261228338448,999.7319822698246,0.0
645960,0.0,0.0,7.708261228338448,1001.9075183591174,0.0
646020,0.0,0.0,7.708261228338448,999.5159011371695,0.0
646080,0.0,0.0,7.708261228338448,1000.0219677527617,0.0
646140,0.0,0.0,7.708261228338448,998.0984108690925,0.0
646200,0.0,0.0,7.708261228338448,999.4908969560703,0.0
646260,0.0,0.0,7.708261228338448,1001.297718167962,0.0
646320,0.0,0.0,7.708261228338448,1000.3095635999701,0.0
646380,0.0,0.0,7.708261228338448,1000.3638992856404,0.0
646440,0.0,0.0,7.708261228338448,998.6526440830315,0.0
646500,0.0,0.0,7.708261228338448,999.177823003702,0.0
646560,0.0,0.0,7.708261228338448,1000.4108829162597,0.0
646620,0.0,0.0,7.708261228338448,1000.7149553822267,0.0
646680,0.0,0.0,7.708261228338448,999.3239399355024,0.0
646740,0.0,0.0,7.708261228338448,999.5607586440179,0.0
646800,0.0,0.0,7.708261228338448,998.706453922863,0.0
646860,0.0,0.0,7.708261228338448,999.812141718807,0.0
646920,0.0,0.0,7.708261228338448,1001.4223096654889,0.0
646980,0.0,0.0,7.708261228338448,1000.1818005358181,0.0
647040,0.0,0.0,7.708261228338448,999.7128558566357,0.0
647100,0.0,0.0,7.708261228338448,998.2329012054959,0.0
647160,0.0,0.0,7.708261228338448,999.5678113115106,0.0
647220,0.0,0.0,7.708261228338448,1000.7756303979246,0.0
647280,0.0,0.0,7.708261228338448,1000.3180470379093,0.0
647340,0.0,0.0,7.708261228338448,999.6657058291906,0.0
647400,0.0,0.0,7.708261228338448,998.9704293315575,0.0
647460,0.0,0.0,7.708261228338448,999.3266765649246,0.0
647520,0.0,0.0,7.708261228338448,1000.092060590558,0.0
647580,0.0,0.0,7.708261228338448,1000.4417092692903,0.0
647640,0.0,0.0,7.708261228338448,1000.4557185492018,0.0
647700,0.0,0.0,7.708261228338448,997.8640074596135,0.0
647760,0.0,0.0,7.708261228338448,999.1364861118598,0.0
647820,0.0,0.0,7.708261228338448,1000.4814212645985,0.0
647880,0.0,0.0,7.708261228338448,1000.3899589450431,0.0
647940,0.0,0.0,7.708261228338448,1001.0834184999293,0.0
648000,0.0,0.0,7.708261228338448,999.1886760770502,0.0
648060,0.0,0.0,7.708261228338448,998.8573746755591,0.0
648120,0.0,0.0,7.708261228338448,999.7691134375865,0.0
648180,0.0,0.0,7.708261228338448,1000.4659174114728,0.0
648240,0.0,0.0,7.708261228338448,1000.9832837334859,0.0
648300,0.0,0.0,7.708261228338448,999.0491698959196,0.0
648360,0.0,0.0,7.708261228338448,999.2632852875392,0.0
648420,0.0,0.0,7.708261228338448,999.6837599085443,0.0
648480,0.0,0.0,7.708261228338448,1000.3111470589414,0.0
648540,0.0,0.0,7.708261228338448,1000.7452258276237,0.0
648600,0.0,0.0,7.708261228338448,999.047056460022,0.0
648660,0.0,0.0,7.708261228338448,999.6496331912077,0.0
648720,0.0,0.0,7.708261228338448,998.7411999372703,0.0
648780,0.0,0.0,7.708261228338448,999.8095077862371,0.0
648840,0.0,0.0,7.708261228338448,1001.5335279608221,0.0
648900,0.0,0.0,7.708261228338448,1000.1118386941708,0.0
648960,0.0,0.0,7.708261228338448,999.7404680529238,0.0
649020,0.0,0.0,7.708261228338448,998.7109834571761,0.0
649080,0.0,0.0,7.708261228338448,999.5467299440486,0.0
649140,0.0,0.0,7.708261228338448,1000.616282213465,0.0
649200,0.0,0.0,7.708261228338448,1000.7184196717561,0.0
649260,0.0,0.0,7.708261228338448,998.7319713038784,0.0
649320,0.0,0.0,7.708261228338448,999.2045962254688,0.0
649380,0.0,0.0,7.708261228338448,999.3850007925986,0.0
649440,0.0,0.0,7.708261228338448,1000.1352279015657,0.0
649500,0.0,0.0,7.708261228338448,1001.4203572138682,0.0
649560,0.0,0.0,7.708261228338448,998.6775046503318,0.0
649620,0.0,0.0,7.708261228338448,999.3208579851852,0.0
649680,0.0,0.0,7.708261228338448,998.8215248887301,0.0
649740,0.0,0.0,7.708261228338448,1001.0016095486257,0.0
649800,0.0,0.0,7.708261228338448,1000.3614431896701,0.0
649860,0.0,0.0,7.708261228338448,1001.1351997392792,0.0
649920,0.0,0.0,7.708261228338448,999.1542217293976,0.0
649980,0.0,0.0,7.708261228338448,998.9367246756194,0.0
650040,0.0,0.0,7.708261228338448,999.8155572221502,0.0
650100,0.0,0.0,7.708261228338448,1000.443261714563,0.0
650160,0.0,0.0,7.708261228338448,1000.0979241824814,0.0
650220,0.0,0.0,7.708261228338448,1000.1356465111242,0.0
650280,0.0,0.0,7.708261228338448,997.9721855852304,0.0
650340,0.0,0.0,7.708261228338448,999.3317776162482,0.0
650400,0.0,0.0,7.708261228338448,1001.0073412477417,0.0
650460,0.0,0.0,7.708261228338448,1000.4188891960508,0.0
650520,0.0,0.0,7.708261228338448,1000.5810722512799,0.0
650580,0.0,0.0,7.708261228338448,998.7904254235696,0.0
650640,0.0,0.0,7.708261228338448,998.993536556254,0.0
650700,0.0,0.0,7.708261228338448,1001.2208391720701,0.0
650760,0.0,0.0,7.708261228338448,1000.3876312856902,0.0
650820,0.0,0.0,7.708261228338448,1000.8775532749955,0.0
650880,0.0,0.0,7.708261228338448,997.3936514157667,0.0
650940,0.0,0.0,7.708261228338448,998.7840693206492,0.0
651000,0.0,0.0,7.708261228338448,999.5607167482117,0.0
651060,0.0,0.0,7.708261228338448,1000.5636826274069,0.0
651120,0.0,0.0,7.708261228338448,1000.6806854318023,0.0
651180,0.0,0.0,7.708261228338448,998.5317110827535,0.0
651240,0.0,0.0,7.708261228338448,999.2909215527375,0.0
651300,0.0,0.0,7.708261228338448,999.4766390626036,0.0
651360,0.0,0.0,7.708261228338448,1000.1105013160907,0.0
651420,0.0,0.0,7.708261228338448,1001.5062727457072,0.0
651480,0.0,0.0,7.708261228338448,999.7918519111462,0.0
651540,0.0,0.0,7.708261228338448,999.200973116363,0.0
651600,0.0,0.0,7.708261228338448,999.0598814331031,0.0
651660,0.0,0.0,7.708261228338448,999.9526058243421,0.0
651720,0.0,0.0,7.708261228338448,1000.6183652881518,0.0
651780,0.0,0.0,7.708261228338448,1000.5686351138219,0.0
651840,0.0,0.0,7.708261228338448,998.2076309654782,0.0
651900,0.0,0.0,7.708261228338448,999.0373857101202,0.0
651960,0.0,0.0,7.708261228338448,1000.0571578212836,0.0
652020,0.0,0.0,7.708261228338448,1000.8633601456123,0.0
652080,0.0,0.0,7.708261228338448,1000.4994333539316,0.0
652140,0.0,0.0,7.708261228338448,999.5186576071303,0.0
652200,0.0,0.0,7.708261228338448,997.9827957412632,0.0
652260,0.0,0.0,7.708261228338448,999.3536955661185,0.0
652320,0.0,0.0,7.708261228338448,1001.1966259347262,0.0
652380,0.0,0.0,7.708261228338448,1000.3388634376523,0.0
652440,0.0,0.0,7.708261228338448,1000.6775931397123,0.0
652500,0.0,0.0,7.708261228338448,998.788792475005,0.0
652560,0.0,0.0,7.708261228338448,999.0399063698766,0.0
652620,0.0,0.0,7.708261228338448,1000.2482882149307,0.0
652680,0.0,0.0,7.708261228338448,1000.6587152676096,0.0
652740,0.0,0.0,7.708261228338448,999.6103667877086,0.0
652800,0.0,0.0,7.708261228338448,999.7503317969953,0.0
652860,0.0,0.0,7.708261228338448,998.4130025958773,0.0
652920,0.0,0.0,7.708261228338448,999.6451696522099,0.0
652980,0.0,0.0,7.708261228338448,1001.3352094790894,0.0
653040,0.0,0.0,7.708261228338448,1000.2971570301927,0.0
653100,0.0,0.0,7.708261228338448,999.9998063562266,0.0
653160,0.0,0.0,7.708261228338448,997.8722326231268,0.0
653220,0.0,0.0,7.708261228338448,999.3916285165634,0.0
653280,0.0,0.0,7.708261228338448,1000.5978204049806,0.0
653340,0.0,0.0,7.708261228338448,1000.6528119924665,0.0
653400,0.0,0.0,7.708261228338448,999.8396827555486,0.0
653460,0.0,0.0,7.708261228338448,999.1508481252604,0.0
653520,0.0,0.0,7.708261228338448,999.1012686548569,0.0
653580,0.0,0.0,7.708261228338448,999.9174046411139,0.0
653640,0.0,0.0,7.708261228338448,1000.5372159300231,0.0
653700,0.0,0.0,7.708261228338448,1000.5652678448154,0.0
653760,0.0,0.0,7.708261228338448,997.9984457828979,0.0
653820,0.0,0.0,7.708261228338448,999.1138720228898,0.0
653880,0.0,0.0,7.708261228338448,1000.1751762874236,0.0
653940,0.0,0.0,7.708261228338448,1000.3308373775081,0.0
654000,0.0,0.0,7.708261228338448,1001.2614491610532,0.0
654060,0.0,0.0,7.708261228338448,999.3910261160675,0.0
654120,0.0,0.0,7.708261228338448,998.8864714530176,0.0
654180,0.0,0.0,7.708261228338448,999.5332056769643,0.0
654240,0.0,0.0,7.708261228338448,1000.3211008899035,0.0
654300,0.0,0.0,7.708261228338448,1000.4195546013245,0.0
654360,0.0,0.0,7.708261228338448,1000.2886943981506,0.0
654420,0.0,0.0,7.708261228338448,997.9683670181274,0.0
654480,0.0,0.0,7.708261228338448,999.2037779658399,0.0
654540,0.0,0.0,7.708261228338448,999.9175009613674,0.0
654600,0.0,0.0,7.708261228338448,1001.8295306544832,0.0
654660,0.0,0.0,7.708261228338448,999.2434509698118,0.0
654720,0.0,0.0,7.708261228338448,999.8122707416871,0.0
654780,0.0,0.0,7.708261228338448,998.4163081534351,0.0
654840,0.0,0.0,7.708261228338448,999.6440813005762,0.0
654900,0.0,0.0,7.708261228338448,1001.4353746965103,0.0
654960,0.0,0.0,7.708261228338448,1000.2336311990974,0.0
655020,0.0,0.0,7.708261228338448,1000.0440667137208,0.0
655080,0.0,0.0,7.708261228338448,998.6311835709744,0.0
655140,0.0,0.0,7.708261228338448,999.3494134761906,0.0
655200,0.0,0.0,7.708261228338448,1000.5377198534486,0.0
655260,0.0,0.0,7.708261228338448,1000.7377918720246,0.0
655320,0.0,0.0,7.708261228338448,999.0362017778009,0.0
655380,0.0,0.0,7.708261228338448,999.3694791356302,0.0
655440,0.0,0.0,7.708261228338448,999.0339406897804,0.0
655500,0.0,0.0,7.708261228338448,999.9794837820958,0.0
655560,0.0,0.0,7.708261228338448,1001.4466792138377,0.0
655620,0.0,0.0,7.708261228338448,999.0554262287959,0.0
655680,0.0,0.0,7.708261228338448,999.5057987396766,0.0
655740,0.0,0.0,7.708261228338448,998.6288626612594,0.0
655800,0.0,0.0,7.708261228338448,1000.7451855701563,0.0
655860,0.0,0.0,7.708261228338448,1000.2950745593702,0.0
655920,0.0,0.0,7.708261228338448,1001.353020313947,0.0
655980,0.0,0.0,7.708261228338448,999.3576629932232,0.0
656040,0.0,0.0,7.708261228338448,998.9806011804204,0.0
656100,0.0,0.0,7.708261228338448,999.5761767377911,0.0
656160,0.0,0.0,7.708261228338448,1000.2953575310552,0.0
656220,0.0,0.0,7.708261228338448,1000.2915215999385,0.0
656280,0.0,0.0,7.708261228338448,1000.3007988318095,0.0
656340,0.0,0.0,7.708261228338448,997.8737485496723,0.0
656400,0.0,0.0,7.708261228338448,999.2121392176995,0.0
656460,0.0,0.0,7.708261228338448,1000.7687212322967,0.0
656520,0.0,0.0,7.708261228338448,1000.4270086704513,0.0
656580,0.0,0.0,7.708261228338448,1000.8372012209185,0.0
656640,0.0,0.0,7.708261228338448,998.976165206641,0.0
656700,0.0,0.0,7.708261228338448,998.8942619622819,0.0
656760,0.0,0.0,7.708261228338448,1000.9313095780811,0.0
656820,0.0,0.0,7.708261228338448,1000.3714587455319,0.0
656880,0.0,0.0,7.708261228338448,1000.994195564915,0.0
656940,0.0,0.0,7.708261228338448,997.6175655083904,0.0
657000,0.0,0.0,7.708261228338448,998.7213416202155,0.0
657060,0.0,0.0,7.708261228338448,999.3712123973531,0.0
657120,0.0,0.0,7.708261228338448,1000.5141253584676,0.0
657180,0.0,0.0,7.708261228338448,1000.6903905640678,0.0
657240,0.0,0.0,7.708261228338448,998.825732053974,0.0
657300,0.0,0.0,7.708261228338448,999.4362970775572,0.0
657360,0.0,0.0,7.708261228338448,999.1282840006885,0.0
657420,0.0,0.0,7.708261228338448,999.9776222641572,0.0
657480,0.0,0.0,7.708261228338448,1001.5392541282877,0.0
657540,0.0,0.0,7.708261228338448,999.9598309619938,0.0
657600,0.0,0.0,7.708261228338448,999.4311560846046,0.0
657660,0.0,0.0,7.708261228338448,998.8672392217393,0.0
657720,0.0,0.0,7.708261228338448,999.7614146675257,0.0
657780,0.0,0.0,7.708261228338448,1000.6467582657192,0.0
657840,0.0,0.0,7.708261228338448,1000.6586570762275,0.0
657900,0.0,0.0,7.708261228338448,998.453820519936,0.0
657960,0.0,0.0,7.708261228338448,999.0717517322771,0.0
658020,0.0,0.0,7.708261228338448,999.7381663523895,0.0
658080,0.0,0.0,7.708261228338448,1000.8583170838959,0.0
658140,0.0,0.0,7.708261228338448,1000.5333788444423,0.0
658200,0.0,0.0,7.708261228338448,999.87545365426,0.0
658260,0.0,0.0,7.708261228338448,997.7530720830042,0.0
658320,0.0,0.0,7.708261228338448,999.2492628781406,0.0
658380,0.0,0.0,7.708261228338448,1000.9668880149701,0.0
658440,0.0,0.0,7.708261228338448,1000.3508055664646,0.0
658500,0.0,0.0,7.708261228338448,1000.9217559121166,0.0
658560,0.0,0.0,7.708261228338448,998.9575490838276,0.0
658620,0.0,0.0,7.708261228338448,998.9482060828526,0.0
658680,0.0,0.0,7.708261228338448,1000.0624058550328,0.0
658740,0.0,0.0,7.708261228338448,1000.5772641082766,0.0
658800,0.0,0.0,7.708261228338448,999.8647333157437,0.0
658860,0.0,0.0,7.708261228338448,999.9283103979332,0.0
658920,0.0,0.0,7.708261228338448,998.179308376074,0.0
658980,0.0,0.0,7.708261228338448,999.4904697281376,0.0
659040,0.0,0.0,7.708261228338448,1001.2008271068376,0.0
659100,0.0,0.0,7.708261228338448,1000.3771666301791,0.0
659160,0.0,0.0,7.708261228338448,1000.2706563748843,0.0
659220,0.0,0.0,7.708261228338448,997.595527854778,0.0
659280,0.0,0.0,7.708261228338448,999.2383059483163,0.0
659340,0.0,0.0,7.708261228338448,1000.4000732761394,0.0
659400,0.0,0.0,7.708261228338448,1000.9260933680682,0.0
659460,0.0,0.0,7.708261228338448,999.9888050684681,0.0
659520,0.0,0.0,7.708261228338448,999.3731774112007,0.0
659580,0.0,0.0,7.708261228338448,998.9096085552533,0.0
659640,0.0,0.0,7.708261228338448,999.7453875155348,0.0
659700,0.0,0.0,7.708261228338448,1000.5846791092123,0.0
659760,0.0,0.0,7.708261228338448,1000.6434923330979,0.0
659820,0.0,0.0,7.708261228338448,998.229438294138,0.0
659880,0.0,0.0,7.708261228338448,999.149333848185,0.0
659940,0.0,0.0,7.708261228338448,999.8589635163086,0.0
660000,0.0,0.0,7.708261228338448,1000.2487330001314,0.0
660060,0.0,0.0,7.708261228338448,1001.3895747250003,0.0
660120,0.0,0.0,7.708261228338448,999.5827259089456,0.0
660180,0.0,0.0,7.708261228338448,998.9870065964066,0.0
660240,0.0,0.0,7.708261228338448,999.3058321909019,0.0
660300,0.0,0.0,7.708261228338448,1000.1627306561516,0.0
660360,0.0,0.0,7.708261228338448,1000.5423178115444,0.0
660420,0.0,0.0,7.708261228338448,1000.4306202526217,0.0
660480,0.0,0.0,7.708261228338448,998.0279223666704,0.0
660540,0.0,0.0,7.708261228338448,998.9168715424288,0.0
660600,0.0,0.0,7.708261228338448,999.7631510618966,0.0
660660,0.0,0.0,7.708261228338448,1001.8680594538752,0.0
660720,0.0,0.0,7.708261228338448,999.5146891417917,0.0
660780,0.0,0.0,7.708261228338448,999.9816767956518,0.0
660840,0.0,0.0,7.708261228338448,998.1444429632147,0.0
660900,0.0,0.0,7.708261228338448,999.5090145134569,0.0
660960,0.0,0.0,7.708261228338448,1001.3029659094857,0.0
661020,0.0,0.0,7.708261228338448,1000.3112254811565,0.0
661080,0.0,0.0,7.708261228338448,1000.3111967779837,0.0
661140,0.0,0.0,7.708261228338448,998.6413268476908,0.0
661200,0.0,0.0,7.708261228338448,999.1932964280879,0.0
661260,0.0,0.0,7.708261228338448,1000.4288300825531,0.0
661320,0.0,0.0,7.708261228338448,1000.7245070366743,0.0
661380,0.0,0.0,7.708261228338448,999.3170126840346,0.0
661440,0.0,0.0,7.708261228338448,999.5287774738358,0.0
661500,0.0,0.0,7.708261228338448,998.7362485579317,0.0
661560,0.0,0.0,7.708261228338448,999.8313222388954,0.0
661620,0.0,0.0,7.708261228338448,1001.4147237637851,0.0
661680,0.0,0.0,7.708261228338448,999.4059236953858,0.0
661740,0.0,0.0,7.708261228338448,999.670116205567,0.0
661800,0.0,0.0,7.708261228338448,998.5035955964507,0.0
661860,0.0,0.0,7.708261228338448,1000.4513183263763,0.0
661920,0.0,0.0,7.708261228338448,1000.2153888769107,0.0
661980,0.0,0.0,7.708261228338448,1001.4989027518073,0.0
662040,0.0,0.0,7.708261228338448,999.5374095998802,0.0
662100,0.0,0.0,7.708261228338448,999.0853532498916,0.0
662160,0.0,0.0,7.708261228338448,999.3568644431057,0.0
662220,0.0,0.0,7.708261228338448,1000.1464989153785,0.0
662280,0.0,0.0,7.708261228338448,1000.4338055065881,0.0
662340,0.0,0.0,7.708261228338448,1000.4296936718684,0.0
662400,0.0,0.0,7.708261228338448,997.882943046846,0.0
662460,0.0,0.0,7.708261228338448,999.134190138122,0.0
662520,0.0,0.0,7.708261228338448,1000.5125897915436,0.0
662580,0.0,0.0,7.708261228338448,1000.4070137372828,0.0
662640,0.0,0.0,7.708261228338448,1001.0382109143546,0.0
662700,0.0,0.0,7.708261228338448,999.1606911914258,0.0
662760,0.0,0.0,7.708261228338448,998.8497305895655,0.0
662820,0.0,0.0,7.708261228338448,999.7967008970776,0.0
662880,0.0,0.0,7.708261228338448,1000.4899540642928,0.0
662940,0.0,0.0,7.708261228338448,1000.9428791430869,0.0
663000,0.0,0.0,7.708261228338448,999.035908680119,0.0
663060,0.0,0.0,7.708261228338448,999.2282488092079,0.0
663120,0.0,0.0,7.708261228338448,999.7099922707572,0.0
663180,0.0,0.0,7.708261228338448,1000.3305080828661,0.0
663240,0.0,0.0,7.708261228338448,1000.7553695238971,0.0
663300,0.0,0.0,7.708261228338448,999.0459233650546,0.0
663360,0.0,0.0,7.708261228338448,999.618932167969,0.0
663420,0.0,0.0,7.708261228338448,998.7715430184679,0.0
663480,0.0,0.0,7.708261228338448,999.8268778332413,0.0
663540,0.0,0.0,7.708261228338448,1001.5229820787334,0.0
663600,0.0,0.0,7.708261228338448,1000.1072019821994,0.0
663660,0.0,0.0,7.708261228338448,999.7059403260993,0.0
663720,0.0,0.0,7.708261228338448,998.7161751831205,0.0
663780,0.0,0.0,7.708261228338448,999.5624186961066,0.0
663840,0.0,0.0,7.708261228338448,1000.624653672114,0.0
663900,0.0,0.0,7.708261228338448,1000.7180641224462,0.0
663960,0.0,0.0,7.708261228338448,998.733792884361,0.0
664020,0.0,0.0,7.708261228338448,999.184021747408,0.0
664080,0.0,0.0,7.708261228338448,999.4007910952259,0.0
664140,0.0,0.0,7.708261228338448,1000.7911437728084,0.0
664200,0.0,0.0,7.708261228338448,1000.535259815817,0.0
664260,0.0,0.0,7.708261228338448,1000.2495588259931,0.0
664320,0.0,0.0,7.708261228338448,997.6184374597751,0.0
664380,0.0,0.0,7.708261228338448,999.1790346485396,0.0
664440,0.0,0.0,7.708261228338448,1000.6889904803664,0.0
664500,0.0,0.0,7.708261228338448,1000.3301024291412,0.0
664560,0.0,0.0,7.708261228338448,1001.145106684017,0.0
664620,0.0,0.0,7.708261228338448,999.147361569511,0.0
664680,0.0,0.0,7.708261228338448,998.9051034425775,0.0
664740,0.0,0.0,7.708261228338448,999.8471094468398,0.0
664800,0.0,0.0,7.708261228338448,1000.4646673712772,0.0
664860,0.0,0.0,7.708261228338448,1000.0936470913924,0.0
664920,0.0,0.0,7.708261228338448,1000.1052206896999,0.0
664980,0.0,0.0,7.708261228338448,998.0001023926797,0.0
665040,0.0,0.0,7.708261228338448,999.3444645988961,0.0
665100,0.0,0.0,7.708261228338448,1001.0180413461941,0.0
665160,0.0,0.0,7.708261228338448,1000.4251525573985,0.0
665220,0.0,0.0,7.708261228338448,1000.5388357051921,0.0
665280,0.0,0.0,7.708261228338448,998.7706697560412,0.0
665340,0.0,0.0,7.708261228338448,999.0020514387122,0.0
665400,0.0,0.0,7.708261228338448,1001.2117319046886,0.0
665460,0.0,0.0,7.708261228338448,1000.398704635534,0.0
665520,0.0,0.0,7.708261228338448,1000.8574851476407,0.0
665580,0.0,0.0,7.708261228338448,997.425924607585,0.0
665640,0.0,0.0,7.708261228338448,998.7887508740712,0.0
665700,0.0,0.0,7.708261228338448,999.5796757303914,0.0
665760,0.0,0.0,7.708261228338448,1000.5734165050973,0.0
665820,0.0,0.0,7.708261228338448,1000.6817780537315,0.0
665880,0.0,0.0,7.708261228338448,998.535707520185,0.0
665940,0.0,0.0,7.708261228338448,999.26832318048,0.0
666000,0.0,0.0,7.708261228338448,999.4946060338524,0.0
666060,0.0,0.0,7.708261228338448,1000.1244331106358,0.0
666120,0.0,0.0,7.708261228338448,1001.4898213671001,0.0
666180,0.0,0.0,7.708261228338448,999.784748081263,0.0
666240,0.0,0.0,7.708261228338448,999.1800953319419,0.0
666300,0.0,0.0,7.708261228338448,999.067523989349,0.0
666360,0.0,0.0,7.708261228338448,999.9656687675688,0.0
666420,0.0,0.0,7.708261228338448,1000.6233582066084,0.0
666480,0.0,0.0,7.708261228338448,1000.5629517363395,0.0
666540,0.0,0.0,7.708261228338448,998.2180259224393,0.0
666600,0.0,0.0,7.708261228338448,998.6287677466253,0.0
666660,0.0,0.0,7.708261228338448,999.5899379579035,0.0
666720,0.0,0.0,7.708261228338448,1001.8544118005497,0.0
666780,0.0,0.0,7.708261228338448,999.7722526877786,0.0
666840,0.0,0.0,7.708261228338448,1000.1666306129642,0.0
666900,0.0,0.0,7.708261228338448,997.9001698243767,0.0
666960,0.0,0.0,7.708261228338448,999.3745979165359,0.0
667020,0.0,0.0,7.708261228338448,1001.1129520699349,0.0
667080,0.0,0.0,7.708261228338448,1000.3596289646345,0.0
667140,0.0,0.0,7.708261228338448,1000.6014230911759,0.0
667200,0.0,0.0,7.708261228338448,998.7611141332828,0.0
667260,0.0,0.0,7.708261228338448,999.0512321708886,0.0
667320,0.0,0.0,7.708261228338448,1000.268642221339,0.0
667380,0.0,0.0,7.708261228338448,1000.6740619573866,0.0
667440,0.0,0.0,7.708261228338448,999.6029110758675,0.0
667500,0.0,0.0,7.708261228338448,999.7188362367475,0.0
667560,0.0,0.0,7.708261228338448,998.4424530967378,0.0
667620,0.0,0.0,7.708261228338448,999.6628376751707,0.0
667680,0.0,0.0,7.708261228338448,1001.332844925494,0.0
667740,0.0,0.0,7.708261228338448,999.7499275241164,0.0
667800,0.0,0.0,7.708261228338448,999.847386009106,0.0
667860,0.0,0.0,7.708261228338448,998.4316827176448,0.0
667920,0.0,0.0,7.708261228338448,1000.0971916885261,0.0
667980,0.0,0.0,7.708261228338448,1000.1040114577264,0.0
668040,0.0,0.0,7.708261228338448,1001.6142768560613,0.0
668100,0.0,0.0,7.708261228338448,999.7199891484356,0.0
668160,0.0,0.0,7.708261228338448,999.266830098386,0.0
668220,0.0,0.0,7.708261228338448,999.1320862530896,0.0
668280,0.0,0.0,7.708261228338448,999.9703560453081,0.0
668340,0.0,0.0,7.708261228338448,1000.5362819425322,0.0
668400,0.0,0.0,7.708261228338448,1000.5454614279654,0.0
668460,0.0,0.0,7.708261228338448,998.0043222761302,0.0
668520,0.0,0.0,7.708261228338448,999.0994328578236,0.0
668580,0.0,0.0,7.708261228338448,1000.2124682233923,0.0
668640,0.0,0.0,7.708261228338448,1000.3521612411303,0.0
668700,0.0,0.0,7.708261228338448,1001.2210586220358,0.0
668760,0.0,0.0,7.708261228338448,999.3638841585512,0.0
668820,0.0,0.0,7.708261228338448,998.8671046398358,0.0
668880,0.0,0.0,7.708261228338448,999.56111734622,0.0
668940,0.0,0.0,7.708261228338448,1000.3482280156936,0.0
669000,0.0,0.0,7.708261228338448,1001.2273104998627,0.0
669060,0.0,0.0,7.708261228338448,999.276337215242,0.0
669120,0.0,0.0,7.708261228338448,999.3938357311167,0.0
669180,0.0,0.0,7.708261228338448,999.2870054507895,0.0
669240,0.0,0.0,7.708261228338448,1000.2033897652382,0.0
669300,0.0,0.0,7.708261228338448,1000.7073926853849,0.0
669360,0.0,0.0,7.708261228338448,999.3414361124459,0.0
669420,0.0,0.0,7.708261228338448,999.7857430998479,0.0
669480,0.0,0.0,7.708261228338448,998.4695199893816,0.0
669540,0.0,0.0,7.708261228338448,999.6792276594356,0.0
669600,0.0,0.0,7.708261228338448,1001.4502828142271,0.0
669660,0.0,0.0,7.708261228338448,1000.2218196492423,0.0
669720,0.0,0.0,7.708261228338448,999.9781031926625,0.0
669780,0.0,0.0,7.708261228338448,998.6340276873472,0.0
669840,0.0,0.0,7.708261228338448,999.3810489566603,0.0
669900,0.0,0.0,7.708261228338448,1000.5590146897076,0.0
669960,0.0,0.0,7.708261228338448,1000.742336246657,0.0
670020,0.0,0.0,7.708261228338448,999.018300003469,0.0
670080,0.0,0.0,7.708261228338448,999.3255775746891,0.0
670140,0.0,0.0,7.708261228338448,999.0809088383608,0.0
670200,0.0,0.0,7.708261228338448,1000.6706417656945,0.0
670260,0.0,0.0,7.708261228338448,1000.5087690189836,0.0
670320,0.0,0.0,7.708261228338448,1000.5964668125179,0.0
670380,0.0,0.0,7.708261228338448,997.6211103790092,0.0
670440,0.0,0.0,7.708261228338448,999.1555613478243,0.0
670500,0.0,0.0,7.708261228338448,1000.3860364686575,0.0
670560,0.0,0.0,7.708261228338448,1000.2837199267327,0.0
670620,0.0,0.0,7.708261228338448,1001.3206952151808,0.0
670680,0.0,0.0,7.708261228338448,999.3351877082475,0.0
670740,0.0,0.0,7.708261228338448,998.921044165621,0.0
670800,0.0,0.0,7.708261228338448,999.6257867843065,0.0
670860,0.0,0.0,7.708261228338448,1000.3343106780012,0.0
670920,0.0,0.0,7.708261228338448,1000.2817900521785,0.0
670980,0.0,0.0,7.708261228338448,1000.2613094676663,0.0
671040,0.0,0.0,7.708261228338448,997.9040247896746,0.0
671100,0.0,0.0,7.708261228338448,999.2247690331353,0.0
671160,0.0,0.0,7.708261228338448,1000.7996823174842,0.0
671220,0.0,0.0,7.708261228338448,1000.4406305275797,0.0
671280,0.0,0.0,7.708261228338448,1000.7761288674909,0.0
671340,0.0,0.0,7.708261228338448,998.940940491775,0.0
671400,0.0,0.0,7.708261228338448,998.8998790500203,0.0
671460,0.0,0.0,7.708261228338448,1000.9390619608992,0.0
671520,0.0,0.0,7.708261228338448,1000.3905556790115,0.0
671580,0.0,0.0,7.708261228338448,1000.9705135893776,0.0
671640,0.0,0.0,7.708261228338448,997.6417744028353,0.0
671700,0.0,0.0,7.708261228338448,998.7202001990197,0.0
671760,0.0,0.0,7.708261228338448,999.3994188220255,0.0
671820,0.0,0.0,7.708261228338448,1000.5316979509768,0.0
671880,0.0,0.0,7.708261228338448,1000.6968298700834,0.0
671940,0.0,0.0,7.708261228338448,998.8176624391907,0.0
672000,0.0,0.0,7.708261228338448,999.3993153467038,0.0
672060,0.0,0.0,7.708261228338448,999.1668352908544,0.0
672120,0.0,0.0,7.708261228338448,1000.0008259229267,0.0
672180,0.0,0.0,7.708261228338448,1001.5216898490488,0.0
672240,0.0,0.0,7.708261228338448,999.9473981441768,0.0
672300,0.0,0.0,7.708261228338448,999.3914296652896,0.0
672360,0.0,0.0,7.708261228338448,998.8813988382419,0.0
672420,0.0,0.0,7.708261228338448,999.7847794039146,0.0
672480,0.0,0.0,7.708261228338448,1000.6538881831281,0.0
672540,0.0,0.0,7.708261228338448,1000.6518999491032,0.0
672600,0.0,0.0,7.708261228338448,998.4853761458598,0.0
672660,0.0,0.0,7.708261228338448,998.4136434025274,0.0
672720,0.0,0.0,7.708261228338448,999.4438577697862,0.0
672780,0.0,0.0,7.708261228338448,1001.7646563214573,0.0
672840,0.0,0.0,7.708261228338448,999.9835116785617,0.0
672900,0.0,0.0,7.708261228338448,1000.3151074144291,0.0
672960,0.0,0.0,7.708261228338448,997.7554485806306,0.0
673020,0.0,0.0,7.708261228338448,999.2743128652061,0.0
673080,0.0,0.0,7.708261228338448,1000.8944797986962,0.0
673140,0.0,0.0,7.708261228338448,1000.3768064955672,0.0
673200,0.0,0.0,7.708261228338448,1000.8393418360224,0.0
673260,0.0,0.0,7.708261228338448,998.9198686915719,0.0
673320,0.0,0.0,7.708261228338448,998.9555976022705,0.0
673380,0.0,0.0,7.708261228338448,1000.0928143917989,0.0
673440,0.0,0.0,7.708261228338448,1000.6015255979293,0.0
673500,0.0,0.0,7.708261228338448,999.851922467201,0.0
673560,0.0,0.0,7.708261228338448,999.8897628929122,0.0
673620,0.0,0.0,7.708261228338448,998.2160864681651,0.0
673680,0.0,0.0,7.708261228338448,999.5114080781982,0.0
673740,0.0,0.0,7.708261228338448,1001.2071851784589,0.0
673800,0.0,0.0,7.708261228338448,1000.3777797779649,0.0
673860,0.0,0.0,7.708261228338448,1000.221821435548,0.0
673920,0.0,0.0,7.708261228338448,997.6417507384701,0.0
673980,0.0,0.0,7.708261228338448,999.2525671698179,0.0
674040,0.0,0.0,7.708261228338448,1000.4265151561532,0.0
674100,0.0,0.0,7.708261228338448,1000.9091844303176,0.0
674160,0.0,0.0,7.708261228338448,999.9774228176335,0.0
674220,0.0,0.0,7.708261228338448,999.3325036659971,0.0
674280,0.0,0.0,7.708261228338448,998.9240215581261,0.0
674340,0.0,0.0,7.708261228338448,999.7672126843993,0.0
674400,0.0,0.0,7.708261228338448,1000.5920467266063,0.0
674460,0.0,0.0,7.708261228338448,1000.6381729354126,0.0
674520,0.0,0.0,7.708261228338448,998.2335824427025,0.0
674580,0.0,0.0,7.708261228338448,999.130694855777,0.0
674640,0.0,0.0,7.708261228338448,999.8781793302904,0.0
674700,0.0,0.0,7.708261228338448,1000.2637005157617,0.0
674760,0.0,0.0,7.708261228338448,1001.3679799722373,0.0
674820,0.0,0.0,7.708261228338448,999.5710208380588,0.0
674880,0.0,0.0,7.708261228338448,998.9682594759382,0.0
674940,0.0,0.0,7.708261228338448,999.3176451660216,0.0
675000,0.0,0.0,7.708261228338448,1000.1783283685609,0.0
675060,0.0,0.0,7.708261228338448,1001.4670756700377,0.0
675120,0.0,0.0,7.708261228338448,999.5122387330373,0.0
675180,0.0,0.0,7.708261228338448,999.5970300996463,0.0
675240,0.0,0.0,7.708261228338448,998.8514182012658,0.0
675300,0.0,0.0,7.708261228338448,1000.0371637375898,0.0
675360,0.0,0.0,7.708261228338448,1000.6251088235302,0.0
675420,0.0,0.0,7.708261228338448,999.6246378237144,0.0
675480,0.0,0.0,7.708261228338448,999.9589066688352,0.0
675540,0.0,0.0,7.708261228338448,998.1983448447579,0.0
675600,0.0,0.0,7.708261228338448,999.5298988212288,0.0
675660,0.0,0.0,7.708261228338448,1001.3258052286153,0.0
675720,0.0,0.0,7.708261228338448,1000.3084707355255,0.0
675780,0.0,0.0,7.708261228338448,1000.2628508397273,0.0
675840,0.0,0.0,7.708261228338448,998.6318900141672,0.0
675900,0.0,0.0,7.708261228338448,999.2107606253795,0.0
675960,0.0,0.0,7.708261228338448,1000.447658704284,0.0
676020,0.0,0.0,7.708261228338448,1000.7334572626223,0.0
676080,0.0,0.0,7.708261228338448,999.3082659630929,0.0
676140,0.0,0.0,7.708261228338448,999.4949071560553,0.0
676200,0.0,0.0,7.708261228338448,998.7681756371184,0.0
676260,0.0,0.0,7.708261228338448,999.8521741056549,0.0
676320,0.0,0.0,7.708261228338448,1001.4068908076173,0.0
676380,0.0,0.0,7.708261228338448,999.4118750422493,0.0
676440,0.0,0.0,7.708261228338448,999.6455185642906,0.0
676500,0.0,0.0,7.708261228338448,998.5133736459322,0.0
676560,0.0,0.0,7.708261228338448,1000.4540828095226,0.0
676620,0.0,0.0,7.708261228338448,1000.2323059575233,0.0
676680,0.0,0.0,7.708261228338448,1001.4696455879327,0.0
676740,0.0,0.0,7.708261228338448,999.5243962367678,0.0
676800,0.0,0.0,7.708261228338448,999.0629236861535,0.0
676860,0.0,0.0,7.708261228338448,999.3704215516367,0.0
676920,0.0,0.0,7.708261228338448,1000.1637532545242,0.0
676980,0.0,0.0,7.708261228338448,1000.4378737140948,0.0
677040,0.0,0.0,7.708261228338448,1000.4185752685568,0.0
677100,0.0,0.0,7.708261228338448,997.8955631176867,0.0
677160,0.0,0.0,7.708261228338448,999.1311044365448,0.0
677220,0.0,0.0,7.708261228338448,1000.5192878416563,0.0
677280,0.0,0.0,7.708261228338448,1000.4163113268348,0.0
677340,0.0,0.0,7.708261228338448,1001.0173772860334,0.0
677400,0.0,0.0,7.708261228338448,999.151164225061,0.0
677460,0.0,0.0,7.708261228338448,998.8446913473417,0.0
677520,0.0,0.0,7.708261228338448,1000.5939096633846,0.0
677580,0.0,0.0,7.708261228338448,1000.3361956811045,0.0
677640,0.0,0.0,7.708261228338448,1001.0595194261939,0.0
677700,0.0,0.0,7.708261228338448,997.9650390930994,0.0
677760,0.0,0.0,7.708261228338448,998.7332712805496,0.0
677820,0.0,0.0,7.708261228338448,999.2153913743422,0.0
677880,0.0,0.0,7.708261228338448,1000.4341931851937,0.0
677940,0.0,0.0,7.708261228338448,1000.6782212572379,0.0
678000,0.0,0.0,7.708261228338448,999.1219442374728,0.0
678060,0.0,0.0,7.708261228338448,999.5712448690605,0.0
678120,0.0,0.0,7.708261228338448,998.8189431866763,0.0
678180,0.0,0.0,7.708261228338448,999.848962610162,0.0
678240,0.0,0.0,7.708261228338448,1001.5092358553893,0.0
678300,0.0,0.0,7.708261228338448,1000.0997100553259,0.0
678360,0.0,0.0,7.708261228338448,999.6603144526063,0.0
678420,0.0,0.0,7.708261228338448,998.7248377810104,0.0
678480,0.0,0.0,7.708261228338448,999.5842546751304,0.0
678540,0.0,0.0,7.708261228338448,1000.6348270329349,0.0
678600,0.0,0.0,7.708261228338448,1000.7162882965231,0.0
678660,0.0,0.0,7.708261228338448,998.8285543443425,0.0
678720,0.0,0.0,7.708261228338448,998.2487322986474,0.0
678780,0.0,0.0,7.708261228338448,999.3022416103848,0.0
678840,0.0,0.0,7.708261228338448,1001.6129310357585,0.0
678900,0.0,0.0,7.708261228338448,1000.1622488390806,0.0
678960,0.0,0.0,7.708261228338448,1000.4588459071947,0.0
679020,0.0,0.0,7.708261228338448,997.6872218577802,0.0
679080,0.0,0.0,7.708261228338448,999.2016473440901,0.0
679140,0.0,0.0,7.708261228338448,1000.6247937839119,0.0
679200,0.0,0.0,7.708261228338448,1000.3607312260332,0.0
679260,0.0,0.0,7.708261228338448,1001.0723454005583,0.0
679320,0.0,0.0,7.708261228338448,999.1085115347696,0.0
679380,0.0,0.0,7.708261228338448,998.9021723017539,0.0
679440,0.0,0.0,7.708261228338448,999.879844549185,0.0
679500,0.0,0.0,7.708261228338448,1000.4937017455262,0.0
679560,0.0,0.0,7.708261228338448,1000.0833728291793,0.0
679620,0.0,0.0,7.708261228338448,1000.0699621986071,0.0
679680,0.0,0.0,7.708261228338448,998.0320026354868,0.0
679740,0.0,0.0,7.708261228338448,999.360667438197,0.0
679800,0.0,0.0,7.708261228338448,1001.0313048414121,0.0
679860,0.0,0.0,7.708261228338448,1000.4308289228684,0.0
679920,0.0,0.0,7.708261228338448,1000.4908875619319,0.0
679980,0.0,0.0,7.708261228338448,997.4469863688583,0.0
680040,0.0,0.0,7.708261228338448,999.11659307382,0.0
680100,0.0,0.0,7.708261228338448,1000.2036133385905,0.0
680160,0.0,0.0,7.708261228338448,1001.1274003630598,0.0
680220,0.0,0.0,7.708261228338448,1000.1116848861121,0.0
680280,0.0,0.0,7.708261228338448,999.5930659900353,0.0
680340,0.0,0.0,7.708261228338448,998.7639637598844,0.0
680400,0.0,0.0,7.708261228338448,999.5896049552784,0.0
680460,0.0,0.0,7.708261228338448,1000.5948543777663,0.0
680520,0.0,0.0,7.708261228338448,1000.6937565965811,0.0
680580,0.0,0.0,7.708261228338448,998.4986261387102,0.0
680640,0.0,0.0,7.708261228338448,999.2256764293145,0.0
680700,0.0,0.0,7.708261228338448,999.5470245321447,0.0
680760,0.0,0.0,7.708261228338448,1000.1567084753071,0.0
680820,0.0,0.0,7.708261228338448,1001.4584263842485,0.0
680880,0.0,0.0,7.708261228338448,999.7581616510116,0.0
680940,0.0,0.0,7.708261228338448,999.1320478020966,0.0
681000,0.0,0.0,7.708261228338448,999.0971045266613,0.0
681060,0.0,0.0,7.708261228338448,1000.0016908473757,0.0
681120,0.0,0.0,7.708261228338448,1001.6336302051493,0.0
681180,0.0,0.0,7.708261228338448,999.7227724163268,0.0
681240,0.0,0.0,7.708261228338448,999.8042970209219,0.0
681300,0.0,0.0,7.708261228338448,998.4476402188014,0.0
681360,0.0,0.0,7.708261228338448,999.8533168351613,0.0
681420,0.0,0.0,7.708261228338448,1000.5201379996302,0.0
681480,0.0,0.0,7.708261228338448,999.8747751698605,0.0
681540,0.0,0.0,7.708261228338448,1000.1158423327236,0.0
681600,0.0,0.0,7.708261228338448,997.9924841310922,0.0
681660,0.0,0.0,7.708261228338448,999.3975222681136,0.0
681720,0.0,0.0,7.708261228338448,1001.1571561187221,0.0
681780,0.0,0.0,7.708261228338448,1000.3627552800856,0.0
681840,0.0,0.0,7.708261228338448,1000.5264716028663,0.0
681900,0.0,0.0,7.708261228338448,998.7262750472453,0.0
681960,0.0,0.0,7.708261228338448,999.0706357682417,0.0
682020,0.0,0.0,7.708261228338448,1000.3034541202182,0.0
682080,0.0,0.0,7.708261228338448,1000.6944221254996,0.0
682140,0.0,0.0,7.708261228338448,999.581264991103,0.0
682200,0.0,0.0,7.708261228338448,999.6682437938008,0.0
682260,0.0,0.0,7.708261228338448,998.4931687820792,0.0
682320,0.0,0.0,7.708261228338448,999.6943634218607,0.0
682380,0.0,0.0,7.708261228338448,1001.3336917468625,0.0
682440,0.0,0.0,7.708261228338448,999.7421944636242,0.0
682500,0.0,0.0,7.708261228338448,999.812121826012,0.0
682560,0.0,0.0,7.708261228338448,998.4379684106431,0.0
682620,0.0,0.0,7.708261228338448,1000.1208881112663,0.0
682680,0.0,0.0,7.708261228338448,1000.131586062906,0.0
682740,0.0,0.0,7.708261228338448,1001.5779755333552,0.0
682800,0.0,0.0,7.708261228338448,999.6993845009356,0.0
682860,0.0,0.0,7.708261228338448,999.2232439971484,0.0
682920,0.0,0.0,7.708261228338448,999.1559450145348,0.0
682980,0.0,0.0,7.708261228338448,999.9995817049297,0.0
683040,0.0,0.0,7.708261228338448,1000.5399037142106,0.0
683100,0.0,0.0,7.708261228338448,1000.531429752987,0.0
683160,0.0,0.0,7.708261228338448,998.0095042173643,0.0
683220,0.0,0.0,7.708261228338448,999.0894296597743,0.0
683280,0.0,0.0,7.708261228338448,1000.2361558077431,0.0
683340,0.0,0.0,7.708261228338448,1000.3684196935122,0.0
683400,0.0,0.0,7.708261228338448,1001.1901051239018,0.0
683460,0.0,0.0,7.708261228338448,999.344781307354,0.0
683520,0.0,0.0,7.708261228338448,998.8533515311448,0.0
683580,0.0,0.0,7.708261228338448,1000.2287312449641,0.0
683640,0.0,0.0,7.708261228338448,1000.2594210386623,0.0
683700,0.0,0.0,7.708261228338448,1001.0993329597999,0.0
683760,0.0,0.0,7.708261228338448,998.3321609597429,0.0
683820,0.0,0.0,7.708261228338448,998.8375038459153,0.0
683880,0.0,0.0,7.708261228338448,999.0729261928973,0.0
683940,0.0,0.0,7.708261228338448,1000.308852994063,0.0
684000,0.0,0.0,7.708261228338448,1000.6353189048538,0.0
684060,0.0,0.0,7.708261228338448,999.4010837345054,0.0
684120,0.0,0.0,7.708261228338448,999.7308949498766,0.0
684180,0.0,0.0,7.708261228338448,998.5254599069123,0.0
684240,0.0,0.0,7.708261228338448,999.706817120944,0.0
684300,0.0,0.0,7.708261228338448,1001.4434084526193,0.0
684360,0.0,0.0,7.708261228338448,1000.2155216274037,0.0
684420,0.0,0.0,7.708261228338448,999.9169832495566,0.0
684480,0.0,0.0,7.708261228338448,998.6371147693847,0.0
684540,0.0,0.0,7.708261228338448,999.4074222370843,0.0
684600,0.0,0.0,7.708261228338448,1000.5758996689485,0.0
684660,0.0,0.0,7.708261228338448,1000.7453011624765,0.0
684720,0.0,0.0,7.708261228338448,999.0059458533983,0.0
684780,0.0,0.0,7.708261228338448,999.2892812124945,0.0
684840,0.0,0.0,7.708261228338448,999.117713342766,0.0
684900,0.0,0.0,7.708261228338448,1000.6826342830345,0.0
684960,0.0,0.0,7.708261228338448,1000.5227310097797,0.0
685020,0.0,0.0,7.708261228338448,1000.5466189270174,0.0
685080,0.0,0.0,7.708261228338448,997.6468182215986,0.0
685140,0.0,0.0,7.708261228338448,999.1433893771475,0.0
685200,0.0,0.0,7.708261228338448,1000.4069555062674,0.0
685260,0.0,0.0,7.708261228338448,1000.2995306832677,0.0
685320,0.0,0.0,7.708261228338448,1001.287697488041,0.0
685380,0.0,0.0,7.708261228338448,999.3174406903125,0.0
685440,0.0,0.0,7.708261228338448,998.9071987843771,0.0
685500,0.0,0.0,7.708261228338448,999.6430016433169,0.0
685560,0.0,0.0,7.708261228338448,1000.3527834356292,0.0
685620,0.0,0.0,7.708261228338448,1000.282998207562,0.0
685680,0.0,0.0,7.708261228338448,1000.2440176587844,0.0
685740,0.0,0.0,7.708261228338448,997.9202270518088,0.0
685800,0.0,0.0,7.708261228338448,999.2280740623203,0.0
685860,0.0,0.0,7.708261228338448,1000.8059404729975,0.0
685920,0.0,0.0,7.708261228338448,1000.4484275375053,0.0
685980,0.0,0.0,7.708261228338448,1000.7504995081989,0.0
686040,0.0,0.0,7.708261228338448,997.3612463790948,0.0
686100,0.0,0.0,7.708261228338448,999.0175338438954,0.0
686160,0.0,0.0,7.708261228338448,999.9547512872998,0.0
686220,0.0,0.0,7.708261228338448,1001.2853535424737,0.0
686280,0.0,0.0,7.708261228338448,1000.2224817177496,0.0
686340,0.0,0.0,7.708261228338448,999.8881146079191,0.0
686400,0.0,0.0,7.708261228338448,998.6582019061573,0.0
686460,0.0,0.0,7.708261228338448,999.4138398819886,0.0
686520,0.0,0.0,7.708261228338448,1000.5486773488526,0.0
686580,0.0,0.0,7.708261228338448,1000.7186667188265,0.0
686640,0.0,0.0,7.708261228338448,998.7884525699792,0.0
686700,0.0,0.0,7.708261228338448,999.3635304867607,0.0
686760,0.0,0.0,7.708261228338448,999.204913549097,0.0
686820,0.0,0.0,7.708261228338448,1000.0256998342618,0.0
686880,0.0,0.0,7.708261228338448,1001.5034760219905,0.0
686940,0.0,0.0,7.708261228338448,999.9330599283591,0.0
687000,0.0,0.0,7.708261228338448,999.3506634735747,0.0
687060,0.0,0.0,7.708261228338448,998.8973421998415,0.0
687120,0.0,0.0,7.708261228338448,999.8100194964838,0.0
687180,0.0,0.0,7.708261228338448,1000.660840133802,0.0
687240,0.0,0.0,7.708261228338448,1000.6437658337672,0.0
687300,0.0,0.0,7.708261228338448,998.4786441804777,0.0
687360,0.0,0.0,7.708261228338448,998.432323258757,0.0
687420,0.0,0.0,7.708261228338448,999.457843495471,0.0
687480,0.0,0.0,7.708261228338448,1001.7438614422956,0.0
687540,0.0,0.0,7.708261228338448,999.9908506053597,0.0
687600,0.0,0.0,7.708261228338448,1000.2952802218276,0.0
687660,0.0,0.0,7.708261228338448,997.7795184408095,0.0
687720,0.0,0.0,7.708261228338448,999.276549831911,0.0
687780,0.0,0.0,7.708261228338448,1000.9014838630193,0.0
687840,0.0,0.0,7.708261228338448,1000.3850922629003,0.0
687900,0.0,0.0,7.708261228338448,1000.8089404100757,0.0
687960,0.0,0.0,7.708261228338448,998.9067301638624,0.0
688020,0.0,0.0,7.708261228338448,998.955641561989,0.0
688080,0.0,0.0,7.708261228338448,1000.1039743107624,0.0
688140,0.0,0.0,7.708261228338448,1000.6122277710202,0.0
688200,0.0,0.0,7.708261228338448,999.8546930221968,0.0
688260,0.0,0.0,7.708261228338448,999.872267816728,0.0
688320,0.0,0.0,7.708261228338448,998.2304902788023,0.0
688380,0.0,0.0,7.708261228338448,999.5185392495545,0.0
688440,0.0,0.0,7.708261228338448,1001.2042537798397,0.0
688500,0.0,0.0,7.708261228338448,1000.059985080576,0.0
688560,0.0,0.0,7.708261228338448,999.9898345082062,0.0
688620,0.0,0.0,7.708261228338448,998.4358279561822,0.0
688680,0.0,0.0,7.708261228338448,999.7267275860632,0.0
688740,0.0,0.0,7.708261228338448,999.9969599808177,0.0
688800,0.0,0.0,7.708261228338448,1001.651641005454,0.0
688860,0.0,0.0,7.708261228338448,999.8740242117453,0.0
688920,0.0,0.0,7.708261228338448,999.458224423675,0.0
688980,0.0,0.0,7.708261228338448,998.9454642708613,0.0
689040,0.0,0.0,7.708261228338448,999.8071144771401,0.0
689100,0.0,0.0,7.708261228338448,1000.5969655637133,0.0
689160,0.0,0.0,7.708261228338448,1000.6273431668842,0.0
689220,0.0,0.0,7.708261228338448,998.2375528771628,0.0
689280,0.0,0.0,7.708261228338448,999.1092808337253,0.0
689340,0.0,0.0,7.708261228338448,999.9069117193227,0.0
689400,0.0,0.0,7.708261228338448,1000.2824552346668,0.0
689460,0.0,0.0,7.708261228338448,1001.3410795060175,0.0
689520,0.0,0.0,7.708261228338448,999.5535817068135,0.0
689580,0.0,0.0,7.708261228338448,998.9448234536201,0.0
689640,0.0,0.0,7.708261228338448,999.8093127440674,0.0
689700,0.0,0.0,7.708261228338448,1000.1421708692715,0.0
689760,0.0,0.0,7.708261228338448,1001.1027545509493,0.0
689820,0.0,0.0,7.708261228338448,998.7451341025687,0.0
689880,0.0,0.0,7.708261228338448,999.0014431681105,0.0
689940,0.0,0.0,7.708261228338448,998.9542501186988,0.0
690000,0.0,0.0,7.708261228338448,1000.1362830963074,0.0
690060,0.0,0.0,7.708261228338448,1000.5578354458177,0.0
690120,0.0,0.0,7.708261228338448,999.6762926857143,0.0
690180,0.0,0.0,7.708261228338448,999.9090790980439,0.0
690240,0.0,0.0,7.708261228338448,998.2471571987198,0.0
690300,0.0,0.0,7.708261228338448,999.5543760980565,0.0
690360,0.0,0.0,7.708261228338448,1001.3272156151139,0.0
690420,0.0,0.0,7.708261228338448,1000.3080713840742,0.0
690480,0.0,0.0,7.708261228338448,1000.2005335735624,0.0
690540,0.0,0.0,7.708261228338448,998.622064909764,0.0
690600,0.0,0.0,7.708261228338448,999.2324290567497,0.0
690660,0.0,0.0,7.708261228338448,1000.4687056007808,0.0
690720,0.0,0.0,7.708261228338448,1000.7425466221623,0.0
690780,0.0,0.0,7.708261228338448,999.2951844519432,0.0
690840,0.0,0.0,7.708261228338448,999.4566280235397,0.0
690900,0.0,0.0,7.708261228338448,998.8054571660282,0.0
690960,0.0,0.0,7.708261228338448,1000.5111235927185,0.0
691020,0.0,0.0,7.708261228338448,1000.4701045544433,0.0
691080,0.0,0.0,7.708261228338448,1000.8794890339071,0.0
691140,0.0,0.0,7.708261228338448,997.7970556710309,0.0
691200,0.0,0.0,7.708261228338448,999.1676356408709,0.0
691260,0.0,0.0,7.708261228338448,1000.0759121423508,0.0
691320,0.0,0.0,7.708261228338448,1000.2271695722403,0.0
691380,0.0,0.0,7.708261228338448,1001.4319423642565,0.0
691440,0.0,0.0,7.708261228338448,999.509100829328,0.0
691500,0.0,0.0,7.708261228338448,998.9866544758665,0.0
691560,0.0,0.0,7.708261228338448,999.4123730068471,0.0
691620,0.0,0.0,7.708261228338448,1000.2005411814613,0.0
691680,0.0,0.0,7.708261228338448,1000.4346967280397,0.0
691740,0.0,0.0,7.708261228338448,1000.3893530844747,0.0
691800,0.0,0.0,7.708261228338448,997.9106126525716,0.0
691860,0.0,0.0,7.708261228338448,999.1332333417462,0.0
691920,0.0,0.0,7.708261228338448,1000.5518961783105,0.0
691980,0.0,0.0,7.708261228338448,1000.4336348791702,0.0
692040,0.0,0.0,7.708261228338448,1000.9677939990567,0.0
692100,0.0,0.0,7.708261228338448,997.4267588390563,0.0
692160,0.0,0.0,7.708261228338448,998.9736397413495,0.0
692220,0.0,0.0,7.708261228338448,999.7070761406297,0.0
692280,0.0,0.0,7.708261228338448,1001.3675758470149,0.0
692340,0.0,0.0,7.708261228338448,1000.3018491778128,0.0
692400,0.0,0.0,7.708261228338448,1000.1769197789082,0.0
692460,0.0,0.0,7.708261228338448,998.6299464626122,0.0
692520,0.0,0.0,7.708261228338448,999.260383205651,0.0
692580,0.0,0.0,7.708261228338448,1000.4620545521001,0.0
692640,0.0,0.0,7.708261228338448,1000.7126466769358,0.0
692700,0.0,0.0,7.708261228338448,999.0779755526829,0.0
692760,0.0,0.0,7.708261228338448,999.5151479272201,0.0
692820,0.0,0.0,7.708261228338448,998.88409713796,0.0
692880,0.0,0.0,7.708261228338448,999.8866631782785,0.0
692940,0.0,0.0,7.708261228338448,1001.4956854086623,0.0
693000,0.0,0.0,7.708261228338448,1000.0812705938756,0.0
693060,0.0,0.0,7.708261228338448,999.5917429539558,0.0
693120,0.0,0.0,7.708261228338448,998.7433972607469,0.0
693180,0.0,0.0,7.708261228338448,999.6225927374624,0.0
693240,0.0,0.0,7.708261228338448,1000.6495017945197,0.0
693300,0.0,0.0,7.708261228338448,1000.710400303905,0.0
693360,0.0,0.0,7.708261228338448,998.7984165081692,0.0
693420,0.0,0.0,7.708261228338448,998.2729468452192,0.0
693480,0.0,0.0,7.708261228338448,999.3198723256961,0.0
693540,0.0,0.0,7.708261228338448,1001.599643532045,0.0
693600,0.0,0.0,7.708261228338448,1000.166864089541,0.0
693660,0.0,0.0,7.708261228338448,1000.4332451818606,0.0
693720,0.0,0.0,7.708261228338448,997.7148123676375,0.0
693780,0.0,0.0,7.708261228338448,999.1995767456044,0.0
693840,0.0,0.0,7.708261228338448,1000.6496164347112,0.0
693900,0.0,0.0,7.708261228338448,1000.3754859167534,0.0
693960,0.0,0.0,7.708261228338448,1001.0270402601726,0.0
694020,0.0,0.0,7.708261228338448,999.084019264691,0.0
694080,0.0,0.0,7.708261228338448,998.8971514130774,0.0
694140,0.0,0.0,7.708261228338448,999.9031579232061,0.0
694200,0.0,0.0,7.708261228338448,1000.5142616043164,0.0
694260,0.0,0.0,7.708261228338448,1000.0789446076599,0.0
694320,0.0,0.0,7.708261228338448,1000.0431114749102,0.0
694380,0.0,0.0,7.708261228338448,998.055757144566,0.0
694440,0.0,0.0,7.708261228338448,999.3723448861767,0.0
694500,0.0,0.0,7.708261228338448,1001.038039222894,0.0
694560,0.0,0.0,7.708261228338448,1000.319020485026,0.0
694620,0.0,0.0,7.708261228338448,1000.1316693334217,0.0
694680,0.0,0.0,7.708261228338448,998.5212772271433,0.0
694740,0.0,0.0,7.708261228338448,999.3436811418535,0.0
694800,0.0,0.0,7.708261228338448,999.8673792900751,0.0
694860,0.0,0.0,7.708261228338448,1001.658117894182,0.0
694920,0.0,0.0,7.708261228338448,1000.0130621554997,0.0
694980,0.0,0.0,7.708261228338448,999.6957365312828,0.0
695040,0.0,0.0,7.708261228338448,998.7896746179284,0.0
695100,0.0,0.0,7.708261228338448,999.6325513539055,0.0
695160,0.0,0.0,7.708261228338448,1000.6070211715671,0.0
695220,0.0,0.0,7.708261228338448,1000.6864872651875,0.0
695280,0.0,0.0,7.708261228338448,998.4924892050082,0.0
695340,0.0,0.0,7.708261228338448,999.1882346545474,0.0
695400,0.0,0.0,7.708261228338448,999.5909997171884,0.0
695460,0.0,0.0,7.708261228338448,1000.1829997340221,0.0
695520,0.0,0.0,7.708261228338448,1001.430845239696,0.0
695580,0.0,0.0,7.708261228338448,999.7366361411296,0.0
695640,0.0,0.0,7.708261228338448,999.0934315812748,0.0
695700,0.0,0.0,7.708261228338448,999.1208971687776,0.0
695760,0.0,0.0,7.708261228338448,1000.0310203554978,0.0
695820,0.0,0.0,7.708261228338448,1001.5963561193273,0.0
695880,0.0,0.0,7.708261228338448,999.7142438285299,0.0
695940,0.0,0.0,7.708261228338448,999.7617480525074,0.0
696000,0.0,0.0,7.708261228338448,998.4887996665701,0.0
696060,0.0,0.0,7.708261228338448,999.8763431695872,0.0
696120,0.0,0.0,7.708261228338448,1000.5414040299625,0.0
696180,0.0,0.0,7.708261228338448,999.8738839872586,0.0
696240,0.0,0.0,7.708261228338448,1000.0912669130797,0.0
696300,0.0,0.0,7.708261228338448,998.0192058798115,0.0
696360,0.0,0.0,7.708261228338448,999.407173147943,0.0
696420,0.0,0.0,7.708261228338448,1001.1607380161959,0.0
696480,0.0,0.0,7.708261228338448,1000.3677849069393,0.0
696540,0.0,0.0,7.708261228338448,1000.4911972619005,0.0
696600,0.0,0.0,7.708261228338448,998.7124625599262,0.0
696660,0.0,0.0,7.708261228338448,999.0772877611425,0.0
696720,0.0,0.0,7.708261228338448,1000.3159803843998,0.0
696780,0.0,0.0,7.708261228338448,1000.7034433417944,0.0
696840,0.0,0.0,7.708261228338448,999.5812842625535,0.0
696900,0.0,0.0,7.708261228338448,999.6462712411568,0.0
696960,0.0,0.0,7.708261228338448,998.5107405666181,0.0
697020,0.0,0.0,7.708261228338448,1000.2868875390255,0.0
697080,0.0,0.0,7.708261228338448,1000.3859442123412,0.0
697140,0.0,0.0,7.708261228338448,1001.1916514494457,0.0
697200,0.0,0.0,7.708261228338448,998.0593435829778,0.0
697260,0.0,0.0,7.708261228338448,999.2625556362863,0.0
697320,0.0,0.0,7.708261228338448,999.715850758376,0.0
697380,0.0,0.0,7.708261228338448,1000.127162690836,0.0
697440,0.0,0.0,7.708261228338448,1001.5357378983891,0.0
697500,0.0,0.0,7.708261228338448,999.6971637919413,0.0
697560,0.0,0.0,7.708261228338448,999.1441369786393,0.0
697620,0.0,0.0,7.708261228338448,999.1826795266456,0.0
697680,0.0,0.0,7.708261228338448,1000.0270674125516,0.0
697740,0.0,0.0,7.708261228338448,1000.5435921577983,0.0
697800,0.0,0.0,7.708261228338448,1000.5158081974909,0.0
697860,0.0,0.0,7.708261228338448,998.0132697226209,0.0
697920,0.0,0.0,7.708261228338448,999.0808951078592,0.0
697980,0.0,0.0,7.708261228338448,1000.261343980704,0.0
698040,0.0,0.0,7.708261228338448,1000.385200289052,0.0
698100,0.0,0.0,7.708261228338448,1001.157312398026,0.0
698160,0.0,0.0,7.708261228338448,999.3238418532798,0.0
698220,0.0,0.0,7.708261228338448,998.8401384234442,0.0
698280,0.0,0.0,7.708261228338448,1000.2376817556063,0.0
698340,0.0,0.0,7.708261228338448,1000.277223211356,0.0
698400,0.0,0.0,7.708261228338448,1001.0934362621264,0.0
698460,0.0,0.0,7.708261228338448,998.3486028310413,0.0
698520,0.0,0.0,7.708261228338448,998.8203553277274,0.0
698580,0.0,0.0,7.708261228338448,999.0818630183301,0.0
698640,0.0,0.0,7.708261228338448,1000.323234495488,0.0
698700,0.0,0.0,7.708261228338448,1000.6464554767435,0.0
698760,0.0,0.0,7.708261228338448,999.4022414354596,0.0
698820,0.0,0.0,7.708261228338448,999.707242601214,0.0
698880,0.0,0.0,7.708261228338448,998.5464932590811,0.0
698940,0.0,0.0,7.708261228338448,999.7187192073193,0.0
699000,0.0,0.0,7.708261228338448,1001.4365951353603,0.0
699060,0.0,0.0,7.708261228338448,1000.2152739189447,0.0
699120,0.0,0.0,7.708261228338448,999.8908805532568,0.0
699180,0.0,0.0,7.708261228338448,998.6372457962622,0.0
699240,0.0,0.0,7.708261228338448,999.4169459624817,0.0
699300,0.0,0.0,7.708261228338448,1000.5829901749032,0.0
699360,0.0,0.0,7.708261228338448,1000.7473783039659,0.0
699420,0.0,0.0,7.708261228338448,999.188226212408,0.0
699480,0.0,0.0,7.708261228338448,998.1883720033243,0.0
699540,0.0,0.0,7.708261228338448,999.1944085769069,0.0
699600,0.0,0.0,7.708261228338448,1001.3879514842464,0.0
699660,0.0,0.0,7.708261228338448,1000.304692573767,0.0
699720,0.0,0.0,7.708261228338448,1000.5633195567112,0.0
699780,0.0,0.0,7.708261228338448,997.7512026499227,0.0
699840,0.0,0.0,7.708261228338448,999.1649957944666,0.0
699900,0.0,0.0,7.708261228338448,1000.3418743857525,0.0
699960,0.0,0.0,7.708261228338448,1000.3284837732865,0.0
700020,0.0,0.0,7.708261228338448,1001.2376232488091,0.0
700080,0.0,0.0,7.708261228338448,999.2885031921163,0.0
700140,0.0,0.0,7.708261228338448,998.8975180951071,0.0
700200,0.0,0.0,7.708261228338448,999.6666494687985,0.0
700260,0.0,0.0,7.708261228338448,1000.3772607308267,0.0
700320,0.0,0.0,7.708261228338448,1000.2802133921165,0.0
700380,0.0,0.0,7.708261228338448,1000.2206380683418,0.0
700440,0.0,0.0,7.708261228338448,997.9398382325644,0.0
700500,0.0,0.0,7.708261228338448,999.2348032554693,0.0
700560,0.0,0.0,7.708261228338448,1000.8176380622374,0.0
700620,0.0,0.0,7.708261228338448,1000.5413859786121,0.0
700680,0.0,0.0,7.708261228338448,1000.2656295568885,0.0
700740,0.0,0.0,7.708261228338448,998.7131703079184,0.0
700800,0.0,0.0,7.708261228338448,998.9319502959705,0.0
700860,0.0,0.0,7.708261228338448,999.7192078497537,0.0
700920,0.0,0.0,7.708261228338448,1001.6162965768365,0.0
700980,0.0,0.0,7.708261228338448,1000.1358756147985,0.0
701040,0.0,0.0,7.708261228338448,999.9761279670519,0.0
701100,0.0,0.0,7.708261228338448,998.6781034679598,0.0
701160,0.0,0.0,7.708261228338448,999.4487328467776,0.0
701220,0.0,0.0,7.708261228338448,1000.5676886729332,0.0
701280,0.0,0.0,7.708261228338448,1000.718384923221,0.0
701340,0.0,0.0,7.708261228338448,998.7789885235846,0.0
701400,0.0,0.0,7.708261228338448,999.3210281555926,0.0
701460,0.0,0.0,7.708261228338448,999.2517078104901,0.0
701520,0.0,0.0,7.708261228338448,1000.053577938986,0.0
701580,0.0,0.0,7.708261228338448,1001.4827950256482,0.0
701640,0.0,0.0,7.708261228338448,999.9154448233493,0.0
701700,0.0,0.0,7.708261228338448,999.3049731406928,0.0
701760,0.0,0.0,7.708261228338448,998.9170399807301,0.0
701820,0.0,0.0,7.708261228338448,999.8394234981782,0.0
701880,0.0,0.0,7.708261228338448,1001.7057093713718,0.0
701940,0.0,0.0,7.708261228338448,999.9073240996088,0.0
702000,0.0,0.0,7.708261228338448,999.9820633546036,0.0
702060,0.0,0.0,7.708261228338448,998.1111053380749,0.0
702120,0.0,0.0,7.708261228338448,999.6709986571507,0.0
702180,0.0,0.0,7.708261228338448,1000.4111171740232,0.0
702240,0.0,0.0,7.708261228338448,1000.0953000723331,0.0
702300,0.0,0.0,7.708261228338448,1000.2436389415003,0.0
702360,0.0,0.0,7.708261228338448,997.8742416253089,0.0
702420,0.0,0.0,7.708261228338448,999.2872845559634,0.0
702480,0.0,0.0,7.708261228338448,1000.9509470834355,0.0
702540,0.0,0.0,7.708261228338448,1000.3942821925571,0.0
702600,0.0,0.0,7.708261228338448,1000.7456786740541,0.0
702660,0.0,0.0,7.708261228338448,998.8727747276173,0.0
702720,0.0,0.0,7.708261228338448,998.9635609657232,0.0
702780,0.0,0.0,7.708261228338448,1000.1376685264273,0.0
702840,0.0,0.0,7.708261228338448,1000.6355783603658,0.0
702900,0.0,0.0,7.708261228338448,999.8387621021943,0.0
702960,0.0,0.0,7.708261228338448,999.8289816600306,0.0
703020,0.0,0.0,7.708261228338448,998.270726445143,0.0
703080,0.0,0.0,7.708261228338448,1000.0335301683577,0.0
703140,0.0,0.0,7.708261228338448,1000.2834121070035,0.0
703200,0.0,0.0,7.708261228338448,1001.4455599147075,0.0
703260,0.0,0.0,7.708261228338448,998.345423797541,0.0
703320,0.0,0.0,7.708261228338448,999.388853624395,0.0
703380,0.0,0.0,7.708261228338448,999.3606246952353,0.0
703440,0.0,0.0,7.708261228338448,1000.0141356222097,0.0
703500,0.0,0.0,7.708261228338448,1001.5845946875633,0.0
703560,0.0,0.0,7.708261228338448,999.8634586006967,0.0
703620,0.0,0.0,7.708261228338448,999.3452032046919,0.0
703680,0.0,0.0,7.708261228338448,998.9810071115106,0.0
703740,0.0,0.0,7.708261228338448,999.8513397616664,0.0
703800,0.0,0.0,7.708261228338448,1000.6048101639933,0.0
703860,0.0,0.0,7.708261228338448,1000.6115704327217,0.0
703920,0.0,0.0,7.708261228338448,998.2245035227222,0.0
703980,0.0,0.0,7.708261228338448,999.0827237361433,0.0
704040,0.0,0.0,7.708261228338448,999.9575372607193,0.0
704100,0.0,0.0,7.708261228338448,1000.3113118944943,0.0
704160,0.0,0.0,7.708261228338448,1001.299426177684,0.0
704220,0.0,0.0,7.708261228338448,999.5208169589736,0.0
704280,0.0,0.0,7.708261228338448,998.9100939315662,0.0
704340,0.0,0.0,7.708261228338448,999.8454260580374,0.0
704400,0.0,0.0,7.708261228338448,1000.1719709487415,0.0
704460,0.0,0.0,7.708261228338448,1001.1021896401129,0.0
704520,0.0,0.0,7.708261228338448,998.7434913815252,0.0
704580,0.0,0.0,7.708261228338448,998.970860618354,0.0
704640,0.0,0.0,7.708261228338448,998.9629048908452,0.0
704700,0.0,0.0,7.708261228338448,1000.1635903431946,0.0
704760,0.0,0.0,7.708261228338448,1000.5791765416011,0.0
704820,0.0,0.0,7.708261228338448,999.6676386805226,0.0
704880,0.0,0.0,7.708261228338448,999.8737450800188,0.0
704940,0.0,0.0,7.708261228338448,998.2840319509526,0.0
705000,0.0,0.0,7.708261228338448,999.5728937930196,0.0
705060,0.0,0.0,7.708261228338448,1001.328082551203,0.0
705120,0.0,0.0,7.708261228338448,1000.3078822722881,0.0
705180,0.0,0.0,7.708261228338448,1000.155534778129,0.0
705240,0.0,0.0,7.708261228338448,998.6159758121157,0.0
705300,0.0,0.0,7.708261228338448,999.2481611600062,0.0
705360,0.0,0.0,7.708261228338448,1000.4835645285436,0.0
705420,0.0,0.0,7.708261228338448,1000.7489847890969,0.0
705480,0.0,0.0,7.708261228338448,999.5663249845015,0.0
705540,0.0,0.0,7.708261228338448,998.2234765795848,0.0
705600,0.0,0.0,7.708261228338448,999.1132004292285,0.0
705660,0.0,0.0,7.708261228338448,1001.1283256307009,0.0
705720,0.0,0.0,7.708261228338448,1000.3928296951384,0.0
705780,0.0,0.0,7.708261228338448,1000.6531060465047,0.0
705840,0.0,0.0,7.708261228338448,997.9201077025742,0.0
705900,0.0,0.0,7.708261228338448,999.1822460275599,0.0
705960,0.0,0.0,7.708261228338448,1000.0357870866502,0.0
706020,0.0,0.0,7.708261228338448,1000.2631732551187,0.0
706080,0.0,0.0,7.708261228338448,1001.3833264167293,0.0
706140,0.0,0.0,7.708261228338448,999.4741858632863,0.0
706200,0.0,0.0,7.708261228338448,998.9606804908,0.0
706260,0.0,0.0,7.708261228338448,999.4445765977633,0.0
706320,0.0,0.0,7.708261228338448,1000.2344166524252,0.0
706380,0.0,0.0,7.708261228338448,1000.4314498628447,0.0
706440,0.0,0.0,7.708261228338448,1000.3637601944644,0.0
706500,0.0,0.0,7.708261228338448,997.9259091168668,0.0
706560,0.0,0.0,7.708261228338448,999.1360098514299,0.0
706620,0.0,0.0,7.708261228338448,1000.576314121378,0.0
706680,0.0,0.0,7.708261228338448,1000.4478389607702,0.0
706740,0.0,0.0,7.708261228338448,1000.9265538353023,0.0
706800,0.0,0.0,7.708261228338448,997.4597908117164,0.0
706860,0.0,0.0,7.708261228338448,998.9660168358845,0.0
706920,0.0,0.0,7.708261228338448,999.7381618175692,0.0
706980,0.0,0.0,7.708261228338448,1001.3512801115255,0.0
707040,0.0,0.0,7.708261228338448,1000.3028020185668,0.0
707100,0.0,0.0,7.708261228338448,1000.1284424358663,0.0
707160,0.0,0.0,7.708261228338448,998.6254339737187,0.0
707220,0.0,0.0,7.708261228338448,999.2738086987596,0.0
707280,0.0,0.0,7.708261228338448,1000.4760961775503,0.0
707340,0.0,0.0,7.708261228338448,1000.719769233106,0.0
707400,0.0,0.0,7.708261228338448,999.0769477055388,0.0
707460,0.0,0.0,7.708261228338448,999.4880593956198,0.0
707520,0.0,0.0,7.708261228338448,998.9081063093838,0.0
707580,0.0,0.0,7.708261228338448,999.9022973091252,0.0
707640,0.0,0.0,7.708261228338448,1001.4849442710014,0.0
707700,0.0,0.0,7.708261228338448,1000.0765792996025,0.0
707760,0.0,0.0,7.708261228338448,999.5634309570919,0.0
707820,0.0,0.0,7.708261228338448,998.7487199934106,0.0
707880,0.0,0.0,7.708261228338448,999.6366746891739,0.0
707940,0.0,0.0,7.708261228338448,1001.7505782572757,0.0
708000,0.0,0.0,7.708261228338448,1000.0742286598631,0.0
708060,0.0,0.0,7.708261228338448,1000.209142530722,0.0
708120,0.0,0.0,7.708261228338448,997.7709605611414,0.0
708180,0.0,0.0,7.708261228338448,999.4512776996822,0.0
708240,0.0,0.0,7.708261228338448,1000.2528908946608,0.0
708300,0.0,0.0,7.708261228338448,1000.2802782306659,0.0
708360,0.0,0.0,7.708261228338448,1000.3831039047179,0.0
708420,0.0,0.0,7.708261228338448,997.8120237226957,0.0
708480,0.0,0.0,7.708261228338448,999.1951802332572,0.0
708540,0.0,0.0,7.708261228338448,1000.6956724514405,0.0
708600,0.0,0.0,7.708261228338448,1000.3875614055282,0.0
708660,0.0,0.0,7.708261228338448,1000.9831468953458,0.0
708720,0.0,0.0,7.708261228338448,999.059002283001,0.0
708780,0.0,0.0,7.708261228338448,998.8928438616057,0.0
708840,0.0,0.0,7.708261228338448,999.9281832786902,0.0
708900,0.0,0.0,7.708261228338448,1000.5352516395528,0.0
708960,0.0,0.0,7.708261228338448,1000.0729983101912,0.0
709020,0.0,0.0,7.708261228338448,1000.0140178450426,0.0
709080,0.0,0.0,7.708261228338448,998.0808530578719,0.0
709140,0.0,0.0,7.708261228338448,999.3858298306175,0.0
709200,0.0,0.0,7.708261228338448,1001.0456136839201,0.0
709260,0.0,0.0,7.708261228338448,1000.3199867375594,0.0
709320,0.0,0.0,7.708261228338448,1000.116087743109,0.0
709380,0.0,0.0,7.708261228338448,998.5103832689935,0.0
709440,0.0,0.0,7.708261228338448,999.3601788623231,0.0
709500,0.0,0.0,7.708261228338448,999.8847026504176,0.0
709560,0.0,0.0,7.708261228338448,1001.6415334604725,0.0
709620,0.0,0.0,7.708261228338448,1000.0078451091775,0.0
709680,0.0,0.0,7.708261228338448,999.6618979311752,0.0
709740,0.0,0.0,7.708261228338448,998.7962708187218,0.0
709800,0.0,0.0,7.708261228338448,999.6478907957088,0.0
709860,0.0,0.0,7.708261228338448,1000.6146261849952,0.0
709920,0.0,0.0,7.708261228338448,1000.6852178520875,0.0
709980,0.0,0.0,7.708261228338448,998.4978124799316,0.0
710040,0.0,0.0,7.708261228338448,999.1696490818456,0.0
710100,0.0,0.0,7.708261228338448,999.6039565741132,0.0
710160,0.0,0.0,7.708261228338448,1000.1949772845699,0.0
710220,0.0,0.0,7.708261228338448,1001.4159605540941,0.0
710280,0.0,0.0,7.708261228338448,999.7305581539644,0.0
710340,0.0,0.0,7.708261228338448,999.0769912188634,0.0
710400,0.0,0.0,7.708261228338448,999.3974039110149,0.0
710460,0.0,0.0,7.708261228338448,1000.0235488510314,0.0
710520,0.0,0.0,7.708261228338448,1001.0687278641909,0.0
710580,0.0,0.0,7.708261228338448,999.1758088153209,0.0
710640,0.0,0.0,7.708261228338448,999.1588367337857,0.0
710700,0.0,0.0,7.708261228338448,998.8802253216039,0.0
710760,0.0,0.0,7.708261228338448,999.9552846182333,0.0
710820,0.0,0.0,7.708261228338448,1000.4725283193361,0.0
710880,0.0,0.0,7.708261228338448,999.923662438114,0.0
710940,0.0,0.0,7.708261228338448,1000.0572342830143,0.0
711000,0.0,0.0,7.708261228338448,998.0473600113079,0.0
711060,0.0,0.0,7.708261228338448,999.4217061193623,0.0
711120,0.0,0.0,7.708261228338448,1001.1641168136496,0.0
711180,0.0,0.0,7.708261228338448,1000.3728624653345,0.0
711240,0.0,0.0,7.708261228338448,1000.4448880742781,0.0
711300,0.0,0.0,7.708261228338448,998.6946276229291,0.0
711360,0.0,0.0,7.708261228338448,999.0882459469991,0.0
711420,0.0,0.0,7.708261228338448,1000.3333586746872,0.0
711480,0.0,0.0,7.708261228338448,1000.7143658677458,0.0
711540,0.0,0.0,7.708261228338448,999.9751142042519,0.0
711600,0.0,0.0,7.708261228338448,998.390394668174,0.0
711660,0.0,0.0,7.708261228338448,999.0739620112953,0.0
711720,0.0,0.0,7.708261228338448,1000.80564305899,0.0
711780,0.0,0.0,7.708261228338448,1000.4332920721869,0.0
711840,0.0,0.0,7.708261228338448,1000.7206148616375,0.0
711900,0.0,0.0,7.708261228338448,998.1782778824975,0.0
711960,0.0,0.0,7.708261228338448,999.2706814078956,0.0
712020,0.0,0.0,7.708261228338448,999.6919863737814,0.0
712080,0.0,0.0,7.708261228338448,1000.1651032150969,0.0
712140,0.0,0.0,7.708261228338448,1001.5000703550179,0.0
712200,0.0,0.0,7.708261228338448,999.6657367186441,0.0
712260,0.0,0.0,7.708261228338448,999.1063615878167,0.0
712320,0.0,0.0,7.708261228338448,999.2129711692311,0.0
712380,0.0,0.0,7.708261228338448,1000.0625151056433,0.0
712440,0.0,0.0,7.708261228338448,1000.5447537152568,0.0
712500,0.0,0.0,7.708261228338448,1000.4960963076368,0.0
712560,0.0,0.0,7.708261228338448,998.0171559920435,0.0
712620,0.0,0.0,7.708261228338448,999.0738356446429,0.0
712680,0.0,0.0,7.708261228338448,1000.291251546216,0.0
712740,0.0,0.0,7.708261228338448,1000.4034722348323,0.0
712800,0.0,0.0,7.708261228338448,1001.120096965715,0.0
712860,0.0,0.0,7.708261228338448,997.6781886949981,0.0
712920,0.0,0.0,7.708261228338448,998.978031197793,0.0
712980,0.0,0.0,7.708261228338448,999.4819361740665,0.0
713040,0.0,0.0,7.708261228338448,1001.3667208170738,0.0
713100,0.0,0.0,7.708261228338448,1000.3580148631273,0.0
713160,0.0,0.0,7.708261228338448,1000.4223552942217,0.0
713220,0.0,0.0,7.708261228338448,998.6806663846415,0.0
713280,0.0,0.0,7.708261228338448,999.1354011609714,0.0
713340,0.0,0.0,7.708261228338448,1000.349120692731,0.0
713400,0.0,0.0,7.708261228338448,1000.6865706157106,0.0
713460,0.0,0.0,7.708261228338448,999.3649124036567,0.0
713520,0.0,0.0,7.708261228338448,999.6570011481281,0.0
713580,0.0,0.0,7.708261228338448,998.6023509859905,0.0
713640,0.0,0.0,7.708261228338448,999.7508289440734,0.0
713700,0.0,0.0,7.708261228338448,1001.4327132131729,0.0
713760,0.0,0.0,7.708261228338448,1000.2050020999845,0.0
713820,0.0,0.0,7.708261228338448,999.8278434357063,0.0
713880,0.0,0.0,7.708261228338448,998.6435619024514,0.0
713940,0.0,0.0,7.708261228338448,999.44767961513,0.0
714000,0.0,0.0,7.708261228338448,1001.7186279757042,0.0
714060,0.0,0.0,7.708261228338448,1000.203450913799,0.0
714120,0.0,0.0,7.708261228338448,1000.4125610528504,0.0
714180,0.0,0.0,7.708261228338448,997.5157479665805,0.0
714240,0.0,0.0,7.708261228338448,999.2448606672592,0.0
714300,0.0,0.0,7.708261228338448,1000.0860421626357,0.0
714360,0.0,0.0,7.708261228338448,1000.4177548716129,0.0
714420,0.0,0.0,7.708261228338448,1000.494525951713,0.0
714480,0.0,0.0,7.708261228338448,997.8579463000004,0.0
714540,0.0,0.0,7.708261228338448,999.1451688669433,0.0
714600,0.0,0.0,7.708261228338448,1000.415350977467,0.0
714660,0.0,0.0,7.708261228338448,1000.3526756174649,0.0
714720,0.0,0.0,7.708261228338448,1001.1770006389706,0.0
714780,0.0,0.0,7.708261228338448,999.2484445384991,0.0
714840,0.0,0.0,7.708261228338448,998.8777182407377,0.0
714900,0.0,0.0,7.708261228338448,999.7091058680446,0.0
714960,0.0,0.0,7.708261228338448,1000.41397446502,0.0
715020,0.0,0.0,7.708261228338448,1000.2683450130002,0.0
715080,0.0,0.0,7.708261228338448,1000.1811279331187,0.0
715140,0.0,0.0,7.708261228338448,997.9689039820333,0.0
715200,0.0,0.0,7.708261228338448,999.2507648772877,0.0
715260,0.0,0.0,7.708261228338448,1000.842935460178,0.0
715320,0.0,0.0,7.708261228338448,1000.5347052306072,0.0
715380,0.0,0.0,7.708261228338448,1000.2460495849286,0.0
715440,0.0,0.0,7.708261228338448,998.6805596886808,0.0
715500,0.0,0.0,7.708261228338448,998.9745039265395,0.0
715560,0.0,0.0,7.708261228338448,999.7454073567679,0.0
715620,0.0,0.0,7.708261228338448,1001.6035981037027,0.0
715680,0.0,0.0,7.708261228338448,1000.1289377073667,0.0
715740,0.0,0.0,7.708261228338448,999.9192979473213,0.0
715800,0.0,0.0,7.708261228338448,998.6842220841096,0.0
715860,0.0,0.0,7.708261228338448,999.4728175764685,0.0
715920,0.0,0.0,7.708261228338448,1000.581536307524,0.0
715980,0.0,0.0,7.708261228338448,1000.7203387801991,0.0
716040,0.0,0.0,7.708261228338448,998.7730325427603,0.0
716100,0.0,0.0,7.708261228338448,999.2892016498073,0.0
716160,0.0,0.0,7.708261228338448,999.2833082992927,0.0
716220,0.0,0.0,7.708261228338448,1000.0743673300057,0.0
716280,0.0,0.0,7.708261228338448,1001.4655930509974,0.0
716340,0.0,0.0,7.708261228338448,999.903391403704,0.0
716400,0.0,0.0,7.708261228338448,999.2719959108201,0.0
716460,0.0,0.0,7.708261228338448,998.9812108764372,0.0
716520,0.0,0.0,7.708261228338448,999.8751033746062,0.0
716580,0.0,0.0,7.708261228338448,1000.9996034033977,0.0
716640,0.0,0.0,7.708261228338448,999.5820586399233,0.0
716700,0.0,0.0,7.708261228338448,999.3340304301353,0.0
716760,0.0,0.0,7.708261228338448,998.8552104943567,0.0
716820,0.0,0.0,7.708261228338448,999.7476605545577,0.0
716880,0.0,0.0,7.708261228338448,1000.3569153382346,0.0
716940,0.0,0.0,7.708261228338448,1000.1324888740867,0.0
717000,0.0,0.0,7.708261228338448,1000.2088670406345,0.0
717060,0.0,0.0,7.708261228338448,997.9002622202144,0.0
717120,0.0,0.0,7.708261228338448,999.3007365782504,0.0
717180,0.0,0.0,7.708261228338448,1000.9672374441889,0.0
717240,0.0,0.0,7.708261228338448,1000.4045155293408,0.0
717300,0.0,0.0,7.708261228338448,1000.6885807109751,0.0
717360,0.0,0.0,7.708261228338448,998.8444473533017,0.0
717420,0.0,0.0,7.708261228338448,998.9718432747117,0.0
717480,0.0,0.0,7.708261228338448,1000.1642461780809,0.0
717540,0.0,0.0,7.708261228338448,1000.6542913737377,0.0
717600,0.0,0.0,7.708261228338448,999.8274034289915,0.0
717660,0.0,0.0,7.708261228338448,999.7926379838639,0.0
717720,0.0,0.0,7.708261228338448,998.3033382456912,0.0
717780,0.0,0.0,7.708261228338448,1000.0555212656886,0.0
717840,0.0,0.0,7.708261228338448,1000.3063934350532,0.0
717900,0.0,0.0,7.708261228338448,1001.3973416794319,0.0
717960,0.0,0.0,7.708261228338448,998.3545437513068,0.0
718020,0.0,0.0,7.708261228338448,999.3560913638588,0.0
718080,0.0,0.0,7.708261228338448,999.3923772849973,0.0
718140,0.0,0.0,7.708261228338448,1000.0335841232629,0.0
718200,0.0,0.0,7.708261228338448,1001.5652092771139,0.0
718260,0.0,0.0,7.708261228338448,999.8525778594096,0.0
718320,0.0,0.0,7.708261228338448,999.3124264238762,0.0
718380,0.0,0.0,7.708261228338448,998.9936494979089,0.0
718440,0.0,0.0,7.708261228338448,999.8707013421466,0.0
718500,0.0,0.0,7.708261228338448,1000.6106647688564,0.0
718560,0.0,0.0,7.708261228338448,1000.6048703464478,0.0
718620,0.0,0.0,7.708261228338448,998.2293178451162,0.0
718680,0.0,0.0,7.708261228338448,999.0698578567561,0.0
718740,0.0,0.0,7.708261228338448,999.971944744523,0.0
718800,0.0,0.0,7.708261228338448,1000.324189492588,0.0
718860,0.0,0.0,7.708261228338448,1001.2800504146859,0.0
718920,0.0,0.0,7.708261228338448,997.9851962620605,0.0
718980,0.0,0.0,7.708261228338448,999.0756971229669,0.0
719040,0.0,0.0,7.708261228338448,999.2232879216089,0.0
719100,0.0,0.0,7.708261228338448,1001.3106998974777,0.0
719160,0.0,0.0,7.708261228338448,1000.3815846742681,0.0
719220,0.0,0.0,7.708261228338448,1000.7145712279813,0.0
719280,0.0,0.0,7.708261228338448,998.8328437113994,0.0
719340,0.0,0.0,7.708261228338448,999.0267130881895,0.0
719400,0.0,0.0,7.708261228338448,1000.1814555068242,0.0
719460,0.0,0.0,7.708261228338448,1000.620313158137,0.0
719520,0.0,0.0,7.708261228338448,999.6430855060721,0.0
719580,0.0,0.0,7.708261228338448,999.8374636937231,0.0
719640,0.0,0.0,7.708261228338448,998.3227158222468,0.0
719700,0.0,0.0,7.708261228338448,999.5934187575284,0.0
719760,0.0,0.0,7.708261228338448,1001.3297788529753,0.0
719820,0.0,0.0,7.708261228338448,1000.3064832757967,0.0
719880,0.0,0.0,7.708261228338448,1000.1086599734273,0.0
719940,0.0,0.0,7.708261228338448,998.6107240354761,0.0
720000,0.0,0.0,7.708261228338448,999.2658647307326,0.0
720060,0.0,0.0,7.708261228338448,1000.4992482806441,0.0
720120,0.0,0.0,7.708261228338448,1000.7550110717609,0.0
720180,0.0,0.0,7.708261228338448,999.5442570413644,0.0
720240,0.0,0.0,7.708261228338448,998.2252102611449,0.0
720300,0.0,0.0,7.708261228338448,999.1120688432815,0.0
720360,0.0,0.0,7.708261228338448,1001.1241089019074,0.0
720420,0.0,0.0,7.708261228338448,1000.4033734643401,0.0
720480,0.0,0.0,7.708261228338448,1000.6455002463754,0.0
720540,0.0,0.0,7.708261228338448,997.9308399777251,0.0
720600,0.0,0.0,7.708261228338448,999.166026131172,0.0
720660,0.0,0.0,7.708261228338448,1000.0526706531937,0.0
720720,0.0,0.0,7.708261228338448,1000.2769322698396,0.0
720780,0.0,0.0,7.708261228338448,1001.3597870312487,0.0
720840,0.0,0.0,7.708261228338448,999.4628915185981,0.0
720900,0.0,0.0,7.708261228338448,998.9451425507807,0.0
720960,0.0,0.0,7.708261228338448,999.4554617618205,0.0
721020,0.0,0.0,7.708261228338448,1000.2486636482753,0.0
721080,0.0,0.0,7.708261228338448,1000.4353283940164,0.0
721140,0.0,0.0,7.708261228338448,1000.3528629650569,0.0
721200,0.0,0.0,7.708261228338448,997.937352628473,0.0
721260,0.0,0.0,7.708261228338448,999.1347188516118,0.0
721320,0.0,0.0,7.708261228338448,1000.5800403111465,0.0
721380,0.0,0.0,7.708261228338448,1000.707060407279,0.0
721440,0.0,0.0,7.708261228338448,1000.3645613124934,0.0
721500,0.0,0.0,7.708261228338448,998.9502252642666,0.0
721560,0.0,0.0,7.708261228338448,998.5663549271068,0.0
721620,0.0,0.0,7.708261228338448,999.5896937356974,0.0
721680,0.0,0.0,7.708261228338448,1001.5117204471861,0.0
721740,0.0,0.0,7.708261228338448,1000.2296185475567,0.0
721800,0.0,0.0,7.708261228338448,1000.2188954892804,0.0
721860,0.0,0.0,7.708261228338448,998.6377769159526,0.0
721920,0.0,0.0,7.708261228338448,999.2924635209515,0.0
721980,0.0,0.0,7.708261228338448,1000.4949511960739,0.0
722040,0.0,0.0,7.708261228338448,1000.7235167261473,0.0
722100,0.0,0.0,7.708261228338448,999.073420072279,0.0
722160,0.0,0.0,7.708261228338448,999.4535197197295,0.0
722220,0.0,0.0,7.708261228338448,998.9417912099836,0.0
722280,0.0,0.0,7.708261228338448,999.9232186285933,0.0
722340,0.0,0.0,7.708261228338448,1001.4729650985503,0.0
722400,0.0,0.0,7.708261228338448,1000.0680419487334,0.0
722460,0.0,0.0,7.708261228338448,999.5263660818215,0.0
722520,0.0,0.0,7.708261228338448,998.5454776426697,0.0
722580,0.0,0.0,7.708261228338448,999.7003184520447,0.0
722640,0.0,0.0,7.708261228338448,1000.8855576856523,0.0
722700,0.0,0.0,7.708261228338448,999.9898670182135,0.0
722760,0.0,0.0,7.708261228338448,999.5241398048754,0.0
722820,0.0,0.0,7.708261228338448,998.8986726236541,0.0
722880,0.0,0.0,7.708261228338448,999.5129344985553,0.0
722940,0.0,0.0,7.708261228338448,1000.2092261757847,0.0
723000,0.0,0.0,7.708261228338448,1000.3121364187419,0.0
723060,0.0,0.0,7.708261228338448,1000.3578740532218,0.0
723120,0.0,0.0,7.708261228338448,997.8235595151714,0.0
723180,0.0,0.0,7.708261228338448,999.1998658134232,0.0
723240,0.0,0.0,7.708261228338448,1000.719830917907,0.0
723300,0.0,0.0,7.708261228338448,1000.4032189612878,0.0
723360,0.0,0.0,7.708261228338448,1000.9294954044018,0.0
723420,0.0,0.0,7.708261228338448,999.0287986234217,0.0
723480,0.0,0.0,7.708261228338448,998.8916624807263,0.0
723540,0.0,0.0,7.708261228338448,999.9570547342613,0.0
723600,0.0,0.0,7.708261228338448,1000.5586019630277,0.0
723660,0.0,0.0,7.708261228338448,1000.0636244340602,0.0
723720,0.0,0.0,7.708261228338448,999.9801485141084,0.0
723780,0.0,0.0,7.708261228338448,998.1095006422943,0.0
723840,0.0,0.0,7.708261228338448,999.7717647969569,0.0
723900,0.0,0.0,7.708261228338448,1000.1818318793671,0.0
723960,0.0,0.0,7.708261228338448,1001.6115375101872,0.0
724020,0.0,0.0,7.708261228338448,998.6547266007759,0.0
724080,0.0,0.0,7.708261228338448,999.5086289850987,0.0
724140,0.0,0.0,7.708261228338448,999.0341972604487,0.0
724200,0.0,0.0,7.708261228338448,999.9032578392174,0.0
724260,0.0,0.0,7.708261228338448,1001.5721681591812,0.0
724320,0.0,0.0,7.708261228338448,1000.0057273346647,0.0
724380,0.0,0.0,7.708261228338448,999.5523127309916,0.0
724440,0.0,0.0,7.708261228338448,998.8185841882091,0.0
724500,0.0,0.0,7.708261228338448,999.6857829333046,0.0
724560,0.0,0.0,7.708261228338448,1000.6273425857172,0.0
724620,0.0,0.0,7.708261228338448,1000.678336023299,0.0
724680,0.0,0.0,7.708261228338448,998.4828603387771,0.0
724740,0.0,0.0,7.708261228338448,999.1321334460885,0.0
724800,0.0,0.0,7.708261228338448,999.6509719210583,0.0
724860,0.0,0.0,7.708261228338448,1000.2234865906005,0.0
724920,0.0,0.0,7.708261228338448,1001.3856128464331,0.0
724980,0.0,0.0,7.708261228338448,998.326326134844,0.0
725040,0.0,0.0,7.708261228338448,999.2104544107771,0.0
725100,0.0,0.0,7.708261228338448,998.9918868619786,0.0
725160,0.0,0.0,7.708261228338448,1001.1843093557494,0.0
725220,0.0,0.0,7.708261228338448,1000.3758040309001,0.0
725280,0.0,0.0,7.708261228338448,1000.9686828175542,0.0
725340,0.0,0.0,7.708261228338448,999.00387558045,0.0
725400,0.0,0.0,7.708261228338448,998.9628420381737,0.0
725460,0.0,0.0,7.708261228338448,999.9923985560562,0.0
725520,0.0,0.0,7.708261228338448,1000.5302856348998,0.0
725580,0.0,0.0,7.708261228338448,999.8909190053013,0.0
725640,0.0,0.0,7.708261228338448,1000.006348798777,0.0
725700,0.0,0.0,7.708261228338448,998.1019824187417,0.0
725760,0.0,0.0,7.708261228338448,999.4485316336991,0.0
725820,0.0,0.0,7.708261228338448,1001.1818557378315,0.0
725880,0.0,0.0,7.708261228338448,1000.3752181258324,0.0
725940,0.0,0.0,7.708261228338448,1000.3737702725695,0.0
726000,0.0,0.0,7.708261228338448,998.6681625814572,0.0
726060,0.0,0.0,7.708261228338448,999.1105142459259,0.0
726120,0.0,0.0,7.708261228338448,1000.3633599304463,0.0
726180,0.0,0.0,7.708261228338448,1000.7298760993798,0.0
726240,0.0,0.0,7.708261228338448,999.92572187724,0.0
726300,0.0,0.0,7.708261228338448,998.3749510942681,0.0
726360,0.0,0.0,7.708261228338448,999.0635960873822,0.0
726420,0.0,0.0,7.708261228338448,1000.8210751429841,0.0
726480,0.0,0.0,7.708261228338448,1000.4482512777704,0.0
726540,0.0,0.0,7.708261228338448,1000.7146050303646,0.0
726600,0.0,0.0,7.708261228338448,998.177832819296,0.0
726660,0.0,0.0,7.708261228338448,999.2369581427582,0.0
726720,0.0,0.0,7.708261228338448,999.7305458516773,0.0
726780,0.0,0.0,7.708261228338448,1000.1882154391562,0.0
726840,0.0,0.0,7.708261228338448,1001.4700019429704,0.0
726900,0.0,0.0,7.708261228338448,999.6462987257978,0.0
726960,0.0,0.0,7.708261228338448,999.0732715288873,0.0
727020,0.0,0.0,7.708261228338448,999.2343830992708,0.0
727080,0.0,0.0,7.708261228338448,1000.0880211235567,0.0
727140,0.0,0.0,7.708261228338448,1000.5471823116565,0.0
727200,0.0,0.0,7.708261228338448,1000.4810088808987,0.0
727260,0.0,0.0,7.708261228338448,998.0235921102177,0.0
727320,0.0,0.0,7.708261228338448,999.0685937709572,0.0
727380,0.0,0.0,7.708261228338448,1000.3100323320967,0.0
727440,0.0,0.0,7.708261228338448,1000.8123610728748,0.0
727500,0.0,0.0,7.708261228338448,1000.4453252461373,0.0
727560,0.0,0.0,7.708261228338448,999.244236680285,0.0
727620,0.0,0.0,7.708261228338448,998.2273483657144,0.0
727680,0.0,0.0,7.708261228338448,999.4584829353842,0.0
727740,0.0,0.0,7.708261228338448,1001.3706754627942,0.0
727800,0.0,0.0,7.708261228338448,1000.295101352824,0.0
727860,0.0,0.0,7.708261228338448,1000.4785652305313,0.0
727920,0.0,0.0,7.708261228338448,998.6801162246608,0.0
727980,0.0,0.0,7.708261228338448,999.1487536819176,0.0
728040,0.0,0.0,7.708261228338448,1000.3783547548544,0.0
728100,0.0,0.0,7.708261228338448,1000.6980414667396,0.0
728160,0.0,0.0,7.708261228338448,999.3530948093417,0.0
728220,0.0,0.0,7.708261228338448,999.6129051498127,0.0
728280,0.0,0.0,7.708261228338448,998.6479052794441,0.0
728340,0.0,0.0,7.708261228338448,999.7775119847004,0.0
728400,0.0,0.0,7.708261228338448,1001.4265611396578,0.0
728460,0.0,0.0,7.708261228338448,1000.1967059187365,0.0
728520,0.0,0.0,7.708261228338448,999.7763073844019,0.0
728580,0.0,0.0,7.708261228338448,998.649530088241,0.0
728640,0.0,0.0,7.708261228338448,999.4730395184537,0.0
728700,0.0,0.0,7.708261228338448,1001.6934806500792,0.0
728760,0.0,0.0,7.708261228338448,1000.2047289014,0.0
728820,0.0,0.0,7.708261228338448,1000.3755007247934,0.0
728880,0.0,0.0,7.708261228338448,997.5612791046021,0.0
728940,0.0,0.0,7.708261228338448,999.2648918062386,0.0
729000,0.0,0.0,7.708261228338448,1000.1122961834908,0.0
729060,0.0,0.0,7.708261228338448,1000.4217411641573,0.0
729120,0.0,0.0,7.708261228338448,1000.4819181762673,0.0
729180,0.0,0.0,7.708261228338448,997.8709683382992,0.0
729240,0.0,0.0,7.708261228338448,999.1383572828679,0.0
729300,0.0,0.0,7.708261228338448,1000.4313528125749,0.0
729360,0.0,0.0,7.708261228338448,1000.3657015427432,0.0
729420,0.0,0.0,7.708261228338448,1001.1478243331545,0.0
729480,0.0,0.0,7.708261228338448,999.233157079127,0.0
729540,0.0,0.0,7.708261228338448,998.8688081959016,0.0
729600,0.0,0.0,7.708261228338448,999.72329060603,0.0
729660,0.0,0.0,7.708261228338448,1000.4292320854436,0.0
729720,0.0,0.0,7.708261228338448,1000.2697574846919,0.0
729780,0.0,0.0,7.708261228338448,1000.1646511627849,0.0
729840,0.0,0.0,7.708261228338448,997.9830739038235,0.0
729900,0.0,0.0,7.708261228338448,999.462005186988,0.0
729960,0.0,0.0,7.708261228338448,1000.0347055897096,0.0
730020,0.0,0.0,7.708261228338448,1001.7780550288951,0.0
730080,0.0,0.0,7.708261228338448,998.9613491215111,0.0
730140,0.0,0.0,7.708261228338448,999.6839751099684,0.0
730200,0.0,0.0,7.708261228338448,998.6791543306852,0.0
730260,0.0,0.0,7.708261228338448,999.7595404819522,0.0
730320,0.0,0.0,7.708261228338448,1001.5285245467138,0.0
730380,0.0,0.0,7.708261228338448,1000.1376924186143,0.0
730440,0.0,0.0,7.708261228338448,999.826266998124,0.0
730500,0.0,0.0,7.708261228338448,998.6900016505456,0.0
730560,0.0,0.0,7.708261228338448,999.4978558369797,0.0
730620,0.0,0.0,7.708261228338448,1000.5955032064307,0.0
730680,0.0,0.0,7.708261228338448,1000.7219108756866,0.0
730740,0.0,0.0,7.708261228338448,998.7643283127564,0.0
730800,0.0,0.0,7.708261228338448,999.2563346410215,0.0
730860,0.0,0.0,7.708261228338448,999.316913693011,0.0
730920,0.0,0.0,7.708261228338448,1000.0965081369009,0.0
730980,0.0,0.0,7.708261228338448,1001.4474666041017,0.0
731040,0.0,0.0,7.708261228338448,999.8896348576204,0.0
731100,0.0,0.0,7.708261228338448,999.2375659018975,0.0
731160,0.0,0.0,7.708261228338448,999.0075499419755,0.0
731220,0.0,0.0,7.708261228338448,999.8949442113174,0.0
731280,0.0,0.0,7.708261228338448,1001.0075956610447,0.0
731340,0.0,0.0,7.708261228338448,999.5830855357843,0.0
731400,0.0,0.0,7.708261228338448,999.3160566387747,0.0
731460,0.0,0.0,7.708261228338448,998.8466598937097,0.0
731520,0.0,0.0,7.708261228338448,999.7641868009796,0.0
731580,0.0,0.0,7.708261228338448,1000.3744083117597,0.0
731640,0.0,0.0,7.708261228338448,1000.1346035063353,0.0
731700,0.0,0.0,7.708261228338448,1000.1914983184184,0.0
731760,0.0,0.0,7.708261228338448,997.918775681314,0.0
731820,0.0,0.0,7.708261228338448,999.3047701641813,0.0
731880,0.0,0.0,7.708261228338448,1000.970175063121,0.0
731940,0.0,0.0,7.708261228338448,1000.4111506269561,0.0
732000,0.0,0.0,7.708261228338448,1000.6632078802621,0.0
732060,0.0,0.0,7.708261228338448,998.8339042067645,0.0
732120,0.0,0.0,7.708261228338448,998.973225012621,0.0
732180,0.0,0.0,7.708261228338448,1000.1729520209598,0.0
732240,0.0,0.0,7.708261228338448,1000.6626419388897,0.0
732300,0.0,0.0,7.708261228338448,1000.3345846372829,0.0
732360,0.0,0.0,7.708261228338448,998.5994347707992,0.0
732420,0.0,0.0,7.708261228338448,999.074940033782,0.0
732480,0.0,0.0,7.708261228338448,1000.4500021727889,0.0
732540,0.0,0.0,7.708261228338448,1000.4402713379003,0.0
732600,0.0,0.0,7.708261228338448,1000.7566585524372,0.0
732660,0.0,0.0,7.708261228338448,998.4698933669904,0.0
732720,0.0,0.0,7.708261228338448,999.3693382563032,0.0
732780,0.0,0.0,7.708261228338448,999.3693824481705,0.0
732840,0.0,0.0,7.708261228338448,1000.0644524644789,0.0
732900,0.0,0.0,7.708261228338448,1001.5471948882259,0.0
732960,0.0,0.0,7.708261228338448,999.8322590260054,0.0
733020,0.0,0.0,7.708261228338448,999.279696297113,0.0
733080,0.0,0.0,7.708261228338448,999.0121686491532,0.0
733140,0.0,0.0,7.708261228338448,999.8971164818236,0.0
733200,0.0,0.0,7.708261228338448,1000.6160818994207,0.0
733260,0.0,0.0,7.708261228338448,1000.5946865034659,0.0
733320,0.0,0.0,7.708261228338448,998.230016243506,0.0
733380,0.0,0.0,7.708261228338448,999.0556880943186,0.0
733440,0.0,0.0,7.708261228338448,999.9945032775254,0.0
733500,0.0,0.0,7.708261228338448,1000.8612138648685,0.0
733560,0.0,0.0,7.708261228338448,1000.5020582326152,0.0
733620,0.0,0.0,7.708261228338448,999.5984890235654,0.0
733680,0.0,0.0,7.708261228338448,997.9173094950421,0.0
733740,0.0,0.0,7.708261228338448,999.3341712188459,0.0
733800,0.0,0.0,7.708261228338448,1001.1735589086915,0.0
733860,0.0,0.0,7.708261228338448,1000.3314662319092,0.0
733920,0.0,0.0,7.708261228338448,1000.7497587379166,0.0
733980,0.0,0.0,7.708261228338448,998.8231514111609,0.0
734040,0.0,0.0,7.708261228338448,999.0251612409332,0.0
734100,0.0,0.0,7.708261228338448,1000.2153884105592,0.0
734160,0.0,0.0,7.708261228338448,1000.6379647152347,0.0
734220,0.0,0.0,7.708261228338448,999.6316561843022,0.0
734280,0.0,0.0,7.708261228338448,999.7945468200286,0.0
734340,0.0,0.0,7.708261228338448,998.3663503133181,0.0
734400,0.0,0.0,7.708261228338448,999.6178037480828,0.0
734460,0.0,0.0,7.708261228338448,1001.3312460297736,0.0
734520,0.0,0.0,7.708261228338448,1000.3034548802277,0.0
734580,0.0,0.0,7.708261228338448,1000.05545477199,0.0
734640,0.0,0.0,7.708261228338448,998.6062811860467,0.0
734700,0.0,0.0,7.708261228338448,999.2875564632399,0.0
734760,0.0,0.0,7.708261228338448,1001.598851672136,0.0
734820,0.0,0.0,7.708261228338448,1000.3035476185887,0.0
734880,0.0,0.0,7.708261228338448,1000.5708815634928,0.0
734940,0.0,0.0,7.708261228338448,997.3873458786434,0.0
735000,0.0,0.0,7.708261228338448,999.0675721942519,0.0
735060,0.0,0.0,7.708261228338448,999.9292502704543,0.0
735120,0.0,0.0,7.708261228338448,1000.5165824582899,0.0
735180,0.0,0.0,7.708261228338448,1000.5762626327503,0.0
735240,0.0,0.0,7.708261228338448,998.0310541851878,0.0
735300,0.0,0.0,7.708261228338448,999.1314344160565,0.0
735360,0.0,0.0,7.708261228338448,1000.1231667972664,0.0
735420,0.0,0.0,7.708261228338448,1000.3029819201183,0.0
735480,0.0,0.0,7.708261228338448,1001.312177094845,0.0
735540,0.0,0.0,7.708261228338448,999.4296657791792,0.0
735600,0.0,0.0,7.708261228338448,998.9132425669701,0.0
735660,0.0,0.0,7.708261228338448,999.4919925173734,0.0
735720,0.0,0.0,7.708261228338448,1000.2839140484541,0.0
735780,0.0,0.0,7.708261228338448,1000.4299382026824,0.0
735840,0.0,0.0,7.708261228338448,1000.322764447332,0.0
735900,0.0,0.0,7.708261228338448,997.9532419727697,0.0
735960,0.0,0.0,7.708261228338448,999.1609190512092,0.0
736020,0.0,0.0,7.708261228338448,999.8844948355099,0.0
736080,0.0,0.0,7.708261228338448,1001.8724917360879,0.0
736140,0.0,0.0,7.708261228338448,999.2520904847252,0.0
736200,0.0,0.0,7.708261228338448,999.8549758912403,0.0
736260,0.0,0.0,7.708261228338448,998.3660113977364,0.0
736320,0.0,0.0,7.708261228338448,999.6210278569469,0.0
736380,0.0,0.0,7.708261228338448,1001.4341600324228,0.0
736440,0.0,0.0,7.708261228338448,1000.2386506507598,0.0
736500,0.0,0.0,7.708261228338448,1000.0978197030666,0.0
736560,0.0,0.0,7.708261228338448,998.6312031905877,0.0
736620,0.0,0.0,7.708261228338448,999.3274352781706,0.0
736680,0.0,0.0,7.708261228338448,1000.5218144387354,0.0
736740,0.0,0.0,7.708261228338448,1000.7333277059046,0.0
736800,0.0,0.0,7.708261228338448,999.0491514772366,0.0
736860,0.0,0.0,7.708261228338448,999.4013861271384,0.0
736920,0.0,0.0,7.708261228338448,998.9996931526596,0.0
736980,0.0,0.0,7.708261228338448,999.958135880004,0.0
737040,0.0,0.0,7.708261228338448,1001.4573833215796,0.0
737100,0.0,0.0,7.708261228338448,1000.0490328525946,0.0
737160,0.0,0.0,7.708261228338448,999.4666691949934,0.0
737220,0.0,0.0,7.708261228338448,998.6022692438377,0.0
737280,0.0,0.0,7.708261228338448,999.7317369914989,0.0
737340,0.0,0.0,7.708261228338448,1000.9064666214093,0.0
737400,0.0,0.0,7.708261228338448,999.9705134315222,0.0
737460,0.0,0.0,7.708261228338448,999.4957768887044,0.0
737520,0.0,0.0,7.708261228338448,998.8746570637946,0.0
737580,0.0,0.0,7.708261228338448,999.5430119632979,0.0
737640,0.0,0.0,7.708261228338448,1000.2391384665868,0.0
737700,0.0,0.0,7.708261228338448,1000.3100241488903,0.0
737760,0.0,0.0,7.708261228338448,1000.3341963346124,0.0
737820,0.0,0.0,7.708261228338448,997.8457398500135,0.0
737880,0.0,0.0,7.708261228338448,999.2029800998789,0.0
737940,0.0,0.0,7.708261228338448,1000.7377296559221,0.0
738000,0.0,0.0,7.708261228338448,1000.4149317395027,0.0
738060,0.0,0.0,7.708261228338448,1000.8896466286461,0.0
738120,0.0,0.0,7.708261228338448,999.0074736374963,0.0
738180,0.0,0.0,7.708261228338448,998.890776441526,0.0
738240,0.0,0.0,7.708261228338448,999.9769197773139,0.0
738300,0.0,0.0,7.708261228338448,1000.5755241566756,0.0
738360,0.0,0.0,7.708261228338448,1000.6802728504712,0.0
738420,0.0,0.0,7.708261228338448,998.8244395925644,0.0
738480,0.0,0.0,7.708261228338448,999.1440133667116,0.0
738540,0.0,0.0,7.708261228338448,1000.0712153347113,0.0
738600,0.0,0.0,7.708261228338448,1000.3942913666476,0.0
738660,0.0,0.0,7.708261228338448,1000.7648829590152,0.0
738720,0.0,0.0,7.708261228338448,998.7620626540798,0.0
738780,0.0,0.0,7.708261228338448,999.5047057986648,0.0
738840,0.0,0.0,7.708261228338448,999.0439808130309,0.0
738900,0.0,0.0,7.708261228338448,999.9400278126197,0.0
738960,0.0,0.0,7.708261228338448,1001.5624172956747,0.0
739020,0.0,0.0,7.708261228338448,999.9843509697081,0.0
739080,0.0,0.0,7.708261228338448,999.5015786654278,0.0
739140,0.0,0.0,7.708261228338448,998.8386295060708,0.0
739200,0.0,0.0,7.708261228338448,999.7192456436908,0.0
739260,0.0,0.0,7.708261228338448,1000.6373609449877,0.0
739320,0.0,0.0,7.708261228338448,1000.6707859237647,0.0
739380,0.0,0.0,7.708261228338448,998.4743006030984,0.0
739440,0.0,0.0,7.708261228338448,999.1024937109902,0.0
739500,0.0,0.0,7.708261228338448,999.6874990033857,0.0
739560,0.0,0.0,7.708261228338448,1000.2469235323678,0.0
739620,0.0,0.0,7.708261228338448,1001.3593746258091,0.0
739680,0.0,0.0,7.708261228338448,998.3393917633417,0.0
739740,0.0,0.0,7.708261228338448,999.1797140726677,0.0
739800,0.0,0.0,7.708261228338448,999.0185768683122,0.0
739860,0.0,0.0,7.708261228338448,1001.1770730636423,0.0
739920,0.0,0.0,7.708261228338448,1000.3883034852436,0.0
739980,0.0,0.0,7.708261228338448,1000.9235589354399,0.0
740040,0.0,0.0,7.708261228338448,998.9836866136687,0.0
740100,0.0,0.0,7.708261228338448,998.959575642994,0.0
740160,0.0,0.0,7.708261228338448,1000.0109438843576,0.0
740220,0.0,0.0,7.708261228338448,1000.5469926507124,0.0
740280,0.0,0.0,7.708261228338448,999.8899773945433,0.0
740340,0.0,0.0,7.708261228338448,999.982987896355,0.0
740400,0.0,0.0,7.708261228338448,998.1244262868031,0.0
740460,0.0,0.0,7.708261228338448,999.4585475328872,0.0
740520,0.0,0.0,7.708261228338448,1001.1827227471966,0.0
740580,0.0,0.0,7.708261228338448,1000.3788798663414,0.0
740640,0.0,0.0,7.708261228338448,1000.3439233436499,0.0
740700,0.0,0.0,7.708261228338448,998.658922808669,0.0
740760,0.0,0.0,7.708261228338448,999.1175521695117,0.0
740820,0.0,0.0,7.708261228338448,1001.4343756645281,0.0
740880,0.0,0.0,7.708261228338448,1000.3640231364717,0.0
740940,0.0,0.0,7.708261228338448,1000.7489417366137,0.0
741000,0.0,0.0,7.708261228338448,997.3199113410575,0.0
741060,0.0,0.0,7.708261228338448,998.8963308207909,0.0
741120,0.0,0.0,7.708261228338448,999.7330406203233,0.0
741180,0.0,0.0,7.708261228338448,1000.5625226540778,0.0
741240,0.0,0.0,7.708261228338448,1000.6447165694647,0.0
741300,0.0,0.0,7.708261228338448,998.2772326186644,0.0
741360,0.0,0.0,7.708261228338448,999.1919869420839,0.0
741420,0.0,0.0,7.708261228338448,999.7872133945257,0.0
741480,0.0,0.0,7.708261228338448,1000.2104791170018,0.0
741540,0.0,0.0,7.708261228338448,1001.4386867244575,0.0
741600,0.0,0.0,7.708261228338448,999.6259168915255,0.0
741660,0.0,0.0,7.708261228338448,999.0382925792873,0.0
741720,0.0,0.0,7.708261228338448,999.2577916869509,0.0
741780,0.0,0.0,7.708261228338448,1000.1148700748046,0.0
741840,0.0,0.0,7.708261228338448,1000.5488358172109,0.0
741900,0.0,0.0,7.708261228338448,1000.464056853065,0.0
741960,0.0,0.0,7.708261228338448,998.0295348888944,0.0
742020,0.0,0.0,7.708261228338448,999.064599074268,0.0
742080,0.0,0.0,7.708261228338448,1000.3305460901668,0.0
742140,0.0,0.0,7.708261228338448,1000.8139585688027,0.0
742200,0.0,0.0,7.708261228338448,1000.442122420684,0.0
742260,0.0,0.0,7.708261228338448,999.215014774501,0.0
742320,0.0,0.0,7.708261228338448,998.2545160729406,0.0
742380,0.0,0.0,7.708261228338448,999.4690298386436,0.0
742440,0.0,0.0,7.708261228338448,1001.3683581464533,0.0
742500,0.0,0.0,7.708261228338448,1000.2991028100132,0.0
742560,0.0,0.0,7.708261228338448,1000.4428544388122,0.0
742620,0.0,0.0,7.708261228338448,998.6707013976184,0.0
742680,0.0,0.0,7.708261228338448,999.1561887954729,0.0
742740,0.0,0.0,7.708261228338448,1000.3895031930277,0.0
742800,0.0,0.0,7.708261228338448,1000.7057792750595,0.0
742860,0.0,0.0,7.708261228338448,999.3556564482253,0.0
742920,0.0,0.0,7.708261228338448,999.5920805886377,0.0
742980,0.0,0.0,7.708261228338448,998.6640655248879,0.0
743040,0.0,0.0,7.708261228338448,999.7882131274937,0.0
743100,0.0,0.0,7.708261228338448,1001.4191911860759,0.0
743160,0.0,0.0,7.708261228338448,1000.1963324471009,0.0
743220,0.0,0.0,7.708261228338448,999.7550290008694,0.0
743280,0.0,0.0,7.708261228338448,998.1833132510853,0.0
743340,0.0,0.0,7.708261228338448,999.5442853188312,0.0
743400,0.0,0.0,7.708261228338448,1000.754280655312,0.0
743460,0.0,0.0,7.708261228338448,1000.3538076458262,0.0
743520,0.0,0.0,7.708261228338448,999.688072798755,0.0
743580,0.0,0.0,7.708261228338448,998.9937676863431,0.0
743640,0.0,0.0,7.708261228338448,999.2990800542714,0.0
743700,0.0,0.0,7.708261228338448,1000.06883706818,0.0
743760,0.0,0.0,7.708261228338448,1000.450869597979,0.0
743820,0.0,0.0,7.708261228338448,1000.4712639719224,0.0
743880,0.0,0.0,7.708261228338448,997.865829379767,0.0
743940,0.0,0.0,7.708261228338448,999.1340392805582,0.0
744000,0.0,0.0,7.708261228338448,1000.4506989500875,0.0
744060,0.0,0.0,7.708261228338448,1000.3816909368504,0.0
744120,0.0,0.0,7.708261228338448,1001.1104428927059,0.0
744180,0.0,0.0,7.708261228338448,999.2114762505805,0.0
744240,0.0,0.0,7.708261228338448,998.8596912996555,0.0
744300,0.0,0.0,7.708261228338448,999.744029568174,0.0
744360,0.0,0.0,7.708261228338448,1000.4491395319908,0.0
744420,0.0,0.0,7.708261228338448,1001.0176386504648,0.0
744480,0.0,0.0,7.708261228338448,999.0709786116007,0.0
744540,0.0,0.0,7.708261228338448,999.2846803503545,0.0
744600,0.0,0.0,7.708261228338448,999.6443344583816,0.0
744660,0.0,0.0,7.708261228338448,1000.2973683653729,0.0
744720,0.0,0.0,7.708261228338448,1000.7393604183577,0.0
744780,0.0,0.0,7.708261228338448,999.0700972314272,0.0
744840,0.0,0.0,7.708261228338448,999.6702343015603,0.0
744900,0.0,0.0,7.708261228338448,998.7090727477594,0.0
744960,0.0,0.0,7.708261228338448,999.7939494826418,0.0
745020,0.0,0.0,7.708261228338448,1001.5321327285824,0.0
745080,0.0,0.0,7.708261228338448,1000.1223256202167,0.0
745140,0.0,0.0,7.708261228338448,999.7701589794899,0.0
745200,0.0,0.0,7.708261228338448,998.7015502646756,0.0
745260,0.0,0.0,7.708261228338448,999.5287222719226,0.0
745320,0.0,0.0,7.708261228338448,1000.6104463783419,0.0
745380,0.0,0.0,7.708261228338448,1000.7210501713531,0.0
745440,0.0,0.0,7.708261228338448,998.752756445383,0.0
745500,0.0,0.0,7.708261228338448,999.2200120089332,0.0
745560,0.0,0.0,7.708261228338448,999.3562330128798,0.0
745620,0.0,0.0,7.708261228338448,1000.1217690549366,0.0
745680,0.0,0.0,7.708261228338448,1001.4271781652218,0.0
745740,0.0,0.0,7.708261228338448,998.6996829219928,0.0
745800,0.0,0.0,7.708261228338448,999.3375483625778,0.0
745860,0.0,0.0,7.708261228338448,998.8041585148004,0.0
745920,0.0,0.0,7.708261228338448,1000.9879383254905,0.0
745980,0.0,0.0,7.708261228338448,1000.3555486125701,0.0
746040,0.0,0.0,7.708261228338448,1001.15732337484,0.0
746100,0.0,0.0,7.708261228338448,999.1703568643534,0.0
746160,0.0,0.0,7.708261228338448,998.9390124950193,0.0
746220,0.0,0.0,7.708261228338448,999.7975950453745,0.0
746280,0.0,0.0,7.708261228338448,1000.4314895205614,0.0
746340,0.0,0.0,7.708261228338448,1000.1113039442371,0.0
746400,0.0,0.0,7.708261228338448,1000.1501049846715,0.0
746460,0.0,0.0,7.708261228338448,997.9598524632437,0.0
746520,0.0,0.0,7.708261228338448,999.3222060754828,0.0
746580,0.0,0.0,7.708261228338448,1000.9929006662707,0.0
746640,0.0,0.0,7.708261228338448,1000.4193956509431,0.0
746700,0.0,0.0,7.708261228338448,1000.6028503294069,0.0
746760,0.0,0.0,7.708261228338448,998.8035070088354,0.0
746820,0.0,0.0,7.708261228338448,998.9852883919683,0.0
746880,0.0,0.0,7.708261228338448,1001.2068452729881,0.0
746940,0.0,0.0,7.708261228338448,1000.3861546125302,0.0
747000,0.0,0.0,7.708261228338448,1000.8881971543902,0.0
747060,0.0,0.0,7.708261228338448,997.3974534610818,0.0
747120,0.0,0.0,7.708261228338448,998.7777778844065,0.0
747180,0.0,0.0,7.708261228338448,999.5466344532766,0.0
747240,0.0,0.0,7.708261228338448,1000.5607129624177,0.0
747300,0.0,0.0,7.708261228338448,1000.6819147617721,0.0
747360,0.0,0.0,7.708261228338448,998.5480181027474,0.0
747420,0.0,0.0,7.708261228338448,999.3019655665521,0.0
747480,0.0,0.0,7.708261228338448,999.4535455987702,0.0
747540,0.0,0.0,7.708261228338448,1000.1011955187063,0.0
747600,0.0,0.0,7.708261228338448,1001.5119453313711,0.0
747660,0.0,0.0,7.708261228338448,999.8032402710752,0.0
747720,0.0,0.0,7.708261228338448,999.2163430692776,0.0
747780,0.0,0.0,7.708261228338448,999.0465736142596,0.0
747840,0.0,0.0,7.708261228338448,999.9397161008657,0.0
747900,0.0,0.0,7.708261228338448,1000.620646955239,0.0
747960,0.0,0.0,7.708261228338448,1000.57550875635,0.0
748020,0.0,0.0,7.708261228338448,998.2199300883854,0.0
748080,0.0,0.0,7.708261228338448,999.0386526346199,0.0
748140,0.0,0.0,7.708261228338448,1000.0380192981512,0.0
748200,0.0,0.0,7.708261228338448,1000.8643322211313,0.0
748260,0.0,0.0,7.708261228338448,1000.5019502275861,0.0
748320,0.0,0.0,7.708261228338448,999.5407975260216,0.0
748380,0.0,0.0,7.708261228338448,997.9654329262264,0.0
748440,0.0,0.0,7.708261228338448,999.3466949938928,0.0
748500,0.0,0.0,7.708261228338448,1001.185232267172,0.0
748560,0.0,0.0,7.708261228338448,1000.3395929223582,0.0
748620,0.0,0.0,7.708261228338448,1000.6948502886765,0.0
748680,0.0,0.0,7.708261228338448,998.7987107806915,0.0
748740,0.0,0.0,7.708261228338448,999.0335688676365,0.0
748800,0.0,0.0,7.708261228338448,1000.2378199350061,0.0
748860,0.0,0.0,7.708261228338448,1000.6540403979109,0.0
748920,0.0,0.0,7.708261228338448,999.6243709267968,0.0
748980,0.0,0.0,7.708261228338448,999.7619787278456,0.0
749040,0.0,0.0,7.708261228338448,998.3975489098945,0.0
749100,0.0,0.0,7.708261228338448,999.6357607002227,0.0
749160,0.0,0.0,7.708261228338448,1001.3296916189488,0.0
749220,0.0,0.0,7.708261228338448,1000.3020672037211,0.0
749280,0.0,0.0,7.708261228338448,1000.0166599134485,0.0
749340,0.0,0.0,7.708261228338448,997.853680236468,0.0
749400,0.0,0.0,7.708261228338448,999.3824075762043,0.0
749460,0.0,0.0,7.708261228338448,1000.5870577006099,0.0
749520,0.0,0.0,7.708261228338448,1000.6685313776029,0.0
749580,0.0,0.0,7.708261228338448,999.8484589034418,0.0
749640,0.0,0.0,7.708261228338448,999.1632239550569,0.0
749700,0.0,0.0,7.708261228338448,999.0899560123217,0.0
749760,0.0,0.0,7.708261228338448,999.907456628229,0.0
749820,0.0,0.0,7.708261228338448,1000.5402380512303,0.0
749880,0.0,0.0,7.708261228338448,1000.5703665761997,0.0
749940,0.0,0.0,7.708261228338448,998.0078536978933,0.0
750000,0.0,0.0,7.708261228338448,999.1149928741472,0.0
750060,0.0,0.0,7.708261228338448,1000.1588879347076,0.0
750120,0.0,0.0,7.708261228338448,1000.3264353804761,0.0
750180,0.0,0.0,7.708261228338448,1001.2704193614468,0.0
750240,0.0,0.0,7.708261228338448,999.401475516873,0.0
750300,0.0,0.0,7.708261228338448,998.8905582712028,0.0
750360,0.0,0.0,7.708261228338448,999.5210790807994,0.0
750420,0.0,0.0,7.708261228338448,1000.3126976817985,0.0
750480,0.0,0.0,7.708261228338448,1000.4263784239855,0.0
750540,0.0,0.0,7.708261228338448,1000.2970578315317,0.0
750600,0.0,0.0,7.708261228338448,997.9680373066955,0.0
750660,0.0,0.0,7.708261228338448,999.1887316730313,0.0
750720,0.0,0.0,7.708261228338448,999.9091787186886,0.0
750780,0.0,0.0,7.708261228338448,1001.8345593317583,0.0
750840,0.0,0.0,7.708261228338448,999.2563048173846,0.0
750900,0.0,0.0,7.708261228338448,999.8218717996484,0.0
750960,0.0,0.0,7.708261228338448,998.400968166405,0.0
751020,0.0,0.0,7.708261228338448,999.6368526885336,0.0
751080,0.0,0.0,7.708261228338448,1001.4304217881635,0.0
751140,0.0,0.0,7.708261228338448,1000.2378997640695,0.0
751200,0.0,0.0,7.708261228338448,1000.0585173673054,0.0
751260,0.0,0.0,7.708261228338448,998.6298612420097,0.0
751320,0.0,0.0,7.708261228338448,999.341054533328,0.0
751380,0.0,0.0,7.708261228338448,1000.5329529865055,0.0
751440,0.0,0.0,7.708261228338448,1000.7376234376294,0.0
751500,0.0,0.0,7.708261228338448,999.0493389613675,0.0
751560,0.0,0.0,7.708261228338448,999.3777357726777,0.0
751620,0.0,0.0,7.708261228338448,999.0187157252724,0.0
751680,0.0,0.0,7.708261228338448,999.9721074496697,0.0
751740,0.0,0.0,7.708261228338448,1001.4467630173964,0.0
751800,0.0,0.0,7.708261228338448,999.0711704520908,0.0
751860,0.0,0.0,7.708261228338448,999.5142859277588,0.0
751920,0.0,0.0,7.708261228338448,998.6215554276955,0.0
751980,0.0,0.0,7.708261228338448,1000.7329724144822,0.0
752040,0.0,0.0,7.708261228338448,1000.2912954867485,0.0
752100,0.0,0.0,7.708261228338448,1001.361866360211,0.0
752160,0.0,0.0,7.708261228338448,999.3665097370264,0.0
752220,0.0,0.0,7.708261228338448,998.9845609069253,0.0
752280,0.0,0.0,7.708261228338448,999.565635258071,0.0
752340,0.0,0.0,7.708261228338448,1000.2882712428698,0.0
752400,0.0,0.0,7.708261228338448,1000.2986744420394,0.0
752460,0.0,0.0,7.708261228338448,1000.307597104114,0.0
752520,0.0,0.0,7.708261228338448,997.8714625175187,0.0
752580,0.0,0.0,7.708261228338448,999.2078516773915,0.0
752640,0.0,0.0,7.708261228338448,1000.7576241228282,0.0
752700,0.0,0.0,7.708261228338448,1000.4264016839184,0.0
752760,0.0,0.0,7.708261228338448,1000.847832799395,0.0
752820,0.0,0.0,7.708261228338448,998.9846616263407,0.0
752880,0.0,0.0,7.708261228338448,998.891253312772,0.0
752940,0.0,0.0,7.708261228338448,999.9983965798727,0.0
753000,0.0,0.0,7.708261228338448,1000.5930544697676,0.0
753060,0.0,0.0,7.708261228338448,1000.6488879529255,0.0
753120,0.0,0.0,7.708261228338448,998.815497508285,0.0
753180,0.0,0.0,7.708261228338448,999.1190175047473,0.0
753240,0.0,0.0,7.708261228338448,1000.0846088346328,0.0
753300,0.0,0.0,7.708261228338448,1000.4092403237469,0.0
753360,0.0,0.0,7.708261228338448,1000.7700013011419,0.0
753420,0.0,0.0,7.708261228338448,998.7658063535929,0.0
753480,0.0,0.0,7.708261228338448,999.478725437712,0.0
753540,0.0,0.0,7.708261228338448,999.0668057795602,0.0
753600,0.0,0.0,7.708261228338448,999.9548409339751,0.0
753660,0.0,0.0,7.708261228338448,1001.5488009255134,0.0
753720,0.0,0.0,7.708261228338448,999.9792940583266,0.0
753780,0.0,0.0,7.708261228338448,999.475150433691,0.0
753840,0.0,0.0,7.708261228338448,998.8447299769545,0.0
753900,0.0,0.0,7.708261228338448,999.7325477434625,0.0
753960,0.0,0.0,7.708261228338448,1000.6435891969272,0.0
754020,0.0,0.0,7.708261228338448,1000.6682903782074,0.0
754080,0.0,0.0,7.708261228338448,998.4804070722848,0.0
754140,0.0,0.0,7.708261228338448,999.0879939325254,0.0
754200,0.0,0.0,7.708261228338448,999.6965953791552,0.0
754260,0.0,0.0,7.708261228338448,1000.8527894352023,0.0
754320,0.0,0.0,7.708261228338448,1000.5328449783862,0.0
754380,0.0,0.0,7.708261228338448,999.9247623370393,0.0
754440,0.0,0.0,7.708261228338448,997.7242439425778,0.0
754500,0.0,0.0,7.708261228338448,999.2405207096926,0.0
754560,0.0,0.0,7.708261228338448,1000.9400837588762,0.0
754620,0.0,0.0,7.708261228338448,1000.3464133354335,0.0
754680,0.0,0.0,7.708261228338448,1000.9568621372077,0.0
754740,0.0,0.0,7.708261228338448,998.9804476073127,0.0
754800,0.0,0.0,7.708261228338448,998.9424329860584,0.0
754860,0.0,0.0,7.708261228338448,1000.0383442895801,0.0
754920,0.0,0.0,7.708261228338448,1000.5631001163395,0.0
754980,0.0,0.0,7.708261228338448,999.8863697130257,0.0
755040,0.0,0.0,7.708261228338448,999.9523064292005,0.0
755100,0.0,0.0,7.708261228338448,998.1535032151806,0.0
755160,0.0,0.0,7.708261228338448,999.4734324833455,0.0
755220,0.0,0.0,7.708261228338448,1001.1866241962861,0.0
755280,0.0,0.0,7.708261228338448,1000.3815759956965,0.0
755340,0.0,0.0,7.708261228338448,1000.304690451828,0.0
755400,0.0,0.0,7.708261228338448,997.564684567861,0.0
755460,0.0,0.0,7.708261228338448,999.2237868361241,0.0
755520,0.0,0.0,7.708261228338448,1000.3764525989745,0.0
755580,0.0,0.0,7.708261228338448,1000.9494487441863,0.0
755640,0.0,0.0,7.708261228338448,1000.002346528116,0.0
755700,0.0,0.0,7.708261228338448,999.4033859316775,0.0
755760,0.0,0.0,7.708261228338448,998.8925254534745,0.0
755820,0.0,0.0,7.708261228338448,999.7262116188991,0.0
755880,0.0,0.0,7.708261228338448,1000.5842831381862,0.0
755940,0.0,0.0,7.708261228338448,1000.6496118128908,0.0
756000,0.0,0.0,7.708261228338448,998.2475538054888,0.0
756060,0.0,0.0,7.708261228338448,999.1602540000433,0.0
756120,0.0,0.0,7.708261228338448,999.8288113720159,0.0
756180,0.0,0.0,7.708261228338448,1000.2373180452257,0.0
756240,0.0,0.0,7.708261228338448,1001.403486496162,0.0
756300,0.0,0.0,7.708261228338448,999.6002094052814,0.0
756360,0.0,0.0,7.708261228338448,999.0029282788382,0.0
756420,0.0,0.0,7.708261228338448,999.2855746182887,0.0
756480,0.0,0.0,7.708261228338448,1000.1456618428513,0.0
756540,0.0,0.0,7.708261228338448,1000.5489802981358,0.0
756600,0.0,0.0,7.708261228338448,1000.4434333336662,0.0
756660,0.0,0.0,7.708261228338448,998.0347492499086,0.0
756720,0.0,0.0,7.708261228338448,998.8930382349898,0.0
756780,0.0,0.0,7.708261228338448,999.7481787446195,0.0
756840,0.0,0.0,7.708261228338448,1001.874952029152,0.0
756900,0.0,0.0,7.708261228338448,999.5311086263064,0.0
756960,0.0,0.0,7.708261228338448,999.9989068990968,0.0
757020,0.0,0.0,7.708261228338448,998.1214024603506,0.0
757080,0.0,0.0,7.708261228338448,999.4978021094645,0.0
757140,0.0,0.0,7.708261228338448,1001.2923465789406,0.0
757200,0.0,0.0,7.708261228338448,1000.3148518737343,0.0
757260,0.0,0.0,7.708261228338448,1000.33650665736,0.0
757320,0.0,0.0,7.708261228338448,998.6468489270806,0.0
757380,0.0,0.0,7.708261228338448,999.1816337067964,0.0
757440,0.0,0.0,7.708261228338448,1000.4177737595058,0.0
757500,0.0,0.0,7.708261228338448,1000.7210976644374,0.0
757560,0.0,0.0,7.708261228338448,999.335467532065,0.0
757620,0.0,0.0,7.708261228338448,999.5445490641417,0.0
757680,0.0,0.0,7.708261228338448,998.7134435253255,0.0
757740,0.0,0.0,7.708261228338448,999.8185655804549,0.0
757800,0.0,0.0,7.708261228338448,1001.4124519237396,0.0
757860,0.0,0.0,7.708261228338448,999.4259070842185,0.0
757920,0.0,0.0,7.708261228338448,999.6841710214045,0.0
757980,0.0,0.0,7.708261228338448,998.496108581135,0.0
758040,0.0,0.0,7.708261228338448,1000.4313512006706,0.0
758100,0.0,0.0,7.708261228338448,1000.207017797234,0.0
758160,0.0,0.0,7.708261228338448,1001.5112411565169,0.0
758220,0.0,0.0,7.708261228338448,999.5503115463989,0.0
758280,0.0,0.0,7.708261228338448,999.0976209541684,0.0
758340,0.0,0.0,7.708261228338448,999.3413531658224,0.0
758400,0.0,0.0,7.708261228338448,1000.1340586450109,0.0
758460,0.0,0.0,7.708261228338448,1000.4405267936869,0.0
758520,0.0,0.0,7.708261228338448,1000.4387237232498,0.0
758580,0.0,0.0,7.708261228338448,997.8847797805281,0.0
758640,0.0,0.0,7.708261228338448,999.1312128523031,0.0
758700,0.0,0.0,7.708261228338448,1000.4947949906261,0.0
758760,0.0,0.0,7.708261228338448,1000.403320379714,0.0
758820,0.0,0.0,7.708261228338448,1001.0529425288186,0.0
758880,0.0,0.0,7.708261228338448,999.1738540452519,0.0
758940,0.0,0.0,7.708261228338448,998.8496068334479,0.0
759000,0.0,0.0,7.708261228338448,999.782010205799,0.0
759060,0.0,0.0,7.708261228338448,1000.4809193677228,0.0
759120,0.0,0.0,7.708261228338448,1000.9626758592611,0.0
759180,0.0,0.0,7.708261228338448,999.0498255338607,0.0
759240,0.0,0.0,7.708261228338448,999.2392487514762,0.0
759300,0.0,0.0,7.708261228338448,999.6856625943295,0.0
759360,0.0,0.0,7.708261228338448,1000.3229793390004,0.0
759420,0.0,0.0,7.708261228338448,1000.7527061102686,0.0
759480,0.0,0.0,7.708261228338448,999.0617567202555,0.0
759540,0.0,0.0,7.708261228338448,999.6304145387076,0.0
759600,0.0,0.0,7.708261228338448,998.7521893745807,0.0
759660,0.0,0.0,7.708261228338448,999.8175871189671,0.0
759720,0.0,0.0,7.708261228338448,1001.5214073786984,0.0
759780,0.0,0.0,7.708261228338448,1000.1143070906477,0.0
759840,0.0,0.0,7.708261228338448,999.7231323375984,0.0
759900,0.0,0.0,7.708261228338448,998.7097458764725,0.0
759960,0.0,0.0,7.708261228338448,999.5512220711023,0.0
760020,0.0,0.0,7.708261228338448,1000.6215295710697,0.0
760080,0.0,0.0,7.708261228338448,1000.7201561340223,0.0
760140,0.0,0.0,7.708261228338448,998.7483078107201,0.0
760200,0.0,0.0,7.708261228338448,999.1926516525581,0.0
760260,0.0,0.0,7.708261228338448,999.3824090073078,0.0
760320,0.0,0.0,7.708261228338448,1000.7858650029494,0.0
760380,0.0,0.0,7.708261228338448,1000.5339016436234,0.0
760440,0.0,0.0,7.708261228338448,1000.2703308336186,0.0
760500,0.0,0.0,7.708261228338448,997.6131764216013,0.0
760560,0.0,0.0,7.708261228338448,999.1771106950854,0.0
760620,0.0,0.0,7.708261228338448,1000.6736912797477,0.0
760680,0.0,0.0,7.708261228338448,1000.3275014688663,0.0
760740,0.0,0.0,7.708261228338448,1001.1571297338569,0.0
760800,0.0,0.0,7.708261228338448,999.1578057998205,0.0
760860,0.0,0.0,7.708261228338448,998.9049714684098,0.0
760920,0.0,0.0,7.708261228338448,999.8353013960544,0.0
760980,0.0,0.0,7.708261228338448,1000.4575835028681,0.0
761040,0.0,0.0,7.708261228338448,1000.1037028727926,0.0
761100,0.0,0.0,7.708261228338448,1000.1146001082715,0.0
761160,0.0,0.0,7.708261228338448,997.9922195615532,0.0
761220,0.0,0.0,7.708261228338448,999.3375649620358,0.0
761280,0.0,0.0,7.708261228338448,1001.0079915479424,0.0
761340,0.0,0.0,7.708261228338448,1000.4262446107836,0.0
761400,0.0,0.0,7.708261228338448,1000.5528595912019,0.0
761460,0.0,0.0,7.708261228338448,998.7792753305067,0.0
761520,0.0,0.0,7.708261228338448,998.9958647383486,0.0
761580,0.0,0.0,7.708261228338448,1001.2005613759684,0.0
761640,0.0,0.0,7.708261228338448,1000.3985032844344,0.0
761700,0.0,0.0,7.708261228338448,1000.8646436344801,0.0
761760,0.0,0.0,7.708261228338448,997.4308703809744,0.0
761820,0.0,0.0,7.708261228338448,998.7838520946073,0.0
761880,0.0,0.0,7.708261228338448,999.5699355529592,0.0
761940,0.0,0.0,7.708261228338448,1000.5719020455001,0.0
762000,0.0,0.0,7.708261228338448,1000.6830564898221,0.0
762060,0.0,0.0,7.708261228338448,998.5485162985275,0.0
762120,0.0,0.0,7.708261228338448,999.2752138080652,0.0
762180,0.0,0.0,7.708261228338448,999.4780768917788,0.0
762240,0.0,0.0,7.708261228338448,1000.1181810746782,0.0
762300,0.0,0.0,7.708261228338448,1001.4932752146927,0.0
762360,0.0,0.0,7.708261228338448,999.7932050838709,0.0
762420,0.0,0.0,7.708261228338448,999.1903897674694,0.0
762480,0.0,0.0,7.708261228338448,999.0576457641207,0.0
762540,0.0,0.0,7.708261228338448,999.9565474566975,0.0
762600,0.0,0.0,7.708261228338448,1000.6255145873328,0.0
762660,0.0,0.0,7.708261228338448,1000.568059036654,0.0
762720,0.0,0.0,7.708261228338448,998.2287005688922,0.0
762780,0.0,0.0,7.708261228338448,998.6171157343899,0.0
762840,0.0,0.0,7.708261228338448,999.582439678595,0.0
762900,0.0,0.0,7.708261228338448,1001.8527285520457,0.0
762960,0.0,0.0,7.708261228338448,999.7822294348979,0.0
763020,0.0,0.0,7.708261228338448,1000.1745869399002,0.0
763080,0.0,0.0,7.708261228338448,997.8909285935238,0.0
763140,0.0,0.0,7.708261228338448,999.3693136050704,0.0
763200,0.0,0.0,7.708261228338448,1001.1037409560194,0.0
763260,0.0,0.0,7.708261228338448,1000.3607672978093,0.0
763320,0.0,0.0,7.708261228338448,1000.6139405220883,0.0
763380,0.0,0.0,7.708261228338448,998.7683257648494,0.0
763440,0.0,0.0,7.708261228338448,999.0459851259398,0.0
763500,0.0,0.0,7.708261228338448,1000.2608431692129,0.0
763560,0.0,0.0,7.708261228338448,1000.6709895438421,0.0
763620,0.0,0.0,7.708261228338448,999.6145165742271,0.0
763680,0.0,0.0,7.708261228338448,999.7273437383101,0.0
763740,0.0,0.0,7.708261228338448,998.4306449732534,0.0
763800,0.0,0.0,7.708261228338448,999.655547564897,0.0
763860,0.0,0.0,7.708261228338448,1001.3283126591734,0.0
763920,0.0,0.0,7.708261228338448,1000.299626450673,0.0
763980,0.0,0.0,7.708261228338448,999.9756279386967,0.0
764040,0.0,0.0,7.708261228338448,997.8912809838998,0.0
764100,0.0,0.0,7.708261228338448,999.3970596290917,0.0
764160,0.0,0.0,7.708261228338448,1000.6059491977724,0.0
764220,0.0,0.0,7.708261228338448,1000.6584073704793,0.0
764280,0.0,0.0,7.708261228338448,999.8369638010824,0.0
764340,0.0,0.0,7.708261228338448,999.1336888133726,0.0
764400,0.0,0.0,7.708261228338448,999.1033718802927,0.0
764460,0.0,0.0,7.708261228338448,999.9260220649159,0.0
764520,0.0,0.0,7.708261228338448,1000.5458471789984,0.0
764580,0.0,0.0,7.708261228338448,1000.5629635990329,0.0
764640,0.0,0.0,7.708261228338448,998.0170063397169,0.0
764700,0.0,0.0,7.708261228338448,999.1047493676335,0.0
764760,0.0,0.0,7.708261228338448,1000.1701905372014,0.0
764820,0.0,0.0,7.708261228338448,1000.3379835921615,0.0
764880,0.0,0.0,7.708261228338448,1001.250019165771,0.0
764940,0.0,0.0,7.708261228338448,999.3919335326723,0.0
765000,0.0,0.0,7.708261228338448,998.8795508560726,0.0
765060,0.0,0.0,7.708261228338448,999.5296490874888,0.0
765120,0.0,0.0,7.708261228338448,1000.3244612572436,0.0
765180,0.0,0.0,7.708261228338448,1001.2652370707125,0.0
765240,0.0,0.0,7.708261228338448,999.3020704735065,0.0
765300,0.0,0.0,7.708261228338448,999.4249079376012,0.0
765360,0.0,0.0,7.708261228338448,999.2368933254675,0.0
765420,0.0,0.0,7.708261228338448,1000.1824414028671,0.0
765480,0.0,0.0,7.708261228338448,1000.696126101402,0.0
765540,0.0,0.0,7.708261228338448,999.3677779732141,0.0
765600,0.0,0.0,7.708261228338448,999.8116729727478,0.0
765660,0.0,0.0,7.708261228338448,998.4330444295258,0.0
765720,0.0,0.0,7.708261228338448,999.6602842693874,0.0
765780,0.0,0.0,7.708261228338448,1001.4433422930499,0.0
765840,0.0,0.0,7.708261228338448,1000.2310908483769,0.0
765900,0.0,0.0,7.708261228338448,1000.0160135973367,0.0
765960,0.0,0.0,7.708261228338448,998.6303771099405,0.0
766020,0.0,0.0,7.708261228338448,999.3605684313206,0.0
766080,0.0,0.0,7.708261228338448,1000.5473242590389,0.0
766140,0.0,0.0,7.708261228338448,1000.741724659532,0.0
766200,0.0,0.0,7.708261228338448,999.0436449041362,0.0
766260,0.0,0.0,7.708261228338448,999.3476441095029,0.0
766320,0.0,0.0,7.708261228338448,999.0465608921429,0.0
766380,0.0,0.0,7.708261228338448,1000.655809708335,0.0
766440,0.0,0.0,7.708261228338448,1000.5015113121169,0.0
766500,0.0,0.0,7.708261228338448,1000.6363080497284,0.0
766560,0.0,0.0,7.708261228338448,997.6202128914873,0.0
766620,0.0,0.0,7.708261228338448,999.1597219985631,0.0
766680,0.0,0.0,7.708261228338448,1000.3556816538082,0.0
766740,0.0,0.0,7.708261228338448,1000.274650812202,0.0
766800,0.0,0.0,7.708261228338448,1001.3415797705829,0.0
766860,0.0,0.0,7.708261228338448,999.3544120415244,0.0
766920,0.0,0.0,7.708261228338448,998.929092085538,0.0
766980,0.0,0.0,7.708261228338448,999.6038127880404,0.0
767040,0.0,0.0,7.708261228338448,1000.3183581417162,0.0
767100,0.0,0.0,7.708261228338448,1000.2942148546487,0.0
767160,0.0,0.0,7.708261228338448,1000.2772128721625,0.0
767220,0.0,0.0,7.708261228338448,997.8957667921031,0.0
767280,0.0,0.0,7.708261228338448,999.2160078545157,0.0
767340,0.0,0.0,7.708261228338448,1000.7796836866544,0.0
767400,0.0,0.0,7.708261228338448,1000.4383105983787,0.0
767460,0.0,0.0,7.708261228338448,1000.8002942306875,0.0
767520,0.0,0.0,7.708261228338448,998.9581140643782,0.0
767580,0.0,0.0,7.708261228338448,998.893929470097,0.0
767640,0.0,0.0,7.708261228338448,1000.9189727133707,0.0
767700,0.0,0.0,7.708261228338448,1000.3856903914354,0.0
767760,0.0,0.0,7.708261228338448,1000.9804932164316,0.0
767820,0.0,0.0,7.708261228338448,997.6554337696078,0.0
767880,0.0,0.0,7.708261228338448,998.718370919638,0.0
767940,0.0,0.0,7.708261228338448,999.3837588028515,0.0
768000,0.0,0.0,7.708261228338448,1000.5246998824838,0.0
768060,0.0,0.0,7.708261228338448,1000.6957862435548,0.0
768120,0.0,0.0,7.708261228338448,998.8369136467057,0.0
768180,0.0,0.0,7.708261228338448,999.4144346589713,0.0
768240,0.0,0.0,7.708261228338448,999.1401380749389,0.0
768300,0.0,0.0,7.708261228338448,999.9887157703085,0.0
768360,0.0,0.0,7.708261228338448,1001.5250672826834,0.0
768420,0.0,0.0,7.708261228338448,999.9590171674238,0.0
768480,0.0,0.0,7.708261228338448,999.4123957052686,0.0
768540,0.0,0.0,7.708261228338448,998.8685573058885,0.0
768600,0.0,0.0,7.708261228338448,999.7694021730391,0.0
768660,0.0,0.0,7.708261228338448,1000.6531130107123,0.0
768720,0.0,0.0,7.708261228338448,1000.6576931621717,0.0
768780,0.0,0.0,7.708261228338448,998.5049741016009,0.0
768840,0.0,0.0,7.708261228338448,998.3991825242526,0.0
768900,0.0,0.0,7.708261228338448,999.4330528202128,0.0
768960,0.0,0.0,7.708261228338448,1001.7605846386692,0.0
769020,0.0,0.0,7.708261228338448,999.9940855405059,0.0
769080,0.0,0.0,7.708261228338448,1000.3268961097554,0.0
769140,0.0,0.0,7.708261228338448,997.7452078351314,0.0
769200,0.0,0.0,7.708261228338448,999.2687405212413,0.0
769260,0.0,0.0,7.708261228338448,1000.8786740356304,0.0
769320,0.0,0.0,7.708261228338448,1000.3755436603848,0.0
769380,0.0,0.0,7.708261228338448,1000.8581821383405,0.0
769440,0.0,0.0,7.708261228338448,998.9323982913702,0.0
769500,0.0,0.0,7.708261228338448,998.9510627069805,0.0
769560,0.0,0.0,7.708261228338448,1000.0793603019238,0.0
769620,0.0,0.0,7.708261228338448,1000.5944372299545,0.0
769680,0.0,0.0,7.708261228338448,999.8659620444789,0.0
769740,0.0,0.0,7.708261228338448,999.9030050741603,0.0
769800,0.0,0.0,7.708261228338448,998.2014435261294,0.0
769860,0.0,0.0,7.708261228338448,999.5011917689176,0.0
769920,0.0,0.0,7.708261228338448,1001.1985361913812,0.0
769980,0.0,0.0,7.708261228338448,1000.3813446544265,0.0
770040,0.0,0.0,7.708261228338448,1000.2407558394051,0.0
770100,0.0,0.0,7.708261228338448,997.6248799117841,0.0
770160,0.0,0.0,7.708261228338448,999.243376498448,0.0
770220,0.0,0.0,7.708261228338448,1000.4129476966832,0.0
770280,0.0,0.0,7.708261228338448,1000.923680492835,0.0
770340,0.0,0.0,7.708261228338448,999.9860922961853,0.0
770400,0.0,0.0,7.708261228338448,999.3490946171286,0.0
770460,0.0,0.0,7.708261228338448,998.9131972296359,0.0
770520,0.0,0.0,7.708261228338448,999.7558269109124,0.0
770580,0.0,0.0,7.708261228338448,1000.5926735950942,0.0
770640,0.0,0.0,7.708261228338448,1000.6423217418818,0.0
770700,0.0,0.0,7.708261228338448,998.246353129136,0.0
770760,0.0,0.0,7.708261228338448,999.1358053385189,0.0
770820,0.0,0.0,7.708261228338448,999.8592841046075,0.0
770880,0.0,0.0,7.708261228338448,1000.2572593484172,0.0
770940,0.0,0.0,7.708261228338448,1001.3758650139436,0.0
771000,0.0,0.0,7.708261228338448,999.5822059897421,0.0
771060,0.0,0.0,7.708261228338448,998.9771580382863,0.0
771120,0.0,0.0,7.708261228338448,999.3046050624608,0.0
771180,0.0,0.0,7.708261228338448,1000.1679640115351,0.0
771240,0.0,0.0,7.708261228338448,1001.4794609978519,0.0
771300,0.0,0.0,7.708261228338448,999.5237599687356,0.0
771360,0.0,0.0,7.708261228338448,999.6098657842343,0.0
771420,0.0,0.0,7.708261228338448,998.8284909143144,0.0
771480,0.0,0.0,7.708261228338448,1000.0270920443927,0.0
771540,0.0,0.0,7.708261228338448,1000.61926221084,0.0
771600,0.0,0.0,7.708261228338448,999.6376624243379,0.0
771660,0.0,0.0,7.708261228338448,999.9687122550497,0.0
771720,0.0,0.0,7.708261228338448,998.1848712303272,0.0
771780,0.0,0.0,7.708261228338448,999.5222010888942,0.0
771840,0.0,0.0,7.708261228338448,1001.318622369546,0.0
771900,0.0,0.0,7.708261228338448,1000.3116786462067,0.0
771960,0.0,0.0,7.708261228338448,1000.2785581562833,0.0
772020,0.0,0.0,7.708261228338448,998.6346178063436,0.0
772080,0.0,0.0,7.708261228338448,999.2025703887015,0.0
772140,0.0,0.0,7.708261228338448,1000.4406074328936,0.0
772200,0.0,0.0,7.708261228338448,1000.7317956252158,0.0
772260,0.0,0.0,7.708261228338448,999.3219389534088,0.0
772320,0.0,0.0,7.708261228338448,999.5047686347832,0.0
772380,0.0,0.0,7.708261228338448,998.752738306304,0.0
772440,0.0,0.0,7.708261228338448,999.8436662720966,0.0
772500,0.0,0.0,7.708261228338448,1001.4049231353439,0.0
772560,0.0,0.0,7.708261228338448,999.4276674091305,0.0
772620,0.0,0.0,7.708261228338448,999.6548487413105,0.0
772680,0.0,0.0,7.708261228338448,998.5079019954077,0.0
772740,0.0,0.0,7.708261228338448,1000.4390562688711,0.0
772800,0.0,0.0,7.708261228338448,1000.2270528969186,0.0
772860,0.0,0.0,7.708261228338448,1001.4774001150831,0.0
772920,0.0,0.0,7.708261228338448,999.5336187523551,0.0
772980,0.0,0.0,7.708261228338448,999.0705166089465,0.0
773040,0.0,0.0,7.708261228338448,999.3592750202502,0.0
773100,0.0,0.0,7.708261228338448,1000.1553180000906,0.0
773160,0.0,0.0,7.708261228338448,1000.4434268312532,0.0
773220,0.0,0.0,7.708261228338448,1000.4250212805922,0.0
773280,0.0,0.0,7.708261228338448,997.8976684506184,0.0
773340,0.0,0.0,7.708261228338448,999.1283030171953,0.0
773400,0.0,0.0,7.708261228338448,1000.5061211614931,0.0
773460,0.0,0.0,7.708261228338448,1000.4141647613935,0.0
773520,0.0,0.0,7.708261228338448,1001.0274636554349,0.0
773580,0.0,0.0,7.708261228338448,999.1607404061135,0.0
773640,0.0,0.0,7.708261228338448,998.8440123351585,0.0
773700,0.0,0.0,7.708261228338448,1000.5780515928562,0.0
773760,0.0,0.0,7.708261228338448,1000.3326978355523,0.0
773820,0.0,0.0,7.708261228338448,1001.0625070535565,0.0
773880,0.0,0.0,7.708261228338448,997.9797901511245,0.0
773940,0.0,0.0,7.708261228338448,998.736389277125,0.0
774000,0.0,0.0,7.708261228338448,999.2079045572009,0.0
774060,0.0,0.0,7.708261228338448,1000.4287674212671,0.0
774120,0.0,0.0,7.708261228338448,1000.6764973669398,0.0
774180,0.0,0.0,7.708261228338448,999.1347029025759,0.0
774240,0.0,0.0,7.708261228338448,999.5793200756805,0.0
774300,0.0,0.0,7.708261228338448,998.8042498178081,0.0
774360,0.0,0.0,7.708261228338448,999.8420857343737,0.0
774420,0.0,0.0,7.708261228338448,1001.5076668219829,0.0
774480,0.0,0.0,7.708261228338448,1000.1055730036487,0.0
774540,0.0,0.0,7.708261228338448,999.6727208646599,0.0
774600,0.0,0.0,7.708261228338448,998.7194594402375,0.0
774660,0.0,0.0,7.708261228338448,999.575647792925,0.0
774720,0.0,0.0,7.708261228338448,1000.6327917395672,0.0
774780,0.0,0.0,7.708261228338448,1000.7182332245264,0.0
774840,0.0,0.0,7.708261228338448,998.7419822890223,0.0
774900,0.0,0.0,7.708261228338448,999.1642415014317,0.0
774960,0.0,0.0,7.708261228338448,999.4107805514973,0.0
775020,0.0,0.0,7.708261228338448,1000.7926728840303,0.0
775080,0.0,0.0,7.708261228338448,1000.5427979361285,0.0
775140,0.0,0.0,7.708261228338448,1000.2309900934356,0.0
775200,0.0,0.0,7.708261228338448,997.6406786817275,0.0
775260,0.0,0.0,7.708261228338448,999.1726334542677,0.0
775320,0.0,0.0,7.708261228338448,1000.6849453015935,0.0
775380,0.0,0.0,7.708261228338448,1000.3393268310067,0.0
775440,0.0,0.0,7.708261228338448,1001.1265416593499,0.0
775500,0.0,0.0,7.708261228338448,999.1432272282511,0.0
775560,0.0,0.0,7.708261228338448,998.8985143718717,0.0
775620,0.0,0.0,7.708261228338448,999.8482316042091,0.0
775680,0.0,0.0,7.708261228338448,1000.4714894701997,0.0
775740,0.0,0.0,7.708261228338448,1000.1063901945615,0.0
775800,0.0,0.0,7.708261228338448,1000.0984177889901,0.0
775860,0.0,0.0,7.708261228338448,998.0074825119603,0.0
775920,0.0,0.0,7.708261228338448,999.3422018998858,0.0
775980,0.0,0.0,7.708261228338448,1001.0084343167758,0.0
776040,0.0,0.0,7.708261228338448,1000.4317415173173,0.0
776100,0.0,0.0,7.708261228338448,1000.5316239544292,0.0
776160,0.0,0.0,7.708261228338448,997.418352442673,0.0
776220,0.0,0.0,7.708261228338448,999.1031752261557,0.0
776280,0.0,0.0,7.708261228338448,1000.1719495234848,0.0
776340,0.0,0.0,7.708261228338448,1001.1504084233212,0.0
776400,0.0,0.0,7.708261228338448,1000.1250965779174,0.0
776460,0.0,0.0,7.708261228338448,999.63439409194,0.0
776520,0.0,0.0,7.708261228338448,998.748719724273,0.0
776580,0.0,0.0,7.708261228338448,999.5666445841581,0.0
776640,0.0,0.0,7.708261228338448,1000.5891617767799,0.0
776700,0.0,0.0,7.708261228338448,1000.6974847430596,0.0
776760,0.0,0.0,7.708261228338448,998.5228885859651,0.0
776820,0.0,0.0,7.708261228338448,999.2453724692479,0.0
776880,0.0,0.0,7.708261228338448,999.5091578366348,0.0
776940,0.0,0.0,7.708261228338448,1000.1402398881694,0.0
777000,0.0,0.0,7.708261228338448,1001.4708493929796,0.0
777060,0.0,0.0,7.708261228338448,999.7777073947789,0.0
777120,0.0,0.0,7.708261228338448,999.1578636363328,0.0
777180,0.0,0.0,7.708261228338448,999.0746123698565,0.0
777240,0.0,0.0,7.708261228338448,999.9795301112313,0.0
777300,0.0,0.0,7.708261228338448,1001.6542507178161,0.0
777360,0.0,0.0,7.708261228338448,999.7402104784743,0.0
777420,0.0,0.0,7.708261228338448,999.8323472975246,0.0
777480,0.0,0.0,7.708261228338448,998.406164991593,0.0
777540,0.0,0.0,7.708261228338448,999.8320453181661,0.0
777600,0.0,0.0,7.708261228338448,1000.5050311851227,0.0
777660,0.0,0.0,7.708261228338448,999.8928240251466,0.0
777720,0.0,0.0,7.708261228338448,1000.1340268907079,0.0
777780,0.0,0.0,7.708261228338448,997.9719534608658,0.0
777840,0.0,0.0,7.708261228338448,999.3855993596975,0.0
777900,0.0,0.0,7.708261228338448,1001.1413319312406,0.0
777960,0.0,0.0,7.708261228338448,1000.3641619861786,0.0
778020,0.0,0.0,7.708261228338448,1000.5557915315501,0.0
778080,0.0,0.0,7.708261228338448,998.7413727335357,0.0
778140,0.0,0.0,7.708261228338448,999.0594749371356,0.0
778200,0.0,0.0,7.708261228338448,1000.287573161268,0.0
778260,0.0,0.0,7.708261228338448,1000.6876204423412,0.0
778320,0.0,0.0,7.708261228338448,999.6014273532701,0.0
778380,0.0,0.0,7.708261228338448,999.687742717352,0.0
778440,0.0,0.0,7.708261228338448,998.4687612974651,0.0
778500,0.0,0.0,7.708261228338448,999.679137236098,0.0
778560,0.0,0.0,7.708261228338448,1001.3274459434008,0.0
778620,0.0,0.0,7.708261228338448,999.763276435771,0.0
778680,0.0,0.0,7.708261228338448,999.8282499649331,0.0
778740,0.0,0.0,7.708261228338448,998.4343675207483,0.0
778800,0.0,0.0,7.708261228338448,1000.0949375288592,0.0
778860,0.0,0.0,7.708261228338448,1000.1200496908305,0.0
778920,0.0,0.0,7.708261228338448,1001.5892515285144,0.0
778980,0.0,0.0,7.708261228338448,999.7133559006571,0.0
779040,0.0,0.0,7.708261228338448,999.2421788947186,0.0
779100,0.0,0.0,7.708261228338448,999.1390980972867,0.0
779160,0.0,0.0,7.708261228338448,999.9840682084599,0.0
779220,0.0,0.0,7.708261228338448,1000.5442085610512,0.0
779280,0.0,0.0,7.708261228338448,1000.5400830457435,0.0
779340,0.0,0.0,7.708261228338448,998.0198166632596,0.0
779400,0.0,0.0,7.708261228338448,999.0901189846884,0.0
779460,0.0,0.0,7.708261228338448,1000.2137367797843,0.0
779520,0.0,0.0,7.708261228338448,1000.3617642079759,0.0
779580,0.0,0.0,7.708261228338448,1001.2048761159436,0.0
779640,0.0,0.0,7.708261228338448,999.3601358102864,0.0
779700,0.0,0.0,7.708261228338448,998.8583796763046,0.0
779760,0.0,0.0,7.708261228338448,1000.2036894885833,0.0
779820,0.0,0.0,7.708261228338448,1000.2508038772085,0.0
779880,0.0,0.0,7.708261228338448,1001.1014711687583,0.0
779940,0.0,0.0,7.708261228338448,998.3531928659268,0.0
780000,0.0,0.0,7.708261228338448,998.8489187149672,0.0
780060,0.0,0.0,7.708261228338448,999.0636881139152,0.0
780120,0.0,0.0,7.708261228338448,1000.2976301162623,0.0
780180,0.0,0.0,7.708261228338448,1000.6299507844618,0.0
780240,0.0,0.0,7.708261228338448,999.4176093513737,0.0
780300,0.0,0.0,7.708261228338448,999.7446947139738,0.0
780360,0.0,0.0,7.708261228338448,998.504953487012,0.0
780420,0.0,0.0,7.708261228338448,999.6961088986941,0.0
780480,0.0,0.0,7.708261228338448,1001.4389445437389,0.0
780540,0.0,0.0,7.708261228338448,1000.2218111843941,0.0
780600,0.0,0.0,7.708261228338448,999.9372916891228,0.0
780660,0.0,0.0,7.708261228338448,998.633873372544,0.0
780720,0.0,0.0,7.708261228338448,999.3953550805494,0.0
780780,0.0,0.0,7.708261228338448,1000.5697846745767,0.0
780840,0.0,0.0,7.708261228338448,1000.7457476969345,0.0
780900,0.0,0.0,7.708261228338448,999.0222868910829,0.0
780960,0.0,0.0,7.708261228338448,999.3008943918687,0.0
781020,0.0,0.0,7.708261228338448,999.0975230691091,0.0
781080,0.0,0.0,7.708261228338448,1000.6737988149777,0.0
781140,0.0,0.0,7.708261228338448,1000.5193972426367,0.0
781200,0.0,0.0,7.708261228338448,1000.5692631609446,0.0
781260,0.0,0.0,7.708261228338448,997.6481755172902,0.0
781320,0.0,0.0,7.708261228338448,999.1442703487107,0.0
781380,0.0,0.0,7.708261228338448,1000.3883168851755,0.0
781440,0.0,0.0,7.708261228338448,1000.2949022909205,0.0
781500,0.0,0.0,7.708261228338448,1001.299363704196,0.0
781560,0.0,0.0,7.708261228338448,999.3292218129336,0.0
781620,0.0,0.0,7.708261228338448,998.9107955675272,0.0
781680,0.0,0.0,7.708261228338448,999.6293590355557,0.0
781740,0.0,0.0,7.708261228338448,1000.3435588187931,0.0
781800,0.0,0.0,7.708261228338448,1000.2918514351884,0.0
781860,0.0,0.0,7.708261228338448,1000.2537249909898,0.0
781920,0.0,0.0,7.708261228338448,997.9157786596095,0.0
781980,0.0,0.0,7.708261228338448,999.221941561812,0.0
782040,0.0,0.0,7.708261228338448,1000.7929059854376,0.0
782100,0.0,0.0,7.708261228338448,1000.4477135679015,0.0
782160,0.0,0.0,7.708261228338448,1000.7649897017114,0.0
782220,0.0,0.0,7.708261228338448,997.3581474812736,0.0
782280,0.0,0.0,7.708261228338448,999.0140662130632,0.0
782340,0.0,0.0,7.708261228338448,999.9406225053962,0.0
782400,0.0,0.0,7.708261228338448,1001.2922289165198,0.0
782460,0.0,0.0,7.708261228338448,1000.2272135282398,0.0
782520,0.0,0.0,7.708261228338448,999.9055232037869,0.0
782580,0.0,0.0,7.708261228338448,998.6547889372229,0.0
782640,0.0,0.0,7.708261228338448,999.4047422172766,0.0
782700,0.0,0.0,7.708261228338448,1000.544548975293,0.0
782760,0.0,0.0,7.708261228338448,1000.7188107775265,0.0
782820,0.0,0.0,7.708261228338448,998.8025919666973,0.0
782880,0.0,0.0,7.708261228338448,999.3724006291284,0.0
782940,0.0,0.0,7.708261228338448,999.187256750562,0.0
783000,0.0,0.0,7.708261228338448,1000.0180389836365,0.0
783060,0.0,0.0,7.708261228338448,1001.5052177773896,0.0
783120,0.0,0.0,7.708261228338448,999.9413328675623,0.0
783180,0.0,0.0,7.708261228338448,999.3637102378394,0.0
783240,0.0,0.0,7.708261228338448,998.8882123694049,0.0
783300,0.0,0.0,7.708261228338448,999.7997944426952,0.0
783360,0.0,0.0,7.708261228338448,1000.6609261122386,0.0
783420,0.0,0.0,7.708261228338448,1000.6480278537958,0.0
783480,0.0,0.0,7.708261228338448,998.4929962487067,0.0
783540,0.0,0.0,7.708261228338448,998.4222517437801,0.0
783600,0.0,0.0,7.708261228338448,999.4501882242863,0.0
783660,0.0,0.0,7.708261228338448,1001.7395352450227,0.0
783720,0.0,0.0,7.708261228338448,999.999618448874,0.0
783780,0.0,0.0,7.708261228338448,1000.3033056240506,0.0
783840,0.0,0.0,7.708261228338448,997.7730889533282,0.0
783900,0.0,0.0,7.708261228338448,999.272065983609,0.0
783960,0.0,0.0,7.708261228338448,1000.8899694426099,0.0
784020,0.0,0.0,7.708261228338448,1000.3848223376011,0.0
784080,0.0,0.0,7.708261228338448,1000.8215341619975,0.0
784140,0.0,0.0,7.708261228338448,998.9155051965244,0.0
784200,0.0,0.0,7.708261228338448,998.9518535239497,0.0
784260,0.0,0.0,7.708261228338448,1000.0943518892126,0.0
784320,0.0,0.0,7.708261228338448,1000.6075829320378,0.0
784380,0.0,0.0,7.708261228338448,999.8657656479819,0.0
784440,0.0,0.0,7.708261228338448,999.88144558768,0.0
784500,0.0,0.0,7.708261228338448,998.2201084972212,0.0
784560,0.0,0.0,7.708261228338448,999.5109843127204,0.0
784620,0.0,0.0,7.708261228338448,1001.1975022759198,0.0
784680,0.0,0.0,7.708261228338448,1000.0724943217041,0.0
784740,0.0,0.0,7.708261228338448,999.997352466677,0.0
784800,0.0,0.0,7.708261228338448,998.4379588313419,0.0
784860,0.0,0.0,7.708261228338448,999.709168434557,0.0
784920,0.0,0.0,7.708261228338448,999.990568190215,0.0
784980,0.0,0.0,7.708261228338448,1001.6538631976234,0.0
785040,0.0,0.0,7.708261228338448,999.8810644626055,0.0
785100,0.0,0.0,7.708261228338448,999.4697432519407,0.0
785160,0.0,0.0,7.708261228338448,998.9371805072468,0.0
785220,0.0,0.0,7.708261228338448,999.7985464079434,0.0
785280,0.0,0.0,7.708261228338448,1000.5981005856787,0.0
785340,0.0,0.0,7.708261228338448,1000.6307626672115,0.0
785400,0.0,0.0,7.708261228338448,998.2481792075779,0.0
785460,0.0,0.0,7.708261228338448,999.11204935021,0.0
785520,0.0,0.0,7.708261228338448,999.892352693519,0.0
785580,0.0,0.0,7.708261228338448,1000.2779550317656,0.0
785640,0.0,0.0,7.708261228338448,1001.3467514058308,0.0
785700,0.0,0.0,7.708261228338448,999.5623798764375,0.0
785760,0.0,0.0,7.708261228338448,998.9509276266388,0.0
785820,0.0,0.0,7.708261228338448,999.3255639944647,0.0
785880,0.0,0.0,7.708261228338448,1000.1917237278728,0.0
785940,0.0,0.0,7.708261228338448,1001.4463761633326,0.0
786000,0.0,0.0,7.708261228338448,999.5167312067447,0.0
786060,0.0,0.0,7.708261228338448,999.5744732481093,0.0
786120,0.0,0.0,7.708261228338448,998.8571844518106,0.0
786180,0.0,0.0,7.708261228338448,1000.0452343585497,0.0
786240,0.0,0.0,7.708261228338448,1000.6346978800716,0.0
786300,0.0,0.0,7.708261228338448,999.6394915054991,0.0
786360,0.0,0.0,7.708261228338448,999.945901298734,0.0
786420,0.0,0.0,7.708261228338448,998.2081109120774,0.0
786480,0.0,0.0,7.708261228338448,999.5322581451545,0.0
786540,0.0,0.0,7.708261228338448,1001.316098073769,0.0
786600,0.0,0.0,7.708261228338448,1000.3143896684253,0.0
786660,0.0,0.0,7.708261228338448,1000.2493559687198,0.0
786720,0.0,0.0,7.708261228338448,998.6292124521798,0.0
786780,0.0,0.0,7.708261228338448,999.2099348464058,0.0
786840,0.0,0.0,7.708261228338448,1000.4493545369174,0.0
786900,0.0,0.0,7.708261228338448,1000.7372271423164,0.0
786960,0.0,0.0,7.708261228338448,999.3255554729855,0.0
787020,0.0,0.0,7.708261228338448,999.4864881320796,0.0
787080,0.0,0.0,7.708261228338448,998.7650425746111,0.0
787140,0.0,0.0,7.708261228338448,1000.4875851886678,0.0
787200,0.0,0.0,7.708261228338448,1000.4573818355835,0.0
787260,0.0,0.0,7.708261228338448,1000.9265131204577,0.0
787320,0.0,0.0,7.708261228338448,997.8126459014131,0.0
787380,0.0,0.0,7.708261228338448,999.1813617879889,0.0
787440,0.0,0.0,7.708261228338448,1000.0357750115314,0.0
787500,0.0,0.0,7.708261228338448,1000.2128857350872,0.0
787560,0.0,0.0,7.708261228338448,1001.4532598719001,0.0
787620,0.0,0.0,7.708261228338448,999.5318001319941,0.0
787680,0.0,0.0,7.708261228338448,999.0059150813228,0.0
787740,0.0,0.0,7.708261228338448,999.385807168797,0.0
787800,0.0,0.0,7.708261228338448,1000.1788606091791,0.0
787860,0.0,0.0,7.708261228338448,1000.4451607574074,0.0
787920,0.0,0.0,7.708261228338448,1000.4063899414947,0.0
787980,0.0,0.0,7.708261228338448,997.9102707937376,0.0
788040,0.0,0.0,7.708261228338448,999.1272835235926,0.0
788100,0.0,0.0,7.708261228338448,1000.5241060755407,0.0
788160,0.0,0.0,7.708261228338448,1000.4270605522692,0.0
788220,0.0,0.0,7.708261228338448,1000.9944833596826,0.0
788280,0.0,0.0,7.708261228338448,997.4290991535139,0.0
788340,0.0,0.0,7.708261228338448,998.9753712627556,0.0
788400,0.0,0.0,7.708261228338448,999.6792663306026,0.0
788460,0.0,0.0,7.708261228338448,1001.3755666708953,0.0
788520,0.0,0.0,7.708261228338448,1000.306299966008,0.0
788580,0.0,0.0,7.708261228338448,1000.2126065569133,0.0
788640,0.0,0.0,7.708261228338448,998.6328876975546,0.0
788700,0.0,0.0,7.708261228338448,999.2459504120422,0.0
788760,0.0,0.0,7.708261228338448,1000.4498074366442,0.0
788820,0.0,0.0,7.708261228338448,1000.7088222044316,0.0
788880,0.0,0.0,7.708261228338448,999.1003114040757,0.0
788940,0.0,0.0,7.708261228338448,999.5348146601762,0.0
789000,0.0,0.0,7.708261228338448,998.8535791311481,0.0
789060,0.0,0.0,7.708261228338448,999.871366166786,0.0
789120,0.0,0.0,7.708261228338448,1001.4959635611167,0.0
789180,0.0,0.0,7.708261228338448,1000.0928385419228,0.0
789240,0.0,0.0,7.708261228338448,999.6189714492166,0.0
789300,0.0,0.0,7.708261228338448,998.7322856794189,0.0
789360,0.0,0.0,7.708261228338448,999.6045127094847,0.0
789420,0.0,0.0,7.708261228338448,1000.6448768256722,0.0
789480,0.0,0.0,7.708261228338448,1000.71460592705,0.0
789540,0.0,0.0,7.708261228338448,998.8248634055407,0.0
789600,0.0,0.0,7.708261228338448,998.2614592588399,0.0
789660,0.0,0.0,7.708261228338448,999.3088785855145,0.0
789720,0.0,0.0,7.708261228338448,1001.5908471979512,0.0
789780,0.0,0.0,7.708261228338448,1000.1757791912802,0.0
789840,0.0,0.0,7.708261228338448,1000.445554617219,0.0
789900,0.0,0.0,7.708261228338448,997.7094419990457,0.0
789960,0.0,0.0,7.708261228338448,999.1962610634857,0.0
790020,0.0,0.0,7.708261228338448,1000.6286786319507,0.0
790080,0.0,0.0,7.708261228338448,1000.3714547709296,0.0
790140,0.0,0.0,7.708261228338448,1001.0472604574308,0.0
790200,0.0,0.0,7.708261228338448,999.0995886408812,0.0
790260,0.0,0.0,7.708261228338448,998.8959676811951,0.0
790320,0.0,0.0,7.708261228338448,999.8860869486148,0.0
790380,0.0,0.0,7.708261228338448,1000.5038637263956,0.0
790440,0.0,0.0,7.708261228338448,1000.0926645963993,0.0
790500,0.0,0.0,7.708261228338448,1000.058042294873,0.0
790560,0.0,0.0,7.708261228338448,998.0430269125237,0.0
790620,0.0,0.0,7.708261228338448,999.3617241156379,0.0
790680,0.0,0.0,7.708261228338448,1001.0251786448681,0.0
790740,0.0,0.0,7.708261228338448,1000.3333328343664,0.0
790800,0.0,0.0,7.708261228338448,1000.1423168941142,0.0
790860,0.0,0.0,7.708261228338448,998.5314905111989,0.0
790920,0.0,0.0,7.708261228338448,999.317135142335,0.0
790980,0.0,0.0,7.708261228338448,999.856348955926,0.0
791040,0.0,0.0,7.708261228338448,1001.6595616191757,0.0
791100,0.0,0.0,7.708261228338448,1000.0217191955641,0.0
791160,0.0,0.0,7.708261228338448,999.7166093104718,0.0
791220,0.0,0.0,7.708261228338448,998.780517742054,0.0
791280,0.0,0.0,7.708261228338448,999.6194040146761,0.0
791340,0.0,0.0,7.708261228338448,1000.6049419192329,0.0
791400,0.0,0.0,7.708261228338448,1000.689382480768,0.0
791460,0.0,0.0,7.708261228338448,998.5080501100379,0.0
791520,0.0,0.0,7.708261228338448,999.19777914396,0.0
791580,0.0,0.0,7.708261228338448,999.5692589150999,0.0
791640,0.0,0.0,7.708261228338448,1000.1742622238363,0.0
791700,0.0,0.0,7.708261228338448,1001.4373659548437,0.0
791760,0.0,0.0,7.708261228338448,999.7484576970369,0.0
791820,0.0,0.0,7.708261228338448,999.1069158018145,0.0
791880,0.0,0.0,7.708261228338448,999.107287171039,0.0
791940,0.0,0.0,7.708261228338448,1000.0184865162655,0.0
792000,0.0,0.0,7.708261228338448,1001.6071555460069,0.0
792060,0.0,0.0,7.708261228338448,999.7257782605349,0.0
792120,0.0,0.0,7.708261228338448,999.7771372087284,0.0
792180,0.0,0.0,7.708261228338448,998.4643240987226,0.0
792240,0.0,0.0,7.708261228338448,999.8638215094333,0.0
792300,0.0,0.0,7.708261228338448,1000.5332197373,0.0
792360,0.0,0.0,7.708261228338448,999.8864258388113,0.0
792420,0.0,0.0,7.708261228338448,1000.1018946816582,0.0
792480,0.0,0.0,7.708261228338448,998.0073048906745,0.0
792540,0.0,0.0,7.708261228338448,999.399437739571,0.0
792600,0.0,0.0,7.708261228338448,1001.1504812787857,0.0
792660,0.0,0.0,7.708261228338448,1000.3694835158526,0.0
792720,0.0,0.0,7.708261228338448,1000.5082852787268,0.0
792780,0.0,0.0,7.708261228338448,998.7214036078698,0.0
792840,0.0,0.0,7.708261228338448,999.0698092299609,0.0
792900,0.0,0.0,7.708261228338448,1000.3062330004121,0.0
792960,0.0,0.0,7.708261228338448,1000.6997974024398,0.0
793020,0.0,0.0,7.708261228338448,999.5952966779581,0.0
793080,0.0,0.0,7.708261228338448,999.6578504798774,0.0
793140,0.0,0.0,7.708261228338448,998.4954248995424,0.0
793200,0.0,0.0,7.708261228338448,1000.2739061141971,0.0
793260,0.0,0.0,7.708261228338448,1000.3799563110975,0.0
793320,0.0,0.0,7.708261228338448,1001.2086504966501,0.0
793380,0.0,0.0,7.708261228338448,998.071980511939,0.0
793440,0.0,0.0,7.708261228338448,999.2701778729202,0.0
793500,0.0,0.0,7.708261228338448,999.6964881895558,0.0
793560,0.0,0.0,7.708261228338448,1000.120677856816,0.0
793620,0.0,0.0,7.708261228338448,1001.5409199092242,0.0
793680,0.0,0.0,7.708261228338448,999.7066333657081,0.0
793740,0.0,0.0,7.708261228338448,999.1549523796722,0.0
793800,0.0,0.0,7.708261228338448,999.1711923623745,0.0
793860,0.0,0.0,7.708261228338448,1000.0172504367074,0.0
793920,0.0,0.0,7.708261228338448,1000.5473479226424,0.0
793980,0.0,0.0,7.708261228338448,1000.5218072938479,0.0
794040,0.0,0.0,7.708261228338448,998.0209203623476,0.0
794100,0.0,0.0,7.708261228338448,999.0801723336783,0.0
794160,0.0,0.0,7.708261228338448,1000.246038653204,0.0
794220,0.0,0.0,7.708261228338448,1000.3813918372429,0.0
794280,0.0,0.0,7.708261228338448,1001.1667214181458,0.0
794340,0.0,0.0,7.708261228338448,999.334361485204,0.0
794400,0.0,0.0,7.708261228338448,998.8425113653335,0.0
794460,0.0,0.0,7.708261228338448,1000.2192656113889,0.0
794520,0.0,0.0,7.708261228338448,1000.2718837130418,0.0
794580,0.0,0.0,7.708261228338448,1001.0950191849201,0.0
794640,0.0,0.0,7.708261228338448,998.3657764446862,0.0
794700,0.0,0.0,7.708261228338448,998.8278948390247,0.0
794760,0.0,0.0,7.708261228338448,999.0750132031802,0.0
794820,0.0,0.0,7.708261228338448,1000.3156236728454,0.0
794880,0.0,0.0,7.708261228338448,1000.6432491897001,0.0
794940,0.0,0.0,7.708261228338448,999.4151111902316,0.0
795000,0.0,0.0,7.708261228338448,999.7163987518842,0.0
795060,0.0,0.0,7.708261228338448,998.5320745115953,0.0
795120,0.0,0.0,7.708261228338448,999.7111300177214,0.0
795180,0.0,0.0,7.708261228338448,1001.4328802206571,0.0
795240,0.0,0.0,7.708261228338448,1000.2202716619407,0.0
795300,0.0,0.0,7.708261228338448,999.9047826023339,0.0
795360,0.0,0.0,7.708261228338448,998.6345207233269,0.0
795420,0.0,0.0,7.708261228338448,999.4081253431339,0.0
795480,0.0,0.0,7.708261228338448,1000.5787877540613,0.0
795540,0.0,0.0,7.708261228338448,1000.7480184267333,0.0
795600,0.0,0.0,7.708261228338448,999.2057951115477,0.0
795660,0.0,0.0,7.708261228338448,998.1871759552276,0.0
795720,0.0,0.0,7.708261228338448,999.1898412929608,0.0
795780,0.0,0.0,7.708261228338448,1001.3777171038528,0.0
795840,0.0,0.0,7.708261228338448,1000.3092204838598,0.0
795900,0.0,0.0,7.708261228338448,1000.5683773162621,0.0
795960,0.0,0.0,7.708261228338448,997.7554157613738,0.0
796020,0.0,0.0,7.708261228338448,999.1650457922336,0.0
796080,0.0,0.0,7.708261228338448,1000.3278747749412,0.0
796140,0.0,0.0,7.708261228338448,1000.3255392759405,0.0
796200,0.0,0.0,7.708261228338448,1001.246121124931,0.0
796260,0.0,0.0,7.708261228338448,999.2974546092782,0.0
796320,0.0,0.0,7.708261228338448,998.8993677131183,0.0
796380,0.0,0.0,7.708261228338448,999.6561956853167,0.0
796440,0.0,0.0,7.708261228338448,1000.3706363538136,0.0
796500,0.0,0.0,7.708261228338448,1000.2877354795221,0.0
796560,0.0,0.0,7.708261228338448,1000.2280122049254,0.0
796620,0.0,0.0,7.708261228338448,997.9367105854699,0.0
796680,0.0,0.0,7.708261228338448,999.2296189075291,0.0
796740,0.0,0.0,7.708261228338448,1000.8073480858171,0.0
796800,0.0,0.0,7.708261228338448,1000.4569779450719,0.0
796860,0.0,0.0,7.708261228338448,1000.7274938458429,0.0
796920,0.0,0.0,7.708261228338448,997.3940925679002,0.0
796980,0.0,0.0,7.708261228338448,999.0139508120739,0.0
797040,0.0,0.0,7.708261228338448,999.9652210015686,0.0
797100,0.0,0.0,7.708261228338448,1001.2778509117604,0.0
797160,0.0,0.0,7.708261228338448,1000.2256241101493,0.0
797220,0.0,0.0,7.708261228338448,999.8661902693593,0.0
797280,0.0,0.0,7.708261228338448,998.6567139280612,0.0
797340,0.0,0.0,7.708261228338448,999.4181194250825,0.0
797400,0.0,0.0,7.708261228338448,1000.554636267069,0.0
797460,0.0,0.0,7.708261228338448,1000.7219812356747,0.0
797520,0.0,0.0,7.708261228338448,998.8061121484208,0.0
797580,0.0,0.0,7.708261228338448,999.3502530770132,0.0
797640,0.0,0.0,7.708261228338448,999.2041550791536,0.0
797700,0.0,0.0,7.708261228338448,1000.0309428623484,0.0
797760,0.0,0.0,7.708261228338448,1001.4924269150986,0.0
797820,0.0,0.0,7.708261228338448,999.9367991538452,0.0
797880,0.0,0.0,7.708261228338448,999.3427076792342,0.0
797940,0.0,0.0,7.708261228338448,998.8934022874625,0.0
798000,0.0,0.0,7.708261228338448,999.8112119358557,0.0
798060,0.0,0.0,7.708261228338448,1001.7247366118942,0.0
798120,0.0,0.0,7.708261228338448,999.9252226739571,0.0
798180,0.0,0.0,7.708261228338448,1000.0172822834969,0.0
798240,0.0,0.0,7.708261228338448,998.0630082479034,0.0
798300,0.0,0.0,7.708261228338448,999.6435973721289,0.0
798360,0.0,0.0,7.708261228338448,1000.3894822089766,0.0
798420,0.0,0.0,7.708261228338448,1000.1130910920999,0.0
798480,0.0,0.0,7.708261228338448,1000.2641476262972,0.0
798540,0.0,0.0,7.708261228338448,997.8566491943666,0.0
798600,0.0,0.0,7.708261228338448,999.2760818160665,0.0
798660,0.0,0.0,7.708261228338448,1000.9270879020843,0.0
798720,0.0,0.0,7.708261228338448,1000.3920407498996,0.0
798780,0.0,0.0,7.708261228338448,1000.7798352866746,0.0
798840,0.0,0.0,7.708261228338448,998.8939721628498,0.0
798900,0.0,0.0,7.708261228338448,998.954712457807,0.0
798960,0.0,0.0,7.708261228338448,1000.1153528911626,0.0
799020,0.0,0.0,7.708261228338448,1000.6237186581193,0.0
799080,0.0,0.0,7.708261228338448,999.860489091967,0.0
799140,0.0,0.0,7.708261228338448,999.8528952936614,0.0
799200,0.0,0.0,7.708261228338448,998.2454188957018,0.0
799260,0.0,0.0,7.708261228338448,1000.0066687320647,0.0
799320,0.0,0.0,7.708261228338448,1000.2682453040982,0.0
799380,0.0,0.0,7.708261228338448,1001.4765825021641,0.0
799440,0.0,0.0,7.708261228338448,998.3653930206575,0.0
799500,0.0,0.0,7.708261228338448,999.4087461146403,0.0
799560,0.0,0.0,7.708261228338448,999.3244461503512,0.0
799620,0.0,0.0,7.708261228338448,999.9995151437629,0.0
799680,0.0,0.0,7.708261228338448,1001.5915721694846,0.0
799740,0.0,0.0,7.708261228338448,999.8783309427685,0.0
799800,0.0,0.0,7.708261228338448,999.3714845781334,0.0
799860,0.0,0.0,7.708261228338448,998.9633709898119,0.0
799920,0.0,0.0,7.708261228338448,999.8323591180255,0.0
799980,0.0,0.0,7.708261228338448,1000.6059310179445,0.0
800040,0.0,0.0,7.708261228338448,1000.6194787247128,0.0
800100,0.0,0.0,7.708261228338448,998.2414120927847,0.0
800160,0.0,0.0,7.708261228338448,999.089166924481,0.0
800220,0.0,0.0,7.708261228338448,999.9296000125254,0.0
800280,0.0,0.0,7.708261228338448,1000.3010220651129,0.0
800340,0.0,0.0,7.708261228338448,1001.3138815640475,0.0
800400,0.0,0.0,7.708261228338448,999.5384337196377,0.0
800460,0.0,0.0,7.708261228338448,998.9227830223643,0.0
800520,0.0,0.0,7.708261228338448,999.8141340236022,0.0
800580,0.0,0.0,7.708261228338448,1000.1595469853004,0.0
800640,0.0,0.0,7.708261228338448,1001.1016287215757,0.0
800700,0.0,0.0,7.708261228338448,998.7691518972546,0.0
800760,0.0,0.0,7.708261228338448,998.9860486969021,0.0
800820,0.0,0.0,7.708261228338448,998.9551799171126,0.0
800880,0.0,0.0,7.708261228338448,1000.148050352415,0.0
800940,0.0,0.0,7.708261228338448,1000.5705594105257,0.0
801000,0.0,0.0,7.708261228338448,999.6849686891503,0.0
801060,0.0,0.0,7.708261228338448,999.8900606157656,0.0
801120,0.0,0.0,7.708261228338448,998.2629284079301,0.0
801180,0.0,0.0,7.708261228338448,999.5608047676052,0.0
801240,0.0,0.0,7.708261228338448,1001.3196539274649,0.0
801300,0.0,0.0,7.708261228338448,1000.3127552319535,0.0
801360,0.0,0.0,7.708261228338448,1000.1795567231335,0.0
801420,0.0,0.0,7.708261228338448,998.6184319808677,0.0
801480,0.0,0.0,7.708261228338448,999.2355440804689,0.0
801540,0.0,0.0,7.708261228338448,1000.4735806030751,0.0
801600,0.0,0.0,7.708261228338448,1000.7469928513092,0.0
801660,0.0,0.0,7.708261228338448,999.5935185738484,0.0
801720,0.0,0.0,7.708261228338448,998.2293694890277,0.0
801780,0.0,0.0,7.708261228338448,999.109750496987,0.0
801840,0.0,0.0,7.708261228338448,1001.1114222114979,0.0
801900,0.0,0.0,7.708261228338448,1000.3950341955763,0.0
801960,0.0,0.0,7.708261228338448,1000.6589405785339,0.0
802020,0.0,0.0,7.708261228338448,997.9325618382098,0.0
802080,0.0,0.0,7.708261228338448,999.187974045386,0.0
802140,0.0,0.0,7.708261228338448,1000.0135928635636,0.0
802200,0.0,0.0,7.708261228338448,1000.2561271901874,0.0
802260,0.0,0.0,7.708261228338448,1001.3948143840437,0.0
802320,0.0,0.0,7.708261228338448,999.4872795090467,0.0
802380,0.0,0.0,7.708261228338448,998.9695030020225,0.0
802440,0.0,0.0,7.708261228338448,999.4291940933665,0.0
802500,0.0,0.0,7.708261228338448,1000.2227493344047,0.0
802560,0.0,0.0,7.708261228338448,1000.4387999678274,0.0
802620,0.0,0.0,7.708261228338448,1000.3736918232494,0.0
802680,0.0,0.0,7.708261228338448,997.9263341695234,0.0
802740,0.0,0.0,7.708261228338448,999.1313016180329,0.0
802800,0.0,0.0,7.708261228338448,1000.5598796016085,0.0
802860,0.0,0.0,7.708261228338448,1000.445001139504,0.0
802920,0.0,0.0,7.708261228338448,1000.9414069950809,0.0
802980,0.0,0.0,7.708261228338448,997.4640663324091,0.0
803040,0.0,0.0,7.708261228338448,998.9655669159558,0.0
803100,0.0,0.0,7.708261228338448,999.7218801124905,0.0
803160,0.0,0.0,7.708261228338448,1001.3553569806542,0.0
803220,0.0,0.0,7.708261228338448,1000.3063559629062,0.0
803280,0.0,0.0,7.708261228338448,1000.1484555479873,0.0
803340,0.0,0.0,7.708261228338448,998.6262759035185,0.0
803400,0.0,0.0,7.708261228338448,999.2646740584155,0.0
803460,0.0,0.0,7.708261228338448,1000.4691073377476,0.0
803520,0.0,0.0,7.708261228338448,1000.7181343838603,0.0
803580,0.0,0.0,7.708261228338448,999.0923118605845,0.0
803640,0.0,0.0,7.708261228338448,999.4991732150737,0.0
803700,0.0,0.0,7.708261228338448,998.889261379058,0.0
803760,0.0,0.0,7.708261228338448,999.8930658550306,0.0
803820,0.0,0.0,7.708261228338448,1001.4844405636816,0.0
803880,0.0,0.0,7.708261228338448,1000.0843870283084,0.0
803940,0.0,0.0,7.708261228338448,999.5795246767028,0.0
804000,0.0,0.0,7.708261228338448,998.74122907103,0.0
804060,0.0,0.0,7.708261228338448,999.6253180864828,0.0
804120,0.0,0.0,7.708261228338448,1001.7527366669651,0.0
804180,0.0,0.0,7.708261228338448,1000.0814745632804,0.0
804240,0.0,0.0,7.708261228338448,1000.2222221220574,0.0
804300,0.0,0.0,7.708261228338448,997.7534645617102,0.0
804360,0.0,0.0,7.708261228338448,999.4394319262351,0.0
804420,0.0,0.0,7.708261228338448,1000.2432577139061,0.0
804480,0.0,0.0,7.708261228338448,1000.2878827048896,0.0
804540,0.0,0.0,7.708261228338448,1000.3902329775096,0.0
804600,0.0,0.0,7.708261228338448,997.8104680727738,0.0
804660,0.0,0.0,7.708261228338448,999.1918129661266,0.0
804720,0.0,0.0,7.708261228338448,1000.68175078854,0.0
804780,0.0,0.0,7.708261228338448,1000.3857559368054,0.0
804840,0.0,0.0,7.708261228338448,1000.9956558754433,0.0
804900,0.0,0.0,7.708261228338448,999.0692232561455,0.0
804960,0.0,0.0,7.708261228338448,998.8910325285647,0.0
805020,0.0,0.0,7.708261228338448,999.9167794816768,0.0
805080,0.0,0.0,7.708261228338448,1000.5288985541459,0.0
805140,0.0,0.0,7.708261228338448,1000.0833305079182,0.0
805200,0.0,0.0,7.708261228338448,1000.0237870830947,0.0
805260,0.0,0.0,7.708261228338448,998.0725052864988,0.0
805320,0.0,0.0,7.708261228338448,999.3782519017207,0.0
805380,0.0,0.0,7.708261228338448,1001.0365024025273,0.0
805440,0.0,0.0,7.708261228338448,1000.3311375499346,0.0
805500,0.0,0.0,7.708261228338448,1000.1235209909959,0.0
805560,0.0,0.0,7.708261228338448,998.5169844808198,0.0
805620,0.0,0.0,7.708261228338448,999.3410207747509,0.0
805680,0.0,0.0,7.708261228338448,999.8772742974588,0.0
805740,0.0,0.0,7.708261228338448,1001.6417968325095,0.0
805800,0.0,0.0,7.708261228338448,1000.0143766812113,0.0
805860,0.0,0.0,7.708261228338448,999.6755941220458,0.0
805920,0.0,0.0,7.708261228338448,998.7894042805476,0.0
805980,0.0,0.0,7.708261228338448,999.6386517351331,0.0
806040,0.0,0.0,7.708261228338448,1000.6136233497979,0.0
806100,0.0,0.0,7.708261228338448,1000.687587840833,0.0
806160,0.0,0.0,7.708261228338448,998.51014240947,0.0
806220,0.0,0.0,7.708261228338448,999.1756416928556,0.0
806280,0.0,0.0,7.708261228338448,999.5881090467047,0.0
806340,0.0,0.0,7.708261228338448,1000.1890367601652,0.0
806400,0.0,0.0,7.708261228338448,1001.4201405626388,0.0
806460,0.0,0.0,7.708261228338448,999.7393983833346,0.0
806520,0.0,0.0,7.708261228338448,999.0861578594083,0.0
806580,0.0,0.0,7.708261228338448,999.3776724896439,0.0
806640,0.0,0.0,7.708261228338448,1000.0163487460804,0.0
806700,0.0,0.0,7.708261228338448,1001.0661977237801,0.0
806760,0.0,0.0,7.708261228338448,999.1941147065426,0.0
806820,0.0,0.0,7.708261228338448,999.1674253574016,0.0
806880,0.0,0.0,7.708261228338448,998.8780789143805,0.0
806940,0.0,0.0,7.708261228338448,999.945573585594,0.0
807000,0.0,0.0,7.708261228338448,1000.4670729516121,0.0
807060,0.0,0.0,7.708261228338448,999.9337281585401,0.0
807120,0.0,0.0,7.708261228338448,1000.0651491890734,0.0
807180,0.0,0.0,7.708261228338448,998.0384157640802,0.0
807240,0.0,0.0,7.708261228338448,999.4155549778427,0.0
807300,0.0,0.0,7.708261228338448,1001.1560628570145,0.0
807360,0.0,0.0,7.708261228338448,1000.3747282266168,0.0
807420,0.0,0.0,7.708261228338448,1000.457358364766,0.0
807480,0.0,0.0,7.708261228338448,998.7007785131285,0.0
807540,0.0,0.0,7.708261228338448,999.0821189270183,0.0
807600,0.0,0.0,7.708261228338448,1000.3259986083235,0.0
807660,0.0,0.0,7.708261228338448,1000.7119815188261,0.0
807720,0.0,0.0,7.708261228338448,999.5872318415362,0.0
807780,0.0,0.0,7.708261228338448,999.6259048988721,0.0
807840,0.0,0.0,7.708261228338448,998.524081183514,0.0
807900,0.0,0.0,7.708261228338448,1000.2882068253087,0.0
807960,0.0,0.0,7.708261228338448,1000.3976747705093,0.0
808020,0.0,0.0,7.708261228338448,1001.1670809012807,0.0
808080,0.0,0.0,7.708261228338448,998.0863786349631,0.0
808140,0.0,0.0,7.708261228338448,999.244628657318,0.0
808200,0.0,0.0,7.708261228338448,999.718409700418,0.0
808260,0.0,0.0,7.708261228338448,1000.1366073037304,0.0
808320,0.0,0.0,7.708261228338448,1001.5200590005053,0.0
808380,0.0,0.0,7.708261228338448,999.696492159943,0.0
808440,0.0,0.0,7.708261228338448,999.1314644446535,0.0
808500,0.0,0.0,7.708261228338448,999.1820919825777,0.0
808560,0.0,0.0,7.708261228338448,1000.0330392964719,0.0
808620,0.0,0.0,7.708261228338448,1000.552206119459,0.0
808680,0.0,0.0,7.708261228338448,1000.5138782274239,0.0
808740,0.0,0.0,7.708261228338448,998.0302460058133,0.0
808800,0.0,0.0,7.708261228338448,999.0735124194873,0.0
808860,0.0,0.0,7.708261228338448,1000.253423155352,0.0
808920,0.0,0.0,7.708261228338448,1000.3912020690285,0.0
808980,0.0,0.0,7.708261228338448,1001.1490460819977,0.0
809040,0.0,0.0,7.708261228338448,997.6945028778383,0.0
809100,0.0,0.0,7.708261228338448,998.9900180956997,0.0
809160,0.0,0.0,7.708261228338448,999.4478107695015,0.0
809220,0.0,0.0,7.708261228338448,1001.3697679641961,0.0
809280,0.0,0.0,7.708261228338448,1000.3594489749916,0.0
809340,0.0,0.0,7.708261228338448,1000.4661115436493,0.0
809400,0.0,0.0,7.708261228338448,998.6964904068413,0.0
809460,0.0,0.0,7.708261228338448,999.1213519579032,0.0
809520,0.0,0.0,7.708261228338448,1000.3299996518995,0.0
809580,0.0,0.0,7.708261228338448,1000.6780169438765,0.0
809640,0.0,0.0,7.708261228338448,999.3906447704284,0.0
809700,0.0,0.0,7.708261228338448,999.6823663492681,0.0
809760,0.0,0.0,7.708261228338448,998.5674538445161,0.0
809820,0.0,0.0,7.708261228338448,999.7317667831261,0.0
809880,0.0,0.0,7.708261228338448,1001.4280576081113,0.0
809940,0.0,0.0,7.708261228338448,1000.215757612954,0.0
810000,0.0,0.0,7.708261228338448,999.8630371763043,0.0
810060,0.0,0.0,7.708261228338448,998.6369881162433,0.0
810120,0.0,0.0,7.708261228338448,999.4267069178323,0.0
810180,0.0,0.0,7.708261228338448,1001.7203587810399,0.0
810240,0.0,0.0,7.708261228338448,1000.2113918824097,0.0
810300,0.0,0.0,7.708261228338448,1000.4376210768067,0.0
810360,0.0,0.0,7.708261228338448,997.4867741443733,0.0
810420,0.0,0.0,7.708261228338448,999.2241206007375,0.0
810480,0.0,0.0,7.708261228338448,1000.0654385752,0.0
810540,0.0,0.0,7.708261228338448,1000.4252262828968,0.0
810600,0.0,0.0,7.708261228338448,1000.5053617475592,0.0
810660,0.0,0.0,7.708261228338448,997.862652812952,0.0
810720,0.0,0.0,7.708261228338448,999.1454415928436,0.0
810780,0.0,0.0,7.708261228338448,1000.3882082034066,0.0
810840,0.0,0.0,7.708261228338448,1000.3451866796938,0.0
810900,0.0,0.0,7.708261228338448,1001.1983603420588,0.0
810960,0.0,0.0,7.708261228338448,999.267288858881,0.0
811020,0.0,0.0,7.708261228338448,998.8817496774817,0.0
811080,0.0,0.0,7.708261228338448,999.6880149650955,0.0
811140,0.0,0.0,7.708261228338448,1000.3995112255257,0.0
811200,0.0,0.0,7.708261228338448,1000.2813436791997,0.0
811260,0.0,0.0,7.708261228338448,1000.1977672922487,0.0
811320,0.0,0.0,7.708261228338448,997.959777279116,0.0
811380,0.0,0.0,7.708261228338448,999.2403739009231,0.0
811440,0.0,0.0,7.708261228338448,1000.8248357689117,0.0
811500,0.0,0.0,7.708261228338448,1000.5476129990575,0.0
811560,0.0,0.0,7.708261228338448,1000.2568078481796,0.0
811620,0.0,0.0,7.708261228338448,998.6991803368674,0.0
811680,0.0,0.0,7.708261228338448,998.9435577827397,0.0
811740,0.0,0.0,7.708261228338448,999.7321923583545,0.0
811800,0.0,0.0,7.708261228338448,1001.6016762177709,0.0
811860,0.0,0.0,7.708261228338448,1000.1368536178942,0.0
811920,0.0,0.0,7.708261228338448,999.9452331269205,0.0
811980,0.0,0.0,7.708261228338448,998.6781843404574,0.0
812040,0.0,0.0,7.708261228338448,999.4580875600875,0.0
812100,0.0,0.0,7.708261228338448,1000.5757057288592,0.0
812160,0.0,0.0,7.708261228338448,1000.7212602744111,0.0
812220,0.0,0.0,7.708261228338448,998.7916323729055,0.0
812280,0.0,0.0,7.708261228338448,999.3029424597305,0.0
812340,0.0,0.0,7.708261228338448,999.2580959466313,0.0
812400,0.0,0.0,7.708261228338448,1000.062753352286,0.0
812460,0.0,0.0,7.708261228338448,1001.4700551592288,0.0
812520,0.0,0.0,7.708261228338448,999.9156367046621,0.0
812580,0.0,0.0,7.708261228338448,999.2909862484562,0.0
812640,0.0,0.0,7.708261228338448,998.9514071778174,0.0
812700,0.0,0.0,7.708261228338448,999.8622902130162,0.0
812760,0.0,0.0,7.708261228338448,1000.9927950113231,0.0
812820,0.0,0.0,7.708261228338448,999.606431462337,0.0
812880,0.0,0.0,7.708261228338448,999.3477967257201,0.0
812940,0.0,0.0,7.708261228338448,998.8570534926398,0.0
813000,0.0,0.0,7.708261228338448,999.7317502839826,0.0
813060,0.0,0.0,7.708261228338448,1000.3462873493087,0.0
813120,0.0,0.0,7.708261228338448,1000.1438435648782,0.0
813180,0.0,0.0,7.708261228338448,1000.2205452666398,0.0
813240,0.0,0.0,7.708261228338448,997.8905685892402,0.0
813300,0.0,0.0,7.708261228338448,999.2934077747992,0.0
813360,0.0,0.0,7.708261228338448,1000.9533858332834,0.0
813420,0.0,0.0,7.708261228338448,1000.4043922233182,0.0
813480,0.0,0.0,7.708261228338448,1000.7070578496782,0.0
813540,0.0,0.0,7.708261228338448,998.8562154241347,0.0
813600,0.0,0.0,7.708261228338448,998.9656680885491,0.0
813660,0.0,0.0,7.708261228338448,1000.151550298859,0.0
813720,0.0,0.0,7.708261228338448,1000.6483075088232,0.0
813780,0.0,0.0,7.708261228338448,999.8415559425767,0.0
813840,0.0,0.0,7.708261228338448,999.8059685405996,0.0
813900,0.0,0.0,7.708261228338448,998.2886754453681,0.0
813960,0.0,0.0,7.708261228338448,1000.0392565018583,0.0
814020,0.0,0.0,7.708261228338448,1000.2982286417347,0.0
814080,0.0,0.0,7.708261228338448,1001.4142748090959,0.0
814140,0.0,0.0,7.708261228338448,998.3691767434238,0.0
814200,0.0,0.0,7.708261228338448,999.3665898810723,0.0
814260,0.0,0.0,7.708261228338448,999.3705648636877,0.0
814320,0.0,0.0,7.708261228338448,1000.0252585294078,0.0
814380,0.0,0.0,7.708261228338448,1001.5686235499185,0.0
814440,0.0,0.0,7.708261228338448,999.8621293387091,0.0
814500,0.0,0.0,7.708261228338448,999.3272020632361,0.0
814560,0.0,0.0,7.708261228338448,998.9823645143856,0.0
814620,0.0,0.0,7.708261228338448,999.8592756630372,0.0
814680,0.0,0.0,7.708261228338448,1000.6121512999686,0.0
814740,0.0,0.0,7.708261228338448,1000.6100680574689,0.0
814800,0.0,0.0,7.708261228338448,998.2413362098317,0.0
814860,0.0,0.0,7.708261228338448,999.072564835379,0.0
814920,0.0,0.0,7.708261228338448,999.9540908794444,0.0
814980,0.0,0.0,7.708261228338448,1000.3183287261359,0.0
815040,0.0,0.0,7.708261228338448,1001.2884788371928,0.0
815100,0.0,0.0,7.708261228338448,997.9999166264406,0.0
815160,0.0,0.0,7.708261228338448,999.0837298127249,0.0
815220,0.0,0.0,7.708261228338448,999.2094580308558,0.0
815280,0.0,0.0,7.708261228338448,1001.3068500385058,0.0
815340,0.0,0.0,7.708261228338448,1000.3813202599414,0.0
815400,0.0,0.0,7.708261228338448,1000.7309421605595,0.0
815460,0.0,0.0,7.708261228338448,998.8421997834215,0.0
815520,0.0,0.0,7.708261228338448,999.0223890939719,0.0
815580,0.0,0.0,7.708261228338448,1000.1715455152548,0.0
815640,0.0,0.0,7.708261228338448,1000.6155053353342,0.0
815700,0.0,0.0,7.708261228338448,999.6559302696097,0.0
815760,0.0,0.0,7.708261228338448,999.8476255343668,0.0
815820,0.0,0.0,7.708261228338448,998.3090093302328,0.0
815880,0.0,0.0,7.708261228338448,999.5852401809562,0.0
815940,0.0,0.0,7.708261228338448,1001.3237592508103,0.0
816000,0.0,0.0,7.708261228338448,1000.3104733097722,0.0
816060,0.0,0.0,7.708261228338448,1000.1239349164891,0.0
816120,0.0,0.0,7.708261228338448,998.6115997632484,0.0
816180,0.0,0.0,7.708261228338448,999.2570384343077,0.0
816240,0.0,0.0,7.708261228338448,1000.4927823097394,0.0
816300,0.0,0.0,7.708261228338448,1000.7541973139164,0.0
816360,0.0,0.0,7.708261228338448,999.5635046452767,0.0
816420,0.0,0.0,7.708261228338448,998.2293433759132,0.0
816480,0.0,0.0,7.708261228338448,999.1088665901102,0.0
816540,0.0,0.0,7.708261228338448,1001.1110626738913,0.0
816600,0.0,0.0,7.708261228338448,1000.4059182171778,0.0
816660,0.0,0.0,7.708261228338448,1000.6498021995371,0.0
816720,0.0,0.0,7.708261228338448,997.9410347872144,0.0
816780,0.0,0.0,7.708261228338448,999.1688542866516,0.0
816840,0.0,0.0,7.708261228338448,1000.0368278020604,0.0
816900,0.0,0.0,7.708261228338448,1000.2724816648489,0.0
816960,0.0,0.0,7.708261228338448,1001.3672452922543,0.0
817020,0.0,0.0,7.708261228338448,999.4723522857436,0.0
817080,0.0,0.0,7.708261228338448,998.9505337973972,0.0
817140,0.0,0.0,7.708261228338448,999.4442530194714,0.0
817200,0.0,0.0,7.708261228338448,1000.2406272514459,0.0
817260,0.0,0.0,7.708261228338448,1000.4413318597778,0.0
817320,0.0,0.0,7.708261228338448,1000.3599872613052,0.0
817380,0.0,0.0,7.708261228338448,997.9383397927138,0.0
817440,0.0,0.0,7.708261228338448,999.1307613354513,0.0
817500,0.0,0.0,7.708261228338448,1000.5676941677261,0.0
817560,0.0,0.0,7.708261228338448,1000.7129712206433,0.0
817620,0.0,0.0,7.708261228338448,1000.3690288536696,0.0
817680,0.0,0.0,7.708261228338448,998.9636430342252,0.0
817740,0.0,0.0,7.708261228338448,998.5491612828379,0.0
817800,0.0,0.0,7.708261228338448,999.5830069930723,0.0
817860,0.0,0.0,7.708261228338448,1001.5066397514864,0.0
817920,0.0,0.0,7.708261228338448,1000.2331102825533,0.0
817980,0.0,0.0,7.708261228338448,1000.2322951415912,0.0
818040,0.0,0.0,7.708261228338448,998.6379342095267,0.0
818100,0.0,0.0,7.708261228338448,999.2850854430728,0.0
818160,0.0,0.0,7.708261228338448,1000.4900554356753,0.0
818220,0.0,0.0,7.708261228338448,1000.7227522846015,0.0
818280,0.0,0.0,7.708261228338448,999.0860706096596,0.0
818340,0.0,0.0,7.708261228338448,999.4613448563471,0.0
818400,0.0,0.0,7.708261228338448,998.9273798201667,0.0
818460,0.0,0.0,7.708261228338448,999.9163175518836,0.0
818520,0.0,0.0,7.708261228338448,1001.4722635209876,0.0
818580,0.0,0.0,7.708261228338448,1000.0744591450274,0.0
818640,0.0,0.0,7.708261228338448,999.5381702122562,0.0
818700,0.0,0.0,7.708261228338448,998.7516909123508,0.0
818760,0.0,0.0,7.708261228338448,999.6480498886112,0.0
818820,0.0,0.0,7.708261228338448,1001.7258340871749,0.0
818880,0.0,0.0,7.708261228338448,1000.0813419595472,0.0
818940,0.0,0.0,7.708261228338448,1000.1886932784628,0.0
819000,0.0,0.0,7.708261228338448,997.7911463748038,0.0
819060,0.0,0.0,7.708261228338448,999.4567011416934,0.0
819120,0.0,0.0,7.708261228338448,1000.264348485243,0.0
819180,0.0,0.0,7.708261228338448,1000.2917210175917,0.0
819240,0.0,0.0,7.708261228338448,1000.376543690819,0.0
819300,0.0,0.0,7.708261228338448,997.8271586781354,0.0
819360,0.0,0.0,7.708261228338448,999.190373969013,0.0
819420,0.0,0.0,7.708261228338448,1000.6897160895395,0.0
819480,0.0,0.0,7.708261228338448,1000.3953357840498,0.0
819540,0.0,0.0,7.708261228338448,1000.9695463037964,0.0
819600,0.0,0.0,7.708261228338448,999.0572556591625,0.0
819660,0.0,0.0,7.708261228338448,998.8874862970799,0.0
819720,0.0,0.0,7.708261228338448,999.9269013222972,0.0
819780,0.0,0.0,7.708261228338448,1000.5400016320687,0.0
819840,0.0,0.0,7.708261228338448,1000.0865692769715,0.0
819900,0.0,0.0,7.708261228338448,1000.0089241123984,0.0
819960,0.0,0.0,7.708261228338448,998.0850725076075,0.0
820020,0.0,0.0,7.708261228338448,999.7361364900211,0.0
820080,0.0,0.0,7.708261228338448,1000.1606987176364,0.0
820140,0.0,0.0,7.708261228338448,1001.6449107990811,0.0
820200,0.0,0.0,7.708261228338448,998.679419904512,0.0
820260,0.0,0.0,7.708261228338448,999.5358983760153,0.0
820320,0.0,0.0,7.708261228338448,998.9900572274329,0.0
820380,0.0,0.0,7.708261228338448,999.8840227311657,0.0
820440,0.0,0.0,7.708261228338448,1001.5754448900119,0.0
820500,0.0,0.0,7.708261228338448,1000.0210513285652,0.0
820560,0.0,0.0,7.708261228338448,999.58864323496,0.0
820620,0.0,0.0,7.708261228338448,998.8017986902951,0.0
820680,0.0,0.0,7.708261228338448,999.6625521413627,0.0
820740,0.0,0.0,7.708261228338448,1000.6236602814042,0.0
820800,0.0,0.0,7.708261228338448,1000.6844105185804,0.0
820860,0.0,0.0,7.708261228338448,998.5058893804669,0.0
820920,0.0,0.0,7.708261228338448,999.1488219413455,0.0
820980,0.0,0.0,7.708261228338448,999.6157430911766,0.0
821040,0.0,0.0,7.708261228338448,1000.2082189642875,0.0
821100,0.0,0.0,7.708261228338448,1001.398919270255,0.0
821160,0.0,0.0,7.708261228338448,998.3497251488757,0.0
821220,0.0,0.0,7.708261228338448,999.2302648805384,0.0
821280,0.0,0.0,7.708261228338448,998.9678053299594,0.0
821340,0.0,0.0,7.708261228338448,1001.1739110902954,0.0
821400,0.0,0.0,7.708261228338448,1000.370573446359,0.0
821460,0.0,0.0,7.708261228338448,1000.9994854621864,0.0
821520,0.0,0.0,7.708261228338448,999.0231216677615,0.0
821580,0.0,0.0,7.708261228338448,998.9611109640459,0.0
821640,0.0,0.0,7.708261228338448,999.9718386141816,0.0
821700,0.0,0.0,7.708261228338448,1000.5176350128065,0.0
821760,0.0,0.0,7.708261228338448,999.9089172015606,0.0
821820,0.0,0.0,7.708261228338448,1000.0253015141122,0.0
821880,0.0,0.0,7.708261228338448,998.081267167368,0.0
821940,0.0,0.0,7.708261228338448,999.4353140361743,0.0
822000,0.0,0.0,7.708261228338448,1001.1683951047731,0.0
822060,0.0,0.0,7.708261228338448,1000.3781178308553,0.0
822120,0.0,0.0,7.708261228338448,1000.4018485441292,0.0
822180,0.0,0.0,7.708261228338448,998.6794598186351,0.0
822240,0.0,0.0,7.708261228338448,999.0978887146036,0.0
822300,0.0,0.0,7.708261228338448,1000.3487237478247,0.0
822360,0.0,0.0,7.708261228338448,1000.7247276834923,0.0
822420,0.0,0.0,7.708261228338448,999.9575569923352,0.0
822480,0.0,0.0,7.708261228338448,998.389696931084,0.0
822540,0.0,0.0,7.708261228338448,999.0637803472746,0.0
822600,0.0,0.0,7.708261228338448,1000.7980992848322,0.0
822660,0.0,0.0,7.708261228338448,1000.447065813585,0.0
822720,0.0,0.0,7.708261228338448,1000.7190513898307,0.0
822780,0.0,0.0,7.708261228338448,998.194481726527,0.0
822840,0.0,0.0,7.708261228338448,999.2487725837337,0.0
822900,0.0,0.0,7.708261228338448,999.7036530529924,0.0
822960,0.0,0.0,7.708261228338448,1000.1780734011404,0.0
823020,0.0,0.0,7.708261228338448,1001.4804706313303,0.0
823080,0.0,0.0,7.708261228338448,999.6606881556394,0.0
823140,0.0,0.0,7.708261228338448,999.0887691701697,0.0
823200,0.0,0.0,7.708261228338448,999.2173726807312,0.0
823260,0.0,0.0,7.708261228338448,1000.0732471961549,0.0
823320,0.0,0.0,7.708261228338448,1000.5523296978138,0.0
823380,0.0,0.0,7.708261228338448,1000.4908273802578,0.0
823440,0.0,0.0,7.708261228338448,998.0317647352322,0.0
823500,0.0,0.0,7.708261228338448,999.066822913974,0.0
823560,0.0,0.0,7.708261228338448,1000.2891888308781,0.0
823620,0.0,0.0,7.708261228338448,1000.81671467496,0.0
823680,0.0,0.0,7.708261228338448,1000.4498950988925,0.0
823740,0.0,0.0,7.708261228338448,999.268418132702,0.0
823800,0.0,0.0,7.708261228338448,998.2034713954558,0.0
823860,0.0,0.0,7.708261228338448,999.4491662956954,0.0
823920,0.0,0.0,7.708261228338448,1001.3608032229105,0.0
823980,0.0,0.0,7.708261228338448,1000.2975225789198,0.0
824040,0.0,0.0,7.708261228338448,1000.5000504836871,0.0
824100,0.0,0.0,7.708261228338448,998.68744896132,0.0
824160,0.0,0.0,7.708261228338448,999.1395489206877,0.0
824220,0.0,0.0,7.708261228338448,1000.3681922430325,0.0
824280,0.0,0.0,7.708261228338448,1000.6942503259205,0.0
824340,0.0,0.0,7.708261228338448,999.3695285262877,0.0
824400,0.0,0.0,7.708261228338448,999.6263776560502,0.0
824460,0.0,0.0,7.708261228338448,998.6280497292407,0.0
824520,0.0,0.0,7.708261228338448,999.766661519933,0.0
824580,0.0,0.0,7.708261228338448,1001.4233990383558,0.0
824640,0.0,0.0,7.708261228338448,1000.2038336110285,0.0
824700,0.0,0.0,7.708261228338448,999.7955403573851,0.0
824760,0.0,0.0,7.708261228338448,998.644741940615,0.0
824820,0.0,0.0,7.708261228338448,999.4606186309951,0.0
824880,0.0,0.0,7.708261228338448,1001.6925579063002,0.0
824940,0.0,0.0,7.708261228338448,1000.2106968800301,0.0
825000,0.0,0.0,7.708261228338448,1000.3896697238308,0.0
825060,0.0,0.0,7.708261228338448,997.5455877738093,0.0
825120,0.0,0.0,7.708261228338448,999.2521956289526,0.0
825180,0.0,0.0,7.708261228338448,1000.1005387738091,0.0
825240,0.0,0.0,7.708261228338448,1000.4275028419628,0.0
825300,0.0,0.0,7.708261228338448,1000.4886806688972,0.0
825360,0.0,0.0,7.708261228338448,997.874972960269,0.0
825420,0.0,0.0,7.708261228338448,999.1372677971356,0.0
825480,0.0,0.0,7.708261228338448,1000.4143475137683,0.0
825540,0.0,0.0,7.708261228338448,1000.3618914495529,0.0
825600,0.0,0.0,7.708261228338448,1001.1601215965751,0.0
825660,0.0,0.0,7.708261228338448,999.2448709356141,0.0
825720,0.0,0.0,7.708261228338448,998.8702356894406,0.0
825780,0.0,0.0,7.708261228338448,999.7099820536629,0.0
825840,0.0,0.0,7.708261228338448,1000.4207345802471,0.0
825900,0.0,0.0,7.708261228338448,1000.2789990380977,0.0
825960,0.0,0.0,7.708261228338448,1000.1748979201598,0.0
826020,0.0,0.0,7.708261228338448,997.9778853949165,0.0
826080,0.0,0.0,7.708261228338448,999.445312540494,0.0
826140,0.0,0.0,7.708261228338448,1000.0257871190851,0.0
826200,0.0,0.0,7.708261228338448,1001.7870661341738,0.0
826260,0.0,0.0,7.708261228338448,998.9755361505343,0.0
826320,0.0,0.0,7.708261228338448,999.694693418333,0.0
826380,0.0,0.0,7.708261228338448,998.6605960591417,0.0
826440,0.0,0.0,7.708261228338448,999.751486946037,0.0
826500,0.0,0.0,7.708261228338448,1001.525625106343,0.0
826560,0.0,0.0,7.708261228338448,1000.1435458262823,0.0
826620,0.0,0.0,7.708261228338448,999.8421359010488,0.0
826680,0.0,0.0,7.708261228338448,998.6851950486249,0.0
826740,0.0,0.0,7.708261228338448,999.488089168183,0.0
826800,0.0,0.0,7.708261228338448,1000.592208830267,0.0
826860,0.0,0.0,7.708261228338448,1000.7230982945985,0.0
826920,0.0,0.0,7.708261228338448,998.77808102929,0.0
826980,0.0,0.0,7.708261228338448,999.2644796237732,0.0
827040,0.0,0.0,7.708261228338448,999.2998738990474,0.0
827100,0.0,0.0,7.708261228338448,1000.0890827515218,0.0
827160,0.0,0.0,7.708261228338448,1001.4500008562487,0.0
827220,0.0,0.0,7.708261228338448,999.8983813009307,0.0
827280,0.0,0.0,7.708261228338448,999.2495800133147,0.0
827340,0.0,0.0,7.708261228338448,998.9866193445029,0.0
827400,0.0,0.0,7.708261228338448,999.886364272335,0.0
827460,0.0,0.0,7.708261228338448,1001.0031753744042,0.0
827520,0.0,0.0,7.708261228338448,999.6018047557175,0.0
827580,0.0,0.0,7.708261228338448,999.3255638832078,0.0
827640,0.0,0.0,7.708261228338448,998.8470216953018,0.0
827700,0.0,0.0,7.708261228338448,999.7530129795598,0.0
827760,0.0,0.0,7.708261228338448,1000.3674604155225,0.0
827820,0.0,0.0,7.708261228338448,1000.1436000560855,0.0
827880,0.0,0.0,7.708261228338448,1000.199555600801,0.0
827940,0.0,0.0,7.708261228338448,997.9124237636914,0.0
828000,0.0,0.0,7.708261228338448,999.2991322167596,0.0
828060,0.0,0.0,7.708261228338448,1000.9598463045005,0.0
828120,0.0,0.0,7.708261228338448,1000.4116282597992,0.0
828180,0.0,0.0,7.708261228338448,1000.6758467471368,0.0
828240,0.0,0.0,7.708261228338448,998.84225952195,0.0
828300,0.0,0.0,7.708261228338448,998.9683204166046,0.0
828360,0.0,0.0,7.708261228338448,1000.1637393154912,0.0
828420,0.0,0.0,7.708261228338448,1000.6586789366008,0.0
828480,0.0,0.0,7.708261228338448,1000.3520469272873,0.0
828540,0.0,0.0,7.708261228338448,998.6096488784915,0.0
828600,0.0,0.0,7.708261228338448,999.0774043300596,0.0
828660,0.0,0.0,7.708261228338448,1000.433151866522,0.0
828720,0.0,0.0,7.708261228338448,1000.4385221661162,0.0
828780,0.0,0.0,7.708261228338448,1000.7575820816378,0.0
828840,0.0,0.0,7.708261228338448,998.4826490324755,0.0
828900,0.0,0.0,7.708261228338448,999.3761109211172,0.0
828960,0.0,0.0,7.708261228338448,999.3536269737218,0.0
829020,0.0,0.0,7.708261228338448,1000.0584901975576,0.0
829080,0.0,0.0,7.708261228338448,1001.5495846639056,0.0
829140,0.0,0.0,7.708261228338448,999.839827506726,0.0
829200,0.0,0.0,7.708261228338448,999.2900400573137,0.0
829260,0.0,0.0,7.708261228338448,999.0032651011619,0.0
829320,0.0,0.0,7.708261228338448,999.8885747897582,0.0
829380,0.0,0.0,7.708261228338448,1000.6177613207703,0.0
829440,0.0,0.0,7.708261228338448,1000.5989011184538,0.0
829500,0.0,0.0,7.708261228338448,998.2400679672902,0.0
829560,0.0,0.0,7.708261228338448,999.0568513698225,0.0
829620,0.0,0.0,7.708261228338448,999.9805535934304,0.0
829680,0.0,0.0,7.708261228338448,1000.3364342844752,0.0
829740,0.0,0.0,7.708261228338448,1001.2615205750338,0.0
829800,0.0,0.0,7.708261228338448,998.0201382640487,0.0
829860,0.0,0.0,7.708261228338448,999.0595189319931,0.0
829920,0.0,0.0,7.708261228338448,999.2328734775757,0.0
829980,0.0,0.0,7.708261228338448,1001.2958767046188,0.0
830040,0.0,0.0,7.708261228338448,1000.389717747899,0.0
830100,0.0,0.0,7.708261228338448,1000.6915296385506,0.0
830160,0.0,0.0,7.708261228338448,998.8266584933931,0.0
830220,0.0,0.0,7.708261228338448,999.0239602638653,0.0
830280,0.0,0.0,7.708261228338448,1000.1852449516,0.0
830340,0.0,0.0,7.708261228338448,1000.6273635466391,0.0
830400,0.0,0.0,7.708261228338448,999.6578192885543,0.0
830460,0.0,0.0,7.708261228338448,999.8267332912984,0.0
830520,0.0,0.0,7.708261228338448,998.3274663452614,0.0
830580,0.0,0.0,7.708261228338448,999.5947631462274,0.0
830640,0.0,0.0,7.708261228338448,1001.319714286062,0.0
830700,0.0,0.0,7.708261228338448,1000.3124636662596,0.0
830760,0.0,0.0,7.708261228338448,1000.0999662391363,0.0
830820,0.0,0.0,7.708261228338448,998.6084481041144,0.0
830880,0.0,0.0,7.708261228338448,999.26392671225,0.0
830940,0.0,0.0,7.708261228338448,1001.594053585573,0.0
831000,0.0,0.0,7.708261228338448,1000.308564756406,0.0
831060,0.0,0.0,7.708261228338448,1000.5994500750382,0.0
831120,0.0,0.0,7.708261228338448,997.360784092048,0.0
831180,0.0,0.0,7.708261228338448,999.0450760299202,0.0
831240,0.0,0.0,7.708261228338448,999.902768384643,0.0
831300,0.0,0.0,7.708261228338448,1000.5203225877058,0.0
831360,0.0,0.0,7.708261228338448,1000.5862202353694,0.0
831420,0.0,0.0,7.708261228338448,998.0488898257165,0.0
831480,0.0,0.0,7.708261228338448,999.1393011294492,0.0
831540,0.0,0.0,7.708261228338448,1000.0872723093122,0.0
831600,0.0,0.0,7.708261228338448,1000.2904836984849,0.0
831660,0.0,0.0,7.708261228338448,1001.3344090425202,0.0
831720,0.0,0.0,7.708261228338448,999.4522638465904,0.0
831780,0.0,0.0,7.708261228338448,998.9268010973168,0.0
831840,0.0,0.0,7.708261228338448,999.4661849749159,0.0
831900,0.0,0.0,7.708261228338448,1000.2638576249743,0.0
831960,0.0,0.0,7.708261228338448,1000.4413038384108,0.0
832020,0.0,0.0,7.708261228338448,1000.3409518283783,0.0
832080,0.0,0.0,7.708261228338448,997.9511729466411,0.0
832140,0.0,0.0,7.708261228338448,999.1303828567139,0.0
832200,0.0,0.0,7.708261228338448,999.8659339501381,0.0
832260,0.0,0.0,7.708261228338448,1001.8877472247183,0.0
832320,0.0,0.0,7.708261228338448,999.272370319443,0.0
832380,0.0,0.0,7.708261228338448,999.8771391240788,0.0
832440,0.0,0.0,7.708261228338448,998.3337972724671,0.0
832500,0.0,0.0,7.708261228338448,999.6063409903296,0.0
832560,0.0,0.0,7.708261228338448,1001.4258407838867,0.0
832620,0.0,0.0,7.708261228338448,1000.2452996193772,0.0
832680,0.0,0.0,7.708261228338448,1000.1296293660902,0.0
832740,0.0,0.0,7.708261228338448,998.630449752114,0.0
832800,0.0,0.0,7.708261228338448,999.3113981371727,0.0
832860,0.0,0.0,7.708261228338448,1000.5113448020752,0.0
832920,0.0,0.0,7.708261228338448,1000.7316216738253,0.0
832980,0.0,0.0,7.708261228338448,999.0709196996526,0.0
833040,0.0,0.0,7.708261228338448,999.4198316623251,0.0
833100,0.0,0.0,7.708261228338448,998.9707069876142,0.0
833160,0.0,0.0,7.708261228338448,999.9432131858582,0.0
833220,0.0,0.0,7.708261228338448,1001.4590356424147,0.0
833280,0.0,0.0,7.708261228338448,1000.0614577494667,0.0
833340,0.0,0.0,7.708261228338448,999.4917949467117,0.0
833400,0.0,0.0,7.708261228338448,998.5682233486668,0.0
833460,0.0,0.0,7.708261228338448,999.7160239152325,0.0
833520,0.0,0.0,7.708261228338448,1000.8955460365894,0.0
833580,0.0,0.0,7.708261228338448,999.9971200873523,0.0
833640,0.0,0.0,7.708261228338448,999.5116565287977,0.0
833700,0.0,0.0,7.708261228338448,998.8826210768601,0.0
833760,0.0,0.0,7.708261228338448,999.5240132709157,0.0
833820,0.0,0.0,7.708261228338448,1000.2251093369299,0.0
833880,0.0,0.0,7.708261228338448,1000.320043036199,0.0
833940,0.0,0.0,7.708261228338448,1000.3465427395289,0.0
834000,0.0,0.0,7.708261228338448,997.8404766599741,0.0
834060,0.0,0.0,7.708261228338448,999.1970940225802,0.0
834120,0.0,0.0,7.708261228338448,1000.7190775813325,0.0
834180,0.0,0.0,7.708261228338448,1000.4121997033828,0.0
834240,0.0,0.0,7.708261228338448,1000.9095878971949,0.0
834300,0.0,0.0,7.708261228338448,999.0224264519653,0.0
834360,0.0,0.0,7.708261228338448,998.8872836013226,0.0
834420,0.0,0.0,7.708261228338448,999.9606444275728,0.0
834480,0.0,0.0,7.708261228338448,1000.5663463826863,0.0
834540,0.0,0.0,7.708261228338448,1000.7057325999954,0.0
834600,0.0,0.0,7.708261228338448,998.8400522324549,0.0
834660,0.0,0.0,7.708261228338448,999.1545671246648,0.0
834720,0.0,0.0,7.708261228338448,1000.0448492706561,0.0
834780,0.0,0.0,7.708261228338448,1000.387643886602,0.0
834840,0.0,0.0,7.708261228338448,1000.7635127018962,0.0
834900,0.0,0.0,7.708261228338448,998.7796087388043,0.0
834960,0.0,0.0,7.708261228338448,999.5177844083531,0.0
835020,0.0,0.0,7.708261228338448,999.0205460631065,0.0
835080,0.0,0.0,7.708261228338448,999.9296005594512,0.0
835140,0.0,0.0,7.708261228338448,1001.5640207563741,0.0
835200,0.0,0.0,7.708261228338448,999.9938399717803,0.0
835260,0.0,0.0,7.708261228338448,999.5204860933948,0.0
835320,0.0,0.0,7.708261228338448,998.828251067161,0.0
835380,0.0,0.0,7.708261228338448,999.7061087355838,0.0
835440,0.0,0.0,7.708261228338448,1000.6362098470253,0.0
835500,0.0,0.0,7.708261228338448,1000.6749396314426,0.0
835560,0.0,0.0,7.708261228338448,998.4891844550048,0.0
835620,0.0,0.0,7.708261228338448,999.1100202561372,0.0
835680,0.0,0.0,7.708261228338448,999.6668672890971,0.0
835740,0.0,0.0,7.708261228338448,1000.2387433761093,0.0
835800,0.0,0.0,7.708261228338448,1001.3665644791895,0.0
835860,0.0,0.0,7.708261228338448,998.356678462017,0.0
835920,0.0,0.0,7.708261228338448,999.1903894567416,0.0
835980,0.0,0.0,7.708261228338448,999.004155198527,0.0
836040,0.0,0.0,7.708261228338448,1001.1694317853522,0.0
836100,0.0,0.0,7.708261228338448,1000.3861504627697,0.0
836160,0.0,0.0,7.708261228338448,1000.9407896632165,0.0
836220,0.0,0.0,7.708261228338448,998.9951033042486,0.0
836280,0.0,0.0,7.708261228338448,998.9574330108996,0.0
836340,0.0,0.0,7.708261228338448,999.9985112632763,0.0
836400,0.0,0.0,7.708261228338448,1000.5400077932173,0.0
836460,0.0,0.0,7.708261228338448,999.9024586444133,0.0
836520,0.0,0.0,7.708261228338448,999.9941875828631,0.0
836580,0.0,0.0,7.708261228338448,998.1120395014694,0.0
836640,0.0,0.0,7.708261228338448,999.4500399687441,0.0
836700,0.0,0.0,7.708261228338448,1001.1737747400774,0.0
836760,0.0,0.0,7.708261228338448,1000.381449835478,0.0
836820,0.0,0.0,7.708261228338448,1000.3606512981473,0.0
836880,0.0,0.0,7.708261228338448,998.665358044092,0.0
836940,0.0,0.0,7.708261228338448,999.1091678874371,0.0
837000,0.0,0.0,7.708261228338448,1001.4255530843703,0.0
837060,0.0,0.0,7.708261228338448,1000.3653312306014,0.0
837120,0.0,0.0,7.708261228338448,1000.758442159401,0.0
837180,0.0,0.0,7.708261228338448,997.3175951804714,0.0
837240,0.0,0.0,7.708261228338448,998.8885160565939,0.0
837300,0.0,0.0,7.708261228338448,999.7220732331887,0.0
837360,0.0,0.0,7.708261228338448,1000.5628980537132,0.0
837420,0.0,0.0,7.708261228338448,1000.647399603578,0.0
837480,0.0,0.0,7.708261228338448,998.2897469257458,0.0
837540,0.0,0.0,7.708261228338448,999.1982618186771,0.0
837600,0.0,0.0,7.708261228338448,999.7694129563615,0.0
837660,0.0,0.0,7.708261228338448,1000.2044422941811,0.0
837720,0.0,0.0,7.708261228338448,1001.444910258891,0.0
837780,0.0,0.0,7.708261228338448,999.6357744130285,0.0
837840,0.0,0.0,7.708261228338448,999.0473787045813,0.0
837900,0.0,0.0,7.708261228338448,999.2461056823029,0.0
837960,0.0,0.0,7.708261228338448,1000.1053576768096,0.0
838020,0.0,0.0,7.708261228338448,1000.5531370370034,0.0
838080,0.0,0.0,7.708261228338448,1000.4708237955032,0.0
838140,0.0,0.0,7.708261228338448,998.0357479748803,0.0
838200,0.0,0.0,7.708261228338448,999.0624170854285,0.0
838260,0.0,0.0,7.708261228338448,1000.316079176324,0.0
838320,0.0,0.0,7.708261228338448,1000.8175331588309,0.0
838380,0.0,0.0,7.708261228338448,1000.4457319350322,0.0
838440,0.0,0.0,7.708261228338448,999.2313813808863,0.0
838500,0.0,0.0,7.708261228338448,998.2380556941558,0.0
838560,0.0,0.0,7.708261228338448,999.462290095343,0.0
838620,0.0,0.0,7.708261228338448,1001.3608638527812,0.0
838680,0.0,0.0,7.708261228338448,1000.3014337797813,0.0
838740,0.0,0.0,7.708261228338448,1000.4570686974533,0.0
838800,0.0,0.0,7.708261228338448,998.6752758826677,0.0
838860,0.0,0.0,7.708261228338448,999.1493319517651,0.0
838920,0.0,0.0,7.708261228338448,1000.3824662968983,0.0
838980,0.0,0.0,7.708261228338448,1000.7035408381885,0.0
839040,0.0,0.0,7.708261228338448,999.3685399540301,0.0
839100,0.0,0.0,7.708261228338448,999.6011471529794,0.0
839160,0.0,0.0,7.708261228338448,998.64981970779,0.0
839220,0.0,0.0,7.708261228338448,999.7804591903521,0.0
839280,0.0,0.0,7.708261228338448,1001.4164043858224,0.0
839340,0.0,0.0,7.708261228338448,1000.2019470342024,0.0
839400,0.0,0.0,7.708261228338448,999.7684332283093,0.0
839460,0.0,0.0,7.708261228338448,998.1657875485977,0.0
839520,0.0,0.0,7.708261228338448,999.5360921733185,0.0
839580,0.0,0.0,7.708261228338448,1000.7466528955083,0.0
839640,0.0,0.0,7.708261228338448,1000.3692919354503,0.0
839700,0.0,0.0,7.708261228338448,999.6961855711533,0.0
839760,0.0,0.0,7.708261228338448,999.0012342200207,0.0
839820,0.0,0.0,7.708261228338448,999.2886669264611,0.0
839880,0.0,0.0,7.708261228338448,1000.0609439285552,0.0
839940,0.0,0.0,7.708261228338448,1000.4556518112396,0.0
840000,0.0,0.0,7.708261228338448,1000.4766691165997,0.0
840060,0.0,0.0,7.708261228338448,997.8691575589896,0.0
840120,0.0,0.0,7.708261228338448,999.1323724233794,0.0
840180,0.0,0.0,7.708261228338448,1000.4376296728165,0.0
840240,0.0,0.0,7.708261228338448,1000.3793333939506,0.0
840300,0.0,0.0,7.708261228338448,1001.1193745971059,0.0
840360,0.0,0.0,7.708261228338448,999.220464245222,0.0
840420,0.0,0.0,7.708261228338448,998.8600165187449,0.0
840480,0.0,0.0,7.708261228338448,999.7337082301923,0.0
840540,0.0,0.0,7.708261228338448,1000.4429618103582,0.0
840600,0.0,0.0,7.708261228338448,1000.2752692615943,0.0
840660,0.0,0.0,7.708261228338448,1000.1498788259698,0.0
840720,0.0,0.0,7.708261228338448,997.9968836922809,0.0
840780,0.0,0.0,7.708261228338448,999.4658323287221,0.0
840840,0.0,0.0,7.708261228338448,1000.0466985468473,0.0
840900,0.0,0.0,7.708261228338448,1001.7506462828738,0.0
840960,0.0,0.0,7.708261228338448,998.9836657893472,0.0
841020,0.0,0.0,7.708261228338448,999.6656844731111,0.0
841080,0.0,0.0,7.708261228338448,998.6881552362568,0.0
841140,0.0,0.0,7.708261228338448,999.7659669995974,0.0
841200,0.0,0.0,7.708261228338448,1001.5168568274274,0.0
841260,0.0,0.0,7.708261228338448,1000.1412659937962,0.0
841320,0.0,0.0,7.708261228338448,999.810691112245,0.0
841380,0.0,0.0,7.708261228338448,998.6879185901935,0.0
841440,0.0,0.0,7.708261228338448,999.5005805390767,0.0
841500,0.0,0.0,7.708261228338448,1000.6001823491209,0.0
841560,0.0,0.0,7.708261228338448,1000.7242859986113,0.0
841620,0.0,0.0,7.708261228338448,998.7825872219881,0.0
841680,0.0,0.0,7.708261228338448,999.2457069870047,0.0
841740,0.0,0.0,7.708261228338448,999.3122589853226,0.0
841800,0.0,0.0,7.708261228338448,1000.1002930982186,0.0
841860,0.0,0.0,7.708261228338448,1001.438132405378,0.0
841920,0.0,0.0,7.708261228338448,998.7293490976024,0.0
841980,0.0,0.0,7.708261228338448,999.3641021040203,0.0
842040,0.0,0.0,7.708261228338448,998.778245271018,0.0
842100,0.0,0.0,7.708261228338448,1000.9688270625253,0.0
842160,0.0,0.0,7.708261228338448,1000.3453468931986,0.0
842220,0.0,0.0,7.708261228338448,1001.1919969812622,0.0
842280,0.0,0.0,7.708261228338448,999.1947148544266,0.0
842340,0.0,0.0,7.708261228338448,998.9442642902918,0.0
842400,0.0,0.0,7.708261228338448,999.7707085183923,0.0
842460,0.0,0.0,7.708261228338448,1000.4129504619998,0.0
842520,0.0,0.0,7.708261228338448,1000.129335465606,0.0
842580,0.0,0.0,7.708261228338448,1000.1719576274435,0.0
842640,0.0,0.0,7.708261228338448,997.9413321442485,0.0
842700,0.0,0.0,7.708261228338448,999.3087421310945,0.0
842760,0.0,0.0,7.708261228338448,1000.9720971190355,0.0
842820,0.0,0.0,7.708261228338448,1000.4190216330725,0.0
842880,0.0,0.0,7.708261228338448,1000.6357642419727,0.0
842940,0.0,0.0,7.708261228338448,998.8230961620153,0.0
843000,0.0,0.0,7.708261228338448,998.9740877545511,0.0
843060,0.0,0.0,7.708261228338448,1001.1886565547685,0.0
843120,0.0,0.0,7.708261228338448,1000.3827343359953,0.0
843180,0.0,0.0,7.708261228338448,1000.903853112684,0.0
843240,0.0,0.0,7.708261228338448,997.4002811305612,0.0
843300,0.0,0.0,7.708261228338448,998.7696219539006,0.0
843360,0.0,0.0,7.708261228338448,999.5262568073571,0.0
843420,0.0,0.0,7.708261228338448,1000.5554578721457,0.0
843480,0.0,0.0,7.708261228338448,1000.6830512162855,0.0
843540,0.0,0.0,7.708261228338448,998.5693931665179,0.0
843600,0.0,0.0,7.708261228338448,999.3190754088354,0.0
843660,0.0,0.0,7.708261228338448,999.4210426159198,0.0
843720,0.0,0.0,7.708261228338448,1000.0873976803997,0.0
843780,0.0,0.0,7.708261228338448,1001.5206773274358,0.0
843840,0.0,0.0,7.708261228338448,999.8188367598411,0.0
843900,0.0,0.0,7.708261228338448,999.2391594625284,0.0
843960,0.0,0.0,7.708261228338448,999.0284112491111,0.0
844020,0.0,0.0,7.708261228338448,999.9213340781703,0.0
844080,0.0,0.0,7.708261228338448,1000.6228938100674,0.0
844140,0.0,0.0,7.708261228338448,1000.5848828785197,0.0
844200,0.0,0.0,7.708261228338448,998.235747160803,0.0
844260,0.0,0.0,7.708261228338448,999.0416554417089,0.0
844320,0.0,0.0,7.708261228338448,1000.0119037961263,0.0
844380,0.0,0.0,7.708261228338448,1000.8650541882201,0.0
844440,0.0,0.0,7.708261228338448,1000.5048331672212,0.0
844500,0.0,0.0,7.708261228338448,999.5714715266126,0.0
844560,0.0,0.0,7.708261228338448,997.9415931577018,0.0
844620,0.0,0.0,7.708261228338448,999.3375615796444,0.0
844680,0.0,0.0,7.708261228338448,1001.1703890710368,0.0
844740,0.0,0.0,7.708261228338448,1000.3397984508749,0.0
844800,0.0,0.0,7.708261228338448,1000.719173026256,0.0
844860,0.0,0.0,7.708261228338448,998.8124273398585,0.0
844920,0.0,0.0,7.708261228338448,999.0255544394806,0.0
844980,0.0,0.0,7.708261228338448,1000.2235465965807,0.0
845040,0.0,0.0,7.708261228338448,1000.6471914500094,0.0
845100,0.0,0.0,7.708261228338448,999.6417696283584,0.0
845160,0.0,0.0,7.708261228338448,999.7781722056043,0.0
845220,0.0,0.0,7.708261228338448,998.3769789164038,0.0
845280,0.0,0.0,7.708261228338448,999.6232323421907,0.0
845340,0.0,0.0,7.708261228338448,1001.322848554342,0.0
845400,0.0,0.0,7.708261228338448,1000.3079678756633,0.0
845460,0.0,0.0,7.708261228338448,1000.0395926589816,0.0
845520,0.0,0.0,7.708261228338448,997.8290840597629,0.0
845580,0.0,0.0,7.708261228338448,999.3704762656298,0.0
845640,0.0,0.0,7.708261228338448,1000.572726669605,0.0
845700,0.0,0.0,7.708261228338448,1000.6880240793632,0.0
845760,0.0,0.0,7.708261228338448,999.8596548270981,0.0
845820,0.0,0.0,7.708261228338448,999.1802834790163,0.0
845880,0.0,0.0,7.708261228338448,999.0755806932635,0.0
845940,0.0,0.0,7.708261228338448,999.8942890938038,0.0
846000,0.0,0.0,7.708261228338448,1000.5433635702107,0.0
846060,0.0,0.0,7.708261228338448,1000.576823314981,0.0
846120,0.0,0.0,7.708261228338448,998.0191652951696,0.0
846180,0.0,0.0,7.708261228338448,999.1172822668793,0.0
846240,0.0,0.0,7.708261228338448,1000.1384054507508,0.0
846300,0.0,0.0,7.708261228338448,1000.320304338151,0.0
846360,0.0,0.0,7.708261228338448,1001.2823458504384,0.0
846420,0.0,0.0,7.708261228338448,999.4146531701335,0.0
846480,0.0,0.0,7.708261228338448,998.8965004463074,0.0
846540,0.0,0.0,7.708261228338448,999.50591422702,0.0
846600,0.0,0.0,7.708261228338448,1000.3017522664795,0.0
846660,0.0,0.0,7.708261228338448,1000.4342365370273,0.0
846720,0.0,0.0,7.708261228338448,1000.307690278537,0.0
846780,0.0,0.0,7.708261228338448,997.967353963235,0.0
846840,0.0,0.0,7.708261228338448,999.1702848814159,0.0
846900,0.0,0.0,7.708261228338448,999.8985469595359,0.0
846960,0.0,0.0,7.708261228338448,1001.841760591126,0.0
847020,0.0,0.0,7.708261228338448,999.2708462898185,0.0
847080,0.0,0.0,7.708261228338448,999.8343129105682,0.0
847140,0.0,0.0,7.708261228338448,998.3819631532444,0.0
847200,0.0,0.0,7.708261228338448,999.6278949255172,0.0
847260,0.0,0.0,7.708261228338448,1001.4247378549393,0.0
847320,0.0,0.0,7.708261228338448,1000.2427376004471,0.0
847380,0.0,0.0,7.708261228338448,1000.0768048416371,0.0
847440,0.0,0.0,7.708261228338448,998.6286537430227,0.0
847500,0.0,0.0,7.708261228338448,999.3309299583549,0.0
847560,0.0,0.0,7.708261228338448,1000.5268818428322,0.0
847620,0.0,0.0,7.708261228338448,1000.737143851813,0.0
847680,0.0,0.0,7.708261228338448,999.0644206395503,0.0
847740,0.0,0.0,7.708261228338448,999.3882922628494,0.0
847800,0.0,0.0,7.708261228338448,999.000450601249,0.0
847860,0.0,0.0,7.708261228338448,999.9630042777093,0.0
847920,0.0,0.0,7.708261228338448,1001.4471706165776,0.0
847980,0.0,0.0,7.708261228338448,999.0885412054829,0.0
848040,0.0,0.0,7.708261228338448,999.524781313822,0.0
848100,0.0,0.0,7.708261228338448,998.6129580492275,0.0
848160,0.0,0.0,7.708261228338448,1000.7191425634873,0.0
848220,0.0,0.0,7.708261228338448,1000.2864067469668,0.0
848280,0.0,0.0,7.708261228338448,1001.3728877584942,0.0
848340,0.0,0.0,7.708261228338448,999.3769726354168,0.0
848400,0.0,0.0,7.708261228338448,998.9898317930649,0.0
848460,0.0,0.0,7.708261228338448,999.5532576997198,0.0
848520,0.0,0.0,7.708261228338448,1000.2796444101075,0.0
848580,0.0,0.0,7.708261228338448,1000.3064970892552,0.0
848640,0.0,0.0,7.708261228338448,1000.3156828897538,0.0
848700,0.0,0.0,7.708261228338448,997.8685797242949,0.0
848760,0.0,0.0,7.708261228338448,999.2031088538776,0.0
848820,0.0,0.0,7.708261228338448,1000.7448917893055,0.0
848880,0.0,0.0,7.708261228338448,1000.4253499428365,0.0
848940,0.0,0.0,7.708261228338448,1000.8605214638104,0.0
849000,0.0,0.0,7.708261228338448,998.9946042533804,0.0
849060,0.0,0.0,7.708261228338448,998.888068856359,0.0
849120,0.0,0.0,7.708261228338448,999.9873633746073,0.0
849180,0.0,0.0,7.708261228338448,1000.5873776401164,0.0
849240,0.0,0.0,7.708261228338448,1000.6662691588441,0.0
849300,0.0,0.0,7.708261228338448,998.8269431840837,0.0
849360,0.0,0.0,7.708261228338448,999.1250017290882,0.0
849420,0.0,0.0,7.708261228338448,1000.0654647666714,0.0
849480,0.0,0.0,7.708261228338448,1000.4052285908181,0.0
849540,0.0,0.0,7.708261228338448,1000.7695723849157,0.0
849600,0.0,0.0,7.708261228338448,998.779571724141,0.0
849660,0.0,0.0,7.708261228338448,999.4870660214951,0.0
849720,0.0,0.0,7.708261228338448,999.0503135683099,0.0
849780,0.0,0.0,7.708261228338448,999.9477339821925,0.0
849840,0.0,0.0,7.708261228338448,1001.5493330762572,0.0
849900,0.0,0.0,7.708261228338448,999.9864474027418,0.0
849960,0.0,0.0,7.708261228338448,999.4878477680995,0.0
850020,0.0,0.0,7.708261228338448,998.8369504335654,0.0
850080,0.0,0.0,7.708261228338448,999.7232072396911,0.0
850140,0.0,0.0,7.708261228338448,1000.6431849891128,0.0
850200,0.0,0.0,7.708261228338448,1000.6715196836598,0.0
850260,0.0,0.0,7.708261228338448,998.4922777853825,0.0
850320,0.0,0.0,7.708261228338448,999.0925181213142,0.0
850380,0.0,0.0,7.708261228338448,999.6813256881663,0.0
850440,0.0,0.0,7.708261228338448,1000.8507422549537,0.0
850500,0.0,0.0,7.708261228338448,1000.5332462859757,0.0
850560,0.0,0.0,7.708261228338448,999.9420059883053,0.0
850620,0.0,0.0,7.708261228338448,997.7157002685266,0.0
850680,0.0,0.0,7.708261228338448,999.2368662771054,0.0
850740,0.0,0.0,7.708261228338448,1000.9284888513196,0.0
850800,0.0,0.0,7.708261228338448,1000.3457355207489,0.0
850860,0.0,0.0,7.708261228338448,1000.9679264111899,0.0
850920,0.0,0.0,7.708261228338448,998.9888537194661,0.0
850980,0.0,0.0,7.708261228338448,998.939776492769,0.0
851040,0.0,0.0,7.708261228338448,1000.0290407816036,0.0
851100,0.0,0.0,7.708261228338448,1000.5583178101792,0.0
851160,0.0,0.0,7.708261228338448,999.8967365673724,0.0
851220,0.0,0.0,7.708261228338448,999.9605704856311,0.0
851280,0.0,0.0,7.708261228338448,998.1441951510396,0.0
851340,0.0,0.0,7.708261228338448,999.4666978303205,0.0
851400,0.0,0.0,7.708261228338448,1001.1794951470184,0.0
851460,0.0,0.0,7.708261228338448,1000.3840767605762,0.0
851520,0.0,0.0,7.708261228338448,1000.3171052951162,0.0
851580,0.0,0.0,7.708261228338448,998.6513791464167,0.0
851640,0.0,0.0,7.708261228338448,999.1222673369663,0.0
851700,0.0,0.0,7.708261228338448,1001.4116473054592,0.0
851760,0.0,0.0,7.708261228338448,1000.373927470521,0.0
851820,0.0,0.0,7.708261228338448,1000.7346109360979,0.0
851880,0.0,0.0,7.708261228338448,997.353292635,0.0
851940,0.0,0.0,7.708261228338448,998.897548644099,0.0
852000,0.0,0.0,7.708261228338448,999.7425556268676,0.0
852060,0.0,0.0,7.708261228338448,1000.571146209932,0.0
852120,0.0,0.0,7.708261228338448,1000.6451469198677,0.0
852180,0.0,0.0,7.708261228338448,998.2954460329079,0.0
852240,0.0,0.0,7.708261228338448,999.1781286469733,0.0
852300,0.0,0.0,7.708261228338448,999.7856142189746,0.0
852360,0.0,0.0,7.708261228338448,1000.2179953901348,0.0
852420,0.0,0.0,7.708261228338448,1001.4258805422263,0.0
852480,0.0,0.0,7.708261228338448,999.6270004836056,0.0
852540,0.0,0.0,7.708261228338448,999.0294289092478,0.0
852600,0.0,0.0,7.708261228338448,999.2549042636975,0.0
852660,0.0,0.0,7.708261228338448,1000.1185935106955,0.0
852720,0.0,0.0,7.708261228338448,1000.5575796533878,0.0
852780,0.0,0.0,7.708261228338448,1000.4628343261519,0.0
852840,0.0,0.0,7.708261228338448,998.0449428075849,0.0
852900,0.0,0.0,7.708261228338448,998.8574079596316,0.0
852960,0.0,0.0,7.708261228338448,999.7251529619465,0.0
853020,0.0,0.0,7.708261228338448,1001.8874424037995,0.0
853080,0.0,0.0,7.708261228338448,999.5529515627275,0.0
853140,0.0,0.0,7.708261228338448,1000.0257645887001,0.0
853200,0.0,0.0,7.708261228338448,998.0864123801362,0.0
853260,0.0,0.0,7.708261228338448,999.4813211332524,0.0
853320,0.0,0.0,7.708261228338448,1001.2769940804095,0.0
853380,0.0,0.0,7.708261228338448,1000.3191037097981,0.0
853440,0.0,0.0,7.708261228338448,1000.3755725775445,0.0
853500,0.0,0.0,7.708261228338448,998.6565742426504,0.0
853560,0.0,0.0,7.708261228338448,999.1649153145647,0.0
853620,0.0,0.0,7.708261228338448,1000.4008434789715,0.0
853680,0.0,0.0,7.708261228338448,1000.7151650799717,0.0
853740,0.0,0.0,7.708261228338448,999.3607512371814,0.0
853800,0.0,0.0,7.708261228338448,999.5688903498536,0.0
853860,0.0,0.0,7.708261228338448,998.6801506766027,0.0
853920,0.0,0.0,7.708261228338448,999.7996212188584,0.0
853980,0.0,0.0,7.708261228338448,1001.4096603172421,0.0
854040,0.0,0.0,7.708261228338448,999.4517443535193,0.0
854100,0.0,0.0,7.708261228338448,999.7050902749688,0.0
854160,0.0,0.0,7.708261228338448,998.4858554562048,0.0
854220,0.0,0.0,7.708261228338448,1000.4041751958882,0.0
854280,0.0,0.0,7.708261228338448,1000.1940769966078,0.0
854340,0.0,0.0,7.708261228338448,1001.5300747950611,0.0
854400,0.0,0.0,7.708261228338448,999.568534857394,0.0
854460,0.0,0.0,7.708261228338448,999.1167530431007,0.0
854520,0.0,0.0,7.708261228338448,999.3195606783323,0.0
854580,0.0,0.0,7.708261228338448,1000.1157799805594,0.0
854640,0.0,0.0,7.708261228338448,1000.4487369603731,0.0
854700,0.0,0.0,7.708261228338448,1000.4514753493942,0.0
854760,0.0,0.0,7.708261228338448,997.8867192710984,0.0
854820,0.0,0.0,7.708261228338448,999.1280655429039,0.0
854880,0.0,0.0,7.708261228338448,1000.4702614258729,0.0
854940,0.0,0.0,7.708261228338448,1000.3972865496897,0.0
855000,0.0,0.0,7.708261228338448,1001.0742551873602,0.0
855060,0.0,0.0,7.708261228338448,999.1922387140024,0.0
855120,0.0,0.0,7.708261228338448,998.8504717137082,0.0
855180,0.0,0.0,7.708261228338448,999.7617157454018,0.0
855240,0.0,0.0,7.708261228338448,1000.4677979366221,0.0
855300,0.0,0.0,7.708261228338448,1000.9900234529193,0.0
855360,0.0,0.0,7.708261228338448,999.0680655828544,0.0
855420,0.0,0.0,7.708261228338448,999.255706253927,0.0
855480,0.0,0.0,7.708261228338448,999.6533462191396,0.0
855540,0.0,0.0,7.708261228338448,1000.312042597644,0.0
855600,0.0,0.0,7.708261228338448,1000.7484467850217,0.0
855660,0.0,0.0,7.708261228338448,999.0815174488838,0.0
855720,0.0,0.0,7.708261228338448,999.6469027819202,0.0
855780,0.0,0.0,7.708261228338448,998.7260463032126,0.0
855840,0.0,0.0,7.708261228338448,999.8048021897522,0.0
855900,0.0,0.0,7.708261228338448,1001.5199050514424,0.0
855960,0.0,0.0,7.708261228338448,1000.1233012328856,0.0
856020,0.0,0.0,7.708261228338448,999.7470712203833,0.0
856080,0.0,0.0,7.708261228338448,998.7017153120212,0.0
856140,0.0,0.0,7.708261228338448,999.536248329171,0.0
856200,0.0,0.0,7.708261228338448,1000.6168394478942,0.0
856260,0.0,0.0,7.708261228338448,1000.7225856613245,0.0
856320,0.0,0.0,7.708261228338448,998.7662983507187,0.0
856380,0.0,0.0,7.708261228338448,999.2050196969127,0.0
856440,0.0,0.0,7.708261228338448,999.358406709995,0.0
856500,0.0,0.0,7.708261228338448,1000.7788386872077,0.0
856560,0.0,0.0,7.708261228338448,1000.5315375258914,0.0
856620,0.0,0.0,7.708261228338448,1000.2979038784139,0.0
856680,0.0,0.0,7.708261228338448,997.605546628904,0.0
856740,0.0,0.0,7.708261228338448,999.1753489148691,0.0
856800,0.0,0.0,7.708261228338448,1000.6543171791019,0.0
856860,0.0,0.0,7.708261228338448,1000.3235022874363,0.0
856920,0.0,0.0,7.708261228338448,1001.173391810175,0.0
856980,0.0,0.0,7.708261228338448,999.1713299498712,0.0
857040,0.0,0.0,7.708261228338448,998.9055094092241,0.0
857100,0.0,0.0,7.708261228338448,999.8201904858785,0.0
857160,0.0,0.0,7.708261228338448,1000.4480679877557,0.0
857220,0.0,0.0,7.708261228338448,1000.1155585771589,0.0
857280,0.0,0.0,7.708261228338448,1000.1268372275507,0.0
857340,0.0,0.0,7.708261228338448,997.9820161209713,0.0
857400,0.0,0.0,7.708261228338448,999.3290691231555,0.0
857460,0.0,0.0,7.708261228338448,1000.9956525226356,0.0
857520,0.0,0.0,7.708261228338448,1000.4270934632348,0.0
857580,0.0,0.0,7.708261228338448,1000.5710323562424,0.0
857640,0.0,0.0,7.708261228338448,998.7902841780419,0.0
857700,0.0,0.0,7.708261228338448,998.9884414765534,0.0
857760,0.0,0.0,7.708261228338448,1001.1877997860123,0.0
857820,0.0,0.0,7.708261228338448,1000.3976237532886,0.0
857880,0.0,0.0,7.708261228338448,1000.8737639722287,0.0
857940,0.0,0.0,7.708261228338448,997.4355916422396,0.0
858000,0.0,0.0,7.708261228338448,998.7781641411233,0.0
858060,0.0,0.0,7.708261228338448,999.5577776287696,0.0
858120,0.0,0.0,7.708261228338448,1000.5695457396698,0.0
858180,0.0,0.0,7.708261228338448,1000.6843755156776,0.0
858240,0.0,0.0,7.708261228338448,998.5632627914247,0.0
858300,0.0,0.0,7.708261228338448,999.284369401527,0.0
858360,0.0,0.0,7.708261228338448,999.4580291132901,0.0
858420,0.0,0.0,7.708261228338448,1000.1102186314173,0.0
858480,0.0,0.0,7.708261228338448,1001.4978950758425,0.0
858540,0.0,0.0,7.708261228338448,999.8032901881716,0.0
858600,0.0,0.0,7.708261228338448,999.2034652406038,0.0
858660,0.0,0.0,7.708261228338448,999.0459090242681,0.0
858720,0.0,0.0,7.708261228338448,999.9453272874773,0.0
858780,0.0,0.0,7.708261228338448,1000.6276535656602,0.0
858840,0.0,0.0,7.708261228338448,1000.5741559672468,0.0
858900,0.0,0.0,7.708261228338448,998.2409688152438,0.0
858960,0.0,0.0,7.708261228338448,998.6033667106457,0.0
859020,0.0,0.0,7.708261228338448,999.5734320234195,0.0
859080,0.0,0.0,7.708261228338448,1001.8515949223571,0.0
859140,0.0,0.0,7.708261228338448,999.7931048248295,0.0
859200,0.0,0.0,7.708261228338448,1000.1843145866636,0.0
859260,0.0,0.0,7.708261228338448,997.8797517778379,0.0
859320,0.0,0.0,7.708261228338448,999.3632262420691,0.0
859380,0.0,0.0,7.708261228338448,1001.0931341566686,0.0
859440,0.0,0.0,7.708261228338448,1000.3617396198536,0.0
859500,0.0,0.0,7.708261228338448,1000.6291226653935,0.0
859560,0.0,0.0,7.708261228338448,998.7769550209285,0.0
859620,0.0,0.0,7.708261228338448,999.040056434012,0.0
859680,0.0,0.0,7.708261228338448,1000.2516088111375,0.0
859740,0.0,0.0,7.708261228338448,1000.6671285227118,0.0
859800,0.0,0.0,7.708261228338448,999.6274131657805,0.0
859860,0.0,0.0,7.708261228338448,999.7375871310878,0.0
859920,0.0,0.0,7.708261228338448,998.4169379840291,0.0
859980,0.0,0.0,7.708261228338448,999.6470480404627,0.0
860040,0.0,0.0,7.708261228338448,1001.32328067107,0.0
860100,0.0,0.0,7.708261228338448,1000.3042917877566,0.0
860160,0.0,0.0,7.708261228338448,999.9904879766582,0.0
860220,0.0,0.0,7.708261228338448,997.8750072372402,0.0
860280,0.0,0.0,7.708261228338448,999.3886163971304,0.0
860340,0.0,0.0,7.708261228338448,1000.5963657961613,0.0
860400,0.0,0.0,7.708261228338448,1000.6726640221052,0.0
860460,0.0,0.0,7.708261228338448,999.8450376222919,0.0
860520,0.0,0.0,7.708261228338448,999.144502418859,0.0
860580,0.0,0.0,7.708261228338448,999.0930267908185,0.0
860640,0.0,0.0,7.708261228338448,999.9170511105759,0.0
860700,0.0,0.0,7.708261228338448,1000.5487485295404,0.0
860760,0.0,0.0,7.708261228338448,1000.567698672672,0.0
860820,0.0,0.0,7.708261228338448,998.0261165736141,0.0
860880,0.0,0.0,7.708261228338448,999.1054488465902,0.0
860940,0.0,0.0,7.708261228338448,1000.1552570589865,0.0
861000,0.0,0.0,7.708261228338448,1000.3340843428091,0.0
861060,0.0,0.0,7.708261228338448,1001.2579966172162,0.0
861120,0.0,0.0,7.708261228338448,999.4015579672069,0.0
861180,0.0,0.0,7.708261228338448,998.8831061332356,0.0
861240,0.0,0.0,7.708261228338448,999.5184617492652,0.0
861300,0.0,0.0,7.708261228338448,1000.3168162094421,0.0
861360,0.0,0.0,7.708261228338448,1001.2774966979104,0.0
861420,0.0,0.0,7.708261228338448,999.3126959003228,0.0
861480,0.0,0.0,7.708261228338448,999.4342400397101,0.0
861540,0.0,0.0,7.708261228338448,999.2172501195103,0.0
861600,0.0,0.0,7.708261228338448,1000.1752983163838,0.0
861660,0.0,0.0,7.708261228338448,1000.6926867310151,0.0
861720,0.0,0.0,7.708261228338448,999.3803216962721,0.0
861780,0.0,0.0,7.708261228338448,999.8198486162552,0.0
861840,0.0,0.0,7.708261228338448,998.4199118442116,0.0
861900,0.0,0.0,7.708261228338448,999.6534329053447,0.0
861960,0.0,0.0,7.708261228338448,1001.4389192791213,0.0
862020,0.0,0.0,7.708261228338448,1000.2353026583561,0.0
862080,0.0,0.0,7.708261228338448,1000.0291353184098,0.0
862140,0.0,0.0,7.708261228338448,998.6288764704167,0.0
862200,0.0,0.0,7.708261228338448,999.3526596681343,0.0
862260,0.0,0.0,7.708261228338448,1000.5429868535076,0.0
862320,0.0,0.0,7.708261228338448,1000.741770465038,0.0
862380,0.0,0.0,7.708261228338448,999.0561300422858,0.0
862440,0.0,0.0,7.708261228338448,999.3551487600429,0.0
862500,0.0,0.0,7.708261228338448,999.0323930782329,0.0
862560,0.0,0.0,7.708261228338448,999.9843240435652,0.0
862620,0.0,0.0,7.708261228338448,1001.434736668429,0.0
862680,0.0,0.0,7.708261228338448,999.097024353406,0.0
862740,0.0,0.0,7.708261228338448,999.4987804657936,0.0
862800,0.0,0.0,7.708261228338448,998.6271073068185,0.0
862860,0.0,0.0,7.708261228338448,1000.7181232624024,0.0
862920,0.0,0.0,7.708261228338448,1000.3020577826802,0.0
862980,0.0,0.0,7.708261228338448,1001.3405532808869,0.0
863040,0.0,0.0,7.708261228338448,999.3624072960822,0.0
863100,0.0,0.0,7.708261228338448,998.9732416356043,0.0
863160,0.0,0.0,7.708261228338448,999.5675577810783,0.0
863220,0.0,0.0,7.708261228338448,1000.2963923758992,0.0
863280,0.0,0.0,7.708261228338448,1000.3097506798624,0.0
863340,0.0,0.0,7.708261228338448,1000.3018673073767,0.0
863400,0.0,0.0,7.708261228338448,997.8834061265412,0.0
863460,0.0,0.0,7.708261228338448,999.2037438134322,0.0
863520,0.0,0.0,7.708261228338448,1000.7493350889805,0.0
863580,0.0,0.0,7.708261228338448,1000.4332754393539,0.0
863640,0.0,0.0,7.708261228338448,1000.8384337966343,0.0
863700,0.0,0.0,7.708261228338448,998.9848402209047,0.0
863760,0.0,0.0,7.708261228338448,998.8862953846464,0.0
863820,0.0,0.0,7.708261228338448,1000.8905755420421,0.0
863880,0.0,0.0,7.708261228338448,1000.3767994861508,0.0
863940,0.0,0.0,7.708261228338448,1000.9956158043748,0.0
864000,0.0,0.0,7.708261228338448,997.6720571650844,0.0
864060,0.0,0.0,7.708261228338448,998.7171563412487,0.0
864120,0.0,0.0,7.708261228338448,999.3603076419951,0.0
864180,0.0,0.0,7.708261228338448,1000.5131088717274,0.0
864240,0.0,0.0,7.708261228338448,1000.6932528286264,0.0
864300,0.0,0.0,7.708261228338448,998.8635441148515,0.0
864360,0.0,0.0,7.708261228338448,999.4385686795282,0.0
864420,0.0,0.0,7.708261228338448,999.1005542638961,0.0
864480,0.0,0.0,7.708261228338448,999.9701275392868,0.0
864540,0.0,0.0,7.708261228338448,1001.5307673415599,0.0
864600,0.0,0.0,7.708261228338448,999.9754747455814,0.0
864660,0.0,0.0,7.708261228338448,999.444794004705,0.0
864720,0.0,0.0,7.708261228338448,998.8504424483556,0.0
864780,0.0,0.0,7.708261228338448,999.7465536900111,0.0
864840,0.0,0.0,7.708261228338448,1000.6509525549277,0.0
864900,0.0,0.0,7.708261228338448,1000.6657022141849,0.0
864960,0.0,0.0,7.708261228338448,998.5322453993164,0.0
865020,0.0,0.0,7.708261228338448,998.3786407005437,0.0
865080,0.0,0.0,7.708261228338448,999.4176682246899,0.0
865140,0.0,0.0,7.708261228338448,1001.756716789327,0.0
865200,0.0,0.0,7.708261228338448,1000.0070836807814,0.0
865260,0.0,0.0,7.708261228338448,1000.3441457356166,0.0
865320,0.0,0.0,7.708261228338448,997.7298434302854,0.0
865380,0.0,0.0,7.708261228338448,999.2616060912916,0.0
865440,0.0,0.0,7.708261228338448,1000.8566142078853,0.0
865500,0.0,0.0,7.708261228338448,1000.372768991384,0.0
865560,0.0,0.0,7.708261228338448,1000.8859515603339,0.0
865620,0.0,0.0,7.708261228338448,998.9504138310181,0.0
865680,0.0,0.0,7.708261228338448,998.9455422698186,0.0
865740,0.0,0.0,7.708261228338448,1000.060269979491,0.0
865800,0.0,0.0,7.708261228338448,1000.5837438990729,0.0
865860,0.0,0.0,7.708261228338448,999.8841359306812,0.0
865920,0.0,0.0,7.708261228338448,999.922143399693,0.0
865980,0.0,0.0,7.708261228338448,998.1809365561414,0.0
866040,0.0,0.0,7.708261228338448,999.4871216841614,0.0
866100,0.0,0.0,7.708261228338448,1001.1870041592164,0.0
866160,0.0,0.0,7.708261228338448,1000.3854969820935,0.0
866220,0.0,0.0,7.708261228338448,1000.2677353236145,0.0
866280,0.0,0.0,7.708261228338448,997.6009546517123,0.0
866340,0.0,0.0,7.708261228338448,999.2311396441786,0.0
866400,0.0,0.0,7.708261228338448,1000.3940306686452,0.0
866460,0.0,0.0,7.708261228338448,1000.9427188272336,0.0
866520,0.0,0.0,7.708261228338448,999.9975155355487,0.0
866580,0.0,0.0,7.708261228338448,999.3728846015663,0.0
866640,0.0,0.0,7.708261228338448,998.8989494361512,0.0
866700,0.0,0.0,7.708261228338448,999.7401407926892,0.0
866760,0.0,0.0,7.708261228338448,1000.592694241929,0.0
866820,0.0,0.0,7.708261228338448,1000.6476528263369,0.0
866880,0.0,0.0,7.708261228338448,998.2621235325701,0.0
866940,0.0,0.0,7.708261228338448,999.1439527319009,0.0
867000,0.0,0.0,7.708261228338448,999.8343146586764,0.0
867060,0.0,0.0,7.708261228338448,1000.2480637033386,0.0
867120,0.0,0.0,7.708261228338448,1001.3869691563808,0.0
867180,0.0,0.0,7.708261228338448,999.5968717969355,0.0
867240,0.0,0.0,7.708261228338448,998.9899073657206,0.0
867300,0.0,0.0,7.708261228338448,999.2876173030191,0.0
867360,0.0,0.0,7.708261228338448,1000.153894445426,0.0
867420,0.0,0.0,7.708261228338448,1001.4963065947113,0.0
867480,0.0,0.0,7.708261228338448,999.5380205338686,0.0
867540,0.0,0.0,7.708261228338448,999.6276451758489,0.0
867600,0.0,0.0,7.708261228338448,998.7989718592621,0.0
867660,0.0,0.0,7.708261228338448,1000.0137042562208,0.0
867720,0.0,0.0,7.708261228338448,1000.6110929898881,0.0
867780,0.0,0.0,7.708261228338448,999.6531918016099,0.0
867840,0.0,0.0,7.708261228338448,999.9818912197005,0.0
867900,0.0,0.0,7.708261228338448,998.1673365616493,0.0
867960,0.0,0.0,7.708261228338448,999.5123728461268,0.0
868020,0.0,0.0,7.708261228338448,1001.3098860141964,0.0
868080,0.0,0.0,7.708261228338448,1000.3152446085509,0.0
868140,0.0,0.0,7.708261228338448,1000.2993108155855,0.0
868200,0.0,0.0,7.708261228338448,998.6386553916936,0.0
868260,0.0,0.0,7.708261228338448,999.1923545366145,0.0
868320,0.0,0.0,7.708261228338448,1000.431416138181,0.0
868380,0.0,0.0,7.708261228338448,1000.7293103927423,0.0
868440,0.0,0.0,7.708261228338448,999.338201205923,0.0
868500,0.0,0.0,7.708261228338448,999.5178324420393,0.0
868560,0.0,0.0,7.708261228338448,998.7334119129987,0.0
868620,0.0,0.0,7.708261228338448,999.8328047257708,0.0
868680,0.0,0.0,7.708261228338448,1001.4028189728896,0.0
868740,0.0,0.0,7.708261228338448,999.4456987250862,0.0
868800,0.0,0.0,7.708261228338448,999.6668048224,0.0
868860,0.0,0.0,7.708261228338448,998.5013083676288,0.0
868920,0.0,0.0,7.708261228338448,1000.421318272484,0.0
868980,0.0,0.0,7.708261228338448,1000.2200918214718,0.0
869040,0.0,0.0,7.708261228338448,1001.48760617957,0.0
869100,0.0,0.0,7.708261228338448,999.5448883400388,0.0
869160,0.0,0.0,7.708261228338448,999.0806019820571,0.0
869220,0.0,0.0,7.708261228338448,999.3457368259191,0.0
869280,0.0,0.0,7.708261228338448,1000.1446759532589,0.0
869340,0.0,0.0,7.708261228338448,1000.4495543202411,0.0
869400,0.0,0.0,7.708261228338448,1000.4329348923476,0.0
869460,0.0,0.0,7.708261228338448,997.8998590344348,0.0
869520,0.0,0.0,7.708261228338448,999.125358352361,0.0
869580,0.0,0.0,7.708261228338448,1000.4904198379061,0.0
869640,0.0,0.0,7.708261228338448,1000.4111406564905,0.0
869700,0.0,0.0,7.708261228338448,1001.0400397349543,0.0
869760,0.0,0.0,7.708261228338448,999.1723168507076,0.0
869820,0.0,0.0,7.708261228338448,998.8436626934273,0.0
869880,0.0,0.0,7.708261228338448,1000.5599694628653,0.0
869940,0.0,0.0,7.708261228338448,1000.3280811120253,0.0
870000,0.0,0.0,7.708261228338448,1001.0661192346253,0.0
870060,0.0,0.0,7.708261228338448,997.9957270216813,0.0
870120,0.0,0.0,7.708261228338448,998.7405543264459,0.0
870180,0.0,0.0,7.708261228338448,999.1991023867101,0.0
870240,0.0,0.0,7.708261228338448,1000.422081895224,0.0
870300,0.0,0.0,7.708261228338448,1000.6741613169434,0.0
870360,0.0,0.0,7.708261228338448,999.1489746924858,0.0
870420,0.0,0.0,7.708261228338448,999.5893058299775,0.0
870480,0.0,0.0,7.708261228338448,998.7870205302249,0.0
870540,0.0,0.0,7.708261228338448,999.8338695796645,0.0
870600,0.0,0.0,7.708261228338448,1001.5061283547043,0.0
870660,0.0,0.0,7.708261228338448,1000.1121800066045,0.0
870720,0.0,0.0,7.708261228338448,999.6876382120198,0.0
870780,0.0,0.0,7.708261228338448,998.7134530615881,0.0
870840,0.0,0.0,7.708261228338448,999.5655896703875,0.0
870900,0.0,0.0,7.708261228338448,1000.6301600380916,0.0
870960,0.0,0.0,7.708261228338448,1000.7203384213241,0.0
871020,0.0,0.0,7.708261228338448,998.7553745519212,0.0
871080,0.0,0.0,7.708261228338448,999.1716191355616,0.0
871140,0.0,0.0,7.708261228338448,999.3942839160436,0.0
871200,0.0,0.0,7.708261228338448,1000.7878608681572,0.0
871260,0.0,0.0,7.708261228338448,1000.5418259613917,0.0
871320,0.0,0.0,7.708261228338448,1000.2494339128307,0.0
871380,0.0,0.0,7.708261228338448,997.6365482052963,0.0
871440,0.0,0.0,7.708261228338448,999.1705210636617,0.0
871500,0.0,0.0,7.708261228338448,1000.6709998483088,0.0
871560,0.0,0.0,7.708261228338448,1000.3371641012428,0.0
871620,0.0,0.0,7.708261228338448,1001.1371867449748,0.0
871680,0.0,0.0,7.708261228338448,999.1527358516747,0.0
871740,0.0,0.0,7.708261228338448,998.8981283879456,0.0
871800,0.0,0.0,7.708261228338448,999.8374270318678,0.0
871860,0.0,0.0,7.708261228338448,1000.4651585023795,0.0
871920,0.0,0.0,7.708261228338448,1000.1157891559874,0.0
871980,0.0,0.0,7.708261228338448,1000.1069503299929,0.0
872040,0.0,0.0,7.708261228338448,998.0005502218511,0.0
872100,0.0,0.0,7.708261228338448,999.3357559319384,0.0
872160,0.0,0.0,7.708261228338448,1000.9990670959149,0.0
872220,0.0,0.0,7.708261228338448,1000.4328757733296,0.0
872280,0.0,0.0,7.708261228338448,1000.5442963153109,0.0
872340,0.0,0.0,7.708261228338448,997.4114287097462,0.0
872400,0.0,0.0,7.708261228338448,999.0980647388152,0.0
872460,0.0,0.0,7.708261228338448,1000.1607916229596,0.0
872520,0.0,0.0,7.708261228338448,1001.1587805756766,0.0
872580,0.0,0.0,7.708261228338448,1000.1304232020987,0.0
872640,0.0,0.0,7.708261228338448,999.647903618642,0.0
872700,0.0,0.0,7.708261228338448,998.7429379493142,0.0
872760,0.0,0.0,7.708261228338448,999.5584848534476,0.0
872820,0.0,0.0,7.708261228338448,1000.5876963358784,0.0
872880,0.0,0.0,7.708261228338448,1000.6990396934453,0.0
872940,0.0,0.0,7.708261228338448,998.5350490914991,0.0
873000,0.0,0.0,7.708261228338448,999.2514369066636,0.0
873060,0.0,0.0,7.708261228338448,999.4939012868247,0.0
873120,0.0,0.0,7.708261228338448,1000.1345325654463,0.0
873180,0.0,0.0,7.708261228338448,1001.4740134723293,0.0
873240,0.0,0.0,7.708261228338448,999.7857219612879,0.0
873300,0.0,0.0,7.708261228338448,999.1671444281898,0.0
873360,0.0,0.0,7.708261228338448,999.0652916875348,0.0
873420,0.0,0.0,7.708261228338448,999.9710596885119,0.0
873480,0.0,0.0,7.708261228338448,1000.6319364352481,0.0
873540,0.0,0.0,7.708261228338448,1000.561813596601,0.0
873600,0.0,0.0,7.708261228338448,998.2394943070964,0.0
873660,0.0,0.0,7.708261228338448,998.6240161243702,0.0
873720,0.0,0.0,7.708261228338448,999.5902000301171,0.0
873780,0.0,0.0,7.708261228338448,1001.8265327330768,0.0
873840,0.0,0.0,7.708261228338448,999.8000279218528,0.0
873900,0.0,0.0,7.708261228338448,1000.1614936629951,0.0
873960,0.0,0.0,7.708261228338448,997.9058749212461,0.0
874020,0.0,0.0,7.708261228338448,999.3693613298609,0.0
874080,0.0,0.0,7.708261228338448,1001.0967364626973,0.0
874140,0.0,0.0,7.708261228338448,1000.3678350020784,0.0
874200,0.0,0.0,7.708261228338448,1000.5975763625089,0.0
874260,0.0,0.0,7.708261228338448,998.7645773860912,0.0
874320,0.0,0.0,7.708261228338448,999.0437259094518,0.0
874380,0.0,0.0,7.708261228338448,1000.262282735435,0.0
874440,0.0,0.0,7.708261228338448,1000.6760717473758,0.0
874500,0.0,0.0,7.708261228338448,999.6302212659645,0.0
874560,0.0,0.0,7.708261228338448,999.7188871834151,0.0
874620,0.0,0.0,7.708261228338448,998.4314111645664,0.0
874680,0.0,0.0,7.708261228338448,999.65575589244,0.0
874740,0.0,0.0,7.708261228338448,1001.3182869657209,0.0
874800,0.0,0.0,7.708261228338448,999.7920769756206,0.0
874860,0.0,0.0,7.708261228338448,999.853097297966,0.0
874920,0.0,0.0,7.708261228338448,998.4299384825542,0.0
874980,0.0,0.0,7.708261228338448,1000.0573104900678,0.0
875040,0.0,0.0,7.708261228338448,1000.1016832352616,0.0
875100,0.0,0.0,7.708261228338448,1001.6073462958439,0.0
875160,0.0,0.0,7.708261228338448,999.7338118653228,0.0
875220,0.0,0.0,7.708261228338448,999.2725631514949,0.0
875280,0.0,0.0,7.708261228338448,999.1144782889843,0.0
875340,0.0,0.0,7.708261228338448,999.9603447252322,0.0
875400,0.0,0.0,7.708261228338448,1000.5491533637717,0.0
875460,0.0,0.0,7.708261228338448,1000.5526249625732,0.0
875520,0.0,0.0,7.708261228338448,998.0343227056416,0.0
875580,0.0,0.0,7.708261228338448,999.0928494869878,0.0
875640,0.0,0.0,7.708261228338448,1000.1810770546094,0.0
875700,0.0,0.0,7.708261228338448,1000.3509472766553,0.0
875760,0.0,0.0,7.708261228338448,1001.2273097962598,0.0
875820,0.0,0.0,7.708261228338448,999.3824940228329,0.0
875880,0.0,0.0,7.708261228338448,998.8673389145362,0.0
875940,0.0,0.0,7.708261228338448,1000.169123093534,0.0
876000,0.0,0.0,7.708261228338448,1000.2373592507935,0.0
876060,0.0,0.0,7.708261228338448,1001.1043742393759,0.0
876120,0.0,0.0,7.708261228338448,998.3797832946635,0.0
876180,0.0,0.0,7.708261228338448,998.8659872520117,0.0
876240,0.0,0.0,7.708261228338448,999.0510229058613,0.0
876300,0.0,0.0,7.708261228338448,1000.2810585085872,0.0
876360,0.0,0.0,7.708261228338448,1000.6214174130089,0.0
876420,0.0,0.0,7.708261228338448,999.4393100691418,0.0
876480,0.0,0.0,7.708261228338448,999.7652466322164,0.0
876540,0.0,0.0,7.708261228338448,998.4758570700446,0.0
876600,0.0,0.0,7.708261228338448,999.680850084406,0.0
876660,0.0,0.0,7.708261228338448,1001.4332652224585,0.0
876720,0.0,0.0,7.708261228338448,1000.2298979306812,0.0
876780,0.0,0.0,7.708261228338448,999.9668484191737,0.0
876840,0.0,0.0,7.708261228338448,998.6301600308283,0.0
876900,0.0,0.0,7.708261228338448,999.3786080098781,0.0
876960,0.0,0.0,7.708261228338448,1000.5607176071962,0.0
877020,0.0,0.0,7.708261228338448,1000.7458343248854,0.0
877080,0.0,0.0,7.708261228338448,999.0435159292915,0.0
877140,0.0,0.0,7.708261228338448,999.318077498738,0.0
877200,0.0,0.0,7.708261228338448,999.0698268651271,0.0
877260,0.0,0.0,7.708261228338448,1000.661679393271,0.0
877320,0.0,0.0,7.708261228338448,1000.5140525868701,0.0
877380,0.0,0.0,7.708261228338448,1000.6009279903134,0.0
877440,0.0,0.0,7.708261228338448,997.648792439326,0.0
877500,0.0,0.0,7.708261228338448,999.1466530232588,0.0
877560,0.0,0.0,7.708261228338448,1000.363436882641,0.0
877620,0.0,0.0,7.708261228338448,1000.2878657728452,0.0
877680,0.0,0.0,7.708261228338448,1001.315987522466,0.0
877740,0.0,0.0,7.708261228338448,999.3451040468408,0.0
877800,0.0,0.0,7.708261228338448,998.9167016940308,0.0
877860,0.0,0.0,7.708261228338448,999.6111539872951,0.0
877920,0.0,0.0,7.708261228338448,1000.3306611881422,0.0
877980,0.0,0.0,7.708261228338448,1000.3025912795339,0.0
878040,0.0,0.0,7.708261228338448,1000.266893473821,0.0
878100,0.0,0.0,7.708261228338448,997.9095127953688,0.0
878160,0.0,0.0,7.708261228338448,999.214294113122,0.0
878220,0.0,0.0,7.708261228338448,1000.7760441275304,0.0
878280,0.0,0.0,7.708261228338448,1000.4460959579104,0.0
878340,0.0,0.0,7.708261228338448,1000.7847033484962,0.0
878400,0.0,0.0,7.708261228338448,997.3526450172374,0.0
878460,0.0,0.0,7.708261228338448,999.0101958212193,0.0
878520,0.0,0.0,7.708261228338448,999.9219702032759,0.0
878580,0.0,0.0,7.708261228338448,1001.3012174400544,0.0
878640,0.0,0.0,7.708261228338448,1000.2328692604502,0.0
878700,0.0,0.0,7.708261228338448,999.9290679195622,0.0
878760,0.0,0.0,7.708261228338448,998.6508918486386,0.0
878820,0.0,0.0,7.708261228338448,999.3930319634035,0.0
878880,0.0,0.0,7.708261228338448,1000.538769510234,0.0
878940,0.0,0.0,7.708261228338448,1000.7186238188136,0.0
879000,0.0,0.0,7.708261228338448,998.8194868548186,0.0
879060,0.0,0.0,7.708261228338448,999.3845609369127,0.0
879120,0.0,0.0,7.708261228338448,999.1648883404251,0.0
879180,0.0,0.0,7.708261228338448,1000.0079544846377,0.0
879240,0.0,0.0,7.708261228338448,1001.5079064608329,0.0
879300,0.0,0.0,7.708261228338448,999.9515020373307,0.0
879360,0.0,0.0,7.708261228338448,999.3809004560095,0.0
879420,0.0,0.0,7.708261228338448,998.8770251290822,0.0
879480,0.0,0.0,7.708261228338448,999.7867473648781,0.0
879540,0.0,0.0,7.708261228338448,1000.6605445325818,0.0
879600,0.0,0.0,7.708261228338448,1000.653229478261,0.0
879660,0.0,0.0,7.708261228338448,998.5101889623566,0.0
879720,0.0,0.0,7.708261228338448,998.4098916632245,0.0
879780,0.0,0.0,7.708261228338448,999.440719253698,0.0
879840,0.0,0.0,7.708261228338448,1001.7352585326902,0.0
879900,0.0,0.0,7.708261228338448,1000.0093452385009,0.0
879960,0.0,0.0,7.708261228338448,1000.3134692667267,0.0
880020,0.0,0.0,7.708261228338448,997.7647727489438,0.0
880080,0.0,0.0,7.708261228338448,999.26688533829,0.0
880140,0.0,0.0,7.708261228338448,1000.876137321411,0.0
880200,0.0,0.0,7.708261228338448,1000.3840145533587,0.0
880260,0.0,0.0,7.708261228338448,1000.8374890021807,0.0
880320,0.0,0.0,7.708261228338448,998.9263600377575,0.0
880380,0.0,0.0,7.708261228338448,998.9476181399777,0.0
880440,0.0,0.0,7.708261228338448,1000.0825884751353,0.0
880500,0.0,0.0,7.708261228338448,1000.6015966048524,0.0
880560,0.0,0.0,7.708261228338448,999.8784150833308,0.0
880620,0.0,0.0,7.708261228338448,999.8928927385806,0.0
880680,0.0,0.0,7.708261228338448,998.2075390224305,0.0
880740,0.0,0.0,7.708261228338448,999.5019251913017,0.0
880800,0.0,0.0,7.708261228338448,1001.1896580716518,0.0
880860,0.0,0.0,7.708261228338448,1000.0863952938707,0.0
880920,0.0,0.0,7.708261228338448,1000.0064347351665,0.0
880980,0.0,0.0,7.708261228338448,998.440749891889,0.0
881040,0.0,0.0,7.708261228338448,999.6889033494845,0.0
881100,0.0,0.0,7.708261228338448,999.982702330744,0.0
881160,0.0,0.0,7.708261228338448,1001.6569739531197,0.0
881220,0.0,0.0,7.708261228338448,999.8892024698933,0.0
881280,0.0,0.0,7.708261228338448,999.4839441729166,0.0
881340,0.0,0.0,7.708261228338448,998.9276217169153,0.0
881400,0.0,0.0,7.708261228338448,999.7883106320959,0.0
881460,0.0,0.0,7.708261228338448,1000.5990236416878,0.0
881520,0.0,0.0,7.708261228338448,1000.6346742000187,0.0
881580,0.0,0.0,7.708261228338448,998.2599632906422,0.0
881640,0.0,0.0,7.708261228338448,999.1158709231502,0.0
881700,0.0,0.0,7.708261228338448,999.8755281160604,0.0
881760,0.0,0.0,7.708261228338448,1000.2724150610209,0.0
881820,0.0,0.0,7.708261228338448,1001.3536332868312,0.0
881880,0.0,0.0,7.708261228338448,999.572514596562,0.0
881940,0.0,0.0,7.708261228338448,998.9584597936553,0.0
882000,0.0,0.0,7.708261228338448,999.313766207092,0.0
882060,0.0,0.0,7.708261228338448,1000.1825424255813,0.0
882120,0.0,0.0,7.708261228338448,1001.4571165230074,0.0
882180,0.0,0.0,7.708261228338448,999.5273995590227,0.0
882240,0.0,0.0,7.708261228338448,999.5857172193214,0.0
882300,0.0,0.0,7.708261228338448,998.836594565311,0.0
882360,0.0,0.0,7.708261228338448,1000.0361649354354,0.0
882420,0.0,0.0,7.708261228338448,1000.6296285353295,0.0
882480,0.0,0.0,7.708261228338448,999.6516559346697,0.0
882540,0.0,0.0,7.708261228338448,999.9547110229867,0.0
882600,0.0,0.0,7.708261228338448,998.1960845833403,0.0
882660,0.0,0.0,7.708261228338448,999.5251556775476,0.0
882720,0.0,0.0,7.708261228338448,1001.3093936660665,0.0
882780,0.0,0.0,7.708261228338448,1000.3174896108252,0.0
882840,0.0,0.0,7.708261228338448,1000.2634334968951,0.0
882900,0.0,0.0,7.708261228338448,998.6316407015688,0.0
882960,0.0,0.0,7.708261228338448,999.2023461626753,0.0
883020,0.0,0.0,7.708261228338448,1000.4428858658832,0.0
883080,0.0,0.0,7.708261228338448,1000.7358205291245,0.0
883140,0.0,0.0,7.708261228338448,999.3383741132419,0.0
883200,0.0,0.0,7.708261228338448,999.4953915789446,0.0
883260,0.0,0.0,7.708261228338448,998.7509448504719,0.0
883320,0.0,0.0,7.708261228338448,1000.4782862869822,0.0
883380,0.0,0.0,7.708261228338448,1000.4537350441234,0.0
883440,0.0,0.0,7.708261228338448,1000.9417785257876,0.0
883500,0.0,0.0,7.708261228338448,997.8228948778908,0.0
883560,0.0,0.0,7.708261228338448,999.1850505974795,0.0
883620,0.0,0.0,7.708261228338448,1000.0199181448944,0.0
883680,0.0,0.0,7.708261228338448,1000.2085144305335,0.0
883740,0.0,0.0,7.708261228338448,1001.4591577029905,0.0
883800,0.0,0.0,7.708261228338448,999.5404160099547,0.0
883860,0.0,0.0,7.708261228338448,999.0122387032352,0.0
883920,0.0,0.0,7.708261228338448,999.375368703926,0.0
883980,0.0,0.0,7.708261228338448,1000.1711710501486,0.0
884040,0.0,0.0,7.708261228338448,1000.4505171001148,0.0
884100,0.0,0.0,7.708261228338448,1000.4125083834209,0.0
884160,0.0,0.0,7.708261228338448,997.9123627275551,0.0
884220,0.0,0.0,7.708261228338448,999.1243388066283,0.0
884280,0.0,0.0,7.708261228338448,1000.5118505599767,0.0
884340,0.0,0.0,7.708261228338448,1000.4252389220869,0.0
884400,0.0,0.0,7.708261228338448,1001.0037869734091,0.0
884460,0.0,0.0,7.708261228338448,999.1506552582747,0.0
884520,0.0,0.0,7.708261228338448,998.8378138003711,0.0
884580,0.0,0.0,7.708261228338448,1000.5634745656098,0.0
884640,0.0,0.0,7.708261228338448,1000.3442747972155,0.0
884700,0.0,0.0,7.708261228338448,1001.0559546129037,0.0
884760,0.0,0.0,7.708261228338448,998.0169012899951,0.0
884820,0.0,0.0,7.708261228338448,998.7302472346623,0.0
884880,0.0,0.0,7.708261228338448,999.2117658232905,0.0
884940,0.0,0.0,7.708261228338448,1000.4352441384938,0.0
885000,0.0,0.0,7.708261228338448,1000.6826424745162,0.0
885060,0.0,0.0,7.708261228338448,999.150523895777,0.0
885120,0.0,0.0,7.708261228338448,999.5650235041888,0.0
885180,0.0,0.0,7.708261228338448,998.8076733408493,0.0
885240,0.0,0.0,7.708261228338448,999.8469370213932,0.0
885300,0.0,0.0,7.708261228338448,1001.4964019220473,0.0
885360,0.0,0.0,7.708261228338448,1000.1098156014558,0.0
885420,0.0,0.0,7.708261228338448,999.6623734219495,0.0
885480,0.0,0.0,7.708261228338448,998.716435874071,0.0
885540,0.0,0.0,7.708261228338448,999.5766337299757,0.0
885600,0.0,0.0,7.708261228338448,1000.636633341641,0.0
885660,0.0,0.0,7.708261228338448,1000.7202163913867,0.0
885720,0.0,0.0,7.708261228338448,998.8639047488773,0.0
885780,0.0,0.0,7.708261228338448,998.2446400158932,0.0
885840,0.0,0.0,7.708261228338448,999.2929324097672,0.0
885900,0.0,0.0,7.708261228338448,1001.5796488118328,0.0
885960,0.0,0.0,7.708261228338448,1000.1868047980664,0.0
886020,0.0,0.0,7.708261228338448,1000.4641227408015,0.0
886080,0.0,0.0,7.708261228338448,997.7005413944705,0.0
886140,0.0,0.0,7.708261228338448,999.1927875758668,0.0
886200,0.0,0.0,7.708261228338448,1000.5977050241709,0.0
886260,0.0,0.0,7.708261228338448,1000.3642131853433,0.0
886320,0.0,0.0,7.708261228338448,1001.078472585954,0.0
886380,0.0,0.0,7.708261228338448,999.1229047825711,0.0
886440,0.0,0.0,7.708261228338448,998.8956773954374,0.0
886500,0.0,0.0,7.708261228338448,999.8607936620404,0.0
886560,0.0,0.0,7.708261228338448,1000.4876072027281,0.0
886620,0.0,0.0,7.708261228338448,1000.111149192144,0.0
886680,0.0,0.0,7.708261228338448,1000.0804643370999,0.0
886740,0.0,0.0,7.708261228338448,998.0242273437744,0.0
886800,0.0,0.0,7.708261228338448,999.3466839443582,0.0
886860,0.0,0.0,7.708261228338448,1001.006856303168,0.0
886920,0.0,0.0,7.708261228338448,1000.3519387088126,0.0
886980,0.0,0.0,7.708261228338448,1000.1576299878745,0.0
887040,0.0,0.0,7.708261228338448,998.5471819782347,0.0
887100,0.0,0.0,7.708261228338448,999.2800550827221,0.0
887160,0.0,0.0,7.708261228338448,999.8400573438253,0.0
887220,0.0,0.0,7.708261228338448,1001.662590239084,0.0
887280,0.0,0.0,7.708261228338448,1000.0334176112823,0.0
887340,0.0,0.0,7.708261228338448,999.7478617423196,0.0
887400,0.0,0.0,7.708261228338448,998.7682123440984,0.0
887460,0.0,0.0,7.708261228338448,999.6005868078154,0.0
887520,0.0,0.0,7.708261228338448,1000.6011139947481,0.0
887580,0.0,0.0,7.708261228338448,1000.6929945762257,0.0
887640,0.0,0.0,7.708261228338448,998.528321381361,0.0
887700,0.0,0.0,7.708261228338448,999.2125472332392,0.0
887760,0.0,0.0,7.708261228338448,999.5390546163912,0.0
887820,0.0,0.0,7.708261228338448,1000.1613914561375,0.0
887880,0.0,0.0,7.708261228338448,1001.447106966687,0.0
887940,0.0,0.0,7.708261228338448,999.7645577108141,0.0
888000,0.0,0.0,7.708261228338448,999.1267920044116,0.0
888060,0.0,0.0,7.708261228338448,999.0888324488652,0.0
888120,0.0,0.0,7.708261228338448,1000.0007539644643,0.0
888180,0.0,0.0,7.708261228338448,1001.622943753294,0.0
888240,0.0,0.0,7.708261228338448,999.7405792999558,0.0
888300,0.0,0.0,7.708261228338448,999.7993446232156,0.0
888360,0.0,0.0,7.708261228338448,998.4309875913159,0.0
888420,0.0,0.0,7.708261228338448,999.8465302344157,0.0
888480,0.0,0.0,7.708261228338448,1000.5213606886068,0.0
888540,0.0,0.0,7.708261228338448,999.9019356439472,0.0
888600,0.0,0.0,7.708261228338448,1000.1167468849211,0.0
888660,0.0,0.0,7.708261228338448,997.9909225701232,0.0
888720,0.0,0.0,7.708261228338448,999.3892926126475,0.0
888780,0.0,0.0,7.708261228338448,1001.1372029624088,0.0
888840,0.0,0.0,7.708261228338448,1000.371046195582,0.0
888900,0.0,0.0,7.708261228338448,1000.5319683462891,0.0
888960,0.0,0.0,7.708261228338448,998.7337601363472,0.0
889020,0.0,0.0,7.708261228338448,999.060254649375,0.0
889080,0.0,0.0,7.708261228338448,1000.2930689037798,0.0
889140,0.0,0.0,7.708261228338448,1000.6944409633325,0.0
889200,0.0,0.0,7.708261228338448,999.6126445927991,0.0
889260,0.0,0.0,7.708261228338448,999.6738153810593,0.0
889320,0.0,0.0,7.708261228338448,998.4752849176116,0.0
889380,0.0,0.0,7.708261228338448,1000.2571657438542,0.0
889440,0.0,0.0,7.708261228338448,1000.3715048854278,0.0
889500,0.0,0.0,7.708261228338448,1001.2316596066836,0.0
889560,0.0,0.0,7.708261228338448,998.0864556608143,0.0
889620,0.0,0.0,7.708261228338448,999.2811370461466,0.0
889680,0.0,0.0,7.708261228338448,999.6716468931311,0.0
889740,0.0,0.0,7.708261228338448,1000.1117954520795,0.0
889800,0.0,0.0,7.708261228338448,1001.5482540068022,0.0
889860,0.0,0.0,7.708261228338448,999.7186105088014,0.0
889920,0.0,0.0,7.708261228338448,999.1697139192362,0.0
889980,0.0,0.0,7.708261228338448,999.1567342282634,0.0
890040,0.0,0.0,7.708261228338448,1000.0043916697813,0.0
890100,0.0,0.0,7.708261228338448,1000.5514183242593,0.0
890160,0.0,0.0,7.708261228338448,1000.5294003693878,0.0
890220,0.0,0.0,7.708261228338448,998.030053248149,0.0
890280,0.0,0.0,7.708261228338448,999.0799688820733,0.0
890340,0.0,0.0,7.708261228338448,1000.2269894065339,0.0
890400,0.0,0.0,7.708261228338448,1000.3760817016527,0.0
890460,0.0,0.0,7.708261228338448,1001.1790231102651,0.0
890520,0.0,0.0,7.708261228338448,999.3475376274303,0.0
890580,0.0,0.0,7.708261228338448,998.8461654962374,0.0
890640,0.0,0.0,7.708261228338448,1000.1973179080632,0.0
890700,0.0,0.0,7.708261228338448,1000.2647559964547,0.0
890760,0.0,0.0,7.708261228338448,1001.0969817125069,0.0
890820,0.0,0.0,7.708261228338448,998.3850953132924,0.0
890880,0.0,0.0,7.708261228338448,998.8375416810524,0.0
890940,0.0,0.0,7.708261228338448,999.0667722577781,0.0
891000,0.0,0.0,7.708261228338448,1000.306007884853,0.0
891060,0.0,0.0,7.708261228338448,1000.638903155218,0.0
891120,0.0,0.0,7.708261228338448,999.4299568990012,0.0
891180,0.0,0.0,7.708261228338448,999.7281347278159,0.0
891240,0.0,0.0,7.708261228338448,998.514448266102,0.0
891300,0.0,0.0,7.708261228338448,999.7017770926432,0.0
891360,0.0,0.0,7.708261228338448,1001.4287220416255,0.0
891420,0.0,0.0,7.708261228338448,1000.2259846610821,0.0
891480,0.0,0.0,7.708261228338448,999.9221641164745,0.0
891540,0.0,0.0,7.708261228338448,998.6315890451406,0.0
891600,0.0,0.0,7.708261228338448,999.3974928701015,0.0
891660,0.0,0.0,7.708261228338448,1000.5734564891914,0.0
891720,0.0,0.0,7.708261228338448,1000.7485543880915,0.0
891780,0.0,0.0,7.708261228338448,999.2262876024791,0.0
891840,0.0,0.0,7.708261228338448,998.1858053483871,0.0
891900,0.0,0.0,7.708261228338448,999.1846690652422,0.0
891960,0.0,0.0,7.708261228338448,1001.3664007487407,0.0
892020,0.0,0.0,7.708261228338448,1000.3138496444374,0.0
892080,0.0,0.0,7.708261228338448,1000.5743911935751,0.0
892140,0.0,0.0,7.708261228338448,997.7598992573868,0.0
892200,0.0,0.0,7.708261228338448,999.1656343266275,0.0
892260,0.0,0.0,7.708261228338448,1000.311535373401,0.0
892320,0.0,0.0,7.708261228338448,1000.3217001460927,0.0
892380,0.0,0.0,7.708261228338448,1001.2565245312244,0.0
892440,0.0,0.0,7.708261228338448,999.3079674912153,0.0
892500,0.0,0.0,7.708261228338448,998.9020188077022,0.0
892560,0.0,0.0,7.708261228338448,999.6440154248195,0.0
892620,0.0,0.0,7.708261228338448,1000.3626372145083,0.0
892680,0.0,0.0,7.708261228338448,1000.2959742471212,0.0
892740,0.0,0.0,7.708261228338448,1000.2367289556619,0.0
892800,0.0,0.0,7.708261228338448,997.9329408616566,0.0
892860,0.0,0.0,7.708261228338448,999.2238139243435,0.0
892920,0.0,0.0,7.708261228338448,1000.7956184027131,0.0
892980,0.0,0.0,7.708261228338448,1000.4566018981762,0.0
893040,0.0,0.0,7.708261228338448,1000.7402946901591,0.0
893100,0.0,0.0,7.708261228338448,997.3921726252993,0.0
893160,0.0,0.0,7.708261228338448,999.0104888719483,0.0
893220,0.0,0.0,7.708261228338448,999.9525496383583,0.0
893280,0.0,0.0,7.708261228338448,1001.2838039923439,0.0
893340,0.0,0.0,7.708261228338448,1000.2301209433988,0.0
893400,0.0,0.0,7.708261228338448,999.881578928619,0.0
893460,0.0,0.0,7.708261228338448,998.6534718236054,0.0
893520,0.0,0.0,7.708261228338448,999.4097790218126,0.0
893580,0.0,0.0,7.708261228338448,1000.5509517661454,0.0
893640,0.0,0.0,7.708261228338448,1000.7222739273874,0.0
893700,0.0,0.0,7.708261228338448,998.819373726461,0.0
893760,0.0,0.0,7.708261228338448,999.358112254634,0.0
893820,0.0,0.0,7.708261228338448,999.1880727161897,0.0
893880,0.0,0.0,7.708261228338448,1000.023987395234,0.0
893940,0.0,0.0,7.708261228338448,1001.4938104000543,0.0
894000,0.0,0.0,7.708261228338448,999.9444881240344,0.0
894060,0.0,0.0,7.708261228338448,999.3544674051067,0.0
894120,0.0,0.0,7.708261228338448,998.8849776800544,0.0
894180,0.0,0.0,7.708261228338448,999.8018319280509,0.0
894240,0.0,0.0,7.708261228338448,1001.7286678515386,0.0
894300,0.0,0.0,7.708261228338448,999.9329982638222,0.0
894360,0.0,0.0,7.708261228338448,1000.0281337656459,0.0
894420,0.0,0.0,7.708261228338448,998.0463152395249,0.0
894480,0.0,0.0,7.708261228338448,999.6336767063767,0.0
894540,0.0,0.0,7.708261228338448,1000.3824264117857,0.0
894600,0.0,0.0,7.708261228338448,1000.121697366911,0.0
894660,0.0,0.0,7.708261228338448,1000.2709106438543,0.0
894720,0.0,0.0,7.708261228338448,997.8518569998673,0.0
894780,0.0,0.0,7.708261228338448,999.2715112401214,0.0
894840,0.0,0.0,7.708261228338448,1000.9165253935416,0.0
894900,0.0,0.0,7.708261228338448,1000.3920501211036,0.0
894960,0.0,0.0,7.708261228338448,1000.7913077860374,0.0
895020,0.0,0.0,7.708261228338448,998.9020623346775,0.0
895080,0.0,0.0,7.708261228338448,998.950877137701,0.0
895140,0.0,0.0,7.708261228338448,1000.106421296677,0.0
895200,0.0,0.0,7.708261228338448,1000.6195791393777,0.0
895260,0.0,0.0,7.708261228338448,999.8710316996832,0.0
895320,0.0,0.0,7.708261228338448,999.8614144192416,0.0
895380,0.0,0.0,7.708261228338448,998.2358136232657,0.0
895440,0.0,0.0,7.708261228338448,999.5185594280484,0.0
895500,0.0,0.0,7.708261228338448,1001.1928422586502,0.0
895560,0.0,0.0,7.708261228338448,1000.0882293264125,0.0
895620,0.0,0.0,7.708261228338448,999.987676157981,0.0
895680,0.0,0.0,7.708261228338448,998.4368614462046,0.0
895740,0.0,0.0,7.708261228338448,999.7014070668166,0.0
895800,0.0,0.0,7.708261228338448,1000.0005901692662,0.0
895860,0.0,0.0,7.708261228338448,1001.636396675114,0.0
895920,0.0,0.0,7.708261228338448,999.8814089317009,0.0
895980,0.0,0.0,7.708261228338448,999.4523503184504,0.0
896040,0.0,0.0,7.708261228338448,998.9370696714238,0.0
896100,0.0,0.0,7.708261228338448,999.804819093106,0.0
896160,0.0,0.0,7.708261228338448,1000.6055170938166,0.0
896220,0.0,0.0,7.708261228338448,1000.6304952629381,0.0
896280,0.0,0.0,7.708261228338448,998.2667379717667,0.0
896340,0.0,0.0,7.708261228338448,999.1017488945198,0.0
896400,0.0,0.0,7.708261228338448,999.8869137866758,0.0
896460,0.0,0.0,7.708261228338448,1000.283968616028,0.0
896520,0.0,0.0,7.708261228338448,1001.3367792906781,0.0
896580,0.0,0.0,7.708261228338448,999.5650865253016,0.0
896640,0.0,0.0,7.708261228338448,998.9445773432599,0.0
896700,0.0,0.0,7.708261228338448,999.768107257143,0.0
896760,0.0,0.0,7.708261228338448,1000.1396590095329,0.0
896820,0.0,0.0,7.708261228338448,1001.1002885405198,0.0
896880,0.0,0.0,7.708261228338448,998.8040024835225,0.0
896940,0.0,0.0,7.708261228338448,999.0096263877667,0.0
897000,0.0,0.0,7.708261228338448,998.9447044987375,0.0
897060,0.0,0.0,7.708261228338448,1000.1242329034989,0.0
897120,0.0,0.0,7.708261228338448,1000.556511444974,0.0
897180,0.0,0.0,7.708261228338448,999.7087827849035,0.0
897240,0.0,0.0,7.708261228338448,999.9152592221526,0.0
897300,0.0,0.0,7.708261228338448,998.2314106701788,0.0
897360,0.0,0.0,7.708261228338448,999.5430129947017,0.0
897420,0.0,0.0,7.708261228338448,1001.3077274597727,0.0
897480,0.0,0.0,7.708261228338448,1000.318890346962,0.0
897540,0.0,0.0,7.708261228338448,1000.2161625400183,0.0
897600,0.0,0.0,7.708261228338448,998.6233520084709,0.0
897660,0.0,0.0,7.708261228338448,999.2174419873108,0.0
897720,0.0,0.0,7.708261228338448,1000.4584070330253,0.0
897780,0.0,0.0,7.708261228338448,1000.7432834420049,0.0
897840,0.0,0.0,7.708261228338448,999.6320525780536,0.0
897900,0.0,0.0,7.708261228338448,998.2382275794178,0.0
897960,0.0,0.0,7.708261228338448,999.1059563350811,0.0
898020,0.0,0.0,7.708261228338448,1001.0888854960153,0.0
898080,0.0,0.0,7.708261228338448,1000.396551849857,0.0
898140,0.0,0.0,7.708261228338448,1000.6669904862435,0.0
898200,0.0,0.0,7.708261228338448,997.9483891181774,0.0
898260,0.0,0.0,7.708261228338448,999.1979841616901,0.0
898320,0.0,0.0,7.708261228338448,999.982244780408,0.0
898380,0.0,0.0,7.708261228338448,1000.2452493943717,0.0
898440,0.0,0.0,7.708261228338448,1001.411993129448,0.0
898500,0.0,0.0,7.708261228338448,999.5056281007802,0.0
898560,0.0,0.0,7.708261228338448,998.9834951642739,0.0
898620,0.0,0.0,7.708261228338448,999.407793967207,0.0
898680,0.0,0.0,7.708261228338448,1000.2057724634561,0.0
898740,0.0,0.0,7.708261228338448,1000.4478909033872,0.0
898800,0.0,0.0,7.708261228338448,1000.387657971081,0.0
898860,0.0,0.0,7.708261228338448,997.9264406263203,0.0
898920,0.0,0.0,7.708261228338448,999.1255991016865,0.0
898980,0.0,0.0,7.708261228338448,1000.5374636309617,0.0
899040,0.0,0.0,7.708261228338448,1000.4402415154366,0.0
899100,0.0,0.0,7.708261228338448,1000.9626069775136,0.0
899160,0.0,0.0,7.708261228338448,997.4678681131963,0.0
899220,0.0,0.0,7.708261228338448,998.966024582983,0.0
899280,0.0,0.0,7.708261228338448,999.6993956744243,0.0
899340,0.0,0.0,7.708261228338448,1001.3612833192417,0.0
899400,0.0,0.0,7.708261228338448,1000.3104989319005,0.0
899460,0.0,0.0,7.708261228338448,1000.1768138707869,0.0
899520,0.0,0.0,7.708261228338448,998.6282010416186,0.0
899580,0.0,0.0,7.708261228338448,999.2525361143806,0.0
899640,0.0,0.0,7.708261228338448,1000.4592136908179,0.0
899700,0.0,0.0,7.708261228338448,1000.7153886556201,0.0
899760,0.0,0.0,7.708261228338448,999.1114877047676,0.0
899820,0.0,0.0,7.708261228338448,999.5149847290973,0.0
899880,0.0,0.0,7.708261228338448,998.8641774361341,0.0
899940,0.0,0.0,7.708261228338448,999.8804537444595,0.0
900000,0.0,0.0,7.708261228338448,1001.4843067862943,0.0
900060,0.0,0.0,7.708261228338448,1000.0942737646428,0.0
900120,0.0,0.0,7.708261228338448,999.6016732224844,0.0
900180,0.0,0.0,7.708261228338448,998.7318214192393,0.0
900240,0.0,0.0,7.708261228338448,999.6102355498327,0.0
900300,0.0,0.0,7.708261228338448,1001.7567701364112,0.0
900360,0.0,0.0,7.708261228338448,1000.0900734122464,0.0
900420,0.0,0.0,7.708261228338448,1000.2400250344748,0.0
900480,0.0,0.0,7.708261228338448,997.7301572474702,0.0
900540,0.0,0.0,7.708261228338448,999.4240871530434,0.0
900600,0.0,0.0,7.708261228338448,1000.2302390582819,0.0
900660,0.0,0.0,7.708261228338448,1000.296666678813,0.0
900720,0.0,0.0,7.708261228338448,1000.3995441973155,0.0
900780,0.0,0.0,7.708261228338448,997.807940667089,0.0
900840,0.0,0.0,7.708261228338448,999.1880628868329,0.0
900900,0.0,0.0,7.708261228338448,1000.6642753590428,0.0
900960,0.0,0.0,7.708261228338448,1000.3828564508257,0.0
901020,0.0,0.0,7.708261228338448,1001.0122476936476,0.0
901080,0.0,0.0,7.708261228338448,999.0823352750652,0.0
901140,0.0,0.0,7.708261228338448,998.889320227414,0.0
901200,0.0,0.0,7.708261228338448,999.902323153768,0.0
901260,0.0,0.0,7.708261228338448,1000.5204346381151,0.0
901320,0.0,0.0,7.708261228338448,1000.0954965557711,0.0
901380,0.0,0.0,7.708261228338448,1000.0364309497147,0.0
901440,0.0,0.0,7.708261228338448,998.0618850547811,0.0
901500,0.0,0.0,7.708261228338448,999.3689108432642,0.0
901560,0.0,0.0,7.708261228338448,1001.0254100213299,0.0
901620,0.0,0.0,7.708261228338448,1000.343919865605,0.0
901680,0.0,0.0,7.708261228338448,1000.1327922056059,0.0
901740,0.0,0.0,7.708261228338448,998.5255191157717,0.0
901800,0.0,0.0,7.708261228338448,999.317954282786,0.0
901860,0.0,0.0,7.708261228338448,999.8678295165017,0.0
901920,0.0,0.0,7.708261228338448,1001.6426883583634,0.0
901980,0.0,0.0,7.708261228338448,1000.0221092062708,0.0
902040,0.0,0.0,7.708261228338448,999.6931475152458,0.0
902100,0.0,0.0,7.708261228338448,998.7813010477271,0.0
902160,0.0,0.0,7.708261228338448,999.6272332979269,0.0
902220,0.0,0.0,7.708261228338448,1000.6119661940011,0.0
902280,0.0,0.0,7.708261228338448,1000.6902870094727,0.0
902340,0.0,0.0,7.708261228338448,998.5242794391086,0.0
902400,0.0,0.0,7.708261228338448,999.1835879014297,0.0
902460,0.0,0.0,7.708261228338448,999.5690789845,0.0
902520,0.0,0.0,7.708261228338448,1000.1815188995428,0.0
902580,0.0,0.0,7.708261228338448,1001.4255413907575,0.0
902640,0.0,0.0,7.708261228338448,999.7498897335527,0.0
902700,0.0,0.0,7.708261228338448,999.0977280116857,0.0
902760,0.0,0.0,7.708261228338448,999.3546510014858,0.0
902820,0.0,0.0,7.708261228338448,1000.0074786358025,0.0
902880,0.0,0.0,7.708261228338448,1001.0630802452291,0.0
902940,0.0,0.0,7.708261228338448,999.2145086852705,0.0
903000,0.0,0.0,7.708261228338448,999.1777801629358,0.0
903060,0.0,0.0,7.708261228338448,998.875928645541,0.0
903120,0.0,0.0,7.708261228338448,999.9340065202744,0.0
903180,0.0,0.0,7.708261228338448,1000.4602848474495,0.0
903240,0.0,0.0,7.708261228338448,999.9449110452545,0.0
903300,0.0,0.0,7.708261228338448,1000.0747287707119,0.0
903360,0.0,0.0,7.708261228338448,998.027786420853,0.0
903420,0.0,0.0,7.708261228338448,999.4084420632396,0.0
903480,0.0,0.0,7.708261228338448,1001.146885823055,0.0
903540,0.0,0.0,7.708261228338448,1000.3765696678288,0.0
903600,0.0,0.0,7.708261228338448,1000.472296360388,0.0
903660,0.0,0.0,7.708261228338448,998.7083270821994,0.0
903720,0.0,0.0,7.708261228338448,999.075164922986,0.0
903780,0.0,0.0,7.708261228338448,1000.3173407356603,0.0
903840,0.0,0.0,7.708261228338448,1000.7089730317163,0.0
903900,0.0,0.0,7.708261228338448,999.6001516866806,0.0
903960,0.0,0.0,7.708261228338448,999.636122977957,0.0
904020,0.0,0.0,7.708261228338448,998.51041079134,0.0
904080,0.0,0.0,7.708261228338448,1000.2764029695121,0.0
904140,0.0,0.0,7.708261228338448,1000.3924907327103,0.0
904200,0.0,0.0,7.708261228338448,1001.1819913266478,0.0
904260,0.0,0.0,7.708261228338448,998.0984592397479,0.0
904320,0.0,0.0,7.708261228338448,999.2511492053577,0.0
904380,0.0,0.0,7.708261228338448,999.7008873988515,0.0
904440,0.0,0.0,7.708261228338448,1000.130842372407,0.0
904500,0.0,0.0,7.708261228338448,1001.5245358146032,0.0
904560,0.0,0.0,7.708261228338448,999.7052105209382,0.0
904620,0.0,0.0,7.708261228338448,999.1410150030107,0.0
904680,0.0,0.0,7.708261228338448,999.1715489266112,0.0
904740,0.0,0.0,7.708261228338448,1000.0241440317366,0.0
904800,0.0,0.0,7.708261228338448,1000.5557566175185,0.0
904860,0.0,0.0,7.708261228338448,1000.5194179107972,0.0
904920,0.0,0.0,7.708261228338448,998.0377614381345,0.0
904980,0.0,0.0,7.708261228338448,999.0726114171975,0.0
905040,0.0,0.0,7.708261228338448,1000.2393023142151,0.0
905100,0.0,0.0,7.708261228338448,1000.3878123650701,0.0
905160,0.0,0.0,7.708261228338448,1001.1574733157514,0.0
905220,0.0,0.0,7.708261228338448,997.7062855316378,0.0
905280,0.0,0.0,7.708261228338448,998.9934233804062,0.0
905340,0.0,0.0,7.708261228338448,999.4358128663466,0.0
905400,0.0,0.0,7.708261228338448,1001.3689153491168,0.0
905460,0.0,0.0,7.708261228338448,1000.3607995415322,0.0
905520,0.0,0.0,7.708261228338448,1000.4801215024594,0.0
905580,0.0,0.0,7.708261228338448,998.7024418856419,0.0
905640,0.0,0.0,7.708261228338448,999.1159442325721,0.0
905700,0.0,0.0,7.708261228338448,1000.3229632581811,0.0
905760,0.0,0.0,7.708261228338448,1000.6753621095917,0.0
905820,0.0,0.0,7.708261228338448,999.4029229084682,0.0
905880,0.0,0.0,7.708261228338448,999.6907122820156,0.0
905940,0.0,0.0,7.708261228338448,998.554190890647,0.0
906000,0.0,0.0,7.708261228338448,999.7246630271752,0.0
906060,0.0,0.0,7.708261228338448,1001.424593294235,0.0
906120,0.0,0.0,7.708261228338448,1000.2206179201565,0.0
906180,0.0,0.0,7.708261228338448,999.8757639687159,0.0
906240,0.0,0.0,7.708261228338448,998.634239338361,0.0
906300,0.0,0.0,7.708261228338448,999.418386257672,0.0
906360,0.0,0.0,7.708261228338448,1000.5867366735039,0.0
906420,0.0,0.0,7.708261228338448,1000.7505628670914,0.0
906480,0.0,0.0,7.708261228338448,999.2082062342668,0.0
906540,0.0,0.0,7.708261228338448,998.19441973637,0.0
906600,0.0,0.0,7.708261228338448,999.1888951272476,0.0
906660,0.0,0.0,7.708261228338448,1001.3570741567759,0.0
906720,0.0,0.0,7.708261228338448,1000.3232308418343,0.0
906780,0.0,0.0,7.708261228338448,1000.5629959952188,0.0
906840,0.0,0.0,7.708261228338448,997.775550886328,0.0
906900,0.0,0.0,7.708261228338448,999.155678345615,0.0
906960,0.0,0.0,7.708261228338448,1000.3258501863277,0.0
907020,0.0,0.0,7.708261228338448,1000.3342356328452,0.0
907080,0.0,0.0,7.708261228338448,1001.2305640159532,0.0
907140,0.0,0.0,7.708261228338448,999.295536462927,0.0
907200,0.0,0.0,7.708261228338448,998.8915490452719,0.0
907260,0.0,0.0,7.708261228338448,999.655356855973,0.0
907320,0.0,0.0,7.708261228338448,1000.3762726686915,0.0
907380,0.0,0.0,7.708261228338448,1000.2993566620728,0.0
907440,0.0,0.0,7.708261228338448,1000.2235916491388,0.0
907500,0.0,0.0,7.708261228338448,997.9457171253226,0.0
907560,0.0,0.0,7.708261228338448,999.2254940308136,0.0
907620,0.0,0.0,7.708261228338448,1000.7974808235249,0.0
907680,0.0,0.0,7.708261228338448,1000.565101499018,0.0
907740,0.0,0.0,7.708261228338448,1000.2726888065873,0.0
907800,0.0,0.0,7.708261228338448,998.7283555840347,0.0
907860,0.0,0.0,7.708261228338448,998.8977269962669,0.0
907920,0.0,0.0,7.708261228338448,999.7120269034061,0.0
907980,0.0,0.0,7.708261228338448,1001.5996743297336,0.0
908040,0.0,0.0,7.708261228338448,1000.1477051049843,0.0
908100,0.0,0.0,7.708261228338448,999.9857839222041,0.0
908160,0.0,0.0,7.708261228338448,998.6703634940723,0.0
908220,0.0,0.0,7.708261228338448,999.4362287015522,0.0
908280,0.0,0.0,7.708261228338448,1000.5660876892041,0.0
908340,0.0,0.0,7.708261228338448,1000.721833678435,0.0
908400,0.0,0.0,7.708261228338448,998.8172018964203,0.0
908460,0.0,0.0,7.708261228338448,999.3247791588783,0.0
908520,0.0,0.0,7.708261228338448,999.2211860916124,0.0
908580,0.0,0.0,7.708261228338448,1000.0450354587782,0.0
908640,0.0,0.0,7.708261228338448,1001.4772218806334,0.0
908700,0.0,0.0,7.708261228338448,999.9329307710367,0.0
908760,0.0,0.0,7.708261228338448,999.3200781712047,0.0
908820,0.0,0.0,7.708261228338448,998.909022791767,0.0
908880,0.0,0.0,7.708261228338448,999.8432979373396,0.0
908940,0.0,0.0,7.708261228338448,1000.9824947008385,0.0
909000,0.0,0.0,7.708261228338448,999.638720366501,0.0
909060,0.0,0.0,7.708261228338448,999.3677458047873,0.0
909120,0.0,0.0,7.708261228338448,998.8611367004801,0.0
909180,0.0,0.0,7.708261228338448,999.7089537561421,0.0
909240,0.0,0.0,7.708261228338448,1000.3302922258023,0.0
909300,0.0,0.0,7.708261228338448,1000.1584305275225,0.0
909360,0.0,0.0,7.708261228338448,1000.2374691533048,0.0
909420,0.0,0.0,7.708261228338448,997.8764142974712,0.0
909480,0.0,0.0,7.708261228338448,999.2836561042952,0.0
909540,0.0,0.0,7.708261228338448,1000.9343575802621,0.0
909600,0.0,0.0,7.708261228338448,1000.4033070449739,0.0
909660,0.0,0.0,7.708261228338448,1000.7338774290118,0.0
909720,0.0,0.0,7.708261228338448,998.8729960755882,0.0
909780,0.0,0.0,7.708261228338448,998.9577594825915,0.0
909840,0.0,0.0,7.708261228338448,1000.1337064063371,0.0
909900,0.0,0.0,7.708261228338448,1000.6393141838907,0.0
909960,0.0,0.0,7.708261228338448,999.8598228383771,0.0
910020,0.0,0.0,7.708261228338448,999.8250872216331,0.0
910080,0.0,0.0,7.708261228338448,998.2684025017086,0.0
910140,0.0,0.0,7.708261228338448,1000.0172858178651,0.0
910200,0.0,0.0,7.708261228338448,1000.2863082818462,0.0
910260,0.0,0.0,7.708261228338448,1001.4385459592925,0.0
910320,0.0,0.0,7.708261228338448,998.3868327960895,0.0
910380,0.0,0.0,7.708261228338448,999.3821349722579,0.0
910440,0.0,0.0,7.708261228338448,999.341121612814,0.0
910500,0.0,0.0,7.708261228338448,1000.0134578954865,0.0
910560,0.0,0.0,7.708261228338448,1001.5739532716565,0.0
910620,0.0,0.0,7.708261228338448,999.8746411427959,0.0
910680,0.0,0.0,7.708261228338448,999.3481521730611,0.0
910740,0.0,0.0,7.708261228338448,998.9676223982415,0.0
910800,0.0,0.0,7.708261228338448,999.8436839406817,0.0
910860,0.0,0.0,7.708261228338448,1000.6133621440575,0.0
910920,0.0,0.0,7.708261228338448,1000.6168173701592,0.0
910980,0.0,0.0,7.708261228338448,998.2561282190175,0.0
911040,0.0,0.0,7.708261228338448,999.077255277626,0.0
911100,0.0,0.0,7.708261228338448,999.9307564362082,0.0
911160,0.0,0.0,7.708261228338448,1000.3099960369435,0.0
911220,0.0,0.0,7.708261228338448,1001.3001217681772,0.0
911280,0.0,0.0,7.708261228338448,998.0165906016488,0.0
911340,0.0,0.0,7.708261228338448,999.0950803091365,0.0
911400,0.0,0.0,7.708261228338448,999.1913757441592,0.0
911460,0.0,0.0,7.708261228338448,1001.3026347216165,0.0
911520,0.0,0.0,7.708261228338448,1000.3803265767333,0.0
911580,0.0,0.0,7.708261228338448,1000.7530830639544,0.0
911640,0.0,0.0,7.708261228338448,998.8545490290314,0.0
911700,0.0,0.0,7.708261228338448,999.0173032115291,0.0
911760,0.0,0.0,7.708261228338448,1000.1586188437253,0.0
911820,0.0,0.0,7.708261228338448,1000.6088306073398,0.0
911880,0.0,0.0,7.708261228338448,999.671248469796,0.0
911940,0.0,0.0,7.708261228338448,999.8611436347103,0.0
912000,0.0,0.0,7.708261228338448,998.2914681401279,0.0
912060,0.0,0.0,7.708261228338448,999.5748356239651,0.0
912120,0.0,0.0,7.708261228338448,1001.3165369202258,0.0
912180,0.0,0.0,7.708261228338448,1000.3150365667533,0.0
912240,0.0,0.0,7.708261228338448,1000.1438537224067,0.0
912300,0.0,0.0,7.708261228338448,998.6132099461565,0.0
912360,0.0,0.0,7.708261228338448,999.2460595195057,0.0
912420,0.0,0.0,7.708261228338448,1000.4844123513742,0.0
912480,0.0,0.0,7.708261228338448,1000.7528406910062,0.0
912540,0.0,0.0,7.708261228338448,999.5869314534582,0.0
912600,0.0,0.0,7.708261228338448,998.2345126667882,0.0
912660,0.0,0.0,7.708261228338448,999.1053771048804,0.0
912720,0.0,0.0,7.708261228338448,1001.0959165644476,0.0
912780,0.0,0.0,7.708261228338448,1000.4082408989292,0.0
912840,0.0,0.0,7.708261228338448,1000.6550364383371,0.0
912900,0.0,0.0,7.708261228338448,997.9525255755027,0.0
912960,0.0,0.0,7.708261228338448,999.1731441981101,0.0
913020,0.0,0.0,7.708261228338448,1000.0175753245426,0.0
913080,0.0,0.0,7.708261228338448,1000.2665918654382,0.0
913140,0.0,0.0,7.708261228338448,1001.3768586450261,0.0
913200,0.0,0.0,7.708261228338448,999.48383162614,0.0
913260,0.0,0.0,7.708261228338448,998.9577940506583,0.0
913320,0.0,0.0,7.708261228338448,999.4307506978955,0.0
913380,0.0,0.0,7.708261228338448,1000.2305788537178,0.0
913440,0.0,0.0,7.708261228338448,1000.4479981171526,0.0
913500,0.0,0.0,7.708261228338448,1000.3686871264707,0.0
913560,0.0,0.0,7.708261228338448,997.9392595858671,0.0
913620,0.0,0.0,7.708261228338448,999.1263698049872,0.0
913680,0.0,0.0,7.708261228338448,1000.5530839693016,0.0
913740,0.0,0.0,7.708261228338448,1000.7194452621889,0.0
913800,0.0,0.0,7.708261228338448,1000.374217739738,0.0
913860,0.0,0.0,7.708261228338448,998.979795151713,0.0
913920,0.0,0.0,7.708261228338448,998.528978292612,0.0
913980,0.0,0.0,7.708261228338448,999.5750380457087,0.0
914040,0.0,0.0,7.708261228338448,1001.5010217223745,0.0
914100,0.0,0.0,7.708261228338448,1000.236903974005,0.0
914160,0.0,0.0,7.708261228338448,1000.2486739941859,0.0
914220,0.0,0.0,7.708261228338448,998.6384799146923,0.0
914280,0.0,0.0,7.708261228338448,999.2764751013144,0.0
914340,0.0,0.0,7.708261228338448,1000.4840772705642,0.0
914400,0.0,0.0,7.708261228338448,1000.7216108066821,0.0
914460,0.0,0.0,7.708261228338448,999.1001748640491,0.0
914520,0.0,0.0,7.708261228338448,999.4709445814511,0.0
914580,0.0,0.0,7.708261228338448,998.9106456698504,0.0
914640,0.0,0.0,7.708261228338448,999.9081201535218,0.0
914700,0.0,0.0,7.708261228338448,1001.4717030475304,0.0
914760,0.0,0.0,7.708261228338448,1000.0816861986431,0.0
914820,0.0,0.0,7.708261228338448,999.5522415652836,0.0
914880,0.0,0.0,7.708261228338448,998.7447682495739,0.0
914940,0.0,0.0,7.708261228338448,999.6378274284592,0.0
915000,0.0,0.0,7.708261228338448,1001.727232145133,0.0
915060,0.0,0.0,7.708261228338448,1000.0881728687253,0.0
915120,0.0,0.0,7.708261228338448,1000.2003082914891,0.0
915180,0.0,0.0,7.708261228338448,997.7758350053989,0.0
915240,0.0,0.0,7.708261228338448,999.4459335137896,0.0
915300,0.0,0.0,7.708261228338448,1000.2557845022574,0.0
915360,0.0,0.0,7.708261228338448,1000.2988676495006,0.0
915420,0.0,0.0,7.708261228338448,1000.3830672674934,0.0
915480,0.0,0.0,7.708261228338448,997.8261398293208,0.0
915540,0.0,0.0,7.708261228338448,999.1870432903648,0.0
915600,0.0,0.0,7.708261228338448,1000.6769370476223,0.0
915660,0.0,0.0,7.708261228338448,1000.3938553032104,0.0
915720,0.0,0.0,7.708261228338448,1000.9807161188411,0.0
915780,0.0,0.0,7.708261228338448,999.0666058896097,0.0
915840,0.0,0.0,7.708261228338448,998.8856397083651,0.0
915900,0.0,0.0,7.708261228338448,999.9164087575241,0.0
915960,0.0,0.0,7.708261228338448,1000.534286256354,0.0
916020,0.0,0.0,7.708261228338448,1000.0962304013447,0.0
916080,0.0,0.0,7.708261228338448,1000.0178329403408,0.0
916140,0.0,0.0,7.708261228338448,998.0776606857553,0.0
916200,0.0,0.0,7.708261228338448,999.7224199353782,0.0
916260,0.0,0.0,7.708261228338448,1000.1540244919313,0.0
916320,0.0,0.0,7.708261228338448,1001.6541431733059,0.0
916380,0.0,0.0,7.708261228338448,998.6924672160189,0.0
916440,0.0,0.0,7.708261228338448,999.544075096931,0.0
916500,0.0,0.0,7.708261228338448,998.9736500982344,0.0
916560,0.0,0.0,7.708261228338448,999.8775071947107,0.0
916620,0.0,0.0,7.708261228338448,1001.5747229808546,0.0
916680,0.0,0.0,7.708261228338448,1000.027280350294,0.0
916740,0.0,0.0,7.708261228338448,999.6009973281432,0.0
916800,0.0,0.0,7.708261228338448,998.7951615739935,0.0
916860,0.0,0.0,7.708261228338448,999.653983763022,0.0
916920,0.0,0.0,7.708261228338448,1000.6228729345332,0.0
916980,0.0,0.0,7.708261228338448,1000.68682314802,0.0
917040,0.0,0.0,7.708261228338448,998.5176056597842,0.0
917100,0.0,0.0,7.708261228338448,999.1540906025897,0.0
917160,0.0,0.0,7.708261228338448,999.6010123098156,0.0
917220,0.0,0.0,7.708261228338448,1000.2027806990992,0.0
917280,0.0,0.0,7.708261228338448,1001.4027525321469,0.0
917340,0.0,0.0,7.708261228338448,999.7334142769391,0.0
917400,0.0,0.0,7.708261228338448,999.0676344136433,0.0
917460,0.0,0.0,7.708261228338448,999.3762477814687,0.0
917520,0.0,0.0,7.708261228338448,1000.0273603509002,0.0
917580,0.0,0.0,7.708261228338448,1001.0671909766527,0.0
917640,0.0,0.0,7.708261228338448,999.2197875162902,0.0
917700,0.0,0.0,7.708261228338448,999.15910406842,0.0
917760,0.0,0.0,7.708261228338448,998.8732696009906,0.0
917820,0.0,0.0,7.708261228338448,999.950317595164,0.0
917880,0.0,0.0,7.708261228338448,1000.4763990261353,0.0
917940,0.0,0.0,7.708261228338448,999.9464193963652,0.0
918000,0.0,0.0,7.708261228338448,1000.0549796865693,0.0
918060,0.0,0.0,7.708261228338448,998.0476959665638,0.0
918120,0.0,0.0,7.708261228338448,999.4154347623165,0.0
918180,0.0,0.0,7.708261228338448,1001.1470378160292,0.0
918240,0.0,0.0,7.708261228338448,1000.3813056038965,0.0
918300,0.0,0.0,7.708261228338448,1000.4461944246154,0.0
918360,0.0,0.0,7.708261228338448,998.6989664686914,0.0
918420,0.0,0.0,7.708261228338448,999.079404530235,0.0
918480,0.0,0.0,7.708261228338448,1000.3256926513981,0.0
918540,0.0,0.0,7.708261228338448,1000.715724986845,0.0
918600,0.0,0.0,7.708261228338448,1000.005265717122,0.0
918660,0.0,0.0,7.708261228338448,998.4113844220943,0.0
918720,0.0,0.0,7.708261228338448,999.0660554062035,0.0
918780,0.0,0.0,7.708261228338448,1000.7651247467318,0.0
918840,0.0,0.0,7.708261228338448,1000.443485713309,0.0
918900,0.0,0.0,7.708261228338448,1000.7250483678505,0.0
918960,0.0,0.0,7.708261228338448,998.2171397012463,0.0
919020,0.0,0.0,7.708261228338448,999.2684292821796,0.0
919080,0.0,0.0,7.708261228338448,999.6635959945858,0.0
919140,0.0,0.0,7.708261228338448,1000.1619890617301,0.0
919200,0.0,0.0,7.708261228338448,1001.496930892246,0.0
919260,0.0,0.0,7.708261228338448,999.6816409840759,0.0
919320,0.0,0.0,7.708261228338448,999.1135172442539,0.0
919380,0.0,0.0,7.708261228338448,999.1927022605172,0.0
919440,0.0,0.0,7.708261228338448,1000.0508471214548,0.0
919500,0.0,0.0,7.708261228338448,1000.5585562207109,0.0
919560,0.0,0.0,7.708261228338448,1000.5050784249836,0.0
919620,0.0,0.0,7.708261228338448,998.0431546831941,0.0
919680,0.0,0.0,7.708261228338448,999.0656704104341,0.0
919740,0.0,0.0,7.708261228338448,1000.2591446993835,0.0
919800,0.0,0.0,7.708261228338448,1000.8219224443155,0.0
919860,0.0,0.0,7.708261228338448,1000.4558509555264,0.0
919920,0.0,0.0,7.708261228338448,999.303888525068,0.0
919980,0.0,0.0,7.708261228338448,998.169249747392,0.0
920040,0.0,0.0,7.708261228338448,999.4360979147134,0.0
920100,0.0,0.0,7.708261228338448,1001.3474110137845,0.0
920160,0.0,0.0,7.708261228338448,1000.3000172561436,0.0
920220,0.0,0.0,7.708261228338448,1000.5319797901107,0.0
920280,0.0,0.0,7.708261228338448,998.6990870339503,0.0
920340,0.0,0.0,7.708261228338448,999.1269851522809,0.0
920400,0.0,0.0,7.708261228338448,1000.3533691707249,0.0
920460,0.0,0.0,7.708261228338448,1000.688154182461,0.0
920520,0.0,0.0,7.708261228338448,999.3909961133177,0.0
920580,0.0,0.0,7.708261228338448,999.6462665269212,0.0
920640,0.0,0.0,7.708261228338448,998.6002785615376,0.0
920700,0.0,0.0,7.708261228338448,999.751286788011,0.0
920760,0.0,0.0,7.708261228338448,1001.4195394338794,0.0
920820,0.0,0.0,7.708261228338448,1000.2130683736312,0.0
920880,0.0,0.0,7.708261228338448,999.8232082070878,0.0
920940,0.0,0.0,7.708261228338448,998.6388384383299,0.0
921000,0.0,0.0,7.708261228338448,999.4434709894402,0.0
921060,0.0,0.0,7.708261228338448,1001.6928250767708,0.0
921120,0.0,0.0,7.708261228338448,1000.2178052647071,0.0
921180,0.0,0.0,7.708261228338448,1000.4097957370186,0.0
921240,0.0,0.0,7.708261228338448,997.5231846529011,0.0
921300,0.0,0.0,7.708261228338448,999.235096001394,0.0
921360,0.0,0.0,7.708261228338448,1000.0839833041257,0.0
921420,0.0,0.0,7.708261228338448,1000.434155869286,0.0
921480,0.0,0.0,7.708261228338448,1000.4977960118879,0.0
921540,0.0,0.0,7.708261228338448,997.8796337676018,0.0
921600,0.0,0.0,7.708261228338448,999.1367531962051,0.0
921660,0.0,0.0,7.708261228338448,1000.3918749811286,0.0
921720,0.0,0.0,7.708261228338448,1000.3560654527853,0.0
921780,0.0,0.0,7.708261228338448,1001.1772898150651,0.0
921840,0.0,0.0,7.708261228338448,999.2605192303952,0.0
921900,0.0,0.0,7.708261228338448,998.8730409491724,0.0
921960,0.0,0.0,7.708261228338448,999.692391568162,0.0
922020,0.0,0.0,7.708261228338448,1000.4089595957719,0.0
922080,0.0,0.0,7.708261228338448,1000.2902210871588,0.0
922140,0.0,0.0,7.708261228338448,1000.1886994320334,0.0
922200,0.0,0.0,7.708261228338448,997.9708044962867,0.0
922260,0.0,0.0,7.708261228338448,999.4238315091809,0.0
922320,0.0,0.0,7.708261228338448,1000.0136867079842,0.0
922380,0.0,0.0,7.708261228338448,1001.8000046404754,0.0
922440,0.0,0.0,7.708261228338448,998.9921308414679,0.0
922500,0.0,0.0,7.708261228338448,999.709434045763,0.0
922560,0.0,0.0,7.708261228338448,998.6365279643802,0.0
922620,0.0,0.0,7.708261228338448,999.7408957438109,0.0
922680,0.0,0.0,7.708261228338448,1001.5224311709421,0.0
922740,0.0,0.0,7.708261228338448,1000.1506198443691,0.0
922800,0.0,0.0,7.708261228338448,999.8633113610194,0.0
922860,0.0,0.0,7.708261228338448,998.6795059103796,0.0
922920,0.0,0.0,7.708261228338448,999.4755930499642,0.0
922980,0.0,0.0,7.708261228338448,1000.5875747434856,0.0
923040,0.0,0.0,7.708261228338448,1000.724303979282,0.0
923100,0.0,0.0,7.708261228338448,998.7944568939007,0.0
923160,0.0,0.0,7.708261228338448,999.2755781094332,0.0
923220,0.0,0.0,7.708261228338448,999.2785249444715,0.0
923280,0.0,0.0,7.708261228338448,1000.0793755462685,0.0
923340,0.0,0.0,7.708261228338448,1001.4536028536476,0.0
923400,0.0,0.0,7.708261228338448,999.9090913477829,0.0
923460,0.0,0.0,7.708261228338448,999.2652745915464,0.0
923520,0.0,0.0,7.708261228338448,998.9610688724212,0.0
923580,0.0,0.0,7.708261228338448,999.8754454808753,0.0
923640,0.0,0.0,7.708261228338448,1000.9975287863903,0.0
923700,0.0,0.0,7.708261228338448,999.6234917902366,0.0
923760,0.0,0.0,7.708261228338448,999.3374326693887,0.0
923820,0.0,0.0,7.708261228338448,998.848080163054,0.0
923880,0.0,0.0,7.708261228338448,999.7392379733935,0.0
923940,0.0,0.0,7.708261228338448,1000.358508438703,0.0
924000,0.0,0.0,7.708261228338448,1000.1538365643864,0.0
924060,0.0,0.0,7.708261228338448,1000.2096547638415,0.0
924120,0.0,0.0,7.708261228338448,997.9044263200624,0.0
924180,0.0,0.0,7.708261228338448,999.2925031559563,0.0
924240,0.0,0.0,7.708261228338448,1000.9475813594177,0.0
924300,0.0,0.0,7.708261228338448,1000.411765603288,0.0
924360,0.0,0.0,7.708261228338448,1000.6916345663756,0.0
924420,0.0,0.0,7.708261228338448,998.852520816434,0.0
924480,0.0,0.0,7.708261228338448,998.9627064000274,0.0
924540,0.0,0.0,7.708261228338448,1000.1525615912608,0.0
924600,0.0,0.0,7.708261228338448,1000.6535907227576,0.0
924660,0.0,0.0,7.708261228338448,1000.3727272932069,0.0
924720,0.0,0.0,7.708261228338448,998.6214753195783,0.0
924780,0.0,0.0,7.708261228338448,999.0810163710025,0.0
924840,0.0,0.0,7.708261228338448,1000.4137942122389,0.0
924900,0.0,0.0,7.708261228338448,1000.4359385655283,0.0
924960,0.0,0.0,7.708261228338448,1000.758462907779,0.0
925020,0.0,0.0,7.708261228338448,998.4968407033806,0.0
925080,0.0,0.0,7.708261228338448,999.3847058344505,0.0
925140,0.0,0.0,7.708261228338448,999.3351165514855,0.0
925200,0.0,0.0,7.708261228338448,1000.0512017660317,0.0
925260,0.0,0.0,7.708261228338448,1001.5527546105681,0.0
925320,0.0,0.0,7.708261228338448,999.8485440153955,0.0
925380,0.0,0.0,7.708261228338448,999.3026623750154,0.0
925440,0.0,0.0,7.708261228338448,998.9930405749734,0.0
925500,0.0,0.0,7.708261228338448,999.8784474304407,0.0
925560,0.0,0.0,7.708261228338448,1000.6193377364262,0.0
925620,0.0,0.0,7.708261228338448,1000.6037416960257,0.0
925680,0.0,0.0,7.708261228338448,998.2511939839987,0.0
925740,0.0,0.0,7.708261228338448,999.058702156877,0.0
925800,0.0,0.0,7.708261228338448,999.9645463658253,0.0
925860,0.0,0.0,7.708261228338448,1000.3313725271086,0.0
925920,0.0,0.0,7.708261228338448,1001.2689288751108,0.0
925980,0.0,0.0,7.708261228338448,998.034261980715,0.0
926040,0.0,0.0,7.708261228338448,999.0664665697842,0.0
926100,0.0,0.0,7.708261228338448,999.2203916841004,0.0
926160,0.0,0.0,7.708261228338448,1001.2919724802637,0.0
926220,0.0,0.0,7.708261228338448,1000.3897170982626,0.0
926280,0.0,0.0,7.708261228338448,1000.7060088309366,0.0
926340,0.0,0.0,7.708261228338448,998.8350846189735,0.0
926400,0.0,0.0,7.708261228338448,999.0197986998498,0.0
926460,0.0,0.0,7.708261228338448,1000.1762344435481,0.0
926520,0.0,0.0,7.708261228338448,1000.6231589668702,0.0
926580,0.0,0.0,7.708261228338448,999.669818756906,0.0
926640,0.0,0.0,7.708261228338448,999.8358920929643,0.0
926700,0.0,0.0,7.708261228338448,998.3151301474953,0.0
926760,0.0,0.0,7.708261228338448,999.5872229202379,0.0
926820,0.0,0.0,7.708261228338448,1001.314030055277,0.0
926880,0.0,0.0,7.708261228338448,1000.3162617180744,0.0
926940,0.0,0.0,7.708261228338448,1000.1137523020623,0.0
927000,0.0,0.0,7.708261228338448,998.6092398795588,0.0
927060,0.0,0.0,7.708261228338448,999.255753814829,0.0
927120,0.0,0.0,7.708261228338448,1001.5885665626162,0.0
927180,0.0,0.0,7.708261228338448,1000.3116347551377,0.0
927240,0.0,0.0,7.708261228338448,1000.6082875850582,0.0
927300,0.0,0.0,7.708261228338448,997.3547367005243,0.0
927360,0.0,0.0,7.708261228338448,999.0367490448065,0.0
927420,0.0,0.0,7.708261228338448,999.8937859237445,0.0
927480,0.0,0.0,7.708261228338448,1000.5229381290095,0.0
927540,0.0,0.0,7.708261228338448,1000.589761566853,0.0
927600,0.0,0.0,7.708261228338448,998.0586642791764,0.0
927660,0.0,0.0,7.708261228338448,999.1412000408419,0.0
927720,0.0,0.0,7.708261228338448,1000.0726157129861,0.0
927780,0.0,0.0,7.708261228338448,1000.2865518076749,0.0
927840,0.0,0.0,7.708261228338448,1001.3411877360794,0.0
927900,0.0,0.0,7.708261228338448,999.4611366332799,0.0
927960,0.0,0.0,7.708261228338448,998.9313446795189,0.0
928020,0.0,0.0,7.708261228338448,999.4556903326284,0.0
928080,0.0,0.0,7.708261228338448,1000.2564849447289,0.0
928140,0.0,0.0,7.708261228338448,1000.4470796135704,0.0
928200,0.0,0.0,7.708261228338448,1000.347681142391,0.0
928260,0.0,0.0,7.708261228338448,997.9522454983921,0.0
928320,0.0,0.0,7.708261228338448,999.1286362746555,0.0
928380,0.0,0.0,7.708261228338448,1000.5702090687811,0.0
928440,0.0,0.0,7.708261228338448,1000.7203118644325,0.0
928500,0.0,0.0,7.708261228338448,1000.3672567546487,0.0
928560,0.0,0.0,7.708261228338448,998.9550406811479,0.0
928620,0.0,0.0,7.708261228338448,998.5537225679234,0.0
928680,0.0,0.0,7.708261228338448,999.588393748855,0.0
928740,0.0,0.0,7.708261228338448,1001.4944844187843,0.0
928800,0.0,0.0,7.708261228338448,1000.2382253309198,0.0
928860,0.0,0.0,7.708261228338448,1000.2126767562936,0.0
928920,0.0,0.0,7.708261228338448,998.6348859059901,0.0
928980,0.0,0.0,7.708261228338448,999.2868645935878,0.0
929040,0.0,0.0,7.708261228338448,1000.4942829999096,0.0
929100,0.0,0.0,7.708261228338448,1000.7269182219098,0.0
929160,0.0,0.0,7.708261228338448,999.1032172385477,0.0
929220,0.0,0.0,7.708261228338448,999.4499042398129,0.0
929280,0.0,0.0,7.708261228338448,998.9262454944712,0.0
929340,0.0,0.0,7.708261228338448,999.9196631126438,0.0
929400,0.0,0.0,7.708261228338448,1001.4620397345777,0.0
929460,0.0,0.0,7.708261228338448,1000.079533209654,0.0
929520,0.0,0.0,7.708261228338448,999.5318147977969,0.0
929580,0.0,0.0,7.708261228338448,998.5168707322651,0.0
929640,0.0,0.0,7.708261228338448,999.6919048539363,0.0
929700,0.0,0.0,7.708261228338448,1000.8782819293513,0.0
929760,0.0,0.0,7.708261228338448,1000.0346283164755,0.0
929820,0.0,0.0,7.708261228338448,999.535563078173,0.0
929880,0.0,0.0,7.708261228338448,998.8968449766866,0.0
929940,0.0,0.0,7.708261228338448,999.4956241899927,0.0
930000,0.0,0.0,7.708261228338448,1000.203166133562,0.0
930060,0.0,0.0,7.708261228338448,1000.3332372399896,0.0
930120,0.0,0.0,7.708261228338448,1000.3650396114728,0.0
930180,0.0,0.0,7.708261228338448,997.8321365876823,0.0
930240,0.0,0.0,7.708261228338448,999.1895136643685,0.0
930300,0.0,0.0,7.708261228338448,1000.69189147243,0.0
930360,0.0,0.0,7.708261228338448,1000.4070091834108,0.0
930420,0.0,0.0,7.708261228338448,1000.9399302299473,0.0
930480,0.0,0.0,7.708261228338448,999.0446458165793,0.0
930540,0.0,0.0,7.708261228338448,998.8833806551221,0.0
930600,0.0,0.0,7.708261228338448,999.9367474442591,0.0
930660,0.0,0.0,7.708261228338448,1000.5520809931538,0.0
930720,0.0,0.0,7.708261228338448,1000.7425965487453,0.0
930780,0.0,0.0,7.708261228338448,998.8616893714079,0.0
930840,0.0,0.0,7.708261228338448,999.1716845785954,0.0
930900,0.0,0.0,7.708261228338448,1000.0081273728982,0.0
930960,0.0,0.0,7.708261228338448,1000.3770236424973,0.0
931020,0.0,0.0,7.708261228338448,1000.760760718449,0.0
931080,0.0,0.0,7.708261228338448,998.8025698831808,0.0
931140,0.0,0.0,7.708261228338448,999.5377589071612,0.0
931200,0.0,0.0,7.708261228338448,998.9872085852136,0.0
931260,0.0,0.0,7.708261228338448,999.9143105794735,0.0
931320,0.0,0.0,7.708261228338448,1001.5670368724407,0.0
931380,0.0,0.0,7.708261228338448,1000.0066635822436,0.0
931440,0.0,0.0,7.708261228338448,999.5484147134839,0.0
931500,0.0,0.0,7.708261228338448,998.8142778268034,0.0
931560,0.0,0.0,7.708261228338448,999.6874593134023,0.0
931620,0.0,0.0,7.708261228338448,1000.6337732935145,0.0
931680,0.0,0.0,7.708261228338448,1000.6803716856142,0.0
931740,0.0,0.0,7.708261228338448,998.5084892518992,0.0
931800,0.0,0.0,7.708261228338448,999.1221107982162,0.0
931860,0.0,0.0,7.708261228338448,999.6385193972427,0.0
931920,0.0,0.0,7.708261228338448,1000.2267607171044,0.0
931980,0.0,0.0,7.708261228338448,1001.377069748431,0.0
932040,0.0,0.0,7.708261228338448,998.3774228596917,0.0
932100,0.0,0.0,7.708261228338448,999.2059790379725,0.0
932160,0.0,0.0,7.708261228338448,998.9844816601158,0.0
932220,0.0,0.0,7.708261228338448,1001.1601034807298,0.0
932280,0.0,0.0,7.708261228338448,1000.3823906366553,0.0
932340,0.0,0.0,7.708261228338448,1000.9652694617464,0.0
932400,0.0,0.0,7.708261228338448,999.0107958944677,0.0
932460,0.0,0.0,7.708261228338448,998.955355205236,0.0
932520,0.0,0.0,7.708261228338448,999.9816265977429,0.0
932580,0.0,0.0,7.708261228338448,1000.5299739901642,0.0
932640,0.0,0.0,7.708261228338448,999.9179105884324,0.0
932700,0.0,0.0,7.708261228338448,1000.009695739617,0.0
932760,0.0,0.0,7.708261228338448,998.0953140525907,0.0
932820,0.0,0.0,7.708261228338448,999.4388697303964,0.0
932880,0.0,0.0,7.708261228338448,1001.1623334292129,0.0
932940,0.0,0.0,7.708261228338448,1000.3842008469395,0.0
933000,0.0,0.0,7.708261228338448,1000.3835226733113,0.0
933060,0.0,0.0,7.708261228338448,998.6745883370696,0.0
933120,0.0,0.0,7.708261228338448,999.0984260273929,0.0
933180,0.0,0.0,7.708261228338448,1001.4154919672548,0.0
933240,0.0,0.0,7.708261228338448,1000.3661979679882,0.0
933300,0.0,0.0,7.708261228338448,1000.7712195346343,0.0
933360,0.0,0.0,7.708261228338448,997.3130339324705,0.0
933420,0.0,0.0,7.708261228338448,998.8787466316525,0.0
933480,0.0,0.0,7.708261228338448,999.7075856285754,0.0
933540,0.0,0.0,7.708261228338448,1000.5626522994488,0.0
933600,0.0,0.0,7.708261228338448,1000.650607644292,0.0
933660,0.0,0.0,7.708261228338448,998.3046329055494,0.0
933720,0.0,0.0,7.708261228338448,999.2072992415182,0.0
933780,0.0,0.0,7.708261228338448,999.7468344351122,0.0
933840,0.0,0.0,7.708261228338448,1000.1962366325583,0.0
933900,0.0,0.0,7.708261228338448,1001.4534088071998,0.0
933960,0.0,0.0,7.708261228338448,999.6481527598183,0.0
934020,0.0,0.0,7.708261228338448,999.0597112479966,0.0
934080,0.0,0.0,7.708261228338448,999.2315150626249,0.0
934140,0.0,0.0,7.708261228338448,1000.093011535493,0.0
934200,0.0,0.0,7.708261228338448,1000.5579014533444,0.0
934260,0.0,0.0,7.708261228338448,1000.4793613095658,0.0
934320,0.0,0.0,7.708261228338448,998.0431172182278,0.0
934380,0.0,0.0,7.708261228338448,999.0602796766121,0.0
934440,0.0,0.0,7.708261228338448,1000.298226033649,0.0
934500,0.0,0.0,7.708261228338448,1000.821439739121,0.0
934560,0.0,0.0,7.708261228338448,1000.4499565553897,0.0
934620,0.0,0.0,7.708261228338448,999.2518826768537,0.0
934680,0.0,0.0,7.708261228338448,998.2178021321771,0.0
934740,0.0,0.0,7.708261228338448,999.4540464771424,0.0
934800,0.0,0.0,7.708261228338448,1001.3520935054739,0.0
934860,0.0,0.0,7.708261228338448,1000.3038416025177,0.0
934920,0.0,0.0,7.708261228338448,1000.4751967216829,0.0
934980,0.0,0.0,7.708261228338448,998.6813865185648,0.0
935040,0.0,0.0,7.708261228338448,999.1411347117996,0.0
935100,0.0,0.0,7.708261228338448,1000.3736680379402,0.0
935160,0.0,0.0,7.708261228338448,1000.7004732077049,0.0
935220,0.0,0.0,7.708261228338448,999.3833457775988,0.0
935280,0.0,0.0,7.708261228338448,999.6126640515153,0.0
935340,0.0,0.0,7.708261228338448,998.632606139749,0.0
935400,0.0,0.0,7.708261228338448,999.7709571357884,0.0
935460,0.0,0.0,7.708261228338448,1001.41335724049,0.0
935520,0.0,0.0,7.708261228338448,1000.2083874037643,0.0
935580,0.0,0.0,7.708261228338448,999.7850241626655,0.0
935640,0.0,0.0,7.708261228338448,998.1448688855061,0.0
935700,0.0,0.0,7.708261228338448,999.526281517107,0.0
935760,0.0,0.0,7.708261228338448,1000.7373856478507,0.0
935820,0.0,0.0,7.708261228338448,1000.3868910193751,0.0
935880,0.0,0.0,7.708261228338448,999.7057707903939,0.0
935940,0.0,0.0,7.708261228338448,999.0107215080882,0.0
936000,0.0,0.0,7.708261228338448,999.2764430861533,0.0
936060,0.0,0.0,7.708261228338448,1000.0513544710956,0.0
936120,0.0,0.0,7.708261228338448,1000.460755292008,0.0
936180,0.0,0.0,7.708261228338448,1000.4830533928542,0.0
936240,0.0,0.0,7.708261228338448,997.8727247924771,0.0
936300,0.0,0.0,7.708261228338448,999.1308364235447,0.0
936360,0.0,0.0,7.708261228338448,1000.4225269362097,0.0
936420,0.0,0.0,7.708261228338448,1000.3762290669646,0.0
936480,0.0,0.0,7.708261228338448,1001.130136081636,0.0
936540,0.0,0.0,7.708261228338448,999.2309527176111,0.0
936600,0.0,0.0,7.708261228338448,998.8608075336377,0.0
936660,0.0,0.0,7.708261228338448,999.7217600812373,0.0
936720,0.0,0.0,7.708261228338448,1000.4355521196821,0.0
936780,0.0,0.0,7.708261228338448,1000.2838487177478,0.0
936840,0.0,0.0,7.708261228338448,1000.159084565202,0.0
936900,0.0,0.0,7.708261228338448,997.9924176822116,0.0
936960,0.0,0.0,7.708261228338448,999.4507174137555,0.0
937020,0.0,0.0,7.708261228338448,1000.0387571862875,0.0
937080,0.0,0.0,7.708261228338448,1001.758260122831,0.0
937140,0.0,0.0,7.708261228338448,998.9970551972584,0.0
937200,0.0,0.0,7.708261228338448,999.6751694714427,0.0
937260,0.0,0.0,7.708261228338448,998.6714929915165,0.0
937320,0.0,0.0,7.708261228338448,999.7586439937186,0.0
937380,0.0,0.0,7.708261228338448,1001.5140445965187,0.0
937440,0.0,0.0,7.708261228338448,1000.1467627479301,0.0
937500,0.0,0.0,7.708261228338448,999.8248470827872,0.0
937560,0.0,0.0,7.708261228338448,998.6834473656255,0.0
937620,0.0,0.0,7.708261228338448,999.4916255931997,0.0
937680,0.0,0.0,7.708261228338448,1000.5972114545903,0.0
937740,0.0,0.0,7.708261228338448,1000.725489004358,0.0
937800,0.0,0.0,7.708261228338448,998.7955197167115,0.0
937860,0.0,0.0,7.708261228338448,999.2529592079378,0.0
937920,0.0,0.0,7.708261228338448,999.2966453123902,0.0
937980,0.0,0.0,7.708261228338448,1000.0935229235185,0.0
938040,0.0,0.0,7.708261228338448,1001.4402514428501,0.0
938100,0.0,0.0,7.708261228338448,998.7451207374952,0.0
938160,0.0,0.0,7.708261228338448,999.3723199638995,0.0
938220,0.0,0.0,7.708261228338448,998.7691954918769,0.0
938280,0.0,0.0,7.708261228338448,1000.9589069617323,0.0
938340,0.0,0.0,7.708261228338448,1000.3426260541281,0.0
938400,0.0,0.0,7.708261228338448,1001.2024461342826,0.0
938460,0.0,0.0,7.708261228338448,999.2035955072433,0.0
938520,0.0,0.0,7.708261228338448,998.9454445228168,0.0
938580,0.0,0.0,7.708261228338448,999.7604331543936,0.0
938640,0.0,0.0,7.708261228338448,1000.4066789098165,0.0
938700,0.0,0.0,7.708261228338448,1000.1380176454148,0.0
938760,0.0,0.0,7.708261228338448,1000.1794511570502,0.0
938820,0.0,0.0,7.708261228338448,997.935590850063,0.0
938880,0.0,0.0,7.708261228338448,999.3032552914832,0.0
938940,0.0,0.0,7.708261228338448,1000.9625067597713,0.0
939000,0.0,0.0,7.708261228338448,1000.4196835301798,0.0
939060,0.0,0.0,7.708261228338448,1000.6473860053565,0.0
939120,0.0,0.0,7.708261228338448,998.8308252956309,0.0
939180,0.0,0.0,7.708261228338448,998.969278137218,0.0
939240,0.0,0.0,7.708261228338448,1000.1728347123222,0.0
939300,0.0,0.0,7.708261228338448,1000.6681836362154,0.0
939360,0.0,0.0,7.708261228338448,1000.3433353578499,0.0
939420,0.0,0.0,7.708261228338448,998.6133980578124,0.0
939480,0.0,0.0,7.708261228338448,999.0638848871216,0.0
939540,0.0,0.0,7.708261228338448,1000.4220918688817,0.0
939600,0.0,0.0,7.708261228338448,1000.4496027566211,0.0
939660,0.0,0.0,7.708261228338448,1000.7599752461643,0.0
939720,0.0,0.0,7.708261228338448,998.5020692229704,0.0
939780,0.0,0.0,7.708261228338448,999.3595281843903,0.0
939840,0.0,0.0,7.708261228338448,999.3567012357634,0.0
939900,0.0,0.0,7.708261228338448,1000.0662545099395,0.0
939960,0.0,0.0,7.708261228338448,1001.536019525711,0.0
940020,0.0,0.0,7.708261228338448,999.8413761518872,0.0
940080,0.0,0.0,7.708261228338448,999.2784508075256,0.0
940140,0.0,0.0,7.708261228338448,999.0011400139917,0.0
940200,0.0,0.0,7.708261228338448,999.892532507684,0.0
940260,0.0,0.0,7.708261228338448,1000.624805585024,0.0
940320,0.0,0.0,7.708261228338448,1000.5987347725531,0.0
940380,0.0,0.0,7.708261228338448,998.2584836027053,0.0
940440,0.0,0.0,7.708261228338448,999.0485733840293,0.0
940500,0.0,0.0,7.708261228338448,999.9722520586361,0.0
940560,0.0,0.0,7.708261228338448,1000.8651134529434,0.0
940620,0.0,0.0,7.708261228338448,1000.5081659416929,0.0
940680,0.0,0.0,7.708261228338448,999.6187256373832,0.0
940740,0.0,0.0,7.708261228338448,997.9053693082501,0.0
940800,0.0,0.0,7.708261228338448,999.3246227993598,0.0
940860,0.0,0.0,7.708261228338448,1001.148714876545,0.0
940920,0.0,0.0,7.708261228338448,1000.3388231980564,0.0
940980,0.0,0.0,7.708261228338448,1000.7569815958227,0.0
941040,0.0,0.0,7.708261228338448,998.8334907666815,0.0
941100,0.0,0.0,7.708261228338448,999.0146008991145,0.0
941160,0.0,0.0,7.708261228338448,1000.201924198188,0.0
941220,0.0,0.0,7.708261228338448,1000.6360357637841,0.0
941280,0.0,0.0,7.708261228338448,999.665574013468,0.0
941340,0.0,0.0,7.708261228338448,999.8029944343727,0.0
941400,0.0,0.0,7.708261228338448,998.3466924547462,0.0
941460,0.0,0.0,7.708261228338448,999.6048401880712,0.0
941520,0.0,0.0,7.708261228338448,1001.3133316151084,0.0
941580,0.0,0.0,7.708261228338448,1000.3156237255072,0.0
941640,0.0,0.0,7.708261228338448,1000.0741491963357,0.0
941700,0.0,0.0,7.708261228338448,997.7929053837971,0.0
941760,0.0,0.0,7.708261228338448,999.353491605143,0.0
941820,0.0,0.0,7.708261228338448,1000.551504150764,0.0
941880,0.0,0.0,7.708261228338448,1000.7147197101932,0.0
941940,0.0,0.0,7.708261228338448,999.8753616038069,0.0
942000,0.0,0.0,7.708261228338448,999.2064337526868,0.0
942060,0.0,0.0,7.708261228338448,999.0554550269575,0.0
942120,0.0,0.0,7.708261228338448,999.8750173146889,0.0
942180,0.0,0.0,7.708261228338448,1000.5466185458467,0.0
942240,0.0,0.0,7.708261228338448,1000.585751599425,0.0
942300,0.0,0.0,7.708261228338448,998.033966501312,0.0
942360,0.0,0.0,7.708261228338448,999.1219850691233,0.0
942420,0.0,0.0,7.708261228338448,1000.1098987723396,0.0
942480,0.0,0.0,7.708261228338448,1000.3108519555992,0.0
942540,0.0,0.0,7.708261228338448,1001.299836029299,0.0
942600,0.0,0.0,7.708261228338448,999.4329749365243,0.0
942660,0.0,0.0,7.708261228338448,998.9061224105925,0.0
942720,0.0,0.0,7.708261228338448,999.4850030176684,0.0
942780,0.0,0.0,7.708261228338448,1000.2859627119044,0.0
942840,0.0,0.0,7.708261228338448,1000.4440186297759,0.0
942900,0.0,0.0,7.708261228338448,1000.322563411928,0.0
942960,0.0,0.0,7.708261228338448,997.9660489173765,0.0
943020,0.0,0.0,7.708261228338448,999.1453884793012,0.0
943080,0.0,0.0,7.708261228338448,999.8835579367781,0.0
943140,0.0,0.0,7.708261228338448,1001.8530833259701,0.0
943200,0.0,0.0,7.708261228338448,999.2885612036126,0.0
943260,0.0,0.0,7.708261228338448,999.8521062060473,0.0
943320,0.0,0.0,7.708261228338448,998.3560003876877,0.0
943380,0.0,0.0,7.708261228338448,999.6157040689161,0.0
943440,0.0,0.0,7.708261228338448,1001.4176346562994,0.0
943500,0.0,0.0,7.708261228338448,1000.2486155461652,0.0
943560,0.0,0.0,7.708261228338448,1000.1023658126571,0.0
943620,0.0,0.0,7.708261228338448,998.6277180008184,0.0
943680,0.0,0.0,7.708261228338448,999.3175039957678,0.0
943740,0.0,0.0,7.708261228338448,1000.5183408680338,0.0
943800,0.0,0.0,7.708261228338448,1000.7360422688726,0.0
943860,0.0,0.0,7.708261228338448,999.083169962084,0.0
943920,0.0,0.0,7.708261228338448,999.403195448105,0.0
943980,0.0,0.0,7.708261228338448,998.9764267689568,0.0
944040,0.0,0.0,7.708261228338448,999.9506516492224,0.0
944100,0.0,0.0,7.708261228338448,1001.4481797763684,0.0
944160,0.0,0.0,7.708261228338448,999.1089856361014,0.0
944220,0.0,0.0,7.708261228338448,999.5390526857185,0.0
944280,0.0,0.0,7.708261228338448,998.6019394962302,0.0
944340,0.0,0.0,7.708261228338448,1000.702275555413,0.0
944400,0.0,0.0,7.708261228338448,1000.2794236365115,0.0
944460,0.0,0.0,7.708261228338448,1001.3880200759838,0.0
944520,0.0,0.0,7.708261228338448,999.3904706973995,0.0
944580,0.0,0.0,7.708261228338448,998.9976013995672,0.0
944640,0.0,0.0,7.708261228338448,999.5374263453747,0.0
944700,0.0,0.0,7.708261228338448,1000.268116379147,0.0
944760,0.0,0.0,7.708261228338448,1000.3155945913427,0.0
944820,0.0,0.0,7.708261228338448,1000.3261791709577,0.0
944880,0.0,0.0,7.708261228338448,997.8645271812177,0.0
944940,0.0,0.0,7.708261228338448,999.1975267227613,0.0
945000,0.0,0.0,7.708261228338448,1000.7290809379159,0.0
945060,0.0,0.0,7.708261228338448,1000.4234642928461,0.0
945120,0.0,0.0,7.708261228338448,1000.8770960800018,0.0
945180,0.0,0.0,7.708261228338448,999.0072596911583,0.0
945240,0.0,0.0,7.708261228338448,998.8845567663607,0.0
945300,0.0,0.0,7.708261228338448,999.9734889795258,0.0
945360,0.0,0.0,7.708261228338448,1000.5798631466628,0.0
945420,0.0,0.0,7.708261228338448,1000.6878315113388,0.0
945480,0.0,0.0,7.708261228338448,998.8406756364943,0.0
945540,0.0,0.0,7.708261228338448,999.1333776764612,0.0
945600,0.0,0.0,7.708261228338448,1000.0424925220627,0.0
945660,0.0,0.0,7.708261228338448,1000.3997451842426,0.0
945720,0.0,0.0,7.708261228338448,1000.7687134608116,0.0
945780,0.0,0.0,7.708261228338448,998.7954019717532,0.0
945840,0.0,0.0,7.708261228338448,999.4980100915831,0.0
945900,0.0,0.0,7.708261228338448,999.0301279126002,0.0
945960,0.0,0.0,7.708261228338448,999.9387649174623,0.0
946020,0.0,0.0,7.708261228338448,1001.5504170294399,0.0
946080,0.0,0.0,7.708261228338448,999.9949030915864,0.0
946140,0.0,0.0,7.708261228338448,999.5039164300352,0.0
946200,0.0,0.0,7.708261228338448,998.8277821017917,0.0
946260,0.0,0.0,7.708261228338448,999.7117514418408,0.0
946320,0.0,0.0,7.708261228338448,1000.6422911564621,0.0
946380,0.0,0.0,7.708261228338448,1000.6752779455833,0.0
946440,0.0,0.0,7.708261228338448,998.5058510763439,0.0
946500,0.0,0.0,7.708261228338448,999.0987098262349,0.0
946560,0.0,0.0,7.708261228338448,999.6631408115145,0.0
946620,0.0,0.0,7.708261228338448,1000.8481117759512,0.0
946680,0.0,0.0,7.708261228338448,1000.5333980758243,0.0
946740,0.0,0.0,7.708261228338448,999.9627935802815,0.0
946800,0.0,0.0,7.708261228338448,997.7052623270782,0.0
946860,0.0,0.0,7.708261228338448,999.2328466193043,0.0
946920,0.0,0.0,7.708261228338448,1000.9150590666068,0.0
946980,0.0,0.0,7.708261228338448,1000.3445329110807,0.0
947040,0.0,0.0,7.708261228338448,1000.981487197306,0.0
947100,0.0,0.0,7.708261228338448,998.9988772436857,0.0
947160,0.0,0.0,7.708261228338448,998.9369973875433,0.0
947220,0.0,0.0,7.708261228338448,1000.0180614471441,0.0
947280,0.0,0.0,7.708261228338448,1000.5524138880555,0.0
947340,0.0,0.0,7.708261228338448,999.9082330928072,0.0
947400,0.0,0.0,7.708261228338448,999.9704916783575,0.0
947460,0.0,0.0,7.708261228338448,998.1332866050393,0.0
947520,0.0,0.0,7.708261228338448,999.458915904468,0.0
947580,0.0,0.0,7.708261228338448,1001.1714326628382,0.0
947640,0.0,0.0,7.708261228338448,1000.3866654157853,0.0
947700,0.0,0.0,7.708261228338448,1000.3318265339792,0.0
947760,0.0,0.0,7.708261228338448,998.6568274865638,0.0
947820,0.0,0.0,7.708261228338448,999.1145305718605,0.0
947880,0.0,0.0,7.708261228338448,1001.4031601063556,0.0
947940,0.0,0.0,7.708261228338448,1000.3753797966542,0.0
948000,0.0,0.0,7.708261228338448,1000.7431379847478,0.0
948060,0.0,0.0,7.708261228338448,997.3520989161649,0.0
948120,0.0,0.0,7.708261228338448,998.8903314857589,0.0
948180,0.0,0.0,7.708261228338448,999.7326556335139,0.0
948240,0.0,0.0,7.708261228338448,1000.5716369911415,0.0
948300,0.0,0.0,7.708261228338448,1000.6477374975069,0.0
948360,0.0,0.0,7.708261228338448,998.3072427690918,0.0
948420,0.0,0.0,7.708261228338448,999.1834135116309,0.0
948480,0.0,0.0,7.708261228338448,999.769387040744,0.0
948540,0.0,0.0,7.708261228338448,1000.2125982030242,0.0
948600,0.0,0.0,7.708261228338448,1001.4313336313946,0.0
948660,0.0,0.0,7.708261228338448,999.6360939777461,0.0
948720,0.0,0.0,7.708261228338448,999.0375231120461,0.0
948780,0.0,0.0,7.708261228338448,999.2441413690095,0.0
948840,0.0,0.0,7.708261228338448,1000.1099321082776,0.0
948900,0.0,0.0,7.708261228338448,1000.5616169412217,0.0
948960,0.0,0.0,7.708261228338448,1000.4690708241768,0.0
949020,0.0,0.0,7.708261228338448,998.0511432430096,0.0
949080,0.0,0.0,7.708261228338448,998.844297575093,0.0
949140,0.0,0.0,7.708261228338448,999.7174430765078,0.0
949200,0.0,0.0,7.708261228338448,1001.8883685547443,0.0
949260,0.0,0.0,7.708261228338448,999.5641255616737,0.0
949320,0.0,0.0,7.708261228338448,1000.0341874839824,0.0
949380,0.0,0.0,7.708261228338448,998.0746219956153,0.0
949440,0.0,0.0,7.708261228338448,999.4752599255468,0.0
949500,0.0,0.0,7.708261228338448,1001.2695695302506,0.0
949560,0.0,0.0,7.708261228338448,1000.3214866411142,0.0
949620,0.0,0.0,7.708261228338448,1000.3886721622049,0.0
949680,0.0,0.0,7.708261228338448,998.6603520540455,0.0
949740,0.0,0.0,7.708261228338448,999.158387659621,0.0
949800,0.0,0.0,7.708261228338448,1000.3943855045228,0.0
949860,0.0,0.0,7.708261228338448,1000.7133107100333,0.0
949920,0.0,0.0,7.708261228338448,999.3729930888368,0.0
949980,0.0,0.0,7.708261228338448,999.5771951233421,0.0
950040,0.0,0.0,7.708261228338448,998.6669412203885,0.0
950100,0.0,0.0,7.708261228338448,999.7923660316894,0.0
950160,0.0,0.0,7.708261228338448,1001.4070224431636,0.0
950220,0.0,0.0,7.708261228338448,1000.202423884524,0.0
950280,0.0,0.0,7.708261228338448,999.7447365385171,0.0
950340,0.0,0.0,7.708261228338448,998.1801720332952,0.0
950400,0.0,0.0,7.708261228338448,999.5433498965652,0.0
950460,0.0,0.0,7.708261228338448,1000.7535249709994,0.0
950520,0.0,0.0,7.708261228338448,1000.3794094613761,0.0
950580,0.0,0.0,7.708261228338448,999.6918536275844,0.0
950640,0.0,0.0,7.708261228338448,998.9862933731213,0.0
950700,0.0,0.0,7.708261228338448,999.2914951077431,0.0
950760,0.0,0.0,7.708261228338448,1000.0702224288301,0.0
950820,0.0,0.0,7.708261228338448,1000.4651606344821,0.0
950880,0.0,0.0,7.708261228338448,1000.4725332712876,0.0
950940,0.0,0.0,7.708261228338448,997.8854062401437,0.0
951000,0.0,0.0,7.708261228338448,999.1254682471751,0.0
951060,0.0,0.0,7.708261228338448,1000.4315997316743,0.0
951120,0.0,0.0,7.708261228338448,1000.386639743034,0.0
951180,0.0,0.0,7.708261228338448,1001.107931719904,0.0
951240,0.0,0.0,7.708261228338448,999.2205795734304,0.0
951300,0.0,0.0,7.708261228338448,998.8538394403463,0.0
951360,0.0,0.0,7.708261228338448,999.7306354625879,0.0
951420,0.0,0.0,7.708261228338448,1000.4466718519649,0.0
951480,0.0,0.0,7.708261228338448,1001.0318880828951,0.0
951540,0.0,0.0,7.708261228338448,999.0945473738255,0.0
951600,0.0,0.0,7.708261228338448,999.2829002994646,0.0
951660,0.0,0.0,7.708261228338448,999.6055187783775,0.0
951720,0.0,0.0,7.708261228338448,1000.2944425920084,0.0
951780,0.0,0.0,7.708261228338448,1000.7408985094896,0.0
951840,0.0,0.0,7.708261228338448,999.1087327150549,0.0
951900,0.0,0.0,7.708261228338448,999.6729541458925,0.0
951960,0.0,0.0,7.708261228338448,998.6869059571552,0.0
952020,0.0,0.0,7.708261228338448,999.7853940423665,0.0
952080,0.0,0.0,7.708261228338448,1001.5183532836578,0.0
952140,0.0,0.0,7.708261228338448,1000.135747348245,0.0
952200,0.0,0.0,7.708261228338448,999.7840077074877,0.0
952260,0.0,0.0,7.708261228338448,998.6908688222841,0.0
952320,0.0,0.0,7.708261228338448,999.5141517283025,0.0
952380,0.0,0.0,7.708261228338448,1000.609050057171,0.0
952440,0.0,0.0,7.708261228338448,1000.7254901395712,0.0
952500,0.0,0.0,7.708261228338448,998.7909164478435,0.0
952560,0.0,0.0,7.708261228338448,999.2246258224383,0.0
952620,0.0,0.0,7.708261228338448,999.3236506460664,0.0
952680,0.0,0.0,7.708261228338448,1000.7684064871924,0.0
952740,0.0,0.0,7.708261228338448,1000.5271373470695,0.0
952800,0.0,0.0,7.708261228338448,1000.338519518394,0.0
952860,0.0,0.0,7.708261228338448,997.5934610880397,0.0
952920,0.0,0.0,7.708261228338448,999.1741188356061,0.0
952980,0.0,0.0,7.708261228338448,1000.6270798746741,0.0
953040,0.0,0.0,7.708261228338448,1000.3167770943468,0.0
953100,0.0,0.0,7.708261228338448,1001.1976638196463,0.0
953160,0.0,0.0,7.708261228338448,999.1906909677092,0.0
953220,0.0,0.0,7.708261228338448,998.9075046292439,0.0
953280,0.0,0.0,7.708261228338448,999.7988009061485,0.0
953340,0.0,0.0,7.708261228338448,1000.4338857336043,0.0
953400,0.0,0.0,7.708261228338448,1000.1307866965122,0.0
953460,0.0,0.0,7.708261228338448,1000.144435001174,0.0
953520,0.0,0.0,7.708261228338448,997.9674489397553,0.0
953580,0.0,0.0,7.708261228338448,999.317634263224,0.0
953640,0.0,0.0,7.708261228338448,1000.9789081047003,0.0
953700,0.0,0.0,7.708261228338448,1000.4274226241043,0.0
953760,0.0,0.0,7.708261228338448,1000.597064808942,0.0
953820,0.0,0.0,7.708261228338448,998.8058720167724,0.0
953880,0.0,0.0,7.708261228338448,998.9787621783672,0.0
953940,0.0,0.0,7.708261228338448,1001.1720008239719,0.0
954000,0.0,0.0,7.708261228338448,1000.3954226073253,0.0
954060,0.0,0.0,7.708261228338448,1000.8865434497252,0.0
954120,0.0,0.0,7.708261228338448,997.4398603165329,0.0
954180,0.0,0.0,7.708261228338448,998.7710537626085,0.0
954240,0.0,0.0,7.708261228338448,999.5410751528428,0.0
954300,0.0,0.0,7.708261228338448,1000.5655790778009,0.0
954360,0.0,0.0,7.708261228338448,1000.6857188486266,0.0
954420,0.0,0.0,7.708261228338448,998.5816695582944,0.0
954480,0.0,0.0,7.708261228338448,999.2978316855939,0.0
954540,0.0,0.0,7.708261228338448,999.4313030967588,0.0
954600,0.0,0.0,7.708261228338448,1000.0990254996469,0.0
954660,0.0,0.0,7.708261228338448,1001.5047007561365,0.0
954720,0.0,0.0,7.708261228338448,999.8164258246654,0.0
954780,0.0,0.0,7.708261228338448,999.221828566128,0.0
954840,0.0,0.0,7.708261228338448,999.0306793892848,0.0
954900,0.0,0.0,7.708261228338448,999.9301503523641,0.0
954960,0.0,0.0,7.708261228338448,1000.6297575207808,0.0
955020,0.0,0.0,7.708261228338448,1000.5820907296672,0.0
955080,0.0,0.0,7.708261228338448,998.2562344795671,0.0
955140,0.0,0.0,7.708261228338448,998.5856464390052,0.0
955200,0.0,0.0,7.708261228338448,999.5616013442082,0.0
955260,0.0,0.0,7.708261228338448,1001.8515195297897,0.0
955320,0.0,0.0,7.708261228338448,999.8056779579813,0.0
955380,0.0,0.0,7.708261228338448,1000.1973606094203,0.0
955440,0.0,0.0,7.708261228338448,997.864888186232,0.0
955500,0.0,0.0,7.708261228338448,999.3556533735879,0.0
955560,0.0,0.0,7.708261228338448,1001.0798907804748,0.0
955620,0.0,0.0,7.708261228338448,1000.3623934276085,0.0
955680,0.0,0.0,7.708261228338448,1000.6493374116648,0.0
955740,0.0,0.0,7.708261228338448,998.7882489765686,0.0
955800,0.0,0.0,7.708261228338448,999.0328592807308,0.0
955860,0.0,0.0,7.708261228338448,1000.2396837250237,0.0
955920,0.0,0.0,7.708261228338448,1000.6617793417487,0.0
955980,0.0,0.0,7.708261228338448,999.6427483520683,0.0
956040,0.0,0.0,7.708261228338448,999.751089386349,0.0
956100,0.0,0.0,7.708261228338448,998.3996266464392,0.0
956160,0.0,0.0,7.708261228338448,999.6362849890577,0.0
956220,0.0,0.0,7.708261228338448,1001.3173207429007,0.0
956280,0.0,0.0,7.708261228338448,1000.3096994021373,0.0
956340,0.0,0.0,7.708261228338448,1000.0096553025221,0.0
956400,0.0,0.0,7.708261228338448,997.8545291561034,0.0
956460,0.0,0.0,7.708261228338448,999.3781988330998,0.0
956520,0.0,0.0,7.708261228338448,1000.5842551187435,0.0
956580,0.0,0.0,7.708261228338448,1000.6895768569658,0.0
956640,0.0,0.0,7.708261228338448,999.8548731920137,0.0
956700,0.0,0.0,7.708261228338448,999.1586226454659,0.0
956760,0.0,0.0,7.708261228338448,999.080480044133,0.0
956820,0.0,0.0,7.708261228338448,999.9057571352827,0.0
956880,0.0,0.0,7.708261228338448,1000.5517149756905,0.0
956940,0.0,0.0,7.708261228338448,1000.5734374871219,0.0
957000,0.0,0.0,7.708261228338448,998.0366821167273,0.0
957060,0.0,0.0,7.708261228338448,999.1069574356109,0.0
957120,0.0,0.0,7.708261228338448,1000.1373144351097,0.0
957180,0.0,0.0,7.708261228338448,1000.3289322171337,0.0
957240,0.0,0.0,7.708261228338448,1001.2680801597954,0.0
957300,0.0,0.0,7.708261228338448,999.4131575730743,0.0
957360,0.0,0.0,7.708261228338448,998.8880006751004,0.0
957420,0.0,0.0,7.708261228338448,999.5050802084629,0.0
957480,0.0,0.0,7.708261228338448,1000.3073302844201,0.0
957540,0.0,0.0,7.708261228338448,1001.2923981568057,0.0
957600,0.0,0.0,7.708261228338448,999.3249116924574,0.0
957660,0.0,0.0,7.708261228338448,999.4460520159765,0.0
957720,0.0,0.0,7.708261228338448,999.1942326231386,0.0
957780,0.0,0.0,7.708261228338448,1000.1665443908307,0.0
957840,0.0,0.0,7.708261228338448,1000.6882592510336,0.0
957900,0.0,0.0,7.708261228338448,999.3943116221866,0.0
957960,0.0,0.0,7.708261228338448,999.8299236140809,0.0
958020,0.0,0.0,7.708261228338448,998.4043649676129,0.0
958080,0.0,0.0,7.708261228338448,999.6453078020636,0.0
958140,0.0,0.0,7.708261228338448,1001.4340272689599,0.0
958200,0.0,0.0,7.708261228338448,1000.2399427213395,0.0
958260,0.0,0.0,7.708261228338448,1000.0449602738664,0.0
958320,0.0,0.0,7.708261228338448,998.6274405093543,0.0
958380,0.0,0.0,7.708261228338448,999.3434660550938,0.0
958440,0.0,0.0,7.708261228338448,1000.5377155326609,0.0
958500,0.0,0.0,7.708261228338448,1000.7416156616357,0.0
958560,0.0,0.0,7.708261228338448,999.0700158436443,0.0
958620,0.0,0.0,7.708261228338448,999.3642974495749,0.0
958680,0.0,0.0,7.708261228338448,999.0160716495982,0.0
958740,0.0,0.0,7.708261228338448,999.9762165118971,0.0
958800,0.0,0.0,7.708261228338448,1001.4349829631508,0.0
958860,0.0,0.0,7.708261228338448,999.1133235990478,0.0
958920,0.0,0.0,7.708261228338448,999.5081268707748,0.0
958980,0.0,0.0,7.708261228338448,998.6192623114312,0.0
959040,0.0,0.0,7.708261228338448,1000.7052153650304,0.0
959100,0.0,0.0,7.708261228338448,1000.2978277032294,0.0
959160,0.0,0.0,7.708261228338448,1001.3502286677956,0.0
959220,0.0,0.0,7.708261228338448,999.3719528527438,0.0
959280,0.0,0.0,7.708261228338448,998.9776614989705,0.0
959340,0.0,0.0,7.708261228338448,999.5562507614935,0.0
959400,0.0,0.0,7.708261228338448,1000.2886630350765,0.0
959460,0.0,0.0,7.708261228338448,1000.3170776452048,0.0
959520,0.0,0.0,7.708261228338448,1000.3092529438636,0.0
959580,0.0,0.0,7.708261228338448,997.8811428635994,0.0
959640,0.0,0.0,7.708261228338448,999.1992144398848,0.0
959700,0.0,0.0,7.708261228338448,1000.737561314655,0.0
959760,0.0,0.0,7.708261228338448,1000.4324510272583,0.0
959820,0.0,0.0,7.708261228338448,1000.8498427696273,0.0
959880,0.0,0.0,7.708261228338448,998.9939771601338,0.0
959940,0.0,0.0,7.708261228338448,998.8832356317862,0.0
960000,0.0,0.0,7.708261228338448,1000.87668175191,0.0
960060,0.0,0.0,7.708261228338448,1000.3747044767038,0.0
960120,0.0,0.0,7.708261228338448,1001.0001345806015,0.0
960180,0.0,0.0,7.708261228338448,997.68426008232,0.0
960240,0.0,0.0,7.708261228338448,998.7165709773823,0.0
960300,0.0,0.0,7.708261228338448,999.3519997190907,0.0
960360,0.0,0.0,7.708261228338448,1000.5093707932273,0.0
960420,0.0,0.0,7.708261228338448,1000.6927398987946,0.0
960480,0.0,0.0,7.708261228338448,998.8763669969239,0.0
960540,0.0,0.0,7.708261228338448,999.4460945094438,0.0
960600,0.0,0.0,7.708261228338448,999.085215226129,0.0
960660,0.0,0.0,7.708261228338448,999.963601486548,0.0
960720,0.0,0.0,7.708261228338448,1001.5311846185906,0.0
960780,0.0,0.0,7.708261228338448,999.9823068344781,0.0
960840,0.0,0.0,7.708261228338448,999.4562968741651,0.0
960900,0.0,0.0,7.708261228338448,998.8430361071188,0.0
960960,0.0,0.0,7.708261228338448,999.7378445929041,0.0
961020,0.0,0.0,7.708261228338448,1000.6506997336843,0.0
961080,0.0,0.0,7.708261228338448,1000.6688778731524,0.0
961140,0.0,0.0,7.708261228338448,998.5015036945357,0.0
961200,0.0,0.0,7.708261228338448,999.0756340511409,0.0
961260,0.0,0.0,7.708261228338448,999.6898804123673,0.0
961320,0.0,0.0,7.708261228338448,1000.853025442847,0.0
961380,0.0,0.0,7.708261228338448,1000.5389581438438,0.0
961440,0.0,0.0,7.708261228338448,999.9256010377301,0.0
961500,0.0,0.0,7.708261228338448,997.734242184142,0.0
961560,0.0,0.0,7.708261228338448,999.2336802490695,0.0
961620,0.0,0.0,7.708261228338448,1000.9225302282554,0.0
961680,0.0,0.0,7.708261228338448,1000.3543510642504,0.0
961740,0.0,0.0,7.708261228338448,1000.9488125205488,0.0
961800,0.0,0.0,7.708261228338448,998.984123817665,0.0
961860,0.0,0.0,7.708261228338448,998.9352192983511,0.0
961920,0.0,0.0,7.708261228338448,1000.0307665656562,0.0
961980,0.0,0.0,7.708261228338448,1000.5648981744558,0.0
962040,0.0,0.0,7.708261228338448,999.9106287256673,0.0
962100,0.0,0.0,7.708261228338448,999.9524346882657,0.0
962160,0.0,0.0,7.708261228338448,998.1492959801927,0.0
962220,0.0,0.0,7.708261228338448,999.4658646190246,0.0
962280,0.0,0.0,7.708261228338448,1001.1696202160038,0.0
962340,0.0,0.0,7.708261228338448,1000.3905292132404,0.0
962400,0.0,0.0,7.708261228338448,1000.3101542210094,0.0
962460,0.0,0.0,7.708261228338448,997.5635051943461,0.0
962520,0.0,0.0,7.708261228338448,999.2133279277884,0.0
962580,0.0,0.0,7.708261228338448,1000.3647141936106,0.0
962640,0.0,0.0,7.708261228338448,1000.9704238804858,0.0
962700,0.0,0.0,7.708261228338448,1000.014028070486,0.0
962760,0.0,0.0,7.708261228338448,999.4107242531385,0.0
962820,0.0,0.0,7.708261228338448,998.8783587858189,0.0
962880,0.0,0.0,7.708261228338448,999.7162909537843,0.0
962940,0.0,0.0,7.708261228338448,1000.5914035018983,0.0
963000,0.0,0.0,7.708261228338448,1000.6550308393489,0.0
963060,0.0,0.0,7.708261228338448,998.2836763685483,0.0
963120,0.0,0.0,7.708261228338448,999.1583360251686,0.0
963180,0.0,0.0,7.708261228338448,999.7976462540962,0.0
963240,0.0,0.0,7.708261228338448,1000.2335428331454,0.0
963300,0.0,0.0,7.708261228338448,1001.4040922733824,0.0
963360,0.0,0.0,7.708261228338448,999.6180952327034,0.0
963420,0.0,0.0,7.708261228338448,999.0102452625777,0.0
963480,0.0,0.0,7.708261228338448,999.2631623402326,0.0
963540,0.0,0.0,7.708261228338448,1000.1327288393385,0.0
963600,0.0,0.0,7.708261228338448,1001.5216697865825,0.0
963660,0.0,0.0,7.708261228338448,999.5574218760731,0.0
963720,0.0,0.0,7.708261228338448,999.6548897587439,0.0
963780,0.0,0.0,7.708261228338448,998.7567961761803,0.0
963840,0.0,0.0,7.708261228338448,999.9939779451729,0.0
963900,0.0,0.0,7.708261228338448,1000.5984065802226,0.0
963960,0.0,0.0,7.708261228338448,999.6734371466192,0.0
964020,0.0,0.0,7.708261228338448,1000.001417998354,0.0
964080,0.0,0.0,7.708261228338448,998.1421054508917,0.0
964140,0.0,0.0,7.708261228338448,999.4985817133719,0.0
964200,0.0,0.0,7.708261228338448,1001.2981064187459,0.0
964260,0.0,0.0,7.708261228338448,1000.3194107613692,0.0
964320,0.0,0.0,7.708261228338448,1000.3296586814453,0.0
964380,0.0,0.0,7.708261228338448,998.645356264425,0.0
964440,0.0,0.0,7.708261228338448,999.1783812787663,0.0
964500,0.0,0.0,7.708261228338448,1000.418130335033,0.0
964560,0.0,0.0,7.708261228338448,1000.7251883047569,0.0
964620,0.0,0.0,7.708261228338448,999.3593552647451,0.0
964680,0.0,0.0,7.708261228338448,999.5369694940903,0.0
964740,0.0,0.0,7.708261228338448,998.7067056207335,0.0
964800,0.0,0.0,7.708261228338448,999.8175032243956,0.0
964860,0.0,0.0,7.708261228338448,1001.4004041621006,0.0
964920,0.0,0.0,7.708261228338448,999.467966728906,0.0
964980,0.0,0.0,7.708261228338448,999.6837036657247,0.0
965040,0.0,0.0,7.708261228338448,998.4926567814176,0.0
965100,0.0,0.0,7.708261228338448,1000.3984239440618,0.0
965160,0.0,0.0,7.708261228338448,1000.2098852726707,0.0
965220,0.0,0.0,7.708261228338448,1001.502430706114,0.0
965280,0.0,0.0,7.708261228338448,999.5600020794325,0.0
965340,0.0,0.0,7.708261228338448,999.0954724136943,0.0
965400,0.0,0.0,7.708261228338448,999.3276920079811,0.0
965460,0.0,0.0,7.708261228338448,1000.1298585761101,0.0
965520,0.0,0.0,7.708261228338448,1000.4567566276019,0.0
965580,0.0,0.0,7.708261228338448,1000.4435811750207,0.0
965640,0.0,0.0,7.708261228338448,997.9022085091779,0.0
965700,0.0,0.0,7.708261228338448,999.1222049558123,0.0
965760,0.0,0.0,7.708261228338448,1000.4699080840892,0.0
965820,0.0,0.0,7.708261228338448,1000.4064452127919,0.0
965880,0.0,0.0,7.708261228338448,1001.0573154492837,0.0
965940,0.0,0.0,7.708261228338448,999.1876601624327,0.0
966000,0.0,0.0,7.708261228338448,998.8439800307741,0.0
966060,0.0,0.0,7.708261228338448,1000.5376799931469,0.0
966120,0.0,0.0,7.708261228338448,1000.3213524419883,0.0
966180,0.0,0.0,7.708261228338448,1001.0708875825708,0.0
966240,0.0,0.0,7.708261228338448,998.0138769933408,0.0
966300,0.0,0.0,7.708261228338448,998.7467189526035,0.0
966360,0.0,0.0,7.708261228338448,999.1878445279929,0.0
966420,0.0,0.0,7.708261228338448,1000.4130308694014,0.0
966480,0.0,0.0,7.708261228338448,1000.6706571716888,0.0
966540,0.0,0.0,7.708261228338448,999.1660981544453,0.0
966600,0.0,0.0,7.708261228338448,999.6028840447011,0.0
966660,0.0,0.0,7.708261228338448,998.7649893292713,0.0
966720,0.0,0.0,7.708261228338448,999.8231443901891,0.0
966780,0.0,0.0,7.708261228338448,1001.5046549293982,0.0
966840,0.0,0.0,7.708261228338448,1000.120182468977,0.0
966900,0.0,0.0,7.708261228338448,999.7072903246174,0.0
966960,0.0,0.0,7.708261228338448,998.7062558899555,0.0
967020,0.0,0.0,7.708261228338448,999.5528088897723,0.0
967080,0.0,0.0,7.708261228338448,1000.6264251185262,0.0
967140,0.0,0.0,7.708261228338448,1000.7227413391246,0.0
967200,0.0,0.0,7.708261228338448,998.7712686247147,0.0
967260,0.0,0.0,7.708261228338448,999.1816349140765,0.0
967320,0.0,0.0,7.708261228338448,999.3738042829758,0.0
967380,0.0,0.0,7.708261228338448,1000.7817843111128,0.0
967440,0.0,0.0,7.708261228338448,1000.5401673437835,0.0
967500,0.0,0.0,7.708261228338448,1000.2726708779268,0.0
967560,0.0,0.0,7.708261228338448,997.6308486117578,0.0
967620,0.0,0.0,7.708261228338448,999.1684590844695,0.0
967680,0.0,0.0,7.708261228338448,1000.654152971341,0.0
967740,0.0,0.0,7.708261228338448,1000.3340017996962,0.0
967800,0.0,0.0,7.708261228338448,1001.1508531184201,0.0
967860,0.0,0.0,7.708261228338448,999.1644676671431,0.0
967920,0.0,0.0,7.708261228338448,998.8981955300915,0.0
967980,0.0,0.0,7.708261228338448,999.8242400906196,0.0
968040,0.0,0.0,7.708261228338448,1000.4570801680305,0.0
968100,0.0,0.0,7.708261228338448,1000.1264752030953,0.0
968160,0.0,0.0,7.708261228338448,1000.1175584435919,0.0
968220,0.0,0.0,7.708261228338448,997.9920060961002,0.0
968280,0.0,0.0,7.708261228338448,999.3281410993379,0.0
968340,0.0,0.0,7.708261228338448,1000.9880378303835,0.0
968400,0.0,0.0,7.708261228338448,1000.433829495661,0.0
968460,0.0,0.0,7.708261228338448,1000.5599425545678,0.0
968520,0.0,0.0,7.708261228338448,997.4025002864383,0.0
968580,0.0,0.0,7.708261228338448,999.0922507580369,0.0
968640,0.0,0.0,7.708261228338448,1000.1473294582681,0.0
968700,0.0,0.0,7.708261228338448,1001.1685622782992,0.0
968760,0.0,0.0,7.708261228338448,1000.1365023340547,0.0
968820,0.0,0.0,7.708261228338448,999.6645423172478,0.0
968880,0.0,0.0,7.708261228338448,998.7363616165871,0.0
968940,0.0,0.0,7.708261228338448,999.5487720100359,0.0
969000,0.0,0.0,7.708261228338448,1000.5856129003265,0.0
969060,0.0,0.0,7.708261228338448,1000.7006909181436,0.0
969120,0.0,0.0,7.708261228338448,998.5485947402501,0.0
969180,0.0,0.0,7.708261228338448,999.2590971243541,0.0
969240,0.0,0.0,7.708261228338448,999.476164578529,0.0
969300,0.0,0.0,7.708261228338448,1000.1275999135827,0.0
969360,0.0,0.0,7.708261228338448,1001.4780050233032,0.0
969420,0.0,0.0,7.708261228338448,999.7949139829818,0.0
969480,0.0,0.0,7.708261228338448,999.1783890111822,0.0
969540,0.0,0.0,7.708261228338448,999.0546387534004,0.0
969600,0.0,0.0,7.708261228338448,999.9610826000672,0.0
969660,0.0,0.0,7.708261228338448,1000.6340625008324,0.0
969720,0.0,0.0,7.708261228338448,1000.5674357335164,0.0
969780,0.0,0.0,7.708261228338448,998.2508446369467,0.0
969840,0.0,0.0,7.708261228338448,998.6116378110077,0.0
969900,0.0,0.0,7.708261228338448,999.5819995340867,0.0
969960,0.0,0.0,7.708261228338448,1001.8249766955142,0.0
970020,0.0,0.0,7.708261228338448,999.8102977683355,0.0
970080,0.0,0.0,7.708261228338448,1000.1702568565146,0.0
970140,0.0,0.0,7.708261228338448,997.8960670207599,0.0
970200,0.0,0.0,7.708261228338448,999.3636450392555,0.0
970260,0.0,0.0,7.708261228338448,1001.0869829210892,0.0
970320,0.0,0.0,7.708261228338448,1000.3689141960205,0.0
970380,0.0,0.0,7.708261228338448,1000.61112249065,0.0
970440,0.0,0.0,7.708261228338448,998.7723975673907,0.0
970500,0.0,0.0,7.708261228338448,999.0381563223185,0.0
970560,0.0,0.0,7.708261228338448,1000.2538252969597,0.0
970620,0.0,0.0,7.708261228338448,1000.6726751417053,0.0
970680,0.0,0.0,7.708261228338448,999.6422862166785,0.0
970740,0.0,0.0,7.708261228338448,999.7281544465267,0.0
970800,0.0,0.0,7.708261228338448,998.4189930124763,0.0
970860,0.0,0.0,7.708261228338448,999.6479119125108,0.0
970920,0.0,0.0,7.708261228338448,1001.3134789277069,0.0
970980,0.0,0.0,7.708261228338448,999.8059735271547,0.0
971040,0.0,0.0,7.708261228338448,999.8611643476743,0.0
971100,0.0,0.0,7.708261228338448,998.4286982717517,0.0
971160,0.0,0.0,7.708261228338448,1000.04084210355,0.0
971220,0.0,0.0,7.708261228338448,1000.0958643779414,0.0
971280,0.0,0.0,7.708261228338448,1001.6116505951726,0.0
971340,0.0,0.0,7.708261228338448,999.7416142836141,0.0
971400,0.0,0.0,7.708261228338448,999.282526070104,0.0
971460,0.0,0.0,7.708261228338448,999.1049656512827,0.0
971520,0.0,0.0,7.708261228338448,999.9519739936937,0.0
971580,0.0,0.0,7.708261228338448,1000.5521304318893,0.0
971640,0.0,0.0,7.708261228338448,1000.557164710488,0.0
971700,0.0,0.0,7.708261228338448,998.0429727050242,0.0
971760,0.0,0.0,7.708261228338448,999.0930330969917,0.0
971820,0.0,0.0,7.708261228338448,1000.1672209590354,0.0
971880,0.0,0.0,7.708261228338448,1000.3474845532128,0.0
971940,0.0,0.0,7.708261228338448,1001.2346463261792,0.0
972000,0.0,0.0,7.708261228338448,999.391533619502,0.0
972060,0.0,0.0,7.708261228338448,998.8702974615246,0.0
972120,0.0,0.0,7.708261228338448,999.5270567126183,0.0
972180,0.0,0.0,7.708261228338448,1000.3299362451971,0.0
972240,0.0,0.0,7.708261228338448,1001.2589814861733,0.0
972300,0.0,0.0,7.708261228338448,999.3166582561649,0.0
972360,0.0,0.0,7.708261228338448,999.4122226800984,0.0
972420,0.0,0.0,7.708261228338448,999.2188945943293,0.0
972480,0.0,0.0,7.708261228338448,1000.1840342715186,0.0
972540,0.0,0.0,7.708261228338448,1000.7010592003475,0.0
972600,0.0,0.0,7.708261228338448,999.3962375517347,0.0
972660,0.0,0.0,7.708261228338448,999.8053855007564,0.0
972720,0.0,0.0,7.708261228338448,998.428143805881,0.0
972780,0.0,0.0,7.708261228338448,999.657428432992,0.0
972840,0.0,0.0,7.708261228338448,1001.4282299775409,0.0
972900,0.0,0.0,7.708261228338448,1000.2403645862074,0.0
972960,0.0,0.0,7.708261228338448,1000.0158773893876,0.0
973020,0.0,0.0,7.708261228338448,998.626253238432,0.0
973080,0.0,0.0,7.708261228338448,999.3531015596296,0.0
973140,0.0,0.0,7.708261228338448,1000.5457780118502,0.0
973200,0.0,0.0,7.708261228338448,1000.7448822305822,0.0
973260,0.0,0.0,7.708261228338448,999.0741267445314,0.0
973320,0.0,0.0,7.708261228338448,999.3460842567865,0.0
973380,0.0,0.0,7.708261228338448,999.0277057702486,0.0
973440,0.0,0.0,7.708261228338448,1000.6430794205698,0.0
973500,0.0,0.0,7.708261228338448,1000.5046485189432,0.0
973560,0.0,0.0,7.708261228338448,1000.6499797478957,0.0
973620,0.0,0.0,7.708261228338448,997.6483141308295,0.0
973680,0.0,0.0,7.708261228338448,999.1523918243522,0.0
973740,0.0,0.0,7.708261228338448,1000.3264206811655,0.0
973800,0.0,0.0,7.708261228338448,1000.2761045941205,0.0
973860,0.0,0.0,7.708261228338448,1001.3419624699582,0.0
973920,0.0,0.0,7.708261228338448,999.3687671594804,0.0
973980,0.0,0.0,7.708261228338448,998.9274293662496,0.0
974040,0.0,0.0,7.708261228338448,999.5842451790128,0.0
974100,0.0,0.0,7.708261228338448,1000.3106698723541,0.0
974160,0.0,0.0,7.708261228338448,1000.3168162416721,0.0
974220,0.0,0.0,7.708261228338448,1000.2865282778859,0.0
974280,0.0,0.0,7.708261228338448,997.8999439166352,0.0
974340,0.0,0.0,7.708261228338448,999.2039685667186,0.0
974400,0.0,0.0,7.708261228338448,1000.7517531982459,0.0
974460,0.0,0.0,7.708261228338448,1000.4426368463952,0.0
974520,0.0,0.0,7.708261228338448,1000.8143264641501,0.0
974580,0.0,0.0,7.708261228338448,997.3426059438528,0.0
974640,0.0,0.0,7.708261228338448,999.0057913626863,0.0
974700,0.0,0.0,7.708261228338448,999.8946716525813,0.0
974760,0.0,0.0,7.708261228338448,1001.3142270085436,0.0
974820,0.0,0.0,7.708261228338448,1000.24017097002,0.0
974880,0.0,0.0,7.708261228338448,999.964367642025,0.0
974940,0.0,0.0,7.708261228338448,998.6462595814068,0.0
975000,0.0,0.0,7.708261228338448,999.3764441116431,0.0
975060,0.0,0.0,7.708261228338448,1000.5297928357694,0.0
975120,0.0,0.0,7.708261228338448,1000.7177025554828,0.0
975180,0.0,0.0,7.708261228338448,998.8416072987127,0.0
975240,0.0,0.0,7.708261228338448,999.4030029611623,0.0
975300,0.0,0.0,7.708261228338448,999.1335439885418,0.0
975360,0.0,0.0,7.708261228338448,999.9932736947446,0.0
975420,0.0,0.0,7.708261228338448,1001.5123255505249,0.0
975480,0.0,0.0,7.708261228338448,999.9652078547299,0.0
975540,0.0,0.0,7.708261228338448,999.406020042574,0.0
975600,0.0,0.0,7.708261228338448,998.8620017257963,0.0
975660,0.0,0.0,7.708261228338448,999.7683678691195,0.0
975720,0.0,0.0,7.708261228338448,1000.659238994857,0.0
975780,0.0,0.0,7.708261228338448,1000.6601401220579,0.0
975840,0.0,0.0,7.708261228338448,998.532805447863,0.0
975900,0.0,0.0,7.708261228338448,998.3932202085218,0.0
975960,0.0,0.0,7.708261228338448,999.4278747462018,0.0
976020,0.0,0.0,7.708261228338448,1001.7310596438646,0.0
976080,0.0,0.0,7.708261228338448,1000.0208633848648,0.0
976140,0.0,0.0,7.708261228338448,1000.327627303266,0.0
976200,0.0,0.0,7.708261228338448,997.7528854992952,0.0
976260,0.0,0.0,7.708261228338448,999.2604604816867,0.0
976320,0.0,0.0,7.708261228338448,1000.8578837852318,0.0
976380,0.0,0.0,7.708261228338448,1000.3821612258868,0.0
976440,0.0,0.0,7.708261228338448,1000.8597979724568,0.0
976500,0.0,0.0,7.708261228338448,998.9411463559156,0.0
976560,0.0,0.0,7.708261228338448,998.9425954778092,0.0
976620,0.0,0.0,7.708261228338448,1000.0667799260453,0.0
976680,0.0,0.0,7.708261228338448,1000.5930538126897,0.0
976740,0.0,0.0,7.708261228338448,999.8940378213811,0.0
976800,0.0,0.0,7.708261228338448,999.9086058633444,0.0
976860,0.0,0.0,7.708261228338448,998.1908231455249,0.0
976920,0.0,0.0,7.708261228338448,999.4900547821263,0.0
976980,0.0,0.0,7.708261228338448,1001.1797376385806,0.0
977040,0.0,0.0,7.708261228338448,1000.102941001957,0.0
977100,0.0,0.0,7.708261228338448,1000.018444285427,0.0
977160,0.0,0.0,7.708261228338448,998.4448037356157,0.0
977220,0.0,0.0,7.708261228338448,999.6635160269645,0.0
977280,0.0,0.0,7.708261228338448,999.9720676099573,0.0
977340,0.0,0.0,7.708261228338448,1001.6617623134423,0.0
977400,0.0,0.0,7.708261228338448,999.8993960471875,0.0
977460,0.0,0.0,7.708261228338448,999.5032152999273,0.0
977520,0.0,0.0,7.708261228338448,998.9156641057862,0.0
977580,0.0,0.0,7.708261228338448,999.7749427022089,0.0
977640,0.0,0.0,7.708261228338448,1000.5995622363924,0.0
977700,0.0,0.0,7.708261228338448,1000.639498998744,0.0
977760,0.0,0.0,7.708261228338448,998.2739112770792,0.0
977820,0.0,0.0,7.708261228338448,999.1216927530958,0.0
977880,0.0,0.0,7.708261228338448,999.8544286931367,0.0
977940,0.0,0.0,7.708261228338448,1000.2649257434721,0.0
978000,0.0,0.0,7.708261228338448,1001.3628077381022,0.0
978060,0.0,0.0,7.708261228338448,999.5851586519893,0.0
978120,0.0,0.0,7.708261228338448,998.9686690190376,0.0
978180,0.0,0.0,7.708261228338448,999.2991399671444,0.0
978240,0.0,0.0,7.708261228338448,1000.1707207537759,0.0
978300,0.0,0.0,7.708261228338448,1001.4709543113054,0.0
978360,0.0,0.0,7.708261228338448,999.5400498867226,0.0
978420,0.0,0.0,7.708261228338448,999.6004800839087,0.0
978480,0.0,0.0,7.708261228338448,998.8113541462036,0.0
978540,0.0,0.0,7.708261228338448,1000.0247146112621,0.0
978600,0.0,0.0,7.708261228338448,1000.6229209161854,0.0
978660,0.0,0.0,7.708261228338448,999.6656216900597,0.0
978720,0.0,0.0,7.708261228338448,999.9659681926679,0.0
978780,0.0,0.0,7.708261228338448,998.1811938069065,0.0
978840,0.0,0.0,7.708261228338448,999.5164928029905,0.0
978900,0.0,0.0,7.708261228338448,1001.301566573796,0.0
978960,0.0,0.0,7.708261228338448,1000.3208537099482,0.0
979020,0.0,0.0,7.708261228338448,1000.2811191373881,0.0
979080,0.0,0.0,7.708261228338448,998.6350303671645,0.0
979140,0.0,0.0,7.708261228338448,999.1932835189531,0.0
979200,0.0,0.0,7.708261228338448,1000.4348584561725,0.0
979260,0.0,0.0,7.708261228338448,1000.7338254409188,0.0
979320,0.0,0.0,7.708261228338448,999.3530628646464,0.0
979380,0.0,0.0,7.708261228338448,999.5066155705109,0.0
979440,0.0,0.0,7.708261228338448,998.7340708353785,0.0
979500,0.0,0.0,7.708261228338448,1000.4672697956012,0.0
979560,0.0,0.0,7.708261228338448,1000.4489835770207,0.0
979620,0.0,0.0,7.708261228338448,1000.9604137243385,0.0
979680,0.0,0.0,7.708261228338448,997.833877400957,0.0
979740,0.0,0.0,7.708261228338448,999.1901624719819,0.0
979800,0.0,0.0,7.708261228338448,1000.001321008574,0.0
979860,0.0,0.0,7.708261228338448,1000.2029861206252,0.0
979920,0.0,0.0,7.708261228338448,1001.4665506744433,0.0
979980,0.0,0.0,7.708261228338448,999.5505085893717,0.0
980040,0.0,0.0,7.708261228338448,999.0202378509994,0.0
980100,0.0,0.0,7.708261228338448,999.36321577029,0.0
980160,0.0,0.0,7.708261228338448,1000.1619144592422,0.0
980220,0.0,0.0,7.708261228338448,1000.4562840623303,0.0
980280,0.0,0.0,7.708261228338448,1000.4197036652623,0.0
980340,0.0,0.0,7.708261228338448,997.9145577915807,0.0
980400,0.0,0.0,7.708261228338448,999.121252192919,0.0
980460,0.0,0.0,7.708261228338448,1000.4977933046364,0.0
980520,0.0,0.0,7.708261228338448,1000.4227941375852,0.0
980580,0.0,0.0,7.708261228338448,1001.014856523583,0.0
980640,0.0,0.0,7.708261228338448,999.16105760965,0.0
980700,0.0,0.0,7.708261228338448,998.8371119438585,0.0
980760,0.0,0.0,7.708261228338448,1000.5468031615778,0.0
980820,0.0,0.0,7.708261228338448,1000.340314375976,0.0
980880,0.0,0.0,7.708261228338448,1001.0592773934678,0.0
980940,0.0,0.0,7.708261228338448,998.0321785520138,0.0
981000,0.0,0.0,7.708261228338448,998.7337469083409,0.0
981060,0.0,0.0,7.708261228338448,999.2036587732495,0.0
981120,0.0,0.0,7.708261228338448,1000.4292439739095,0.0
981180,0.0,0.0,7.708261228338448,1000.6807212591838,0.0
981240,0.0,0.0,7.708261228338448,999.163859955358,0.0
981300,0.0,0.0,7.708261228338448,999.5739151315386,0.0
981360,0.0,0.0,7.708261228338448,998.7920812991308,0.0
981420,0.0,0.0,7.708261228338448,999.839449363303,0.0
981480,0.0,0.0,7.708261228338448,1001.4948006713239,0.0
981540,0.0,0.0,7.708261228338448,1000.1159941742945,0.0
981600,0.0,0.0,7.708261228338448,999.6757869814953,0.0
981660,0.0,0.0,7.708261228338448,998.7108848428521,0.0
981720,0.0,0.0,7.708261228338448,999.5673921120981,0.0
981780,0.0,0.0,7.708261228338448,1000.6342341714329,0.0
981840,0.0,0.0,7.708261228338448,1000.722231030848,0.0
981900,0.0,0.0,7.708261228338448,998.8802580787286,0.0
981960,0.0,0.0,7.708261228338448,998.2394113373804,0.0
982020,0.0,0.0,7.708261228338448,999.2871183282514,0.0
982080,0.0,0.0,7.708261228338448,1001.5718093912378,0.0
982140,0.0,0.0,7.708261228338448,1000.1930953450767,0.0
982200,0.0,0.0,7.708261228338448,1000.4702060655718,0.0
982260,0.0,0.0,7.708261228338448,997.6999859395646,0.0
982320,0.0,0.0,7.708261228338448,999.1908046647701,0.0
982380,0.0,0.0,7.708261228338448,1000.5848579582541,0.0
982440,0.0,0.0,7.708261228338448,1000.3624057811812,0.0
982500,0.0,0.0,7.708261228338448,1001.0884300085561,0.0
982560,0.0,0.0,7.708261228338448,999.1317209761817,0.0
982620,0.0,0.0,7.708261228338448,998.8949744030756,0.0
982680,0.0,0.0,7.708261228338448,999.8507569512263,0.0
982740,0.0,0.0,7.708261228338448,1000.4818983323665,0.0
982800,0.0,0.0,7.708261228338448,1000.12012397798,0.0
982860,0.0,0.0,7.708261228338448,1000.0884277168658,0.0
982920,0.0,0.0,7.708261228338448,998.0178763894489,0.0
982980,0.0,0.0,7.708261228338448,999.340487730471,0.0
983040,0.0,0.0,7.708261228338448,1000.9981003651147,0.0
983100,0.0,0.0,7.708261228338448,1000.4398161424509,0.0
983160,0.0,0.0,7.708261228338448,1000.5205435935237,0.0
983220,0.0,0.0,7.708261228338448,997.4407255677667,0.0
983280,0.0,0.0,7.708261228338448,999.0975985529218,0.0
983340,0.0,0.0,7.708261228338448,1000.1708998154813,0.0
983400,0.0,0.0,7.708261228338448,1001.1546378799537,0.0
983460,0.0,0.0,7.708261228338448,1000.1318549383868,0.0
983520,0.0,0.0,7.708261228338448,999.6269629232062,0.0
983580,0.0,0.0,7.708261228338448,998.7427309399437,0.0
983640,0.0,0.0,7.708261228338448,999.5643557194411,0.0
983700,0.0,0.0,7.708261228338448,1000.5943860773715,0.0
983760,0.0,0.0,7.708261228338448,1000.7008503539126,0.0
983820,0.0,0.0,7.708261228338448,998.5532924207226,0.0
983880,0.0,0.0,7.708261228338448,999.2382268828343,0.0
983940,0.0,0.0,7.708261228338448,999.491783311217,0.0
984000,0.0,0.0,7.708261228338448,1000.140551931898,0.0
984060,0.0,0.0,7.708261228338448,1001.4627957629756,0.0
984120,0.0,0.0,7.708261228338448,999.7886476639018,0.0
984180,0.0,0.0,7.708261228338448,999.1594079177396,0.0
984240,0.0,0.0,7.708261228338448,999.0612552254003,0.0
984300,0.0,0.0,7.708261228338448,999.97302578688,0.0
984360,0.0,0.0,7.708261228338448,1001.648249413254,0.0
984420,0.0,0.0,7.708261228338448,999.7614849733304,0.0
984480,0.0,0.0,7.708261228338448,999.8346501419367,0.0
984540,0.0,0.0,7.708261228338448,998.3805333229813,0.0
984600,0.0,0.0,7.708261228338448,999.8200658984908,0.0
984660,0.0,0.0,7.708261228338448,1000.5023117094727,0.0
984720,0.0,0.0,7.708261228338448,999.922993749057,0.0
984780,0.0,0.0,7.708261228338448,1000.139530036412,0.0
984840,0.0,0.0,7.708261228338448,997.9660945695925,0.0
984900,0.0,0.0,7.708261228338448,999.3747442275393,0.0
984960,0.0,0.0,7.708261228338448,1001.1179637026063,0.0
985020,0.0,0.0,7.708261228338448,1000.372191694283,0.0
985080,0.0,0.0,7.708261228338448,1000.568236057286,0.0
985140,0.0,0.0,7.708261228338448,998.752603351494,0.0
985200,0.0,0.0,7.708261228338448,999.0469445729674,0.0
985260,0.0,0.0,7.708261228338448,1000.2733131947458,0.0
985320,0.0,0.0,7.708261228338448,1000.6856800110967,0.0
985380,0.0,0.0,7.708261228338448,999.6362915121903,0.0
985440,0.0,0.0,7.708261228338448,999.6981170154004,0.0
985500,0.0,0.0,7.708261228338448,998.445986952222,0.0
985560,0.0,0.0,7.708261228338448,1000.2331984622107,0.0
985620,0.0,0.0,7.708261228338448,1000.3582905645229,0.0
985680,0.0,0.0,7.708261228338448,1001.2661487590963,0.0
985740,0.0,0.0,7.708261228338448,998.1044154298619,0.0
985800,0.0,0.0,7.708261228338448,999.2985504099057,0.0
985860,0.0,0.0,7.708261228338448,999.636303113247,0.0
985920,0.0,0.0,7.708261228338448,1000.098336403912,0.0
985980,0.0,0.0,7.708261228338448,1001.5595942089303,0.0
986040,0.0,0.0,7.708261228338448,999.7352862940269,0.0
986100,0.0,0.0,7.708261228338448,999.1921095941962,0.0
986160,0.0,0.0,7.708261228338448,999.1366851706684,0.0
986220,0.0,0.0,7.708261228338448,999.9857573728103,0.0
986280,0.0,0.0,7.708261228338448,1000.5560331875677,0.0
986340,0.0,0.0,7.708261228338448,1000.5399302057991,0.0
986400,0.0,0.0,7.708261228338448,998.0420932227215,0.0
986460,0.0,0.0,7.708261228338448,999.0809030797908,0.0
986520,0.0,0.0,7.708261228338448,1000.2007884589051,0.0
986580,0.0,0.0,7.708261228338448,1000.3678862020017,0.0
986640,0.0,0.0,7.708261228338448,1001.1967739638493,0.0
986700,0.0,0.0,7.708261228338448,999.3657259157271,0.0
986760,0.0,0.0,7.708261228338448,998.8523786424587,0.0
986820,0.0,0.0,7.708261228338448,1000.1686306128298,0.0
986880,0.0,0.0,7.708261228338448,1000.2542224059246,0.0
986940,0.0,0.0,7.708261228338448,1001.0995991652327,0.0
987000,0.0,0.0,7.708261228338448,998.4084796387647,0.0
987060,0.0,0.0,7.708261228338448,998.8511959180603,0.0
987120,0.0,0.0,7.708261228338448,999.0559670737475,0.0
987180,0.0,0.0,7.708261228338448,1000.2925876177252,0.0
987240,0.0,0.0,7.708261228338448,1000.6323616475985,0.0
987300,0.0,0.0,7.708261228338448,999.4485295877026,0.0
987360,0.0,0.0,7.708261228338448,999.7447329282013,0.0
987420,0.0,0.0,7.708261228338448,998.4907406707139,0.0
987480,0.0,0.0,7.708261228338448,999.6891169174136,0.0
987540,0.0,0.0,7.708261228338448,1001.4237021611754,0.0
987600,0.0,0.0,7.708261228338448,1000.2330204382703,0.0
987660,0.0,0.0,7.708261228338448,999.9461357423697,0.0
987720,0.0,0.0,7.708261228338448,998.6283027609453,0.0
987780,0.0,0.0,7.708261228338448,999.3834645110612,0.0
987840,0.0,0.0,7.708261228338448,1000.5659929516594,0.0
987900,0.0,0.0,7.708261228338448,1000.748865974974,0.0
987960,0.0,0.0,7.708261228338448,999.2523211864141,0.0
988020,0.0,0.0,7.708261228338448,998.1840957806813,0.0
988080,0.0,0.0,7.708261228338448,999.1783959649125,0.0
988140,0.0,0.0,7.708261228338448,1001.3530460516627,0.0
988200,0.0,0.0,7.708261228338448,1000.3186769664593,0.0
988260,0.0,0.0,7.708261228338448,1000.5821816205743,0.0
988320,0.0,0.0,7.708261228338448,997.7648475460697,0.0
988380,0.0,0.0,7.708261228338448,999.1672750923634,0.0
988440,0.0,0.0,7.708261228338448,1000.2907736937865,0.0
988500,0.0,0.0,7.708261228338448,1000.3161764882218,0.0
988560,0.0,0.0,7.708261228338448,1001.2705285271884,0.0
988620,0.0,0.0,7.708261228338448,999.3214125568626,0.0
988680,0.0,0.0,7.708261228338448,998.9061929889668,0.0
988740,0.0,0.0,7.708261228338448,999.628590073349,0.0
988800,0.0,0.0,7.708261228338448,1000.3520521280973,0.0
988860,0.0,0.0,7.708261228338448,1000.3055780817426,0.0
988920,0.0,0.0,7.708261228338448,1000.2479631286117,0.0
988980,0.0,0.0,7.708261228338448,997.9279142779976,0.0
989040,0.0,0.0,7.708261228338448,999.2168527939851,0.0
989100,0.0,0.0,7.708261228338448,1000.781184856851,0.0
989160,0.0,0.0,7.708261228338448,1000.4556081467782,0.0
989220,0.0,0.0,7.708261228338448,1000.7568060668806,0.0
989280,0.0,0.0,7.708261228338448,997.3886951131751,0.0
989340,0.0,0.0,7.708261228338448,999.0066774348796,0.0
989400,0.0,0.0,7.708261228338448,999.9366547175712,0.0
989460,0.0,0.0,7.708261228338448,1001.291201312808,0.0
989520,0.0,0.0,7.708261228338448,1000.2353073776826,0.0
989580,0.0,0.0,7.708261228338448,999.9013183725268,0.0
989640,0.0,0.0,7.708261228338448,998.6498734788738,0.0
989700,0.0,0.0,7.708261228338448,999.3995359320735,0.0
989760,0.0,0.0,7.708261228338448,1000.5460708888361,0.0
989820,0.0,0.0,7.708261228338448,1000.7223513258115,0.0
989880,0.0,0.0,7.708261228338448,998.8346329209269,0.0
989940,0.0,0.0,7.708261228338448,999.3683422204482,0.0
990000,0.0,0.0,7.708261228338448,999.1686252149894,0.0
990060,0.0,0.0,7.708261228338448,1000.0152716583657,0.0
990120,0.0,0.0,7.708261228338448,1001.49585529878,0.0
990180,0.0,0.0,7.708261228338448,999.9535495266058,0.0
990240,0.0,0.0,7.708261228338448,999.3692076962396,0.0
990300,0.0,0.0,7.708261228338448,998.8750812314162,0.0
990360,0.0,0.0,7.708261228338448,999.7904061593649,0.0
990420,0.0,0.0,7.708261228338448,1001.734016448892,0.0
990480,0.0,0.0,7.708261228338448,999.9417479876299,0.0
990540,0.0,0.0,7.708261228338448,1000.0416072106932,0.0
990600,0.0,0.0,7.708261228338448,998.0263200031004,0.0
990660,0.0,0.0,7.708261228338448,999.6218447696307,0.0
990720,0.0,0.0,7.708261228338448,1000.3736995981461,0.0
990780,0.0,0.0,7.708261228338448,1000.1311693450111,0.0
990840,0.0,0.0,7.708261228338448,1000.2790645356682,0.0
990900,0.0,0.0,7.708261228338448,997.8459673802184,0.0
990960,0.0,0.0,7.708261228338448,999.2663705379426,0.0
991020,0.0,0.0,7.708261228338448,1000.9043581254442,0.0
991080,0.0,0.0,7.708261228338448,1000.3916941455711,0.0
991140,0.0,0.0,7.708261228338448,1000.805148909706,0.0
991200,0.0,0.0,7.708261228338448,998.9116376257875,0.0
991260,0.0,0.0,7.708261228338448,998.9466837971845,0.0
991320,0.0,0.0,7.708261228338448,1000.0959579706412,0.0
991380,0.0,0.0,7.708261228338448,1000.614494872874,0.0
991440,0.0,0.0,7.708261228338448,999.8827038692476,0.0
991500,0.0,0.0,7.708261228338448,999.871569682575,0.0
991560,0.0,0.0,7.708261228338448,998.2246761177674,0.0
991620,0.0,0.0,7.708261228338448,999.5102986323095,0.0
991680,0.0,0.0,7.708261228338448,1001.1857130962616,0.0
991740,0.0,0.0,7.708261228338448,1000.101141082656,0.0
991800,0.0,0.0,7.708261228338448,999.9959199202692,0.0
991860,0.0,0.0,7.708261228338448,998.439237493332,0.0
991920,0.0,0.0,7.708261228338448,999.6828765911457,0.0
991980,0.0,0.0,7.708261228338448,999.9935527392569,0.0
992040,0.0,0.0,7.708261228338448,1001.6389588885279,0.0
992100,0.0,0.0,7.708261228338448,999.8889428761227,0.0
992160,0.0,0.0,7.708261228338448,999.4649001871426,0.0
992220,0.0,0.0,7.708261228338448,998.9282844418252,0.0
992280,0.0,0.0,7.708261228338448,999.7955270179958,0.0
992340,0.0,0.0,7.708261228338448,1000.6064636466806,0.0
992400,0.0,0.0,7.708261228338448,1000.634165720607,0.0
992460,0.0,0.0,7.708261228338448,998.2778966311099,0.0
992520,0.0,0.0,7.708261228338448,999.1049234951395,0.0
992580,0.0,0.0,7.708261228338448,999.8714736821025,0.0
992640,0.0,0.0,7.708261228338448,1000.2789888818056,0.0
992700,0.0,0.0,7.708261228338448,1001.3428693180543,0.0
992760,0.0,0.0,7.708261228338448,999.5744570882722,0.0
992820,0.0,0.0,7.708261228338448,998.951342417755,0.0
992880,0.0,0.0,7.708261228338448,999.7489850865095,0.0
992940,0.0,0.0,7.708261228338448,1000.1333268472414,0.0
993000,0.0,0.0,7.708261228338448,1001.0993877409247,0.0
993060,0.0,0.0,7.708261228338448,998.822016479685,0.0
993120,0.0,0.0,7.708261228338448,999.0177498788036,0.0
993180,0.0,0.0,7.708261228338448,998.940551902427,0.0
993240,0.0,0.0,7.708261228338448,1000.1154868962676,0.0
993300,0.0,0.0,7.708261228338448,1000.5520581038269,0.0
993360,0.0,0.0,7.708261228338448,999.7199807382087,0.0
993420,0.0,0.0,7.708261228338448,999.9235108046179,0.0
993480,0.0,0.0,7.708261228338448,998.2201612044995,0.0
993540,0.0,0.0,7.708261228338448,999.5363047819723,0.0
993600,0.0,0.0,7.708261228338448,1001.3014870577973,0.0
993660,0.0,0.0,7.708261228338448,1000.3220035277806,0.0
993720,0.0,0.0,7.708261228338448,1000.2290493407766,0.0
993780,0.0,0.0,7.708261228338448,998.6253172293126,0.0
993840,0.0,0.0,7.708261228338448,999.2102137042729,0.0
993900,0.0,0.0,7.708261228338448,1000.4524372854105,0.0
993960,0.0,0.0,7.708261228338448,1000.742159070182,0.0
994020,0.0,0.0,7.708261228338448,999.3447792378121,0.0
994080,0.0,0.0,7.708261228338448,999.4743962438934,0.0
994140,0.0,0.0,7.708261228338448,998.763571193417,0.0
994200,0.0,0.0,7.708261228338448,1000.4793183310533,0.0
994260,0.0,0.0,7.708261228338448,1000.4646013555674,0.0
994320,0.0,0.0,7.708261228338448,1000.918698026482,0.0
994380,0.0,0.0,7.708261228338448,997.851229074047,0.0
994440,0.0,0.0,7.708261228338448,999.1697942839577,0.0
994500,0.0,0.0,7.708261228338448,1000.0205369386911,0.0
994560,0.0,0.0,7.708261228338448,1000.2182133420442,0.0
994620,0.0,0.0,7.708261228338448,1001.4424895438514,0.0
994680,0.0,0.0,7.708261228338448,999.5385665990193,0.0
994740,0.0,0.0,7.708261228338448,999.0009096386244,0.0
994800,0.0,0.0,7.708261228338448,999.3752396565926,0.0
994860,0.0,0.0,7.708261228338448,1000.1776580369772,0.0
994920,0.0,0.0,7.708261228338448,1000.4603523665694,0.0
994980,0.0,0.0,7.708261228338448,1000.4091475109154,0.0
995040,0.0,0.0,7.708261228338448,997.926201664168,0.0
995100,0.0,0.0,7.708261228338448,999.1184645984563,0.0
995160,0.0,0.0,7.708261228338448,1000.5032938969873,0.0
995220,0.0,0.0,7.708261228338448,1000.4315857669084,0.0
995280,0.0,0.0,7.708261228338448,1000.9958471238015,0.0
995340,0.0,0.0,7.708261228338448,997.4710670958717,0.0
995400,0.0,0.0,7.708261228338448,998.9687485205596,0.0
995460,0.0,0.0,7.708261228338448,999.6650081329036,0.0
995520,0.0,0.0,7.708261228338448,1001.3706623697801,0.0
995580,0.0,0.0,7.708261228338448,1000.3155622844688,0.0
995640,0.0,0.0,7.708261228338448,1000.2212313981661,0.0
995700,0.0,0.0,7.708261228338448,998.6326592932265,0.0
995760,0.0,0.0,7.708261228338448,999.2348639752784,0.0
995820,0.0,0.0,7.708261228338448,1000.4436422100897,0.0
995880,0.0,0.0,7.708261228338448,1000.7103234378172,0.0
995940,0.0,0.0,7.708261228338448,999.1379056991674,0.0
996000,0.0,0.0,7.708261228338448,999.5397945623438,0.0
996060,0.0,0.0,7.708261228338448,998.8271634786279,0.0
996120,0.0,0.0,7.708261228338448,999.8614159199224,0.0
996180,0.0,0.0,7.708261228338448,1001.4847234171361,0.0
996240,0.0,0.0,7.708261228338448,1000.1079940115627,0.0
996300,0.0,0.0,7.708261228338448,999.635477101961,0.0
996360,0.0,0.0,7.708261228338448,998.7189486525966,0.0
996420,0.0,0.0,7.708261228338448,999.5881094426579,0.0
996480,0.0,0.0,7.708261228338448,1001.7643501066555,0.0
996540,0.0,0.0,7.708261228338448,1000.1011425112639,0.0
996600,0.0,0.0,7.708261228338448,1000.2667702393045,0.0
996660,0.0,0.0,7.708261228338448,997.6957253901553,0.0
996720,0.0,0.0,7.708261228338448,999.4021237149974,0.0
996780,0.0,0.0,7.708261228338448,1000.210741025054,0.0
996840,0.0,0.0,7.708261228338448,1000.3076244516178,0.0
996900,0.0,0.0,7.708261228338448,1000.4128943365523,0.0
996960,0.0,0.0,7.708261228338448,997.8036589508636,0.0
997020,0.0,0.0,7.708261228338448,999.1837513782988,0.0
997080,0.0,0.0,7.708261228338448,1000.6399662282225,0.0
997140,0.0,0.0,7.708261228338448,1000.3778172405904,0.0
997200,0.0,0.0,7.708261228338448,1001.0365600532582,0.0
997260,0.0,0.0,7.708261228338448,999.1009301630043,0.0
997320,0.0,0.0,7.708261228338448,998.8879400728304,0.0
997380,0.0,0.0,7.708261228338448,999.8820678201396,0.0
997440,0.0,0.0,7.708261228338448,1000.5079190423126,0.0
997500,0.0,0.0,7.708261228338448,1000.1111054215279,0.0
997560,0.0,0.0,7.708261228338448,1000.0544779568738,0.0
997620,0.0,0.0,7.708261228338448,998.0469852871909,0.0
997680,0.0,0.0,7.708261228338448,999.3562969442988,0.0
997740,0.0,0.0,7.708261228338448,1001.0105114299674,0.0
997800,0.0,0.0,7.708261228338448,1000.3597878314157,0.0
997860,0.0,0.0,7.708261228338448,1000.1454880375994,0.0
997920,0.0,0.0,7.708261228338448,998.5378167435359,0.0
997980,0.0,0.0,7.708261228338448,999.2874440566118,0.0
998040,0.0,0.0,7.708261228338448,999.8545881668609,0.0
998100,0.0,0.0,7.708261228338448,1001.64473210146,0.0
998160,0.0,0.0,7.708261228338448,1000.0320736197466,0.0
998220,0.0,0.0,7.708261228338448,999.7180335619278,0.0
998280,0.0,0.0,7.708261228338448,998.7709027972098,0.0
998340,0.0,0.0,7.708261228338448,999.6117181429538,0.0
998400,0.0,0.0,7.708261228338448,1000.6090619404729,0.0
998460,0.0,0.0,7.708261228338448,1000.6935659235256,0.0
998520,0.0,0.0,7.708261228338448,998.5418261279256,0.0
998580,0.0,0.0,7.708261228338448,999.1952500158299,0.0
998640,0.0,0.0,7.708261228338448,999.5440161065502,0.0
998700,0.0,0.0,7.708261228338448,1000.1710227082812,0.0
998760,0.0,0.0,7.708261228338448,1001.4332380126509,0.0
998820,0.0,0.0,7.708261228338448,999.7634784721818,0.0
998880,0.0,0.0,7.708261228338448,999.1138610514986,0.0
998940,0.0,0.0,7.708261228338448,999.3253812837374,0.0
999000,0.0,0.0,7.708261228338448,999.9954662156346,0.0
999060,0.0,0.0,7.708261228338448,1001.0588341566796,0.0
999120,0.0,0.0,7.708261228338448,999.2388606298847,0.0
999180,0.0,0.0,7.708261228338448,999.1914559072744,0.0
999240,0.0,0.0,7.708261228338448,998.8738046894841,0.0
999300,0.0,0.0,7.708261228338448,999.9189478714032,0.0
999360,0.0,0.0,7.708261228338448,1000.4509796985303,0.0
999420,0.0,0.0,7.708261228338448,999.9582073245235,0.0
999480,0.0,0.0,7.708261228338448,1000.0874294290787,0.0
999540,0.0,0.0,7.708261228338448,998.0139465710535,0.0
999600,0.0,0.0,7.708261228338448,999.3995370626453,0.0
999660,0.0,0.0,7.708261228338448,1001.1355955269362,0.0
999720,0.0,0.0,7.708261228338448,1000.3783638281217,0.0
999780,0.0,0.0,7.708261228338448,1000.4918924262756,0.0
999840,0.0,0.0,7.708261228338448,998.7184724951267,0.0
999900,0.0,0.0,7.708261228338448,999.0666631428145,0.0
999960,0.0,0.0,7.708261228338448,1000.3062550422884,0.0
1000020,0.0,0.0,7.708261228338448,1000.7047901764348,0.0
1000080,0.0,0.0,7.708261228338448,999.6154687826248,0.0
1000140,0.0,0.0,7.708261228338448,999.6494843272382,0.0
1000200,0.0,0.0,7.708261228338448,998.4933309064288,0.0
1000260,0.0,0.0,7.708261228338448,1000.2619076569896,0.0
1000320,0.0,0.0,7.708261228338448,1000.3855585658209,0.0
1000380,0.0,0.0,7.708261228338448,1001.2011190194672,0.0
1000440,0.0,0.0,7.708261228338448,998.1119179357204,0.0
1000500,0.0,0.0,7.708261228338448,999.2600376611309,0.0
1000560,0.0,0.0,7.708261228338448,999.6794721509655,0.0
1000620,0.0,0.0,7.708261228338448,1000.1233466400668,0.0
1000680,0.0,0.0,7.708261228338448,1001.5305428955653,0.0
1000740,0.0,0.0,7.708261228338448,999.7157455639732,0.0
1000800,0.0,0.0,7.708261228338448,999.1533798285315,0.0
1000860,0.0,0.0,7.708261228338448,999.1588690569146,0.0
1000920,0.0,0.0,7.708261228338448,1000.0130519789565,0.0
1000980,0.0,0.0,7.708261228338448,1000.5595182725847,0.0
1001040,0.0,0.0,7.708261228338448,1000.5261230626131,0.0
1001100,0.0,0.0,7.708261228338448,998.0464344785586,0.0
1001160,0.0,0.0,7.708261228338448,999.0720696872592,0.0
1001220,0.0,0.0,7.708261228338448,1000.2224832779698,0.0
1001280,0.0,0.0,7.708261228338448,1000.3833290129562,0.0
1001340,0.0,0.0,7.708261228338448,1001.1679633350493,0.0
1001400,0.0,0.0,7.708261228338448,997.7187638845005,0.0
1001460,0.0,0.0,7.708261228338448,998.9981506476141,0.0
1001520,0.0,0.0,7.708261228338448,999.4214392513982,0.0
1001580,0.0,0.0,7.708261228338448,1001.3682597544412,0.0
1001640,0.0,0.0,7.708261228338448,1000.3620225945269,0.0
1001700,0.0,0.0,7.708261228338448,1000.4973230859147,0.0
1001760,0.0,0.0,7.708261228338448,998.7099310017389,0.0
1001820,0.0,0.0,7.708261228338448,999.10975683258,0.0
1001880,0.0,0.0,7.708261228338448,1000.3144954974133,0.0
1001940,0.0,0.0,7.708261228338448,1000.6719410380844,0.0
1002000,0.0,0.0,7.708261228338448,999.4166167690338,0.0
1002060,0.0,0.0,7.708261228338448,999.7009020929723,0.0
1002120,0.0,0.0,7.708261228338448,998.5386802464683,0.0
1002180,0.0,0.0,7.708261228338448,999.716279956562,0.0
1002240,0.0,0.0,7.708261228338448,1001.4208155485181,0.0
1002300,0.0,0.0,7.708261228338448,1000.2260044869446,0.0
1002360,0.0,0.0,7.708261228338448,999.8909553024346,0.0
1002420,0.0,0.0,7.708261228338448,998.6313371577779,0.0
1002480,0.0,0.0,7.708261228338448,999.4087538095608,0.0
1002540,0.0,0.0,7.708261228338448,1000.582070433775,0.0
1002600,0.0,0.0,7.708261228338448,1000.751270484083,0.0
1002660,0.0,0.0,7.708261228338448,999.2268038363113,0.0
1002720,0.0,0.0,7.708261228338448,998.1932734306504,0.0
1002780,0.0,0.0,7.708261228338448,999.183935262735,0.0
1002840,0.0,0.0,7.708261228338448,1001.3464073324725,0.0
1002900,0.0,0.0,7.708261228338448,1000.3277195824737,0.0
1002960,0.0,0.0,7.708261228338448,1000.5685465023831,0.0
1003020,0.0,0.0,7.708261228338448,997.780143788386,0.0
1003080,0.0,0.0,7.708261228338448,999.1558222567295,0.0
1003140,0.0,0.0,7.708261228338448,1000.3109617588694,0.0
1003200,0.0,0.0,7.708261228338448,1000.3309066801149,0.0
1003260,0.0,0.0,7.708261228338448,1001.2397831068121,0.0
1003320,0.0,0.0,7.708261228338448,999.3051627939452,0.0
1003380,0.0,0.0,7.708261228338448,998.8937143232525,0.0
1003440,0.0,0.0,7.708261228338448,999.6441722881736,0.0
1003500,0.0,0.0,7.708261228338448,1000.3690602759339,0.0
1003560,0.0,0.0,7.708261228338448,1000.3070629879504,0.0
1003620,0.0,0.0,7.708261228338448,1000.2315602981981,0.0
1003680,0.0,0.0,7.708261228338448,997.9426039868786,0.0
1003740,0.0,0.0,7.708261228338448,999.2200221456236,0.0
1003800,0.0,0.0,7.708261228338448,1000.7865650193023,0.0
1003860,0.0,0.0,7.708261228338448,1000.5731826076163,0.0
1003920,0.0,0.0,7.708261228338448,1000.2782049113206,0.0
1003980,0.0,0.0,7.708261228338448,998.7392960987539,0.0
1004040,0.0,0.0,7.708261228338448,998.8796834486633,0.0
1004100,0.0,0.0,7.708261228338448,999.7051263244068,0.0
1004160,0.0,0.0,7.708261228338448,1001.5967227844429,0.0
1004220,0.0,0.0,7.708261228338448,1000.1523534098377,0.0
1004280,0.0,0.0,7.708261228338448,999.999130564308,0.0
1004340,0.0,0.0,7.708261228338448,998.6672994261363,0.0
1004400,0.0,0.0,7.708261228338448,999.4281726155931,0.0
1004460,0.0,0.0,7.708261228338448,1000.5628686883302,0.0
1004520,0.0,0.0,7.708261228338448,1000.722324073359,0.0
1004580,0.0,0.0,7.708261228338448,998.8297750658295,0.0
1004640,0.0,0.0,7.708261228338448,999.331832330016,0.0
1004700,0.0,0.0,7.708261228338448,999.2062773752738,0.0
1004760,0.0,0.0,7.708261228338448,1000.0386211046136,0.0
1004820,0.0,0.0,7.708261228338448,1001.4784589931523,0.0
1004880,0.0,0.0,7.708261228338448,999.9402576962718,0.0
1004940,0.0,0.0,7.708261228338448,999.3307970307874,0.0
1005000,0.0,0.0,7.708261228338448,998.8898902602617,0.0
1005060,0.0,0.0,7.708261228338448,999.8142843777094,0.0
1005120,0.0,0.0,7.708261228338448,1001.704517593982,0.0
1005180,0.0,0.0,7.708261228338448,999.9392619976871,0.0
1005240,0.0,0.0,7.708261228338448,1000.0065323627024,0.0
1005300,0.0,0.0,7.708261228338448,998.0622784680781,0.0
1005360,0.0,0.0,7.708261228338448,999.6399783898078,0.0
1005420,0.0,0.0,7.708261228338448,1000.3937196504173,0.0
1005480,0.0,0.0,7.708261228338448,1000.1340931101953,0.0
1005540,0.0,0.0,7.708261228338448,1000.2623045232494,0.0
1005600,0.0,0.0,7.708261228338448,997.8653830489889,0.0
1005660,0.0,0.0,7.708261228338448,999.2690443774209,0.0
1005720,0.0,0.0,7.708261228338448,1000.9094040898268,0.0
1005780,0.0,0.0,7.708261228338448,1000.3994754489019,0.0
1005840,0.0,0.0,7.708261228338448,1000.777635328456,0.0
1005900,0.0,0.0,7.708261228338448,998.8997587299613,0.0
1005960,0.0,0.0,7.708261228338448,998.9468366699559,0.0
1006020,0.0,0.0,7.708261228338448,1000.1058817219047,0.0
1006080,0.0,0.0,7.708261228338448,1000.6242509886976,0.0
1006140,0.0,0.0,7.708261228338448,999.8858615290294,0.0
1006200,0.0,0.0,7.708261228338448,999.8552219136997,0.0
1006260,0.0,0.0,7.708261228338448,998.2375140769045,0.0
1006320,0.0,0.0,7.708261228338448,999.9842417830939,0.0
1006380,0.0,0.0,7.708261228338448,1000.2670868578498,0.0
1006440,0.0,0.0,7.708261228338448,1001.4768702107218,0.0
1006500,0.0,0.0,7.708261228338448,998.4102656933524,0.0
1006560,0.0,0.0,7.708261228338448,999.4074711278893,0.0
1006620,0.0,0.0,7.708261228338448,999.2969634397567,0.0
1006680,0.0,0.0,7.708261228338448,999.9949975676935,0.0
1006740,0.0,0.0,7.708261228338448,1001.5827535344299,0.0
1006800,0.0,0.0,7.708261228338448,999.8926670493964,0.0
1006860,0.0,0.0,7.708261228338448,999.381124059402,0.0
1006920,0.0,0.0,7.708261228338448,998.9464294519739,0.0
1006980,0.0,0.0,7.708261228338448,999.8201613228559,0.0
1007040,0.0,0.0,7.708261228338448,1000.613917857357,0.0
1007100,0.0,0.0,7.708261228338448,1000.6263486225936,0.0
1007160,0.0,0.0,7.708261228338448,998.2762647468751,0.0
1007220,0.0,0.0,7.708261228338448,999.0860807904593,0.0
1007280,0.0,0.0,7.708261228338448,999.8968839071536,0.0
1007340,0.0,0.0,7.708261228338448,1000.2968807351216,0.0
1007400,0.0,0.0,7.708261228338448,1001.3177892589107,0.0
1007460,0.0,0.0,7.708261228338448,998.0369772366165,0.0
1007520,0.0,0.0,7.708261228338448,999.1128329963776,0.0
1007580,0.0,0.0,7.708261228338448,999.1652456794554,0.0
1007640,0.0,0.0,7.708261228338448,1001.2976908459025,0.0
1007700,0.0,0.0,7.708261228338448,1000.3778469240075,0.0
1007760,0.0,0.0,7.708261228338448,1000.7862015558549,0.0
1007820,0.0,0.0,7.708261228338448,998.8726205399716,0.0
1007880,0.0,0.0,7.708261228338448,999.0109338205893,0.0
1007940,0.0,0.0,7.708261228338448,1000.1399268164135,0.0
1008000,0.0,0.0,7.708261228338448,1000.5985305639654,0.0
1008060,0.0,0.0,7.708261228338448,999.6912271338902,0.0
1008120,0.0,0.0,7.708261228338448,999.8809939154997,0.0
1008180,0.0,0.0,7.708261228338448,998.2666592370771,0.0
1008240,0.0,0.0,7.708261228338448,999.5602664739049,0.0
1008300,0.0,0.0,7.708261228338448,1001.3069591164135,0.0
1008360,0.0,0.0,7.708261228338448,1000.320619159533,0.0
1008420,0.0,0.0,7.708261228338448,1000.1725988448026,0.0
1008480,0.0,0.0,7.708261228338448,998.6163482897547,0.0
1008540,0.0,0.0,7.708261228338448,999.231065319553,0.0
1008600,0.0,0.0,7.708261228338448,1000.472404574643,0.0
1008660,0.0,0.0,7.708261228338448,1000.7503893488545,0.0
1008720,0.0,0.0,7.708261228338448,999.618325698233,0.0
1008780,0.0,0.0,7.708261228338448,998.2417316501128,0.0
1008840,0.0,0.0,7.708261228338448,999.1014474145621,0.0
1008900,0.0,0.0,7.708261228338448,1001.0767561275915,0.0
1008960,0.0,0.0,7.708261228338448,1000.4101201786672,0.0
1009020,0.0,0.0,7.708261228338448,1000.6619712073704,0.0
1009080,0.0,0.0,7.708261228338448,997.9664708433918,0.0
1009140,0.0,0.0,7.708261228338448,999.1803102607868,0.0
1009200,0.0,0.0,7.708261228338448,999.9918404936564,0.0
1009260,0.0,0.0,7.708261228338448,1000.2579692013949,0.0
1009320,0.0,0.0,7.708261228338448,1001.3905310225239,0.0
1009380,0.0,0.0,7.708261228338448,999.499105028024,0.0
1009440,0.0,0.0,7.708261228338448,998.9686623474829,0.0
1009500,0.0,0.0,7.708261228338448,999.4129256211538,0.0
1009560,0.0,0.0,7.708261228338448,1000.2167249128142,0.0
1009620,0.0,0.0,7.708261228338448,1000.4559112678439,0.0
1009680,0.0,0.0,7.708261228338448,1000.380330695327,0.0
1009740,0.0,0.0,7.708261228338448,997.9400403168285,0.0
1009800,0.0,0.0,7.708261228338448,999.1212058739541,0.0
1009860,0.0,0.0,7.708261228338448,1000.5341840274909,0.0
1009920,0.0,0.0,7.708261228338448,1000.7270043347019,0.0
1009980,0.0,0.0,7.708261228338448,1000.3807409131863,0.0
1010040,0.0,0.0,7.708261228338448,999.0011262882665,0.0
1010100,0.0,0.0,7.708261228338448,998.503108675949,0.0
1010160,0.0,0.0,7.708261228338448,999.5646759768507,0.0
1010220,0.0,0.0,7.708261228338448,1001.4943853281221,0.0
1010280,0.0,0.0,7.708261228338448,1000.24125545003,0.0
1010340,0.0,0.0,7.708261228338448,1000.2706806770086,0.0
1010400,0.0,0.0,7.708261228338448,998.6397615314771,0.0
1010460,0.0,0.0,7.708261228338448,999.2655600138844,0.0
1010520,0.0,0.0,7.708261228338448,1000.4760732815781,0.0
1010580,0.0,0.0,7.708261228338448,1000.7197500456176,0.0
1010640,0.0,0.0,7.708261228338448,999.1170168389302,0.0
1010700,0.0,0.0,7.708261228338448,999.4838795682316,0.0
1010760,0.0,0.0,7.708261228338448,998.8895168350563,0.0
1010820,0.0,0.0,7.708261228338448,999.8974944399118,0.0
1010880,0.0,0.0,7.708261228338448,1001.4714211615848,0.0
1010940,0.0,0.0,7.708261228338448,1000.0904351111197,0.0
1011000,0.0,0.0,7.708261228338448,999.5705818386123,0.0
1011060,0.0,0.0,7.708261228338448,998.7364474283249,0.0
1011120,0.0,0.0,7.708261228338448,999.6249220995456,0.0
1011180,0.0,0.0,7.708261228338448,1001.729884905714,0.0
1011240,0.0,0.0,7.708261228338448,1000.0959937058528,0.0
1011300,0.0,0.0,7.708261228338448,1000.2153113838822,0.0
1011360,0.0,0.0,7.708261228338448,997.7564790825434,0.0
1011420,0.0,0.0,7.708261228338448,999.4326503004896,0.0
1011480,0.0,0.0,7.708261228338448,1000.2448009331168,0.0
1011540,0.0,0.0,7.708261228338448,1000.3068570179138,0.0
1011600,0.0,0.0,7.708261228338448,1000.3911916188223,0.0
1011660,0.0,0.0,7.708261228338448,997.8244944018414,0.0
1011720,0.0,0.0,7.708261228338448,999.183398328365,0.0
1011780,0.0,0.0,7.708261228338448,1000.6616088555758,0.0
1011840,0.0,0.0,7.708261228338448,1000.3915870486054,0.0
1011900,0.0,0.0,7.708261228338448,1000.9948004783527,0.0
1011960,0.0,0.0,7.708261228338448,999.078047165415,0.0
1012020,0.0,0.0,7.708261228338448,998.8838525410871,0.0
1012080,0.0,0.0,7.708261228338448,999.9037071106641,0.0
1012140,0.0,0.0,7.708261228338448,1000.5270475834154,0.0
1012200,0.0,0.0,7.708261228338448,1000.1072025408904,0.0
1012260,0.0,0.0,7.708261228338448,1000.0288278036587,0.0
1012320,0.0,0.0,7.708261228338448,998.0686660130823,0.0
1012380,0.0,0.0,7.708261228338448,999.7062485765113,0.0
1012440,0.0,0.0,7.708261228338448,1000.1457221622308,0.0
1012500,0.0,0.0,7.708261228338448,1001.665817878139,0.0
1012560,0.0,0.0,7.708261228338448,998.7067883660287,0.0
1012620,0.0,0.0,7.708261228338448,999.5543703417499,0.0
1012680,0.0,0.0,7.708261228338448,998.9542495934437,0.0
1012740,0.0,0.0,7.708261228338448,999.8696015183182,0.0
1012800,0.0,0.0,7.708261228338448,1001.5742307995087,0.0
1012860,0.0,0.0,7.708261228338448,1000.0343880835042,0.0
1012920,0.0,0.0,7.708261228338448,999.6160511419307,0.0
1012980,0.0,0.0,7.708261228338448,998.7876159664675,0.0
1013040,0.0,0.0,7.708261228338448,999.6438533721363,0.0
1013100,0.0,0.0,7.708261228338448,1000.6216182021273,0.0
1013160,0.0,0.0,7.708261228338448,1000.6895011978316,0.0
1013220,0.0,0.0,7.708261228338448,998.5306289182001,0.0
1013280,0.0,0.0,7.708261228338448,999.1607394968875,0.0
1013340,0.0,0.0,7.708261228338448,999.5840253997575,0.0
1013400,0.0,0.0,7.708261228338448,1000.196209787075,0.0
1013460,0.0,0.0,7.708261228338448,1001.4074481324797,0.0
1013520,0.0,0.0,7.708261228338448,999.7429821463477,0.0
1013580,0.0,0.0,7.708261228338448,999.077650997135,0.0
1013640,0.0,0.0,7.708261228338448,999.3554227394704,0.0
1013700,0.0,0.0,7.708261228338448,1000.019447989561,0.0
1013760,0.0,0.0,7.708261228338448,1001.0645032069574,0.0
1013820,0.0,0.0,7.708261228338448,999.2387698091095,0.0
1013880,0.0,0.0,7.708261228338448,999.1684432130072,0.0
1013940,0.0,0.0,7.708261228338448,998.8710122619498,0.0
1014000,0.0,0.0,7.708261228338448,999.9398185039296,0.0
1014060,0.0,0.0,7.708261228338448,1000.4704149023464,0.0
1014120,0.0,0.0,7.708261228338448,999.9568612456708,0.0
1014180,0.0,0.0,7.708261228338448,1000.0636407472438,0.0
1014240,0.0,0.0,7.708261228338448,998.0382713103605,0.0
1014300,0.0,0.0,7.708261228338448,999.4088171669935,0.0
1014360,0.0,0.0,7.708261228338448,1001.1385085147076,0.0
1014420,0.0,0.0,7.708261228338448,1000.3831496176344,0.0
1014480,0.0,0.0,7.708261228338448,1000.4596226403108,0.0
1014540,0.0,0.0,7.708261228338448,998.7058537591039,0.0
1014600,0.0,0.0,7.708261228338448,999.072919079293,0.0
1014660,0.0,0.0,7.708261228338448,1000.3177126775669,0.0
1014720,0.0,0.0,7.708261228338448,1000.713065400358,0.0
1014780,0.0,0.0,7.708261228338448,1000.0233744294927,0.0
1014840,0.0,0.0,7.708261228338448,998.4206526661052,0.0
1014900,0.0,0.0,7.708261228338448,999.0659768608505,0.0
1014960,0.0,0.0,7.708261228338448,1000.7499065011722,0.0
1015020,0.0,0.0,7.708261228338448,1000.4435659334468,0.0
1015080,0.0,0.0,7.708261228338448,1000.7272545797993,0.0
1015140,0.0,0.0,7.708261228338448,998.2290088468584,0.0
1015200,0.0,0.0,7.708261228338448,999.2741048750456,0.0
1015260,0.0,0.0,7.708261228338448,999.6479621935482,0.0
1015320,0.0,0.0,7.708261228338448,1000.1567396673954,0.0
1015380,0.0,0.0,7.708261228338448,1001.5012499531873,0.0
1015440,0.0,0.0,7.708261228338448,999.6898714782527,0.0
1015500,0.0,0.0,7.708261228338448,999.1220020251059,0.0
1015560,0.0,0.0,7.708261228338448,999.1828101230351,0.0
1015620,0.0,0.0,7.708261228338448,1000.0426446102267,0.0
1015680,0.0,0.0,7.708261228338448,1000.5620412539282,0.0
1015740,0.0,0.0,7.708261228338448,1000.5103709480123,0.0
1015800,0.0,0.0,7.708261228338448,998.0503351886506,0.0
1015860,0.0,0.0,7.708261228338448,999.0644674765939,0.0
1015920,0.0,0.0,7.708261228338448,1000.245973143478,0.0
1015980,0.0,0.0,7.708261228338448,1000.3993067431657,0.0
1016040,0.0,0.0,7.708261228338448,1001.1373633187662,0.0
1016100,0.0,0.0,7.708261228338448,997.7431643698031,0.0
1016160,0.0,0.0,7.708261228338448,998.980650792401,0.0
1016220,0.0,0.0,7.708261228338448,999.445997005519,0.0
1016280,0.0,0.0,7.708261228338448,1001.355521495081,0.0
1016340,0.0,0.0,7.708261228338448,1000.3676539783078,0.0
1016400,0.0,0.0,7.708261228338448,1000.4570784634574,0.0
1016460,0.0,0.0,7.708261228338448,998.696805091392,0.0
1016520,0.0,0.0,7.708261228338448,999.1154791175433,0.0
1016580,0.0,0.0,7.708261228338448,1000.3273445597101,0.0
1016640,0.0,0.0,7.708261228338448,1000.6815665556907,0.0
1016700,0.0,0.0,7.708261228338448,999.4186313358581,0.0
1016760,0.0,0.0,7.708261228338448,999.6788771582862,0.0
1016820,0.0,0.0,7.708261228338448,998.5571683316239,0.0
1016880,0.0,0.0,7.708261228338448,999.7273407444412,0.0
1016940,0.0,0.0,7.708261228338448,1001.414167661493,0.0
1017000,0.0,0.0,7.708261228338448,1000.2260525671054,0.0
1017060,0.0,0.0,7.708261228338448,999.8672857780527,0.0
1017120,0.0,0.0,7.708261228338448,998.6312609602863,0.0
1017180,0.0,0.0,7.708261228338448,999.4174126524199,0.0
1017240,0.0,0.0,7.708261228338448,1001.6952445008046,0.0
1017300,0.0,0.0,7.708261228338448,1000.2268913716395,0.0
1017360,0.0,0.0,7.708261228338448,1000.4411976491281,0.0
1017420,0.0,0.0,7.708261228338448,997.487924643085,0.0
1017480,0.0,0.0,7.708261228338448,999.2096882778553,0.0
1017540,0.0,0.0,7.708261228338448,1000.0582080156647,0.0
1017600,0.0,0.0,7.708261228338448,1000.4423484909559,0.0
1017660,0.0,0.0,7.708261228338448,1000.5111919511612,0.0
1017720,0.0,0.0,7.708261228338448,997.8858421818222,0.0
1017780,0.0,0.0,7.708261228338448,999.1377091144137,0.0
1017840,0.0,0.0,7.708261228338448,1000.3588042466882,0.0
1017900,0.0,0.0,7.708261228338448,1000.3462747186364,0.0
1017960,0.0,0.0,7.708261228338448,1001.2036612736746,0.0
1018020,0.0,0.0,7.708261228338448,999.283643012437,0.0
1018080,0.0,0.0,7.708261228338448,998.8788058626916,0.0
1018140,0.0,0.0,7.708261228338448,999.6666328855893,0.0
1018200,0.0,0.0,7.708261228338448,1000.3908515739613,0.0
1018260,0.0,0.0,7.708261228338448,1000.3051208782663,0.0
1018320,0.0,0.0,7.708261228338448,1000.2091665007089,0.0
1018380,0.0,0.0,7.708261228338448,997.960254095682,0.0
1018440,0.0,0.0,7.708261228338448,999.3932026917419,0.0
1018500,0.0,0.0,7.708261228338448,999.9955292427801,0.0
1018560,0.0,0.0,7.708261228338448,1001.8204050895657,0.0
1018620,0.0,0.0,7.708261228338448,999.0132550353596,0.0
1018680,0.0,0.0,7.708261228338448,999.7318106212523,0.0
1018740,0.0,0.0,7.708261228338448,998.6019505569797,0.0
1018800,0.0,0.0,7.708261228338448,999.7255304385117,0.0
1018860,0.0,0.0,7.708261228338448,1001.5185750807974,0.0
1018920,0.0,0.0,7.708261228338448,1000.1599257448705,0.0
1018980,0.0,0.0,7.708261228338448,999.8946255947739,0.0
1019040,0.0,0.0,7.708261228338448,998.6722754857395,0.0
1019100,0.0,0.0,7.708261228338448,999.4579738208841,0.0
1019160,0.0,0.0,7.708261228338448,1000.5803492876718,0.0
1019220,0.0,0.0,7.708261228338448,1000.7254545740254,0.0
1019280,0.0,0.0,7.708261228338448,998.8158051030706,0.0
1019340,0.0,0.0,7.708261228338448,999.2923225828764,0.0
1019400,0.0,0.0,7.708261228338448,999.2489759402422,0.0
1019460,0.0,0.0,7.708261228338448,1000.0653386652098,0.0
1019520,0.0,0.0,7.708261228338448,1001.459176648767,0.0
1019580,0.0,0.0,7.708261228338448,999.9234731602363,0.0
1019640,0.0,0.0,7.708261228338448,999.288006872195,0.0
1019700,0.0,0.0,7.708261228338448,998.9267002785882,0.0
1019760,0.0,0.0,7.708261228338448,999.8601076865173,0.0
1019820,0.0,0.0,7.708261228338448,1000.9895018369472,0.0
1019880,0.0,0.0,7.708261228338448,999.6508256093422,0.0
1019940,0.0,0.0,7.708261228338448,999.3537502924963,0.0
1020000,0.0,0.0,7.708261228338448,998.8505602235538,0.0
1020060,0.0,0.0,7.708261228338448,999.7205452326251,0.0
1020120,0.0,0.0,7.708261228338448,1000.3457482279198,0.0
1020180,0.0,0.0,7.708261228338448,1000.1664042175446,0.0
1020240,0.0,0.0,7.708261228338448,1000.2235754217058,0.0
1020300,0.0,0.0,7.708261228338448,997.893312436666,0.0
1020360,0.0,0.0,7.708261228338448,999.2840543734262,0.0
1020420,0.0,0.0,7.708261228338448,1000.9316308841018,0.0
1020480,0.0,0.0,7.708261228338448,1000.4112369813344,0.0
1020540,0.0,0.0,7.708261228338448,1000.7133740442615,0.0
1020600,0.0,0.0,7.708261228338448,998.8663833055698,0.0
1020660,0.0,0.0,7.708261228338448,998.9557958340464,0.0
1020720,0.0,0.0,7.708261228338448,1000.1376758088006,0.0
1020780,0.0,0.0,7.708261228338448,1000.646359690149,0.0
1020840,0.0,0.0,7.708261228338448,1000.3995241413555,0.0
1020900,0.0,0.0,7.708261228338448,998.6363369608362,0.0
1020960,0.0,0.0,7.708261228338448,999.0868465610756,0.0
1021020,0.0,0.0,7.708261228338448,1000.3896872101664,0.0
1021080,0.0,0.0,7.708261228338448,1000.4317900289789,0.0
1021140,0.0,0.0,7.708261228338448,1000.7592390684065,0.0
1021200,0.0,0.0,7.708261228338448,998.5137331519703,0.0
1021260,0.0,0.0,7.708261228338448,999.3967364096134,0.0
1021320,0.0,0.0,7.708261228338448,999.31139414977,0.0
1021380,0.0,0.0,7.708261228338448,1000.0414240145783,0.0
1021440,0.0,0.0,7.708261228338448,1001.5574016062741,0.0
1021500,0.0,0.0,7.708261228338448,999.8594138164308,0.0
1021560,0.0,0.0,7.708261228338448,999.3195826667668,0.0
1021620,0.0,0.0,7.708261228338448,998.9803275072256,0.0
1021680,0.0,0.0,7.708261228338448,999.8653423964319,0.0
1021740,0.0,0.0,7.708261228338448,1000.6207386941899,0.0
1021800,0.0,0.0,7.708261228338448,1000.609752350642,0.0
1021860,0.0,0.0,7.708261228338448,998.2643219533285,0.0
1021920,0.0,0.0,7.708261228338448,999.0618544970044,0.0
1021980,0.0,0.0,7.708261228338448,999.9446621966412,0.0
1022040,0.0,0.0,7.708261228338448,1000.3245562312369,0.0
1022100,0.0,0.0,7.708261228338448,1001.2786261665925,0.0
1022160,0.0,0.0,7.708261228338448,998.0498652550906,0.0
1022220,0.0,0.0,7.708261228338448,999.0757696578229,0.0
1022280,0.0,0.0,7.708261228338448,999.2048656740177,0.0
1022340,0.0,0.0,7.708261228338448,1001.2877404322736,0.0
1022400,0.0,0.0,7.708261228338448,1000.3892128069442,0.0
1022460,0.0,0.0,7.708261228338448,1000.7245846140154,0.0
1022520,0.0,0.0,7.708261228338448,998.845660298326,0.0
1022580,0.0,0.0,7.708261228338448,999.0150524341575,0.0
1022640,0.0,0.0,7.708261228338448,1000.1650486275587,0.0
1022700,0.0,0.0,7.708261228338448,1000.617625158701,0.0
1022760,0.0,0.0,7.708261228338448,999.683597349306,0.0
1022820,0.0,0.0,7.708261228338448,999.8474826559686,0.0
1022880,0.0,0.0,7.708261228338448,998.3000801857418,0.0
1022940,0.0,0.0,7.708261228338448,999.5780590361328,0.0
1023000,0.0,0.0,7.708261228338448,1001.307465217933,0.0
1023060,0.0,0.0,7.708261228338448,1000.320473735773,0.0
1023120,0.0,0.0,7.708261228338448,1000.1308695914898,0.0
1023180,0.0,0.0,7.708261228338448,998.6105911047633,0.0
1023240,0.0,0.0,7.708261228338448,999.2460192069892,0.0
1023300,0.0,0.0,7.708261228338448,1001.5829044113208,0.0
1023360,0.0,0.0,7.708261228338448,1000.3147604919901,0.0
1023420,0.0,0.0,7.708261228338448,1000.6191458448723,0.0
1023480,0.0,0.0,7.708261228338448,997.3468070851578,0.0
1023540,0.0,0.0,7.708261228338448,999.0270221977726,0.0
1023600,0.0,0.0,7.708261228338448,999.8828931769707,0.0
1023660,0.0,0.0,7.708261228338448,1000.525508883691,0.0
1023720,0.0,0.0,7.708261228338448,1000.5938626164608,0.0
1023780,0.0,0.0,7.708261228338448,998.06947487856,0.0
1023840,0.0,0.0,7.708261228338448,999.1440312187835,0.0
1023900,0.0,0.0,7.708261228338448,1000.0555640525741,0.0
1023960,0.0,0.0,7.708261228338448,1000.2816012332679,0.0
1024020,0.0,0.0,7.708261228338448,1001.3494827764916,0.0
1024080,0.0,0.0,7.708261228338448,999.4714627498623,0.0
1024140,0.0,0.0,7.708261228338448,998.9371751895617,0.0
1024200,0.0,0.0,7.708261228338448,999.4435538210339,0.0
1024260,0.0,0.0,7.708261228338448,1000.2476770610493,0.0
1024320,0.0,0.0,7.708261228338448,1000.4533265174628,0.0
1024380,0.0,0.0,7.708261228338448,1000.3555573428624,0.0
1024440,0.0,0.0,7.708261228338448,997.9533164086127,0.0
1024500,0.0,0.0,7.708261228338448,999.1243356105385,0.0
1024560,0.0,0.0,7.708261228338448,1000.5570391267697,0.0
1024620,0.0,0.0,7.708261228338448,1000.7262927760195,0.0
1024680,0.0,0.0,7.708261228338448,1000.3721196799386,0.0
1024740,0.0,0.0,7.708261228338448,998.9694674918493,0.0
1024800,0.0,0.0,7.708261228338448,998.5355981684468,0.0
1024860,0.0,0.0,7.708261228338448,999.581090551915,0.0
1024920,0.0,0.0,7.708261228338448,1001.4892038498141,0.0
1024980,0.0,0.0,7.708261228338448,1000.2418745382034,0.0
1025040,0.0,0.0,7.708261228338448,1000.2272296370688,0.0
1025100,0.0,0.0,7.708261228338448,998.6352487284845,0.0
1025160,0.0,0.0,7.708261228338448,999.2789234436509,0.0
1025220,0.0,0.0,7.708261228338448,1000.4888620292484,0.0
1025280,0.0,0.0,7.708261228338448,1000.7260263050794,0.0
1025340,0.0,0.0,7.708261228338448,999.1164314807252,0.0
1025400,0.0,0.0,7.708261228338448,999.4584943207866,0.0
1025460,0.0,0.0,7.708261228338448,998.9110004336785,0.0
1025520,0.0,0.0,7.708261228338448,999.9121686642254,0.0
1025580,0.0,0.0,7.708261228338448,1001.4613241079646,0.0
1025640,0.0,0.0,7.708261228338448,1000.0862803472747,0.0
1025700,0.0,0.0,7.708261228338448,999.5445549466963,0.0
1025760,0.0,0.0,7.708261228338448,998.4979309798267,0.0
1025820,0.0,0.0,7.708261228338448,999.6836416017584,0.0
1025880,0.0,0.0,7.708261228338448,1000.8720399606713,0.0
1025940,0.0,0.0,7.708261228338448,1000.051481663058,0.0
1026000,0.0,0.0,7.708261228338448,999.544106085513,0.0
1026060,0.0,0.0,7.708261228338448,998.9011762307598,0.0
1026120,0.0,0.0,7.708261228338448,999.484942700876,0.0
1026180,0.0,0.0,7.708261228338448,1000.1958025967025,0.0
1026240,0.0,0.0,7.708261228338448,1000.3397446498262,0.0
1026300,0.0,0.0,7.708261228338448,1000.3713657054742,0.0
1026360,0.0,0.0,7.708261228338448,997.8311032024824,0.0
1026420,0.0,0.0,7.708261228338448,999.1860791739687,0.0
1026480,0.0,0.0,7.708261228338448,1000.6800628520979,0.0
1026540,0.0,0.0,7.708261228338448,1000.405850528971,0.0
1026600,0.0,0.0,7.708261228338448,1000.9501940442035,0.0
1026660,0.0,0.0,7.708261228338448,999.0533379364487,0.0
1026720,0.0,0.0,7.708261228338448,998.8813468077609,0.0
1026780,0.0,0.0,7.708261228338448,999.9269567697831,0.0
1026840,0.0,0.0,7.708261228338448,1000.5469047071311,0.0
1026900,0.0,0.0,7.708261228338448,1000.1017048770764,0.0
1026960,0.0,0.0,7.708261228338448,1000.0009787469551,0.0
1027020,0.0,0.0,7.708261228338448,998.0916679063997,0.0
1027080,0.0,0.0,7.708261228338448,999.7253335924656,0.0
1027140,0.0,0.0,7.708261228338448,1000.1663925617748,0.0
1027200,0.0,0.0,7.708261228338448,1001.6271762458376,0.0
1027260,0.0,0.0,7.708261228338448,998.716183248474,0.0
1027320,0.0,0.0,7.708261228338448,999.5251628869207,0.0
1027380,0.0,0.0,7.708261228338448,998.9807965040609,0.0
1027440,0.0,0.0,7.708261228338448,999.8851720144935,0.0
1027500,0.0,0.0,7.708261228338448,1001.5617907162682,0.0
1027560,0.0,0.0,7.708261228338448,1000.0296241086987,0.0
1027620,0.0,0.0,7.708261228338448,999.5860289003975,0.0
1027680,0.0,0.0,7.708261228338448,998.7935278362768,0.0
1027740,0.0,0.0,7.708261228338448,999.6578816521117,0.0
1027800,0.0,0.0,7.708261228338448,1000.6286538203824,0.0
1027860,0.0,0.0,7.708261228338448,1000.6880623078869,0.0
1027920,0.0,0.0,7.708261228338448,998.5361476281469,0.0
1027980,0.0,0.0,7.708261228338448,999.143472930838,0.0
1028040,0.0,0.0,7.708261228338448,999.5952020139199,0.0
1028100,0.0,0.0,7.708261228338448,1000.2073763930742,0.0
1028160,0.0,0.0,7.708261228338448,1001.3937120364246,0.0
1028220,0.0,0.0,7.708261228338448,998.4047958584719,0.0
1028280,0.0,0.0,7.708261228338448,999.2310858755822,0.0
1028340,0.0,0.0,7.708261228338448,998.9548911237002,0.0
1028400,0.0,0.0,7.708261228338448,1001.1474009562696,0.0
1028460,0.0,0.0,7.708261228338448,1000.3753826393865,0.0
1028520,0.0,0.0,7.708261228338448,1001.0035678177084,0.0
1028580,0.0,0.0,7.708261228338448,999.0346848638612,0.0
1028640,0.0,0.0,7.708261228338448,998.9537672779257,0.0
1028700,0.0,0.0,7.708261228338448,999.956178621695,0.0
1028760,0.0,0.0,7.708261228338448,1000.5139774790902,0.0
1028820,0.0,0.0,7.708261228338448,999.938934809532,0.0
1028880,0.0,0.0,7.708261228338448,1000.0333284734031,0.0
1028940,0.0,0.0,7.708261228338448,998.0703996191745,0.0
1029000,0.0,0.0,7.708261228338448,999.4227661130376,0.0
1029060,0.0,0.0,7.708261228338448,1001.1459779559439,0.0
1029120,0.0,0.0,7.708261228338448,1000.3871572586391,0.0
1029180,0.0,0.0,7.708261228338448,1000.4181108393437,0.0
1029240,0.0,0.0,7.708261228338448,998.6895116930499,0.0
1029300,0.0,0.0,7.708261228338448,999.0833537556031,0.0
1029360,0.0,0.0,7.708261228338448,1001.4030006639533,0.0
1029420,0.0,0.0,7.708261228338448,1000.3661186568052,0.0
1029480,0.0,0.0,7.708261228338448,1000.790119468502,0.0
1029540,0.0,0.0,7.708261228338448,997.3042282272071,0.0
1029600,0.0,0.0,7.708261228338448,998.8653999797276,0.0
1029660,0.0,0.0,7.708261228338448,999.6864398119327,0.0
1029720,0.0,0.0,7.708261228338448,1000.5611511895282,0.0
1029780,0.0,0.0,7.708261228338448,1000.6546930610207,0.0
1029840,0.0,0.0,7.708261228338448,998.3240421539967,0.0
1029900,0.0,0.0,7.708261228338448,999.2216390359499,0.0
1029960,0.0,0.0,7.708261228338448,999.7151215911551,0.0
1030020,0.0,0.0,7.708261228338448,1000.1838877388137,0.0
1030080,0.0,0.0,7.708261228338448,1001.4661637814862,0.0
1030140,0.0,0.0,7.708261228338448,999.6652651891883,0.0
1030200,0.0,0.0,7.708261228338448,999.0783230737633,0.0
1030260,0.0,0.0,7.708261228338448,999.2114500992576,0.0
1030320,0.0,0.0,7.708261228338448,1000.0752825644241,0.0
1030380,0.0,0.0,7.708261228338448,1000.5635019671934,0.0
1030440,0.0,0.0,7.708261228338448,1000.4911832262997,0.0
1030500,0.0,0.0,7.708261228338448,998.0527502054538,0.0
1030560,0.0,0.0,7.708261228338448,999.0583490534925,0.0
1030620,0.0,0.0,7.708261228338448,1000.2739134491881,0.0
1030680,0.0,0.0,7.708261228338448,1000.8259652225087,0.0
1030740,0.0,0.0,7.708261228338448,1000.455283067723,0.0
1030800,0.0,0.0,7.708261228338448,999.2802792248463,0.0
1030860,0.0,0.0,7.708261228338448,998.1903178807638,0.0
1030920,0.0,0.0,7.708261228338448,999.4430153501964,0.0
1030980,0.0,0.0,7.708261228338448,1001.3408633112567,0.0
1031040,0.0,0.0,7.708261228338448,1000.3063564582689,0.0
1031100,0.0,0.0,7.708261228338448,1000.5007368781779,0.0
1031160,0.0,0.0,7.708261228338448,998.6904856715063,0.0
1031220,0.0,0.0,7.708261228338448,999.1304544035463,0.0
1031280,0.0,0.0,7.708261228338448,1000.3615343194024,0.0
1031340,0.0,0.0,7.708261228338448,1000.6958047096175,0.0
1031400,0.0,0.0,7.708261228338448,999.4017777210042,0.0
1031460,0.0,0.0,7.708261228338448,999.6288015427292,0.0
1031520,0.0,0.0,7.708261228338448,998.6097692088978,0.0
1031580,0.0,0.0,7.708261228338448,999.7581728566025,0.0
1031640,0.0,0.0,7.708261228338448,1001.4098035568296,0.0
1031700,0.0,0.0,7.708261228338448,1000.2163643135491,0.0
1031760,0.0,0.0,7.708261228338448,999.807645522022,0.0
1031820,0.0,0.0,7.708261228338448,998.1174820724214,0.0
1031880,0.0,0.0,7.708261228338448,999.5134398108091,0.0
1031940,0.0,0.0,7.708261228338448,1000.7250103075075,0.0
1032000,0.0,0.0,7.708261228338448,1000.4085232019165,0.0
1032060,0.0,0.0,7.708261228338448,999.7181154717023,0.0
1032120,0.0,0.0,7.708261228338448,999.0240429906203,0.0
1032180,0.0,0.0,7.708261228338448,999.2608120650359,0.0
1032240,0.0,0.0,7.708261228338448,1000.0385734518055,0.0
1032300,0.0,0.0,7.708261228338448,1000.4664759726822,0.0
1032360,0.0,0.0,7.708261228338448,1000.4912647456482,0.0
1032420,0.0,0.0,7.708261228338448,997.8766931326596,0.0
1032480,0.0,0.0,7.708261228338448,999.1295700913407,0.0
1032540,0.0,0.0,7.708261228338448,1000.4035887600447,0.0
1032600,0.0,0.0,7.708261228338448,1000.3717222682747,0.0
1032660,0.0,0.0,7.708261228338448,1001.1443562836462,0.0
1032720,0.0,0.0,7.708261228338448,999.2442577303741,0.0
1032780,0.0,0.0,7.708261228338448,998.8624793734457,0.0
1032840,0.0,0.0,7.708261228338448,999.7067569866916,0.0
1032900,0.0,0.0,7.708261228338448,1000.4258282800522,0.0
1032960,0.0,0.0,7.708261228338448,1000.2938550871698,0.0
1033020,0.0,0.0,7.708261228338448,1000.1708669212974,0.0
1033080,0.0,0.0,7.708261228338448,997.9866409051168,0.0
1033140,0.0,0.0,7.708261228338448,999.4321919620915,0.0
1033200,0.0,0.0,7.708261228338448,1000.0285287395374,0.0
1033260,0.0,0.0,7.708261228338448,1001.7686047501528,0.0
1033320,0.0,0.0,7.708261228338448,999.0122075908412,0.0
1033380,0.0,0.0,7.708261228338448,999.6875498745322,0.0
1033440,0.0,0.0,7.708261228338448,998.6509304839103,0.0
1033500,0.0,0.0,7.708261228338448,999.7494735372327,0.0
1033560,0.0,0.0,7.708261228338448,1001.5110149162838,0.0
1033620,0.0,0.0,7.708261228338448,1000.1531503532419,0.0
1033680,0.0,0.0,7.708261228338448,999.8427916502773,0.0
1033740,0.0,0.0,7.708261228338448,998.6783481080145,0.0
1033800,0.0,0.0,7.708261228338448,999.4806901365099,0.0
1033860,0.0,0.0,7.708261228338448,1000.593259632715,0.0
1033920,0.0,0.0,7.708261228338448,1000.726718199833,0.0
1033980,0.0,0.0,7.708261228338448,998.8103578023346,0.0
1034040,0.0,0.0,7.708261228338448,999.2623456380795,0.0
1034100,0.0,0.0,7.708261228338448,999.2779432720789,0.0
1034160,0.0,0.0,7.708261228338448,1000.0850923287576,0.0
1034220,0.0,0.0,7.708261228338448,1001.4431163868682,0.0
1034280,0.0,0.0,7.708261228338448,998.7624415332255,0.0
1034340,0.0,0.0,7.708261228338448,999.382557882114,0.0
1034400,0.0,0.0,7.708261228338448,998.7584761612973,0.0
1034460,0.0,0.0,7.708261228338448,1000.9477697782938,0.0
1034520,0.0,0.0,7.708261228338448,1000.3389810654263,0.0
1034580,0.0,0.0,7.708261228338448,1001.2153829254524,0.0
1034640,0.0,0.0,7.708261228338448,999.2141535719843,0.0
1034700,0.0,0.0,7.708261228338448,998.9473458531926,0.0
1034760,0.0,0.0,7.708261228338448,999.7483208700958,0.0
1034820,0.0,0.0,7.708261228338448,1000.3989919139462,0.0
1034880,0.0,0.0,7.708261228338448,1000.147593664349,0.0
1034940,0.0,0.0,7.708261228338448,1000.1884203246251,0.0
1035000,0.0,0.0,7.708261228338448,997.9287240485768,0.0
1035060,0.0,0.0,7.708261228338448,999.2970229840888,0.0
1035120,0.0,0.0,7.708261228338448,1000.9515447359986,0.0
1035180,0.0,0.0,7.708261228338448,1000.4201135402432,0.0
1035240,0.0,0.0,7.708261228338448,1000.6612396600998,0.0
1035300,0.0,0.0,7.708261228338448,998.8399195137712,0.0
1035360,0.0,0.0,7.708261228338448,998.9639375066954,0.0
1035420,0.0,0.0,7.708261228338448,1000.1628304565464,0.0
1035480,0.0,0.0,7.708261228338448,1000.663844983047,0.0
1035540,0.0,0.0,7.708261228338448,1000.3618506808116,0.0
1035600,0.0,0.0,7.708261228338448,998.6242684093809,0.0
1035660,0.0,0.0,7.708261228338448,999.0666251335232,0.0
1035720,0.0,0.0,7.708261228338448,1000.4043482151213,0.0
1035780,0.0,0.0,7.708261228338448,1000.4474441662862,0.0
1035840,0.0,0.0,7.708261228338448,1000.7609750471935,0.0
1035900,0.0,0.0,7.708261228338448,998.5154000060016,0.0
1035960,0.0,0.0,7.708261228338448,999.367041454284,0.0
1036020,0.0,0.0,7.708261228338448,999.3399332206019,0.0
1036080,0.0,0.0,7.708261228338448,1000.0597021666547,0.0
1036140,0.0,0.0,7.708261228338448,1001.5386846453655,0.0
1036200,0.0,0.0,7.708261228338448,999.8494437269067,0.0
1036260,0.0,0.0,7.708261228338448,999.2897120390643,0.0
1036320,0.0,0.0,7.708261228338448,998.9917290855693,0.0
1036380,0.0,0.0,7.708261228338448,999.8833007822026,0.0
1036440,0.0,0.0,7.708261228338448,1000.6263237007424,0.0
1036500,0.0,0.0,7.708261228338448,1000.6032337926841,0.0
1036560,0.0,0.0,7.708261228338448,998.2690592351588,0.0
1036620,0.0,0.0,7.708261228338448,999.0500347861748,0.0
1036680,0.0,0.0,7.708261228338448,999.9574799844978,0.0
1036740,0.0,0.0,7.708261228338448,1000.8654244421824,0.0
1036800,0.0,0.0,7.708261228338448,1000.5098055685124,0.0
1036860,0.0,0.0,7.708261228338448,999.6355248755855,0.0
1036920,0.0,0.0,7.708261228338448,997.8932696552315,0.0
1036980,0.0,0.0,7.708261228338448,999.3196738783396,0.0
1037040,0.0,0.0,7.708261228338448,1001.1388654196588,0.0
1037100,0.0,0.0,7.708261228338448,1000.3393695194782,0.0
1037160,0.0,0.0,7.708261228338448,1000.7690874439509,0.0
1037220,0.0,0.0,7.708261228338448,998.8411738589423,0.0
1037280,0.0,0.0,7.708261228338448,999.0101413846805,0.0
1037340,0.0,0.0,7.708261228338448,1000.1936501260647,0.0
1037400,0.0,0.0,7.708261228338448,1000.6323603290016,0.0
1037460,0.0,0.0,7.708261228338448,999.6769655882426,0.0
1037520,0.0,0.0,7.708261228338448,999.811444129981,0.0
1037580,0.0,0.0,7.708261228338448,998.3352918848824,0.0
1037640,0.0,0.0,7.708261228338448,999.5977276532445,0.0
1037700,0.0,0.0,7.708261228338448,1001.3080163421437,0.0
1037760,0.0,0.0,7.708261228338448,1000.3193673305313,0.0
1037820,0.0,0.0,7.708261228338448,1000.0868318076964,0.0
1037880,0.0,0.0,7.708261228338448,998.6054843660766,0.0
1037940,0.0,0.0,7.708261228338448,999.2628950598747,0.0
1038000,0.0,0.0,7.708261228338448,1001.5645898224387,0.0
1038060,0.0,0.0,7.708261228338448,1000.3207807575237,0.0
1038120,0.0,0.0,7.708261228338448,1000.5918907395284,0.0
1038180,0.0,0.0,7.708261228338448,997.3845270351119,0.0
1038240,0.0,0.0,7.708261228338448,999.0394505127447,0.0
1038300,0.0,0.0,7.708261228338448,999.9042723971567,0.0
1038360,0.0,0.0,7.708261228338448,1000.5323172874928,0.0
1038420,0.0,0.0,7.708261228338448,1000.5881999057399,0.0
1038480,0.0,0.0,7.708261228338448,998.0773087679921,0.0
1038540,0.0,0.0,7.708261228338448,999.1301394944321,0.0
1038600,0.0,0.0,7.708261228338448,1000.0696722135779,0.0
1038660,0.0,0.0,7.708261228338448,1000.2943879727634,0.0
1038720,0.0,0.0,7.708261228338448,1001.3280658487191,0.0
1038780,0.0,0.0,7.708261228338448,999.4612935702092,0.0
1038840,0.0,0.0,7.708261228338448,998.9232012342412,0.0
1038900,0.0,0.0,7.708261228338448,999.4531222968624,0.0
1038960,0.0,0.0,7.708261228338448,1000.2607093009175,0.0
1039020,0.0,0.0,7.708261228338448,1000.457291662562,0.0
1039080,0.0,0.0,7.708261228338448,1000.3453444414239,0.0
1039140,0.0,0.0,7.708261228338448,997.963916116493,0.0
1039200,0.0,0.0,7.708261228338448,999.1081187197368,0.0
1039260,0.0,0.0,7.708261228338448,999.8602617817753,0.0
1039320,0.0,0.0,7.708261228338448,1001.8722031673418,0.0
1039380,0.0,0.0,7.708261228338448,999.3122498674097,0.0
1039440,0.0,0.0,7.708261228338448,999.8800703460985,0.0
1039500,0.0,0.0,7.708261228338448,998.3167337997546,0.0
1039560,0.0,0.0,7.708261228338448,999.5974602182284,0.0
1039620,0.0,0.0,7.708261228338448,1001.4076024712685,0.0
1039680,0.0,0.0,7.708261228338448,1000.2563064214336,0.0
1039740,0.0,0.0,7.708261228338448,1000.1418931091902,0.0
1039800,0.0,0.0,7.708261228338448,998.6276523693718,0.0
1039860,0.0,0.0,7.708261228338448,999.297922098979,0.0
1039920,0.0,0.0,7.708261228338448,1000.5049762548229,0.0
1039980,0.0,0.0,7.708261228338448,1000.733580059217,0.0
1040040,0.0,0.0,7.708261228338448,999.1088885951599,0.0
1040100,0.0,0.0,7.708261228338448,999.4264392590641,0.0
1040160,0.0,0.0,7.708261228338448,998.9414040974858,0.0
1040220,0.0,0.0,7.708261228338448,999.9321126343775,0.0
1040280,0.0,0.0,7.708261228338448,1001.4502045337075,0.0
1040340,0.0,0.0,7.708261228338448,999.1352555812028,0.0
1040400,0.0,0.0,7.708261228338448,999.5604808051961,0.0
1040460,0.0,0.0,7.708261228338448,998.5864541142882,0.0
1040520,0.0,0.0,7.708261228338448,1000.6795627081665,0.0
1040580,0.0,0.0,7.708261228338448,1000.2683991859822,0.0
1040640,0.0,0.0,7.708261228338448,1001.4109125950706,0.0
1040700,0.0,0.0,7.708261228338448,999.4096956557594,0.0
1040760,0.0,0.0,7.708261228338448,999.0103574174034,0.0
1040820,0.0,0.0,7.708261228338448,999.5150486143705,0.0
1040880,0.0,0.0,7.708261228338448,1000.2510441249415,0.0
1040940,0.0,0.0,7.708261228338448,1000.3270585544883,0.0
1041000,0.0,0.0,7.708261228338448,1000.341167924124,0.0
1041060,0.0,0.0,7.708261228338448,997.8583213445118,0.0
1041120,0.0,0.0,7.708261228338448,999.1904776838825,0.0
1041180,0.0,0.0,7.708261228338448,1000.7073616439227,0.0
1041240,0.0,0.0,7.708261228338448,1000.4199406603624,0.0
1041300,0.0,0.0,7.708261228338448,1000.9010199028976,0.0
1041360,0.0,0.0,7.708261228338448,999.025061714073,0.0
1041420,0.0,0.0,7.708261228338448,998.8805384310463,0.0
1041480,0.0,0.0,7.708261228338448,999.9542209598092,0.0
1041540,0.0,0.0,7.708261228338448,1000.5688210335455,0.0
1041600,0.0,0.0,7.708261228338448,1000.7173622930096,0.0
1041660,0.0,0.0,7.708261228338448,998.858729374957,0.0
1041720,0.0,0.0,7.708261228338448,999.1462709694588,0.0
1041780,0.0,0.0,7.708261228338448,1000.0122156528638,0.0
1041840,0.0,0.0,7.708261228338448,1000.3914590103761,0.0
1041900,0.0,0.0,7.708261228338448,1000.7669811795417,0.0
1041960,0.0,0.0,7.708261228338448,998.8151334350528,0.0
1042020,0.0,0.0,7.708261228338448,999.5138823561157,0.0
1042080,0.0,0.0,7.708261228338448,999.0029323431411,0.0
1042140,0.0,0.0,7.708261228338448,999.9262875426205,0.0
1042200,0.0,0.0,7.708261228338448,1001.5525187051801,0.0
1042260,0.0,0.0,7.708261228338448,1000.0057890156259,0.0
1042320,0.0,0.0,7.708261228338448,999.5263874559671,0.0
1042380,0.0,0.0,7.708261228338448,998.8160180848995,0.0
1042440,0.0,0.0,7.708261228338448,999.6963157489245,0.0
1042500,0.0,0.0,7.708261228338448,1000.6404682179602,0.0
1042560,0.0,0.0,7.708261228338448,1000.6800012166849,0.0
1042620,0.0,0.0,7.708261228338448,998.5226326385389,0.0
1042680,0.0,0.0,7.708261228338448,999.1081138139243,0.0
1042740,0.0,0.0,7.708261228338448,999.6394360229434,0.0
1042800,0.0,0.0,7.708261228338448,1000.8443980613586,0.0
1042860,0.0,0.0,7.708261228338448,1000.533057194086,0.0
1042920,0.0,0.0,7.708261228338448,999.9903021527018,0.0
1042980,0.0,0.0,7.708261228338448,997.6911824962012,0.0
1043040,0.0,0.0,7.708261228338448,999.2281765265792,0.0
1043100,0.0,0.0,7.708261228338448,1000.8981568658163,0.0
1043160,0.0,0.0,7.708261228338448,1000.3423358175577,0.0
1043220,0.0,0.0,7.708261228338448,1000.9997628416497,0.0
1043280,0.0,0.0,7.708261228338448,999.0119413862524,0.0
1043340,0.0,0.0,7.708261228338448,998.9340076209181,0.0
1043400,0.0,0.0,7.708261228338448,1000.0039344632326,0.0
1043460,0.0,0.0,7.708261228338448,1000.5443947135863,0.0
1043520,0.0,0.0,7.708261228338448,999.9218676145261,0.0
1043580,0.0,0.0,7.708261228338448,999.9835221108133,0.0
1043640,0.0,0.0,7.708261228338448,998.1193284827776,0.0
1043700,0.0,0.0,7.708261228338448,999.4491768968637,0.0
1043760,0.0,0.0,7.708261228338448,1001.1616210708967,0.0
1043820,0.0,0.0,7.708261228338448,1000.3894214517243,0.0
1043880,0.0,0.0,7.708261228338448,1000.3508988983023,0.0
1043940,0.0,0.0,7.708261228338448,998.6642100411493,0.0
1044000,0.0,0.0,7.708261228338448,999.1050604498274,0.0
1044060,0.0,0.0,7.708261228338448,1001.3937282239687,0.0
1044120,0.0,0.0,7.708261228338448,1000.376533390212,0.0
1044180,0.0,0.0,7.708261228338448,1000.7540360132753,0.0
1044240,0.0,0.0,7.708261228338448,997.3494548817594,0.0
1044300,0.0,0.0,7.708261228338448,998.881697976109,0.0
1044360,0.0,0.0,7.708261228338448,999.7202171868871,0.0
1044420,0.0,0.0,7.708261228338448,1000.5716755857683,0.0
1044480,0.0,0.0,7.708261228338448,1000.6507378885777,0.0
1044540,0.0,0.0,7.708261228338448,998.3207721449706,0.0
1044600,0.0,0.0,7.708261228338448,999.1907541294224,0.0
1044660,0.0,0.0,7.708261228338448,999.749744611368,0.0
1044720,0.0,0.0,7.708261228338448,1000.2056309664669,0.0
1044780,0.0,0.0,7.708261228338448,1001.4384027021171,0.0
1044840,0.0,0.0,7.708261228338448,999.64701231478,0.0
1044900,0.0,0.0,7.708261228338448,999.0479509118028,0.0
1044960,0.0,0.0,7.708261228338448,999.2312870537836,0.0
1045020,0.0,0.0,7.708261228338448,1000.0992200699484,0.0
1045080,0.0,0.0,7.708261228338448,1000.5659689831699,0.0
1045140,0.0,0.0,7.708261228338448,1000.4765950382667,0.0
1045200,0.0,0.0,7.708261228338448,998.0582680519157,0.0
1045260,0.0,0.0,7.708261228338448,998.8288316689836,0.0
1045320,0.0,0.0,7.708261228338448,999.7081018356661,0.0
1045380,0.0,0.0,7.708261228338448,1001.8903150473113,0.0
1045440,0.0,0.0,7.708261228338448,999.576365231823,0.0
1045500,0.0,0.0,7.708261228338448,1000.044548503305,0.0
1045560,0.0,0.0,7.708261228338448,998.0604938887927,0.0
1045620,0.0,0.0,7.708261228338448,999.4681580960151,0.0
1045680,0.0,0.0,7.708261228338448,1001.2610934281585,0.0
1045740,0.0,0.0,7.708261228338448,1000.3239445659623,0.0
1045800,0.0,0.0,7.708261228338448,1000.4045540651509,0.0
1045860,0.0,0.0,7.708261228338448,998.6651738897443,0.0
1045920,0.0,0.0,7.708261228338448,999.150881315423,0.0
1045980,0.0,0.0,7.708261228338448,1000.3866702858015,0.0
1046040,0.0,0.0,7.708261228338448,1000.7108887558634,0.0
1046100,0.0,0.0,7.708261228338448,999.3866153902381,0.0
1046160,0.0,0.0,7.708261228338448,999.5872563288727,0.0
1046220,0.0,0.0,7.708261228338448,998.6516386299855,0.0
1046280,0.0,0.0,7.708261228338448,999.7838453207215,0.0
1046340,0.0,0.0,7.708261228338448,1001.404192733598,0.0
1046400,0.0,0.0,7.708261228338448,1000.2084474337819,0.0
1046460,0.0,0.0,7.708261228338448,999.7593398735647,0.0
1046520,0.0,0.0,7.708261228338448,998.1616389424722,0.0
1046580,0.0,0.0,7.708261228338448,999.5344293699835,0.0
1046640,0.0,0.0,7.708261228338448,1000.745297709463,0.0
1046700,0.0,0.0,7.708261228338448,1000.3954747792985,0.0
1046760,0.0,0.0,7.708261228338448,999.7006265121269,0.0
1046820,0.0,0.0,7.708261228338448,998.9944890184233,0.0
1046880,0.0,0.0,7.708261228338448,999.2803403791359,0.0
1046940,0.0,0.0,7.708261228338448,1000.0616115804823,0.0
1047000,0.0,0.0,7.708261228338448,1000.4699813000049,0.0
1047060,0.0,0.0,7.708261228338448,1000.4784091461227,0.0
1047120,0.0,0.0,7.708261228338448,997.8891223958913,0.0
1047180,0.0,0.0,7.708261228338448,999.1237873269524,0.0
1047240,0.0,0.0,7.708261228338448,1000.4177250769357,0.0
1047300,0.0,0.0,7.708261228338448,1000.3839414650455,0.0
1047360,0.0,0.0,7.708261228338448,1001.1175444749312,0.0
1047420,0.0,0.0,7.708261228338448,999.230220132527,0.0
1047480,0.0,0.0,7.708261228338448,998.8543846056134,0.0
1047540,0.0,0.0,7.708261228338448,999.7196131922406,0.0
1047600,0.0,0.0,7.708261228338448,1000.4399518123182,0.0
1047660,0.0,0.0,7.708261228338448,1001.0460897484243,0.0
1047720,0.0,0.0,7.708261228338448,999.1054533678347,0.0
1047780,0.0,0.0,7.708261228338448,999.290933117117,0.0
1047840,0.0,0.0,7.708261228338448,999.5861868001841,0.0
1047900,0.0,0.0,7.708261228338448,1000.2886906310003,0.0
1047960,0.0,0.0,7.708261228338448,1000.7387064171684,0.0
1048020,0.0,0.0,7.708261228338448,999.1217995088992,0.0
1048080,0.0,0.0,7.708261228338448,999.6810555108614,0.0
1048140,0.0,0.0,7.708261228338448,998.6724694864231,0.0
1048200,0.0,0.0,7.708261228338448,999.7785211947925,0.0
1048260,0.0,0.0,7.708261228338448,1001.5159233649447,0.0
1048320,0.0,0.0,7.708261228338448,1000.1410830491691,0.0
1048380,0.0,0.0,7.708261228338448,999.7968345925102,0.0
1048440,0.0,0.0,7.708261228338448,998.6864885755886,0.0
1048500,0.0,0.0,7.708261228338448,999.5057394711216,0.0
1048560,0.0,0.0,7.708261228338448,1000.6064043068029,0.0
1048620,0.0,0.0,7.708261228338448,1000.72680629019,0.0
1048680,0.0,0.0,7.708261228338448,998.8032097913975,0.0
1048740,0.0,0.0,7.708261228338448,999.2311456054432,0.0
1048800,0.0,0.0,7.708261228338448,999.3091108105467,0.0
1048860,0.0,0.0,7.708261228338448,1000.1061950101691,0.0
1048920,0.0,0.0,7.708261228338448,1001.4261750447914,0.0
1048980,0.0,0.0,7.708261228338448,998.7739039812034,0.0
1049040,0.0,0.0,7.708261228338448,999.3559290875153,0.0
1049100,0.0,0.0,7.708261228338448,998.7762363124092,0.0
1049160,0.0,0.0,7.708261228338448,1000.9432869980453,0.0
1049220,0.0,0.0,7.708261228338448,1000.3529296112814,0.0
1049280,0.0,0.0,7.708261228338448,1001.1803744144206,0.0
1049340,0.0,0.0,7.708261228338448,999.1985332189696,0.0
1049400,0.0,0.0,7.708261228338448,998.9367100254644,0.0
1049460,0.0,0.0,7.708261228338448,999.7628952836094,0.0
1049520,0.0,0.0,7.708261228338448,1000.4147870235437,0.0
1049580,0.0,0.0,7.708261228338448,1000.1501963349359,0.0
1049640,0.0,0.0,7.708261228338448,1000.1721248733073,0.0
1049700,0.0,0.0,7.708261228338448,997.9452187046226,0.0
1049760,0.0,0.0,7.708261228338448,999.3008694155393,0.0
1049820,0.0,0.0,7.708261228338448,1000.9535991756927,0.0
1049880,0.0,0.0,7.708261228338448,1000.4264652980125,0.0
1049940,0.0,0.0,7.708261228338448,1000.6381866456097,0.0
1050000,0.0,0.0,7.708261228338448,998.8303909498626,0.0
1050060,0.0,0.0,7.708261228338448,998.965115370086,0.0
1050120,0.0,0.0,7.708261228338448,1001.1501853635629,0.0
1050180,0.0,0.0,7.708261228338448,1000.390490100855,0.0
1050240,0.0,0.0,7.708261228338448,1000.9060938120119,0.0
1050300,0.0,0.0,7.708261228338448,997.4435028477444,0.0
1050360,0.0,0.0,7.708261228338448,998.7615845560055,0.0
1050420,0.0,0.0,7.708261228338448,999.5157889800581,0.0
1050480,0.0,0.0,7.708261228338448,1000.5583691760918,0.0
1050540,0.0,0.0,7.708261228338448,1000.6868788977707,0.0
1050600,0.0,0.0,7.708261228338448,998.607087828701,0.0
1050660,0.0,0.0,7.708261228338448,999.3196597519927,0.0
1050720,0.0,0.0,7.708261228338448,999.3917351686234,0.0
1050780,0.0,0.0,7.708261228338448,1000.0816299950268,0.0
1050840,0.0,0.0,7.708261228338448,1001.5155271358823,0.0
1050900,0.0,0.0,7.708261228338448,999.8352679571666,0.0
1050960,0.0,0.0,7.708261228338448,999.2504845691802,0.0
1051020,0.0,0.0,7.708261228338448,999.0089011407347,0.0
1051080,0.0,0.0,7.708261228338448,999.9074313667288,0.0
1051140,0.0,0.0,7.708261228338448,1000.6316838527274,0.0
1051200,0.0,0.0,7.708261228338448,1000.5933759286306,0.0
1051260,0.0,0.0,7.708261228338448,998.2773420639662,0.0
1051320,0.0,0.0,7.708261228338448,998.5604201956734,0.0
1051380,0.0,0.0,7.708261228338448,999.5444892495681,0.0
1051440,0.0,0.0,7.708261228338448,1001.8533970801664,0.0
1051500,0.0,0.0,7.708261228338448,999.8214054516927,0.0
1051560,0.0,0.0,7.708261228338448,1000.2166239014698,0.0
1051620,0.0,0.0,7.708261228338448,997.8430555693282,0.0
1051680,0.0,0.0,7.708261228338448,999.3453904274248,0.0
1051740,0.0,0.0,7.708261228338448,1001.061534302836,0.0
1051800,0.0,0.0,7.708261228338448,1000.3623600759768,0.0
1051860,0.0,0.0,7.708261228338448,1000.6791075146422,0.0
1051920,0.0,0.0,7.708261228338448,998.8046405399483,0.0
1051980,0.0,0.0,7.708261228338448,999.0233763762213,0.0
1052040,0.0,0.0,7.708261228338448,1000.2226223425092,0.0
1052100,0.0,0.0,7.708261228338448,1000.6535354225061,0.0
1052160,0.0,0.0,7.708261228338448,999.6626816764342,0.0
1052220,0.0,0.0,7.708261228338448,999.7707487045076,0.0
1052280,0.0,0.0,7.708261228338448,998.3754859563742,0.0
1052340,0.0,0.0,7.708261228338448,999.6212733896646,0.0
1052400,0.0,0.0,7.708261228338448,1001.3095426636039,0.0
1052460,0.0,0.0,7.708261228338448,1000.316455362991,0.0
1052520,0.0,0.0,7.708261228338448,1000.0370043633724,0.0
1052580,0.0,0.0,7.708261228338448,997.8260218736715,0.0
1052640,0.0,0.0,7.708261228338448,999.3640934229243,0.0
1052700,0.0,0.0,7.708261228338448,1000.5673179677225,0.0
1052760,0.0,0.0,7.708261228338448,1000.7115547362735,0.0
1052820,0.0,0.0,7.708261228338448,999.868000159615,0.0
1052880,0.0,0.0,7.708261228338448,999.179075138666,0.0
1052940,0.0,0.0,7.708261228338448,999.0637970612804,0.0
1053000,0.0,0.0,7.708261228338448,999.890079975268,0.0
1053060,0.0,0.0,7.708261228338448,1000.5547893856487,0.0
1053120,0.0,0.0,7.708261228338448,1000.5810258110247,0.0
1053180,0.0,0.0,7.708261228338448,998.0497267579159,0.0
1053240,0.0,0.0,7.708261228338448,999.1100766210453,0.0
1053300,0.0,0.0,7.708261228338448,1000.113659640873,0.0
1053360,0.0,0.0,7.708261228338448,1000.3214027550215,0.0
1053420,0.0,0.0,7.708261228338448,1001.2821343634243,0.0
1053480,0.0,0.0,7.708261228338448,999.4284715053568,0.0
1053540,0.0,0.0,7.708261228338448,998.8954805676927,0.0
1053600,0.0,0.0,7.708261228338448,999.4875638920435,0.0
1053660,0.0,0.0,7.708261228338448,1000.2943642185448,0.0
1053720,0.0,0.0,7.708261228338448,1001.3123342734591,0.0
1053780,0.0,0.0,7.708261228338448,999.3401175204499,0.0
1053840,0.0,0.0,7.708261228338448,999.4625543955196,0.0
1053900,0.0,0.0,7.708261228338448,999.1648072359203,0.0
1053960,0.0,0.0,7.708261228338448,1000.154761513491,0.0
1054020,0.0,0.0,7.708261228338448,1000.6819520478609,0.0
1054080,0.0,0.0,7.708261228338448,999.4110316829906,0.0
1054140,0.0,0.0,7.708261228338448,999.8435649666969,0.0
1054200,0.0,0.0,7.708261228338448,998.3842397676042,0.0
1054260,0.0,0.0,7.708261228338448,999.6348007535786,0.0
1054320,0.0,0.0,7.708261228338448,1001.4282539899998,0.0
1054380,0.0,0.0,7.708261228338448,1000.2453830059966,0.0
1054440,0.0,0.0,7.708261228338448,1000.0658871746136,0.0
1054500,0.0,0.0,7.708261228338448,998.6261186596317,0.0
1054560,0.0,0.0,7.708261228338448,999.3318645914411,0.0
1054620,0.0,0.0,7.708261228338448,1000.5307026570003,0.0
1054680,0.0,0.0,7.708261228338448,1000.7410787038891,0.0
1054740,0.0,0.0,7.708261228338448,999.0865371223615,0.0
1054800,0.0,0.0,7.708261228338448,999.3765334335054,0.0
1054860,0.0,0.0,7.708261228338448,998.9956786852466,0.0
1054920,0.0,0.0,7.708261228338448,999.9657745981831,0.0
1054980,0.0,0.0,7.708261228338448,1001.4356637472971,0.0
1055040,0.0,0.0,7.708261228338448,999.1318598915248,0.0
1055100,0.0,0.0,7.708261228338448,999.5201918570924,0.0
1055160,0.0,0.0,7.708261228338448,998.6096701621044,0.0
1055220,0.0,0.0,7.708261228338448,1000.69009396405,0.0
1055280,0.0,0.0,7.708261228338448,1000.2921005121813,0.0
1055340,0.0,0.0,7.708261228338448,1001.3628230757218,0.0
1055400,0.0,0.0,7.708261228338448,999.3836905368216,0.0
1055460,0.0,0.0,7.708261228338448,998.9838351646048,0.0
1055520,0.0,0.0,7.708261228338448,999.5424580828999,0.0
1055580,0.0,0.0,7.708261228338448,1000.2788483149553,0.0
1055640,0.0,0.0,7.708261228338448,1000.3253120415537,0.0
1055700,0.0,0.0,7.708261228338448,1000.3183952423238,0.0
1055760,0.0,0.0,7.708261228338448,997.8781083743894,0.0
1055820,0.0,0.0,7.708261228338448,999.1940574127842,0.0
1055880,0.0,0.0,7.708261228338448,1000.7235659838552,0.0
1055940,0.0,0.0,7.708261228338448,1000.4310204222669,0.0
1056000,0.0,0.0,7.708261228338448,1000.8640308111292,0.0
1056060,0.0,0.0,7.708261228338448,999.00508102446,0.0
1056120,0.0,0.0,7.708261228338448,998.8799380596533,0.0
1056180,0.0,0.0,7.708261228338448,1000.8609902714977,0.0
1056240,0.0,0.0,7.708261228338448,1000.3717287792664,0.0
1056300,0.0,0.0,7.708261228338448,1001.0056286188903,0.0
1056360,0.0,0.0,7.708261228338448,997.6972061890992,0.0
1056420,0.0,0.0,7.708261228338448,998.7162640176396,0.0
1056480,0.0,0.0,7.708261228338448,999.3421390680231,0.0
1056540,0.0,0.0,7.708261228338448,1000.5046241163159,0.0
1056600,0.0,0.0,7.708261228338448,1000.6918694198241,0.0
1056660,0.0,0.0,7.708261228338448,998.8907075584981,0.0
1056720,0.0,0.0,7.708261228338448,999.4554813938339,0.0
1056780,0.0,0.0,7.708261228338448,999.0672631756933,0.0
1056840,0.0,0.0,7.708261228338448,999.9557393378933,0.0
1056900,0.0,0.0,7.708261228338448,1001.5319849804151,0.0
1056960,0.0,0.0,7.708261228338448,999.9900865811672,0.0
1057020,0.0,0.0,7.708261228338448,999.4701763600661,0.0
1057080,0.0,0.0,7.708261228338448,998.8346302900558,0.0
1057140,0.0,0.0,7.708261228338448,999.7276136679344,0.0
1057200,0.0,0.0,7.708261228338448,1000.6500919718897,0.0
1057260,0.0,0.0,7.708261228338448,1000.6724526386931,0.0
1057320,0.0,0.0,7.708261228338448,998.5140469732237,0.0
1057380,0.0,0.0,7.708261228338448,999.0805961116001,0.0
1057440,0.0,0.0,7.708261228338448,999.6735446168273,0.0
1057500,0.0,0.0,7.708261228338448,1000.8506326827704,0.0
1057560,0.0,0.0,7.708261228338448,1000.5393433860471,0.0
1057620,0.0,0.0,7.708261228338448,999.9440982042933,0.0
1057680,0.0,0.0,7.708261228338448,997.7253201716342,0.0
1057740,0.0,0.0,7.708261228338448,999.229737851315,0.0
1057800,0.0,0.0,7.708261228338448,1000.9102518154059,0.0
1057860,0.0,0.0,7.708261228338448,1000.3534683615882,0.0
1057920,0.0,0.0,7.708261228338448,1000.9608421333164,0.0
1057980,0.0,0.0,7.708261228338448,998.9932194581364,0.0
1058040,0.0,0.0,7.708261228338448,998.9324564820846,0.0
1058100,0.0,0.0,7.708261228338448,1000.0207300731261,0.0
1058160,0.0,0.0,7.708261228338448,1000.5596555475928,0.0
1058220,0.0,0.0,7.708261228338448,999.9213717873046,0.0
1058280,0.0,0.0,7.708261228338448,999.961429934928,0.0
1058340,0.0,0.0,7.708261228338448,998.1395386173192,0.0
1058400,0.0,0.0,7.708261228338448,999.458644309134,0.0
1058460,0.0,0.0,7.708261228338448,1001.1620609501624,0.0
1058520,0.0,0.0,7.708261228338448,1000.393037911653,0.0
1058580,0.0,0.0,7.708261228338448,1000.3234710623326,0.0
1058640,0.0,0.0,7.708261228338448,997.5524565912817,0.0
1058700,0.0,0.0,7.708261228338448,999.2068087914032,0.0
1058760,0.0,0.0,7.708261228338448,1000.3543640402387,0.0
1058820,0.0,0.0,7.708261228338448,1000.9812037194382,0.0
1058880,0.0,0.0,7.708261228338448,1000.020346251091,0.0
1058940,0.0,0.0,7.708261228338448,999.4230998518285,0.0
1059000,0.0,0.0,7.708261228338448,998.8705591956741,0.0
1059060,0.0,0.0,7.708261228338448,999.7079337425606,0.0
1059120,0.0,0.0,7.708261228338448,1000.5917769290472,0.0
1059180,0.0,0.0,7.708261228338448,1000.6577975118972,0.0
1059240,0.0,0.0,7.708261228338448,998.2948651190184,0.0
1059300,0.0,0.0,7.708261228338448,999.1626539984239,0.0
1059360,0.0,0.0,7.708261228338448,999.7826589736975,0.0
1059420,0.0,0.0,7.708261228338448,1000.2286648800527,0.0
1059480,0.0,0.0,7.708261228338448,1001.4091011231994,0.0
1059540,0.0,0.0,7.708261228338448,999.6266733253724,0.0
1059600,0.0,0.0,7.708261228338448,999.0174490972653,0.0
1059660,0.0,0.0,7.708261228338448,999.2530419632484,0.0
1059720,0.0,0.0,7.708261228338448,1000.1247202725214,0.0
1059780,0.0,0.0,7.708261228338448,1000.5676696964924,0.0
1059840,0.0,0.0,7.708261228338448,1000.460184716188,0.0
1059900,0.0,0.0,7.708261228338448,998.0632286365276,0.0
1059960,0.0,0.0,7.708261228338448,998.8504090841836,0.0
1060020,0.0,0.0,7.708261228338448,999.7269230762336,0.0
1060080,0.0,0.0,7.708261228338448,1001.8613677039957,0.0
1060140,0.0,0.0,7.708261228338448,999.5831916724502,0.0
1060200,0.0,0.0,7.708261228338448,1000.0191815737319,0.0
1060260,0.0,0.0,7.708261228338448,998.0878899968903,0.0
1060320,0.0,0.0,7.708261228338448,999.4775195714707,0.0
1060380,0.0,0.0,7.708261228338448,1001.2611498849694,0.0
1060440,0.0,0.0,7.708261228338448,1000.3276795288809,0.0
1060500,0.0,0.0,7.708261228338448,1000.3723529192769,0.0
1060560,0.0,0.0,7.708261228338448,998.6570103663439,0.0
1060620,0.0,0.0,7.708261228338448,999.1577137885333,0.0
1060680,0.0,0.0,7.708261228338448,1000.3966844717341,0.0
1060740,0.0,0.0,7.708261228338448,1000.7178052294655,0.0
1060800,0.0,0.0,7.708261228338448,999.3896587303846,0.0
1060860,0.0,0.0,7.708261228338448,999.5678220332928,0.0
1060920,0.0,0.0,7.708261228338448,998.6658538771369,0.0
1060980,0.0,0.0,7.708261228338448,999.7937369054996,0.0
1061040,0.0,0.0,7.708261228338448,1001.3971345083435,0.0
1061100,0.0,0.0,7.708261228338448,999.4982845851805,0.0
1061160,0.0,0.0,7.708261228338448,999.709977265178,0.0
1061220,0.0,0.0,7.708261228338448,998.4803951191864,0.0
1061280,0.0,0.0,7.708261228338448,1000.3654807889538,0.0
1061340,0.0,0.0,7.708261228338448,1000.1933820538617,0.0
1061400,0.0,0.0,7.708261228338448,1001.5259380768724,0.0
1061460,0.0,0.0,7.708261228338448,999.5823571541571,0.0
1061520,0.0,0.0,7.708261228338448,999.1198542026075,0.0
1061580,0.0,0.0,7.708261228338448,999.3011026111557,0.0
1061640,0.0,0.0,7.708261228338448,1000.1070225753342,0.0
1061700,0.0,0.0,7.708261228338448,1000.4658763559137,0.0
1061760,0.0,0.0,7.708261228338448,1000.4592698751948,0.0
1061820,0.0,0.0,7.708261228338448,997.9050959484624,0.0
1061880,0.0,0.0,7.708261228338448,999.1189441272107,0.0
1061940,0.0,0.0,7.708261228338448,1000.4400897319816,0.0
1062000,0.0,0.0,7.708261228338448,1000.3984531728958,0.0
1062060,0.0,0.0,7.708261228338448,1001.0834763602098,0.0
1062120,0.0,0.0,7.708261228338448,999.2101674342741,0.0
1062180,0.0,0.0,7.708261228338448,998.8458412210489,0.0
1062240,0.0,0.0,7.708261228338448,1000.5072699527609,0.0
1062300,0.0,0.0,7.708261228338448,1000.3105275913514,0.0
1062360,0.0,0.0,7.708261228338448,1001.0777103044104,0.0
1062420,0.0,0.0,7.708261228338448,998.0362576653534,0.0
1062480,0.0,0.0,7.708261228338448,998.7569758379595,0.0
1062540,0.0,0.0,7.708261228338448,999.1720415050906,0.0
1062600,0.0,0.0,7.708261228338448,1000.3994225997222,0.0
1062660,0.0,0.0,7.708261228338448,1000.6648290828778,0.0
1062720,0.0,0.0,7.708261228338448,999.1886165371045,0.0
1062780,0.0,0.0,7.708261228338448,999.6232839439438,0.0
1062840,0.0,0.0,7.708261228338448,998.7338186277534,0.0
1062900,0.0,0.0,7.708261228338448,999.8076840911908,0.0
1062960,0.0,0.0,7.708261228338448,1001.5032256369182,0.0
1063020,0.0,0.0,7.708261228338448,1000.1307615603253,0.0
1063080,0.0,0.0,7.708261228338448,999.7359800460243,0.0
1063140,0.0,0.0,7.708261228338448,998.6969000808637,0.0
1063200,0.0,0.0,7.708261228338448,999.5349049892633,0.0
1063260,0.0,0.0,7.708261228338448,1000.6205586210326,0.0
1063320,0.0,0.0,7.708261228338448,1000.7256316635081,0.0
1063380,0.0,0.0,7.708261228338448,998.7919022775213,0.0
1063440,0.0,0.0,7.708261228338448,999.1966991608836,0.0
1063500,0.0,0.0,7.708261228338448,999.3457528021314,0.0
1063560,0.0,0.0,7.708261228338448,1000.7732957709353,0.0
1063620,0.0,0.0,7.708261228338448,1000.5371551800553,0.0
1063680,0.0,0.0,7.708261228338448,1000.3050370978111,0.0
1063740,0.0,0.0,7.708261228338448,997.622154193721,0.0
1063800,0.0,0.0,7.708261228338448,999.166593557706,0.0
1063860,0.0,0.0,7.708261228338448,1000.6317691646017,0.0
1063920,0.0,0.0,7.708261228338448,1000.3289234761298,0.0
1063980,0.0,0.0,7.708261228338448,1001.1702223930772,0.0
1064040,0.0,0.0,7.708261228338448,999.1803923825436,0.0
1064100,0.0,0.0,7.708261228338448,998.8991950541708,0.0
1064160,0.0,0.0,7.708261228338448,999.8065532306045,0.0
1064220,0.0,0.0,7.708261228338448,1000.4456820938054,0.0
1064280,0.0,0.0,7.708261228338448,1000.1395858654555,0.0
1064340,0.0,0.0,7.708261228338448,1000.1320585776363,0.0
1064400,0.0,0.0,7.708261228338448,997.9804054598605,0.0
1064460,0.0,0.0,7.708261228338448,999.3183588579321,0.0
1064520,0.0,0.0,7.708261228338448,1000.973852006282,0.0
1064580,0.0,0.0,7.708261228338448,1000.4344240415807,0.0
1064640,0.0,0.0,7.708261228338448,1000.5812080937139,0.0
1064700,0.0,0.0,7.708261228338448,997.3897077560049,0.0
1064760,0.0,0.0,7.708261228338448,999.0851448898144,0.0
1064820,0.0,0.0,7.708261228338448,1000.129513157483,0.0
1064880,0.0,0.0,7.708261228338448,1001.1810537576406,0.0
1064940,0.0,0.0,7.708261228338448,1000.1439821762034,0.0
1065000,0.0,0.0,7.708261228338448,999.6871028013624,0.0
1065060,0.0,0.0,7.708261228338448,998.7282954866479,0.0
1065120,0.0,0.0,7.708261228338448,999.5361479662897,0.0
1065180,0.0,0.0,7.708261228338448,1000.58237697166,0.0
1065240,0.0,0.0,7.708261228338448,1000.7025082147885,0.0
1065300,0.0,0.0,7.708261228338448,998.5647410788303,0.0
1065360,0.0,0.0,7.708261228338448,999.2697636114189,0.0
1065420,0.0,0.0,7.708261228338448,999.4537414822569,0.0
1065480,0.0,0.0,7.708261228338448,1000.118369225783,0.0
1065540,0.0,0.0,7.708261228338448,1001.483567097388,0.0
1065600,0.0,0.0,7.708261228338448,999.8063165902072,0.0
1065660,0.0,0.0,7.708261228338448,999.1933285199775,0.0
1065720,0.0,0.0,7.708261228338448,999.0414749847433,0.0
1065780,0.0,0.0,7.708261228338448,999.9482774288952,0.0
1065840,0.0,0.0,7.708261228338448,1000.6361743961769,0.0
1065900,0.0,0.0,7.708261228338448,1000.5744200701195,0.0
1065960,0.0,0.0,7.708261228338448,998.2643609678722,0.0
1066020,0.0,0.0,7.708261228338448,998.5964475215376,0.0
1066080,0.0,0.0,7.708261228338448,999.5717409058552,0.0
1066140,0.0,0.0,7.708261228338448,1001.8241156236925,0.0
1066200,0.0,0.0,7.708261228338448,999.8218040706959,0.0
1066260,0.0,0.0,7.708261228338448,1000.1814332804655,0.0
1066320,0.0,0.0,7.708261228338448,997.8836814540844,0.0
1066380,0.0,0.0,7.708261228338448,999.3568204760843,0.0
1066440,0.0,0.0,7.708261228338448,1001.0753407167816,0.0
1066500,0.0,0.0,7.708261228338448,1000.3697723002801,0.0
1066560,0.0,0.0,7.708261228338448,1000.6282602903822,0.0
1066620,0.0,0.0,7.708261228338448,998.7821397142111,0.0
1066680,0.0,0.0,7.708261228338448,999.0316535442195,0.0
1066740,0.0,0.0,7.708261228338448,1000.2434180196731,0.0
1066800,0.0,0.0,7.708261228338448,1000.6682124527174,0.0
1066860,0.0,0.0,7.708261228338448,999.6561060888323,0.0
1066920,0.0,0.0,7.708261228338448,999.7397834781269,0.0
1066980,0.0,0.0,7.708261228338448,998.4040170726925,0.0
1067040,0.0,0.0,7.708261228338448,999.6384191854767,0.0
1067100,0.0,0.0,7.708261228338448,1001.3079813279886,0.0
1067160,0.0,0.0,7.708261228338448,999.8214033072354,0.0
1067220,0.0,0.0,7.708261228338448,999.8709803466093,0.0
1067280,0.0,0.0,7.708261228338448,998.4274348811599,0.0
1067340,0.0,0.0,7.708261228338448,1000.0219277187286,0.0
1067400,0.0,0.0,7.708261228338448,1000.088628933252,0.0
1067460,0.0,0.0,7.708261228338448,1001.6172479698812,0.0
1067520,0.0,0.0,7.708261228338448,999.75070708829,0.0
1067580,0.0,0.0,7.708261228338448,999.2948968961653,0.0
1067640,0.0,0.0,7.708261228338448,999.0939129648834,0.0
1067700,0.0,0.0,7.708261228338448,999.9419201766983,0.0
1067760,0.0,0.0,7.708261228338448,1000.5551649737021,0.0
1067820,0.0,0.0,7.708261228338448,1000.562447276,0.0
1067880,0.0,0.0,7.708261228338448,998.0527147050457,0.0
1067940,0.0,0.0,7.708261228338448,999.0937388238686,0.0
1068000,0.0,0.0,7.708261228338448,1000.1512343803545,0.0
1068060,0.0,0.0,7.708261228338448,1000.3431296484011,0.0
1068120,0.0,0.0,7.708261228338448,1001.2434744746101,0.0
1068180,0.0,0.0,7.708261228338448,999.4019955621111,0.0
1068240,0.0,0.0,7.708261228338448,998.8741878719584,0.0
1068300,0.0,0.0,7.708261228338448,999.5149810514388,0.0
1068360,0.0,0.0,7.708261228338448,1000.3215775615444,0.0
1068420,0.0,0.0,7.708261228338448,1001.2720473445037,0.0
1068480,0.0,0.0,7.708261228338448,999.3279406669191,0.0
1068540,0.0,0.0,7.708261228338448,999.4225013058668,0.0
1068600,0.0,0.0,7.708261228338448,999.1981254189942,0.0
1068660,0.0,0.0,7.708261228338448,1000.1761859435944,0.0
1068720,0.0,0.0,7.708261228338448,1000.6972806254146,0.0
1068780,0.0,0.0,7.708261228338448,999.4093056968923,0.0
1068840,0.0,0.0,7.708261228338448,999.8143938478238,0.0
1068900,0.0,0.0,7.708261228338448,998.4141905574627,0.0
1068960,0.0,0.0,7.708261228338448,999.6499827737541,0.0
1069020,0.0,0.0,7.708261228338448,1001.4235966544762,0.0
1069080,0.0,0.0,7.708261228338448,1000.2447639675024,0.0
1069140,0.0,0.0,7.708261228338448,1000.0300606139533,0.0
1069200,0.0,0.0,7.708261228338448,998.6248748603226,0.0
1069260,0.0,0.0,7.708261228338448,999.3446254579286,0.0
1069320,0.0,0.0,7.708261228338448,1000.5409554628884,0.0
1069380,0.0,0.0,7.708261228338448,1000.7448507439696,0.0
1069440,0.0,0.0,7.708261228338448,999.0871657426196,0.0
1069500,0.0,0.0,7.708261228338448,999.3543096221407,0.0
1069560,0.0,0.0,7.708261228338448,999.012755108423,0.0
1069620,0.0,0.0,7.708261228338448,1000.6357132506024,0.0
1069680,0.0,0.0,7.708261228338448,1000.502129316251,0.0
1069740,0.0,0.0,7.708261228338448,1000.6663258034415,0.0
1069800,0.0,0.0,7.708261228338448,997.6523153652977,0.0
1069860,0.0,0.0,7.708261228338448,999.1534191979333,0.0
1069920,0.0,0.0,7.708261228338448,1000.3114960369953,0.0
1069980,0.0,0.0,7.708261228338448,1000.2727051756542,0.0
1070040,0.0,0.0,7.708261228338448,1001.3495903095351,0.0
1070100,0.0,0.0,7.708261228338448,999.3776422317375,0.0
1070160,0.0,0.0,7.708261228338448,998.9306882648513,0.0
1070220,0.0,0.0,7.708261228338448,999.5737027475965,0.0
1070280,0.0,0.0,7.708261228338448,1000.3036645132338,0.0
1070340,0.0,0.0,7.708261228338448,1000.3238336157574,0.0
1070400,0.0,0.0,7.708261228338448,1000.2934842296365,0.0
1070460,0.0,0.0,7.708261228338448,997.8979547573973,0.0
1070520,0.0,0.0,7.708261228338448,999.1994730216298,0.0
1070580,0.0,0.0,7.708261228338448,1000.7407889833704,0.0
1070640,0.0,0.0,7.708261228338448,1000.4420611973052,0.0
1070700,0.0,0.0,7.708261228338448,1000.824849674912,0.0
1070760,0.0,0.0,7.708261228338448,998.9835315132646,0.0
1070820,0.0,0.0,7.708261228338448,998.8806386604417,0.0
1070880,0.0,0.0,7.708261228338448,1000.8591174800416,0.0
1070940,0.0,0.0,7.708261228338448,1000.3859753644389,0.0
1071000,0.0,0.0,7.708261228338448,1000.9912452927224,0.0
1071060,0.0,0.0,7.708261228338448,997.7229595756369,0.0
1071120,0.0,0.0,7.708261228338448,998.7130284397055,0.0
1071180,0.0,0.0,7.708261228338448,999.3578772497413,0.0
1071240,0.0,0.0,7.708261228338448,1000.516417208701,0.0
1071300,0.0,0.0,7.708261228338448,1000.6974234847524,0.0
1071360,0.0,0.0,7.708261228338448,998.8930048250137,0.0
1071420,0.0,0.0,7.708261228338448,999.4313007284727,0.0
1071480,0.0,0.0,7.708261228338448,999.0870863330741,0.0
1071540,0.0,0.0,7.708261228338448,999.969486940528,0.0
1071600,0.0,0.0,7.708261228338448,1001.5193943091522,0.0
1071660,0.0,0.0,7.708261228338448,999.985662412328,0.0
1071720,0.0,0.0,7.708261228338448,999.4463078295548,0.0
1071780,0.0,0.0,7.708261228338448,998.839903121136,0.0
1071840,0.0,0.0,7.708261228338448,999.7397767101371,0.0
1071900,0.0,0.0,7.708261228338448,1000.6559364216191,0.0
1071960,0.0,0.0,7.708261228338448,1000.6700425811365,0.0
1072020,0.0,0.0,7.708261228338448,998.5660619075595,0.0
1072080,0.0,0.0,7.708261228338448,998.3685042081358,0.0
1072140,0.0,0.0,7.708261228338448,999.4087846182925,0.0
1072200,0.0,0.0,7.708261228338448,1001.7268386065624,0.0
1072260,0.0,0.0,7.708261228338448,1000.0356504716788,0.0
1072320,0.0,0.0,7.708261228338448,1000.3492301904444,0.0
1072380,0.0,0.0,7.708261228338448,997.7343413597345,0.0
1072440,0.0,0.0,7.708261228338448,999.251960470472,0.0
1072500,0.0,0.0,7.708261228338448,1000.8309776557195,0.0
1072560,0.0,0.0,7.708261228338448,1000.3781546572699,0.0
1072620,0.0,0.0,7.708261228338448,1000.8941970073577,0.0
1072680,0.0,0.0,7.708261228338448,998.9634797390962,0.0
1072740,0.0,0.0,7.708261228338448,998.9363508497313,0.0
1072800,0.0,0.0,7.708261228338448,1000.0431969470062,0.0
1072860,0.0,0.0,7.708261228338448,1000.5795038362235,0.0
1072920,0.0,0.0,7.708261228338448,999.9152489357415,0.0
1072980,0.0,0.0,7.708261228338448,999.9323834983168,0.0
1073040,0.0,0.0,7.708261228338448,998.1662772040032,0.0
1073100,0.0,0.0,7.708261228338448,999.472936428653,0.0
1073160,0.0,0.0,7.708261228338448,1001.1657269111503,0.0
1073220,0.0,0.0,7.708261228338448,1000.1244757184537,0.0
1073280,0.0,0.0,7.708261228338448,1000.0359219833556,0.0
1073340,0.0,0.0,7.708261228338448,998.4515042495254,0.0
1073400,0.0,0.0,7.708261228338448,999.6282969846152,0.0
1073460,0.0,0.0,7.708261228338448,999.956174176175,0.0
1073520,0.0,0.0,7.708261228338448,1001.6696413967137,0.0
1073580,0.0,0.0,7.708261228338448,999.9134124214934,0.0
1073640,0.0,0.0,7.708261228338448,999.5322345762183,0.0
1073700,0.0,0.0,7.708261228338448,998.8992410644255,0.0
1073760,0.0,0.0,7.708261228338448,999.7556516966982,0.0
1073820,0.0,0.0,7.708261228338448,1000.599311659685,0.0
1073880,0.0,0.0,7.708261228338448,1000.6459576247388,0.0
1073940,0.0,0.0,7.708261228338448,998.2919832590086,0.0
1074000,0.0,0.0,7.708261228338448,999.1315078948272,0.0
1074060,0.0,0.0,7.708261228338448,999.8251698447802,0.0
1074120,0.0,0.0,7.708261228338448,1000.2537116470073,0.0
1074180,0.0,0.0,7.708261228338448,1001.376282267963,0.0
1074240,0.0,0.0,7.708261228338448,999.6025216932492,0.0
1074300,0.0,0.0,7.708261228338448,998.9840571109266,0.0
1074360,0.0,0.0,7.708261228338448,999.2791786917832,0.0
1074420,0.0,0.0,7.708261228338448,1000.1538830624162,0.0
1074480,0.0,0.0,7.708261228338448,1001.4906942870749,0.0
1074540,0.0,0.0,7.708261228338448,999.5564215184083,0.0
1074600,0.0,0.0,7.708261228338448,999.6219285081512,0.0
1074660,0.0,0.0,7.708261228338448,998.7772427586654,0.0
1074720,0.0,0.0,7.708261228338448,1000.0087538926804,0.0
1074780,0.0,0.0,7.708261228338448,1000.6130707989951,0.0
1074840,0.0,0.0,7.708261228338448,999.6829830585045,0.0
1074900,0.0,0.0,7.708261228338448,999.9818225044248,0.0
1074960,0.0,0.0,7.708261228338448,998.1608746226499,0.0
1075020,0.0,0.0,7.708261228338448,999.5049213707249,0.0
1075080,0.0,0.0,7.708261228338448,1001.2915861361333,0.0
1075140,0.0,0.0,7.708261228338448,1000.3246861979317,0.0
1075200,0.0,0.0,7.708261228338448,1000.305635195116,0.0
1075260,0.0,0.0,7.708261228338448,998.6402912769934,0.0
1075320,0.0,0.0,7.708261228338448,999.1814737700522,0.0
1075380,0.0,0.0,7.708261228338448,1000.4238850345339,0.0
1075440,0.0,0.0,7.708261228338448,1000.7306911843491,0.0
1075500,0.0,0.0,7.708261228338448,999.371278476341,0.0
1075560,0.0,0.0,7.708261228338448,999.5222161931881,0.0
1075620,0.0,0.0,7.708261228338448,998.7119391136409,0.0
1075680,0.0,0.0,7.708261228338448,1000.4530194017929,0.0
1075740,0.0,0.0,7.708261228338448,1000.4421365737065,0.0
1075800,0.0,0.0,7.708261228338448,1000.9854465605737,0.0
1075860,0.0,0.0,7.708261228338448,997.8462209381628,0.0
1075920,0.0,0.0,7.708261228338448,999.1980073578299,0.0
1075980,0.0,0.0,7.708261228338448,999.9775368684658,0.0
1076040,0.0,0.0,7.708261228338448,1000.1952806018529,0.0
1076100,0.0,0.0,7.708261228338448,1001.4767672022604,0.0
1076160,0.0,0.0,7.708261228338448,999.5633726487309,0.0
1076220,0.0,0.0,7.708261228338448,999.0314025141762,0.0
1076280,0.0,0.0,7.708261228338448,999.3478373788175,0.0
1076340,0.0,0.0,7.708261228338448,1000.1497108800962,0.0
1076400,0.0,0.0,7.708261228338448,1000.4628401292579,0.0
1076460,0.0,0.0,7.708261228338448,1000.4289146684418,0.0
1076520,0.0,0.0,7.708261228338448,997.9168932247782,0.0
1076580,0.0,0.0,7.708261228338448,999.1179126228949,0.0
1076640,0.0,0.0,7.708261228338448,1000.480344443905,0.0
1076700,0.0,0.0,7.708261228338448,1000.4191828291954,0.0
1076760,0.0,0.0,7.708261228338448,1001.0292647730986,0.0
1076820,0.0,0.0,7.708261228338448,999.1741596290819,0.0
1076880,0.0,0.0,7.708261228338448,998.8368137492731,0.0
1076940,0.0,0.0,7.708261228338448,1000.5271090748527,0.0
1077000,0.0,0.0,7.708261228338448,1000.3348499918078,0.0
1077060,0.0,0.0,7.708261228338448,1001.0634624916823,0.0
1077120,0.0,0.0,7.708261228338448,998.0491226212583,0.0
1077180,0.0,0.0,7.708261228338448,998.7386479654542,0.0
1077240,0.0,0.0,7.708261228338448,999.1937549004219,0.0
1077300,0.0,0.0,7.708261228338448,1000.4215403677655,0.0
1077360,0.0,0.0,7.708261228338448,1000.677985438667,0.0
1077420,0.0,0.0,7.708261228338448,999.1792556183152,0.0
1077480,0.0,0.0,7.708261228338448,999.5853991808834,0.0
1077540,0.0,0.0,7.708261228338448,998.773073738867,0.0
1077600,0.0,0.0,7.708261228338448,999.8301376149021,0.0
1077660,0.0,0.0,7.708261228338448,1001.4932305986327,0.0
1077720,0.0,0.0,7.708261228338448,1000.1231843539169,0.0
1077780,0.0,0.0,7.708261228338448,999.6925958818994,0.0
1077840,0.0,0.0,7.708261228338448,998.7044910595623,0.0
1077900,0.0,0.0,7.708261228338448,999.5561763245544,0.0
1077960,0.0,0.0,7.708261228338448,1000.6310186238959,0.0
1078020,0.0,0.0,7.708261228338448,1000.7244663945083,0.0
1078080,0.0,0.0,7.708261228338448,998.8992575931104,0.0
1078140,0.0,0.0,7.708261228338448,998.2332569189165,0.0
1078200,0.0,0.0,7.708261228338448,999.280350687644,0.0
1078260,0.0,0.0,7.708261228338448,1001.5633609502886,0.0
1078320,0.0,0.0,7.708261228338448,1000.1997485583424,0.0
1078380,0.0,0.0,7.708261228338448,1000.4775153593738,0.0
1078440,0.0,0.0,7.708261228338448,997.6989099843485,0.0
1078500,0.0,0.0,7.708261228338448,999.1888759221004,0.0
1078560,0.0,0.0,7.708261228338448,1000.5699038996904,0.0
1078620,0.0,0.0,7.708261228338448,1000.3598958381235,0.0
1078680,0.0,0.0,7.708261228338448,1001.100564946893,0.0
1078740,0.0,0.0,7.708261228338448,999.1421258850239,0.0
1078800,0.0,0.0,7.708261228338448,998.8945588147801,0.0
1078860,0.0,0.0,7.708261228338448,999.8390194325292,0.0
1078920,0.0,0.0,7.708261228338448,1000.4749546440103,0.0
1078980,0.0,0.0,7.708261228338448,1000.1300198391856,0.0
1079040,0.0,0.0,7.708261228338448,1000.0978928793036,0.0
1079100,0.0,0.0,7.708261228338448,998.010411932792,0.0
1079160,0.0,0.0,7.708261228338448,999.3334292293955,0.0
1079220,0.0,0.0,7.708261228338448,1000.9881564759619,0.0
1079280,0.0,0.0,7.708261228338448,1000.4409424821226,0.0
1079340,0.0,0.0,7.708261228338448,1000.5343653193024,0.0
1079400,0.0,0.0,7.708261228338448,997.4334305472023,0.0
1079460,0.0,0.0,7.708261228338448,999.0920846003717,0.0
1079520,0.0,0.0,7.708261228338448,1000.1588487818303,0.0
1079580,0.0,0.0,7.708261228338448,1001.1632961067421,0.0
1079640,0.0,0.0,7.708261228338448,1000.137552133486,0.0
1079700,0.0,0.0,7.708261228338448,999.6416477682333,0.0
1079760,0.0,0.0,7.708261228338448,998.7366392901673,0.0
1079820,0.0,0.0,7.708261228338448,999.555501251974,0.0
1079880,0.0,0.0,7.708261228338448,1000.5925843005881,0.0
1079940,0.0,0.0,7.708261228338448,1000.7025007198915,0.0
1080000,0.0,0.0,7.708261228338448,998.566031488181,0.0
1080060,0.0,0.0,7.708261228338448,999.2449517193421,0.0
1080120,0.0,0.0,7.708261228338448,999.4755949151881,0.0
1080180,0.0,0.0,7.708261228338448,1000.1342888935545,0.0
1080240,0.0,0.0,7.708261228338448,1001.4662306436273,0.0
1080300,0.0,0.0,7.708261228338448,999.7971634668778,0.0
1080360,0.0,0.0,7.708261228338448,999.1695224128291,0.0
1080420,0.0,0.0,7.708261228338448,999.0514265966501,0.0
1080480,0.0,0.0,7.708261228338448,999.9638941872972,0.0
1080540,0.0,0.0,7.708261228338448,1001.6548326826058,0.0
1080600,0.0,0.0,7.708261228338448,999.7703529696583,0.0
1080660,0.0,0.0,7.708261228338448,999.8454773994698,0.0
1080720,0.0,0.0,7.708261228338448,998.362263304046,0.0
1080780,0.0,0.0,7.708261228338448,999.8105866804511,0.0
1080840,0.0,0.0,7.708261228338448,1000.4961846214055,0.0
1080900,0.0,0.0,7.708261228338448,999.9330448867877,0.0
1080960,0.0,0.0,7.708261228338448,1000.1469401609651,0.0
1081020,0.0,0.0,7.708261228338448,997.9581804098391,0.0
1081080,0.0,0.0,7.708261228338448,999.3691142575028,0.0
1081140,0.0,0.0,7.708261228338448,1001.1090538971545,0.0
1081200,0.0,0.0,7.708261228338448,1000.3734576495879,0.0
1081260,0.0,0.0,7.708261228338448,1000.5805706246624,0.0
1081320,0.0,0.0,7.708261228338448,998.7597583234632,0.0
1081380,0.0,0.0,7.708261228338448,999.0415041758232,0.0
1081440,0.0,0.0,7.708261228338448,1000.2654889914777,0.0
1081500,0.0,0.0,7.708261228338448,1000.6827141258393,0.0
1081560,0.0,0.0,7.708261228338448,999.6477673801681,0.0
1081620,0.0,0.0,7.708261228338448,999.7066761531654,0.0
1081680,0.0,0.0,7.708261228338448,998.4344665874304,0.0
1081740,0.0,0.0,7.708261228338448,999.6573638991512,0.0
1081800,0.0,0.0,7.708261228338448,1001.3066296935656,0.0
1081860,0.0,0.0,7.708261228338448,999.8246037341083,0.0
1081920,0.0,0.0,7.708261228338448,999.8494336751318,0.0
1081980,0.0,0.0,7.708261228338448,998.4297757834627,0.0
1082040,0.0,0.0,7.708261228338448,1000.0303390518136,0.0
1082100,0.0,0.0,7.708261228338448,1000.1064935884448,0.0
1082160,0.0,0.0,7.708261228338448,1001.5928743151044,0.0
1082220,0.0,0.0,7.708261228338448,999.7405360401248,0.0
1082280,0.0,0.0,7.708261228338448,999.2664367679337,0.0
1082340,0.0,0.0,7.708261228338448,999.1055078202422,0.0
1082400,0.0,0.0,7.708261228338448,999.9590864314546,0.0
1082460,0.0,0.0,7.708261228338448,1000.5605894904098,0.0
1082520,0.0,0.0,7.708261228338448,1000.5553422223036,0.0
1082580,0.0,0.0,7.708261228338448,998.0612824749225,0.0
1082640,0.0,0.0,7.708261228338448,999.0845658409859,0.0
1082700,0.0,0.0,7.708261228338448,1000.1608127204298,0.0
1082760,0.0,0.0,7.708261228338448,1000.3539426457186,0.0
1082820,0.0,0.0,7.708261228338448,1001.2248194108762,0.0
1082880,0.0,0.0,7.708261228338448,999.3934686468847,0.0
1082940,0.0,0.0,7.708261228338448,998.8640739216229,0.0
1083000,0.0,0.0,7.708261228338448,1000.126801248543,0.0
1083060,0.0,0.0,7.708261228338448,1000.2370340748946,0.0
1083120,0.0,0.0,7.708261228338448,1001.1031941982031,0.0
1083180,0.0,0.0,7.708261228338448,998.4397084942427,0.0
1083240,0.0,0.0,7.708261228338448,998.87264836756,0.0
1083300,0.0,0.0,7.708261228338448,999.0405376596412,0.0
1083360,0.0,0.0,7.708261228338448,1000.2717745886695,0.0
1083420,0.0,0.0,7.708261228338448,1000.6214338948245,0.0
1083480,0.0,0.0,7.708261228338448,999.4741533879893,0.0
1083540,0.0,0.0,7.708261228338448,999.7705808367189,0.0
1083600,0.0,0.0,7.708261228338448,998.4554348786701,0.0
1083660,0.0,0.0,7.708261228338448,999.6702239754424,0.0
1083720,0.0,0.0,7.708261228338448,1001.4168622234108,0.0
1083780,0.0,0.0,7.708261228338448,1000.2424308319314,0.0
1083840,0.0,0.0,7.708261228338448,999.9827501776687,0.0
1083900,0.0,0.0,7.708261228338448,998.6246147306088,0.0
1083960,0.0,0.0,7.708261228338448,999.3630689334333,0.0
1084020,0.0,0.0,7.708261228338448,1000.5543681227965,0.0
1084080,0.0,0.0,7.708261228338448,1000.7485954398032,0.0
1084140,0.0,0.0,7.708261228338448,999.2890154313221,0.0
1084200,0.0,0.0,7.708261228338448,998.1819486919015,0.0
1084260,0.0,0.0,7.708261228338448,999.17022368621,0.0
1084320,0.0,0.0,7.708261228338448,1001.3357130312861,0.0
1084380,0.0,0.0,7.708261228338448,1000.3237967101779,0.0
1084440,0.0,0.0,7.708261228338448,1000.5932163270617,0.0
1084500,0.0,0.0,7.708261228338448,997.7708150490212,0.0
1084560,0.0,0.0,7.708261228338448,999.1711435755775,0.0
1084620,0.0,0.0,7.708261228338448,1000.2615234898329,0.0
1084680,0.0,0.0,7.708261228338448,1000.3073994589618,0.0
1084740,0.0,0.0,7.708261228338448,1001.2913215405462,0.0
1084800,0.0,0.0,7.708261228338448,999.3403965374451,0.0
1084860,0.0,0.0,7.708261228338448,998.9134429146422,0.0
1084920,0.0,0.0,7.708261228338448,999.607013344092,0.0
1084980,0.0,0.0,7.708261228338448,1000.3365249523816,0.0
1085040,0.0,0.0,7.708261228338448,1000.3177285982542,0.0
1085100,0.0,0.0,7.708261228338448,1000.2639063652991,0.0
1085160,0.0,0.0,7.708261228338448,997.9205538797839,0.0
1085220,0.0,0.0,7.708261228338448,999.2077975703019,0.0
1085280,0.0,0.0,7.708261228338448,1000.7615706332457,0.0
1085340,0.0,0.0,7.708261228338448,1000.4533934061799,0.0
1085400,0.0,0.0,7.708261228338448,1000.7803348386064,0.0
1085460,0.0,0.0,7.708261228338448,997.382233668657,0.0
1085520,0.0,0.0,7.708261228338448,999.0023065375254,0.0
1085580,0.0,0.0,7.708261228338448,999.9146416117002,0.0
1085640,0.0,0.0,7.708261228338448,1001.3013622126028,0.0
1085700,0.0,0.0,7.708261228338448,1000.2417497998676,0.0
1085760,0.0,0.0,7.708261228338448,999.9293308152608,0.0
1085820,0.0,0.0,7.708261228338448,998.645669638568,0.0
1085880,0.0,0.0,7.708261228338448,999.385735843294,0.0
1085940,0.0,0.0,7.708261228338448,1000.5389148604446,0.0
1086000,0.0,0.0,7.708261228338448,1000.7219767243108,0.0
1086060,0.0,0.0,7.708261228338448,998.8536627062535,0.0
1086120,0.0,0.0,7.708261228338448,999.3830629969322,0.0
1086180,0.0,0.0,7.708261228338448,999.1427970123818,0.0
1086240,0.0,0.0,7.708261228338448,1000.0032384521656,0.0
1086300,0.0,0.0,7.708261228338448,1001.4991339481849,0.0
1086360,0.0,0.0,7.708261228338448,999.9651785086946,0.0
1086420,0.0,0.0,7.708261228338448,999.389601130376,0.0
1086480,0.0,0.0,7.708261228338448,998.8624243738946,0.0
1086540,0.0,0.0,7.708261228338448,999.7751297258366,0.0
1086600,0.0,0.0,7.708261228338448,1001.7420816750422,0.0
1086660,0.0,0.0,7.708261228338448,999.9523244229507,0.0
1086720,0.0,0.0,7.708261228338448,1000.0600216265834,0.0
1086780,0.0,0.0,7.708261228338448,998.0000315904211,0.0
1086840,0.0,0.0,7.708261228338448,999.6064179954949,0.0
1086900,0.0,0.0,7.708261228338448,1000.361816760224,0.0
1086960,0.0,0.0,7.708261228338448,1000.14228247309,0.0
1087020,0.0,0.0,7.708261228338448,1000.2898193677194,0.0
1087080,0.0,0.0,7.708261228338448,997.8379715483434,0.0
1087140,0.0,0.0,7.708261228338448,999.2601812118546,0.0
1087200,0.0,0.0,7.708261228338448,1000.8891634645349,0.0
1087260,0.0,0.0,7.708261228338448,1000.3906484780222,0.0
1087320,0.0,0.0,7.708261228338448,1000.8234633820614,0.0
1087380,0.0,0.0,7.708261228338448,998.9240016783325,0.0
1087440,0.0,0.0,7.708261228338448,998.9418275458646,0.0
1087500,0.0,0.0,7.708261228338448,1000.0826222953706,0.0
1087560,0.0,0.0,7.708261228338448,1000.6076324770155,0.0
1087620,0.0,0.0,7.708261228338448,999.8965139303089,0.0
1087680,0.0,0.0,7.708261228338448,999.8847955858922,0.0
1087740,0.0,0.0,7.708261228338448,998.2106191709767,0.0
1087800,0.0,0.0,7.708261228338448,999.4999864848176,0.0
1087860,0.0,0.0,7.708261228338448,1001.1771158207896,0.0
1087920,0.0,0.0,7.708261228338448,1000.1159504192383,0.0
1087980,0.0,0.0,7.708261228338448,1000.0062951130005,0.0
1088040,0.0,0.0,7.708261228338448,998.4424944396804,0.0
1088100,0.0,0.0,7.708261228338448,999.6606861381891,0.0
1088160,0.0,0.0,7.708261228338448,999.9845149780855,0.0
1088220,0.0,0.0,7.708261228338448,1001.6427095079719,0.0
1088280,0.0,0.0,7.708261228338448,999.8979704654719,0.0
1088340,0.0,0.0,7.708261228338448,999.4810583251706,0.0
1088400,0.0,0.0,7.708261228338448,998.9177747167329,0.0
1088460,0.0,0.0,7.708261228338448,999.7839705763868,0.0
1088520,0.0,0.0,7.708261228338448,1000.6071201017968,0.0
1088580,0.0,0.0,7.708261228338448,1000.6385143124087,0.0
1088640,0.0,0.0,7.708261228338448,998.2906426901548,0.0
1088700,0.0,0.0,7.708261228338448,999.1095178047345,0.0
1088760,0.0,0.0,7.708261228338448,999.8529644998914,0.0
1088820,0.0,0.0,7.708261228338448,1000.2725929712104,0.0
1088880,0.0,0.0,7.708261228338448,1001.3505881455267,0.0
1088940,0.0,0.0,7.708261228338448,999.5856444840935,0.0
1089000,0.0,0.0,7.708261228338448,998.9600477450825,0.0
1089060,0.0,0.0,7.708261228338448,999.7268082486486,0.0
1089120,0.0,0.0,7.708261228338448,1000.1254357111156,0.0
1089180,0.0,0.0,7.708261228338448,1001.0982497916309,0.0
1089240,0.0,0.0,7.708261228338448,998.8419486699335,0.0
1089300,0.0,0.0,7.708261228338448,999.0276034693719,0.0
1089360,0.0,0.0,7.708261228338448,998.9359262070257,0.0
1089420,0.0,0.0,7.708261228338448,1000.1050077892589,0.0
1089480,0.0,0.0,7.708261228338448,1000.5464540558736,0.0
1089540,0.0,0.0,7.708261228338448,999.7324648182861,0.0
1089600,0.0,0.0,7.708261228338448,999.9335563773437,0.0
1089660,0.0,0.0,7.708261228338448,998.206874877872,0.0
1089720,0.0,0.0,7.708261228338448,999.5284562239387,0.0
1089780,0.0,0.0,7.708261228338448,1001.2944472403783,0.0
1089840,0.0,0.0,7.708261228338448,1000.3253226559241,0.0
1089900,0.0,0.0,7.708261228338448,1000.2444886549513,0.0
1089960,0.0,0.0,7.708261228338448,998.6279530207269,0.0
1090020,0.0,0.0,7.708261228338448,999.2019098491381,0.0
1090080,0.0,0.0,7.708261228338448,1000.4453481444311,0.0
1090140,0.0,0.0,7.708261228338448,1000.7406301997157,0.0
1090200,0.0,0.0,7.708261228338448,999.3583171283059,0.0
1090260,0.0,0.0,7.708261228338448,999.4842379349882,0.0
1090320,0.0,0.0,7.708261228338448,998.7484768429836,0.0
1090380,0.0,0.0,7.708261228338448,1000.4692904677354,0.0
1090440,0.0,0.0,7.708261228338448,1000.4605515501676,0.0
1090500,0.0,0.0,7.708261228338448,1000.9351202934015,0.0
1090560,0.0,0.0,7.708261228338448,997.8618303250917,0.0
1090620,0.0,0.0,7.708261228338448,999.1738897121459,0.0
1090680,0.0,0.0,7.708261228338448,1000.00367496,0.0
1090740,0.0,0.0,7.708261228338448,1000.2133455435461,0.0
1090800,0.0,0.0,7.708261228338448,1001.4489606325308,0.0
1090860,0.0,0.0,7.708261228338448,999.5478253681575,0.0
1090920,0.0,0.0,7.708261228338448,999.0078975638077,0.0
1090980,0.0,0.0,7.708261228338448,999.3640970739397,0.0
1091040,0.0,0.0,7.708261228338448,1000.169299268946,0.0
1091100,0.0,0.0,7.708261228338448,1000.4657667527456,0.0
1091160,0.0,0.0,7.708261228338448,1000.4157550421645,0.0
1091220,0.0,0.0,7.708261228338448,997.9286490535159,0.0
1091280,0.0,0.0,7.708261228338448,999.1154303047194,0.0
1091340,0.0,0.0,7.708261228338448,1000.4902953086548,0.0
1091400,0.0,0.0,7.708261228338448,1000.4294591057437,0.0
1091460,0.0,0.0,7.708261228338448,1001.0058002290995,0.0
1091520,0.0,0.0,7.708261228338448,997.4779818262897,0.0
1091580,0.0,0.0,7.708261228338448,998.9690087842673,0.0
1091640,0.0,0.0,7.708261228338448,999.6529126888362,0.0
1091700,0.0,0.0,7.708261228338448,1001.3726067188285,0.0
1091760,0.0,0.0,7.708261228338448,1000.318139268982,0.0
1091820,0.0,0.0,7.708261228338448,1000.2355818246907,0.0
1091880,0.0,0.0,7.708261228338448,998.6343220957589,0.0
1091940,0.0,0.0,7.708261228338448,999.2282858590553,0.0
1092000,0.0,0.0,7.708261228338448,1000.4380748246937,0.0
1092060,0.0,0.0,7.708261228338448,1000.7088858785809,0.0
1092120,0.0,0.0,7.708261228338448,999.1506059309332,0.0
1092180,0.0,0.0,7.708261228338448,999.5478422263819,0.0
1092240,0.0,0.0,7.708261228338448,998.8128015727361,0.0
1092300,0.0,0.0,7.708261228338448,999.8544568505906,0.0
1092360,0.0,0.0,7.708261228338448,1001.4832151101532,0.0
1092420,0.0,0.0,7.708261228338448,1000.1139397585248,0.0
1092480,0.0,0.0,7.708261228338448,999.6477251047663,0.0
1092540,0.0,0.0,7.708261228338448,998.7135959197763,0.0
1092600,0.0,0.0,7.708261228338448,999.5794367717466,0.0
1092660,0.0,0.0,7.708261228338448,1000.6417242047244,0.0
1092720,0.0,0.0,7.708261228338448,1000.7223004483932,0.0
1092780,0.0,0.0,7.708261228338448,998.8856286373433,0.0
1092840,0.0,0.0,7.708261228338448,998.2470774594027,0.0
1092900,0.0,0.0,7.708261228338448,999.2891693562291,0.0
1092960,0.0,0.0,7.708261228338448,1001.5490918221308,0.0
1093020,0.0,0.0,7.708261228338448,1000.208127582623,0.0
1093080,0.0,0.0,7.708261228338448,1000.4624543472142,0.0
1093140,0.0,0.0,7.708261228338448,997.7186876090115,0.0
1093200,0.0,0.0,7.708261228338448,999.1844811438863,0.0
1093260,0.0,0.0,7.708261228338448,1000.5813518582662,0.0
1093320,0.0,0.0,7.708261228338448,1000.3708662170685,0.0
1093380,0.0,0.0,7.708261228338448,1001.0724966186282,0.0
1093440,0.0,0.0,7.708261228338448,999.1290141555147,0.0
1093500,0.0,0.0,7.708261228338448,998.8887601422875,0.0
1093560,0.0,0.0,7.708261228338448,999.8504814334763,0.0
1093620,0.0,0.0,7.708261228338448,1000.4876089768958,0.0
1093680,0.0,0.0,7.708261228338448,1000.1330381311167,0.0
1093740,0.0,0.0,7.708261228338448,1000.08273382667,0.0
1093800,0.0,0.0,7.708261228338448,998.0241268738743,0.0
1093860,0.0,0.0,7.708261228338448,999.3376654116204,0.0
1093920,0.0,0.0,7.708261228338448,1000.9880671108414,0.0
1093980,0.0,0.0,7.708261228338448,1000.381438375436,0.0
1094040,0.0,0.0,7.708261228338448,1000.1645337306671,0.0
1094100,0.0,0.0,7.708261228338448,998.5578566485859,0.0
1094160,0.0,0.0,7.708261228338448,999.2425270007147,0.0
1094220,0.0,0.0,7.708261228338448,999.8341294477293,0.0
1094280,0.0,0.0,7.708261228338448,1001.6487656920755,0.0
1094340,0.0,0.0,7.708261228338448,1000.0461287046786,0.0
1094400,0.0,0.0,7.708261228338448,999.7571092983873,0.0
1094460,0.0,0.0,7.708261228338448,998.7563686732403,0.0
1094520,0.0,0.0,7.708261228338448,999.5884578813382,0.0
1094580,0.0,0.0,7.708261228338448,1000.6036395255865,0.0
1094640,0.0,0.0,7.708261228338448,1000.6977554725449,0.0
1094700,0.0,0.0,7.708261228338448,998.5659017035921,0.0
1094760,0.0,0.0,7.708261228338448,999.2141556774023,0.0
1094820,0.0,0.0,7.708261228338448,999.5073721404583,0.0
1094880,0.0,0.0,7.708261228338448,1000.1548030481537,0.0
1094940,0.0,0.0,7.708261228338448,1001.4451866269821,0.0
1095000,0.0,0.0,7.708261228338448,999.7828774454612,0.0
1095060,0.0,0.0,7.708261228338448,999.1388762291922,0.0
1095120,0.0,0.0,7.708261228338448,999.2840918141459,0.0
1095180,0.0,0.0,7.708261228338448,999.9774564944781,0.0
1095240,0.0,0.0,7.708261228338448,1001.0522950149812,0.0
1095300,0.0,0.0,7.708261228338448,999.2707738663646,0.0
1095360,0.0,0.0,7.708261228338448,999.2114345278004,0.0
1095420,0.0,0.0,7.708261228338448,998.8719474757983,0.0
1095480,0.0,0.0,7.708261228338448,999.8972297727157,0.0
1095540,0.0,0.0,7.708261228338448,1000.436827086636,0.0
1095600,0.0,0.0,7.708261228338448,999.9754676457923,0.0
1095660,0.0,0.0,7.708261228338448,1000.1059894943891,0.0
1095720,0.0,0.0,7.708261228338448,997.9940442921774,0.0
1095780,0.0,0.0,7.708261228338448,999.3873252516063,0.0
1095840,0.0,0.0,7.708261228338448,1001.1202122115086,0.0
1095900,0.0,0.0,7.708261228338448,1000.3799974500166,0.0
1095960,0.0,0.0,7.708261228338448,1000.5203283613353,0.0
1096020,0.0,0.0,7.708261228338448,998.733230307621,0.0
1096080,0.0,0.0,7.708261228338448,999.0553198899954,0.0
1096140,0.0,0.0,7.708261228338448,1000.290540578834,0.0
1096200,0.0,0.0,7.708261228338448,1000.6983173336306,0.0
1096260,0.0,0.0,7.708261228338448,999.6353076306698,0.0
1096320,0.0,0.0,7.708261228338448,999.6687895908957,0.0
1096380,0.0,0.0,7.708261228338448,998.4697927615503,0.0
1096440,0.0,0.0,7.708261228338448,1000.242294162647,0.0
1096500,0.0,0.0,7.708261228338448,1000.375286309574,0.0
1096560,0.0,0.0,7.708261228338448,1001.2282679317124,0.0
1096620,0.0,0.0,7.708261228338448,998.1279712878547,0.0
1096680,0.0,0.0,7.708261228338448,999.2734525933101,0.0
1096740,0.0,0.0,7.708261228338448,999.6506496617168,0.0
1096800,0.0,0.0,7.708261228338448,1000.1125744946021,0.0
1096860,0.0,0.0,7.708261228338448,1001.5394178613641,0.0
1096920,0.0,0.0,7.708261228338448,999.729685670928,0.0
1096980,0.0,0.0,7.708261228338448,999.1711177441115,0.0
1097040,0.0,0.0,7.708261228338448,999.1421698181762,0.0
1097100,0.0,0.0,7.708261228338448,999.9978124757658,0.0
1097160,0.0,0.0,7.708261228338448,1000.56367115295,0.0
1097220,0.0,0.0,7.708261228338448,1000.5349921484967,0.0
1097280,0.0,0.0,7.708261228338448,998.0572892831008,0.0
1097340,0.0,0.0,7.708261228338448,999.0722675904516,0.0
1097400,0.0,0.0,7.708261228338448,1000.2005500207778,0.0
1097460,0.0,0.0,7.708261228338448,1000.3767724631153,0.0
1097520,0.0,0.0,7.708261228338448,1001.1823450665424,0.0
1097580,0.0,0.0,7.708261228338448,997.7325240986513,0.0
1097640,0.0,0.0,7.708261228338448,999.005424255001,0.0
1097700,0.0,0.0,7.708261228338448,999.4025859052504,0.0
1097760,0.0,0.0,7.708261228338448,1001.3680177993775,0.0
1097820,0.0,0.0,7.708261228338448,1000.3629912620801,0.0
1097880,0.0,0.0,7.708261228338448,1000.5205597029972,0.0
1097940,0.0,0.0,7.708261228338448,998.7203334480902,0.0
1098000,0.0,0.0,7.708261228338448,999.102124086845,0.0
1098060,0.0,0.0,7.708261228338448,1000.3033405122817,0.0
1098120,0.0,0.0,7.708261228338448,1000.6670669268992,0.0
1098180,0.0,0.0,7.708261228338448,999.4329818014088,0.0
1098240,0.0,0.0,7.708261228338448,999.7145554415332,0.0
1098300,0.0,0.0,7.708261228338448,998.518909245046,0.0
1098360,0.0,0.0,7.708261228338448,999.7055021447625,0.0
1098420,0.0,0.0,7.708261228338448,1001.4164565391269,0.0
1098480,0.0,0.0,7.708261228338448,1000.2323792734412,0.0
1098540,0.0,0.0,7.708261228338448,999.9107931429953,0.0
1098600,0.0,0.0,7.708261228338448,998.6281313417501,0.0
1098660,0.0,0.0,7.708261228338448,999.3966607252605,0.0
1098720,0.0,0.0,7.708261228338448,1000.5758901324458,0.0
1098780,0.0,0.0,7.708261228338448,1000.7518658257177,0.0
1098840,0.0,0.0,7.708261228338448,999.2493353459574,0.0
1098900,0.0,0.0,7.708261228338448,998.1919127409566,0.0
1098960,0.0,0.0,7.708261228338448,999.1781226304054,0.0
1099020,0.0,0.0,7.708261228338448,1001.3342491017065,0.0
1099080,0.0,0.0,7.708261228338448,1000.3323579637251,0.0
1099140,0.0,0.0,7.708261228338448,1000.5754146322387,0.0
1099200,0.0,0.0,7.708261228338448,997.7851525891957,0.0
1099260,0.0,0.0,7.708261228338448,999.1566660131709,0.0
1099320,0.0,0.0,7.708261228338448,1000.2929145103374,0.0
1099380,0.0,0.0,7.708261228338448,1000.3263653841088,0.0
1099440,0.0,0.0,7.708261228338448,1001.2515675530948,0.0
1099500,0.0,0.0,7.708261228338448,999.3169091661944,0.0
1099560,0.0,0.0,7.708261228338448,998.8969585127592,0.0
1099620,0.0,0.0,7.708261228338448,999.6306462626972,0.0
1099680,0.0,0.0,7.708261228338448,1000.3599827271308,0.0
1099740,0.0,0.0,7.708261228338448,1000.3157393848081,0.0
1099800,0.0,0.0,7.708261228338448,1000.2413582815543,0.0
1099860,0.0,0.0,7.708261228338448,997.9386535122585,0.0
1099920,0.0,0.0,7.708261228338448,999.2137026967426,0.0
1099980,0.0,0.0,7.708261228338448,1000.7736875141338,0.0
1100040,0.0,0.0,7.708261228338448,1000.5821166974575,0.0
1100100,0.0,0.0,7.708261228338448,1000.2847148717149,0.0
1100160,0.0,0.0,7.708261228338448,998.75251608796,0.0
1100220,0.0,0.0,7.708261228338448,998.8586179865542,0.0
1100280,0.0,0.0,7.708261228338448,999.6968190797919,0.0
1100340,0.0,0.0,7.708261228338448,1001.5936513758322,0.0
1100400,0.0,0.0,7.708261228338448,1000.1575512895076,0.0
1100460,0.0,0.0,7.708261228338448,1000.0154618608622,0.0
1100520,0.0,0.0,7.708261228338448,998.6640018885277,0.0
1100580,0.0,0.0,7.708261228338448,999.4186909294971,0.0
1100640,0.0,0.0,7.708261228338448,1000.5588063738134,0.0
1100700,0.0,0.0,7.708261228338448,1000.7226882404293,0.0
1100760,0.0,0.0,7.708261228338448,998.843789101414,0.0
1100820,0.0,0.0,7.708261228338448,999.3405703114643,0.0
1100880,0.0,0.0,7.708261228338448,999.1889909948292,0.0
1100940,0.0,0.0,7.708261228338448,1000.0309405141169,0.0
1101000,0.0,0.0,7.708261228338448,1001.4801613906754,0.0
1101060,0.0,0.0,7.708261228338448,999.9485790848066,0.0
1101120,0.0,0.0,7.708261228338448,999.3436295240335,0.0
1101180,0.0,0.0,7.708261228338448,998.8808412444613,0.0
1101240,0.0,0.0,7.708261228338448,999.8040487180101,0.0
1101300,0.0,0.0,7.708261228338448,1001.7088146750214,0.0
1101360,0.0,0.0,7.708261228338448,999.9474478317059,0.0
1101420,0.0,0.0,7.708261228338448,1000.0184580974734,0.0
1101480,0.0,0.0,7.708261228338448,998.0445949157795,0.0
1101540,0.0,0.0,7.708261228338448,999.6292502377412,0.0
1101600,0.0,0.0,7.708261228338448,1000.3860028697375,0.0
1101660,0.0,0.0,7.708261228338448,1000.1429637882391,0.0
1101720,0.0,0.0,7.708261228338448,1000.2697193568109,0.0
1101780,0.0,0.0,7.708261228338448,997.860368160828,0.0
1101840,0.0,0.0,7.708261228338448,999.2641507719248,0.0
1101900,0.0,0.0,7.708261228338448,1000.8982025186975,0.0
1101960,0.0,0.0,7.708261228338448,1000.399324447291,0.0
1102020,0.0,0.0,7.708261228338448,1000.7900167547883,0.0
1102080,0.0,0.0,7.708261228338448,998.9084960779114,0.0
1102140,0.0,0.0,7.708261228338448,998.9428355230011,0.0
1102200,0.0,0.0,7.708261228338448,1000.0962588221122,0.0
1102260,0.0,0.0,7.708261228338448,1000.6197057515296,0.0
1102320,0.0,0.0,7.708261228338448,999.8967796894572,0.0
1102380,0.0,0.0,7.708261228338448,999.8644581973812,0.0
1102440,0.0,0.0,7.708261228338448,998.227482695245,0.0
1102500,0.0,0.0,7.708261228338448,999.9714010121606,0.0
1102560,0.0,0.0,7.708261228338448,1000.2611382361956,0.0
1102620,0.0,0.0,7.708261228338448,1001.4881910436052,0.0
1102680,0.0,0.0,7.708261228338448,998.4230493135307,0.0
1102740,0.0,0.0,7.708261228338448,999.4149280260169,0.0
1102800,0.0,0.0,7.708261228338448,999.2802469943463,0.0
1102860,0.0,0.0,7.708261228338448,999.9888888722201,0.0
1102920,0.0,0.0,7.708261228338448,1001.5840460839796,0.0
1102980,0.0,0.0,7.708261228338448,999.8997990888206,0.0
1103040,0.0,0.0,7.708261228338448,999.3923174665354,0.0
1103100,0.0,0.0,7.708261228338448,998.9380648477227,0.0
1103160,0.0,0.0,7.708261228338448,999.811587615971,0.0
1103220,0.0,0.0,7.708261228338448,1000.6149583773554,0.0
1103280,0.0,0.0,7.708261228338448,1000.6299523377355,0.0
1103340,0.0,0.0,7.708261228338448,998.2868791692832,0.0
1103400,0.0,0.0,7.708261228338448,999.0885603845317,0.0
1103460,0.0,0.0,7.708261228338448,999.8825258036726,0.0
1103520,0.0,0.0,7.708261228338448,1000.2923668438481,0.0
1103580,0.0,0.0,7.708261228338448,1001.3233940523047,0.0
1103640,0.0,0.0,7.708261228338448,999.5669065203169,0.0
1103700,0.0,0.0,7.708261228338448,998.9355305137119,0.0
1103760,0.0,0.0,7.708261228338448,999.7432930438544,0.0
1103820,0.0,0.0,7.708261228338448,1000.1447960030703,0.0
1103880,0.0,0.0,7.708261228338448,1001.0982817807542,0.0
1103940,0.0,0.0,7.708261228338448,998.8517622890101,0.0
1104000,0.0,0.0,7.708261228338448,999.0089589302146,0.0
1104060,0.0,0.0,7.708261228338448,998.93853802572,0.0
1104120,0.0,0.0,7.708261228338448,1000.1207257373205,0.0
1104180,0.0,0.0,7.708261228338448,1000.5607642810221,0.0
1104240,0.0,0.0,7.708261228338448,999.7336223715542,0.0
1104300,0.0,0.0,7.708261228338448,999.9118283610663,0.0
1104360,0.0,0.0,7.708261228338448,998.2276200658918,0.0
1104420,0.0,0.0,7.708261228338448,999.5378626861024,0.0
1104480,0.0,0.0,7.708261228338448,1001.2917302044713,0.0
1104540,0.0,0.0,7.708261228338448,1000.3280337128788,0.0
1104600,0.0,0.0,7.708261228338448,1000.2180655307914,0.0
1104660,0.0,0.0,7.708261228338448,998.623025379146,0.0
1104720,0.0,0.0,7.708261228338448,999.2086240487208,0.0
1104780,0.0,0.0,7.708261228338448,1000.4532306553502,0.0
1104840,0.0,0.0,7.708261228338448,1000.7455641357463,0.0
1104900,0.0,0.0,7.708261228338448,999.66514821785,0.0
1104960,0.0,0.0,7.708261228338448,998.2534680205545,0.0
1105020,0.0,0.0,7.708261228338448,999.0970971981062,0.0
1105080,0.0,0.0,7.708261228338448,1001.0496903634819,0.0
1105140,0.0,0.0,7.708261228338448,1000.410969472032,0.0
1105200,0.0,0.0,7.708261228338448,1000.6719047345348,0.0
1105260,0.0,0.0,7.708261228338448,997.9851915384529,0.0
1105320,0.0,0.0,7.708261228338448,999.1934760716908,0.0
1105380,0.0,0.0,7.708261228338448,999.9535681557069,0.0
1105440,0.0,0.0,7.708261228338448,1000.2440345375471,0.0
1105500,0.0,0.0,7.708261228338448,1001.4118248887157,0.0
1105560,0.0,0.0,7.708261228338448,999.5215441638196,0.0
1105620,0.0,0.0,7.708261228338448,998.9868109044268,0.0
1105680,0.0,0.0,7.708261228338448,999.3868935652447,0.0
1105740,0.0,0.0,7.708261228338448,1000.1955578610764,0.0
1105800,0.0,0.0,7.708261228338448,1000.4660888185817,0.0
1105860,0.0,0.0,7.708261228338448,1000.3974449936313,0.0
1105920,0.0,0.0,7.708261228338448,997.9407497371252,0.0
1105980,0.0,0.0,7.708261228338448,999.1148026425063,0.0
1106040,0.0,0.0,7.708261228338448,1000.5069986834231,0.0
1106100,0.0,0.0,7.708261228338448,1000.7365642823243,0.0
1106160,0.0,0.0,7.708261228338448,1000.3896683608393,0.0
1106220,0.0,0.0,7.708261228338448,999.0324883718897,0.0
1106280,0.0,0.0,7.708261228338448,998.4663509634311,0.0
1106340,0.0,0.0,7.708261228338448,999.5498550146922,0.0
1106400,0.0,0.0,7.708261228338448,1001.4856921347767,0.0
1106460,0.0,0.0,7.708261228338448,1000.2465716547977,0.0
1106520,0.0,0.0,7.708261228338448,1000.3034138297711,0.0
1106580,0.0,0.0,7.708261228338448,998.6426417055808,0.0
1106640,0.0,0.0,7.708261228338448,999.2503616945155,0.0
1106700,0.0,0.0,7.708261228338448,1000.4641741030383,0.0
1106760,0.0,0.0,7.708261228338448,1000.7164322342037,0.0
1106820,0.0,0.0,7.708261228338448,999.1390391386509,0.0
1106880,0.0,0.0,7.708261228338448,999.5031551973207,0.0
1106940,0.0,0.0,7.708261228338448,998.8600322217363,0.0
1107000,0.0,0.0,7.708261228338448,999.8822788902949,0.0
1107060,0.0,0.0,7.708261228338448,1001.471604956085,0.0
1107120,0.0,0.0,7.708261228338448,1000.1020097165133,0.0
1107180,0.0,0.0,7.708261228338448,999.5970638100284,0.0
1107240,0.0,0.0,7.708261228338448,998.72555325878,0.0
1107300,0.0,0.0,7.708261228338448,999.6069612658878,0.0
1107360,0.0,0.0,7.708261228338448,1001.7349269545664,0.0
1107420,0.0,0.0,7.708261228338448,1000.1056468432969,0.0
1107480,0.0,0.0,7.708261228338448,1000.23670760784,0.0
1107540,0.0,0.0,7.708261228338448,997.7294036398918,0.0
1107600,0.0,0.0,7.708261228338448,999.4146254241512,0.0
1107660,0.0,0.0,7.708261228338448,1000.2292239634878,0.0
1107720,0.0,0.0,7.708261228338448,1000.3164236158605,0.0
1107780,0.0,0.0,7.708261228338448,1000.402293079495,0.0
1107840,0.0,0.0,7.708261228338448,997.821670343297,0.0
1107900,0.0,0.0,7.708261228338448,999.1792328551816,0.0
1107960,0.0,0.0,7.708261228338448,1000.6414298020308,0.0
1108020,0.0,0.0,7.708261228338448,1000.3878085426767,0.0
1108080,0.0,0.0,7.708261228338448,1001.0143890790156,0.0
1108140,0.0,0.0,7.708261228338448,999.093432168297,0.0
1108200,0.0,0.0,7.708261228338448,998.8822336905977,0.0
1108260,0.0,0.0,7.708261228338448,999.886836525417,0.0
1108320,0.0,0.0,7.708261228338448,1000.5169168405583,0.0
1108380,0.0,0.0,7.708261228338448,1000.1206470205491,0.0
1108440,0.0,0.0,7.708261228338448,1000.0437389437723,0.0
1108500,0.0,0.0,7.708261228338448,998.0566671903132,0.0
1108560,0.0,0.0,7.708261228338448,999.6854403656969,0.0
1108620,0.0,0.0,7.708261228338448,1000.134351318046,0.0
1108680,0.0,0.0,7.708261228338448,1001.682137025908,0.0
1108740,0.0,0.0,7.708261228338448,998.7235035750109,0.0
1108800,0.0,0.0,7.708261228338448,999.5686567072512,0.0
1108860,0.0,0.0,7.708261228338448,998.9291774674452,0.0
1108920,0.0,0.0,7.708261228338448,999.8590897947478,0.0
1108980,0.0,0.0,7.708261228338448,1001.5741725500005,0.0
1109040,0.0,0.0,7.708261228338448,1000.0431406350381,0.0
1109100,0.0,0.0,7.708261228338448,999.63620295825,0.0
1109160,0.0,0.0,7.708261228338448,998.778358481381,0.0
1109220,0.0,0.0,7.708261228338448,999.6307918952438,0.0
1109280,0.0,0.0,7.708261228338448,1000.6194998265574,0.0
1109340,0.0,0.0,7.708261228338448,1000.6926694824209,0.0
1109400,0.0,0.0,7.708261228338448,998.5461016136153,0.0
1109460,0.0,0.0,7.708261228338448,999.1699844230372,0.0
1109520,0.0,0.0,7.708261228338448,999.5627805104688,0.0
1109580,0.0,0.0,7.708261228338448,1000.1875171713242,0.0
1109640,0.0,0.0,7.708261228338448,1001.4137829643255,0.0
1109700,0.0,0.0,7.708261228338448,999.7547901431433,0.0
1109760,0.0,0.0,7.708261228338448,999.0908726004003,0.0
1109820,0.0,0.0,7.708261228338448,999.3301721398547,0.0
1109880,0.0,0.0,7.708261228338448,1000.0092793176035,0.0
1109940,0.0,0.0,7.708261228338448,1001.0610434243042,0.0
1110000,0.0,0.0,7.708261228338448,999.2606036575171,0.0
1110060,0.0,0.0,7.708261228338448,999.1801756607002,0.0
1110120,0.0,0.0,7.708261228338448,998.8687208397492,0.0
1110180,0.0,0.0,7.708261228338448,999.9268096805089,0.0
1110240,0.0,0.0,7.708261228338448,1000.4626336240686,0.0
1110300,0.0,0.0,7.708261228338448,999.9688201167706,0.0
1110360,0.0,0.0,7.708261228338448,1000.0745687463235,0.0
1110420,0.0,0.0,7.708261228338448,998.0265952888043,0.0
1110480,0.0,0.0,7.708261228338448,999.4008834346564,0.0
1110540,0.0,0.0,7.708261228338448,1001.1284514991329,0.0
1110600,0.0,0.0,7.708261228338448,1000.3849609334504,0.0
1110660,0.0,0.0,7.708261228338448,1000.4763848438276,0.0
1110720,0.0,0.0,7.708261228338448,998.7146503730078,0.0
1110780,0.0,0.0,7.708261228338448,999.0653074939283,0.0
1110840,0.0,0.0,7.708261228338448,1000.3079654502815,0.0
1110900,0.0,0.0,7.708261228338448,1000.7095587672266,0.0
1110960,0.0,0.0,7.708261228338448,1000.0447134999775,0.0
1111020,0.0,0.0,7.708261228338448,998.4313833674662,0.0
1111080,0.0,0.0,7.708261228338448,999.0664368908664,0.0
1111140,0.0,0.0,7.708261228338448,1000.7325580158204,0.0
1111200,0.0,0.0,7.708261228338448,1000.4430837559329,0.0
1111260,0.0,0.0,7.708261228338448,1000.7297160432537,0.0
1111320,0.0,0.0,7.708261228338448,998.2421627731491,0.0
1111380,0.0,0.0,7.708261228338448,999.281427428001,0.0
1111440,0.0,0.0,7.708261228338448,999.629627031815,0.0
1111500,0.0,0.0,7.708261228338448,1000.1502486633667,0.0
1111560,0.0,0.0,7.708261228338448,1001.506703370803,0.0
1111620,0.0,0.0,7.708261228338448,999.6994141066601,0.0
1111680,0.0,0.0,7.708261228338448,999.1324606128047,0.0
1111740,0.0,0.0,7.708261228338448,999.171389102435,0.0
1111800,0.0,0.0,7.708261228338448,1000.0328709902706,0.0
1111860,0.0,0.0,7.708261228338448,1000.5656759115375,0.0
1111920,0.0,0.0,7.708261228338448,1000.516520513305,0.0
1111980,0.0,0.0,7.708261228338448,998.0583934949989,0.0
1112040,0.0,0.0,7.708261228338448,999.0634855340637,0.0
1112100,0.0,0.0,7.708261228338448,1000.2308802808973,0.0
1112160,0.0,0.0,7.708261228338448,1000.3955082459745,0.0
1112220,0.0,0.0,7.708261228338448,1001.1466091617881,0.0
1112280,0.0,0.0,7.708261228338448,997.7553080119666,0.0
1112340,0.0,0.0,7.708261228338448,998.9844171094896,0.0
1112400,0.0,0.0,7.708261228338448,999.4330498964413,0.0
1112460,0.0,0.0,7.708261228338448,1001.354534506813,0.0
1112520,0.0,0.0,7.708261228338448,1000.3689992678807,0.0
1112580,0.0,0.0,7.708261228338448,1000.4722998467831,0.0
1112640,0.0,0.0,7.708261228338448,998.7033948142115,0.0
1112700,0.0,0.0,7.708261228338448,999.1096706755476,0.0
1112760,0.0,0.0,7.708261228338448,1000.3196639531237,0.0
1112820,0.0,0.0,7.708261228338448,1000.6786275040403,0.0
1112880,0.0,0.0,7.708261228338448,999.4314310428044,0.0
1112940,0.0,0.0,7.708261228338448,999.6880244298723,0.0
1113000,0.0,0.0,7.708261228338448,998.5431392197919,0.0
1113060,0.0,0.0,7.708261228338448,999.7196490977407,0.0
1113120,0.0,0.0,7.708261228338448,1001.4105230793701,0.0
1113180,0.0,0.0,7.708261228338448,1000.231123818323,0.0
1113240,0.0,0.0,7.708261228338448,999.8809988964507,0.0
1113300,0.0,0.0,7.708261228338448,998.628573913599,0.0
1113360,0.0,0.0,7.708261228338448,999.4085224825327,0.0
1113420,0.0,0.0,7.708261228338448,1001.6925146297164,0.0
1113480,0.0,0.0,7.708261228338448,1000.2314536906173,0.0
1113540,0.0,0.0,7.708261228338448,1000.450920381171,0.0
1113600,0.0,0.0,7.708261228338448,997.4778351167275,0.0
1113660,0.0,0.0,7.708261228338448,999.2003352582047,0.0
1113720,0.0,0.0,7.708261228338448,1000.0495618877198,0.0
1113780,0.0,0.0,7.708261228338448,1000.4468375526491,0.0
1113840,0.0,0.0,7.708261228338448,1000.515809199854,0.0
1113900,0.0,0.0,7.708261228338448,997.891108852209,0.0
1113960,0.0,0.0,7.708261228338448,999.1372137442366,0.0
1114020,0.0,0.0,7.708261228338448,1000.3450574836389,0.0
1114080,0.0,0.0,7.708261228338448,1000.3434090979564,0.0
1114140,0.0,0.0,7.708261228338448,1001.2120533558481,0.0
1114200,0.0,0.0,7.708261228338448,999.2926304988252,0.0
1114260,0.0,0.0,7.708261228338448,998.8803913132482,0.0
1114320,0.0,0.0,7.708261228338448,999.6561876239725,0.0
1114380,0.0,0.0,7.708261228338448,1000.3842737459075,0.0
1114440,0.0,0.0,7.708261228338448,1000.3124980111995,0.0
1114500,0.0,0.0,7.708261228338448,1000.2166506883593,0.0
1114560,0.0,0.0,7.708261228338448,997.957476874575,0.0
1114620,0.0,0.0,7.708261228338448,999.2212799935608,0.0
1114680,0.0,0.0,7.708261228338448,1000.7870497772506,0.0
1114740,0.0,0.0,7.708261228338448,1000.5826934422381,0.0
1114800,0.0,0.0,7.708261228338448,1000.2740539240681,0.0
1114860,0.0,0.0,7.708261228338448,998.732886975692,0.0
1114920,0.0,0.0,7.708261228338448,998.8802602811938,0.0
1114980,0.0,0.0,7.708261228338448,999.7122905458889,0.0
1115040,0.0,0.0,7.708261228338448,1001.5828908264695,0.0
1115100,0.0,0.0,7.708261228338448,1000.1561359726697,0.0
1115160,0.0,0.0,7.708261228338448,999.9798439446503,0.0
1115220,0.0,0.0,7.708261228338448,998.6652621027393,0.0
1115280,0.0,0.0,7.708261228338448,999.4315089759787,0.0
1115340,0.0,0.0,7.708261228338448,1000.5679665757724,0.0
1115400,0.0,0.0,7.708261228338448,1000.7253623286457,0.0
1115460,0.0,0.0,7.708261228338448,998.8475802004588,0.0
1115520,0.0,0.0,7.708261228338448,999.3199961003672,0.0
1115580,0.0,0.0,7.708261228338448,999.2037013586305,0.0
1115640,0.0,0.0,7.708261228338448,1000.0429271720758,0.0
1115700,0.0,0.0,7.708261228338448,1001.4682610440417,0.0
1115760,0.0,0.0,7.708261228338448,999.9447081785753,0.0
1115820,0.0,0.0,7.708261228338448,999.3245110599935,0.0
1115880,0.0,0.0,7.708261228338448,998.8752386223393,0.0
1115940,0.0,0.0,7.708261228338448,999.8363055876665,0.0
1116000,0.0,0.0,7.708261228338448,1000.9766589544148,0.0
1116060,0.0,0.0,7.708261228338448,999.6890006117699,0.0
1116120,0.0,0.0,7.708261228338448,999.3785314630035,0.0
1116180,0.0,0.0,7.708261228338448,998.8562186116937,0.0
1116240,0.0,0.0,7.708261228338448,999.6924300590211,0.0
1116300,0.0,0.0,7.708261228338448,1000.3256039705253,0.0
1116360,0.0,0.0,7.708261228338448,1000.1832978725522,0.0
1116420,0.0,0.0,7.708261228338448,1000.2446442198716,0.0
1116480,0.0,0.0,7.708261228338448,997.8763999344942,0.0
1116540,0.0,0.0,7.708261228338448,999.272355986446,0.0
1116600,0.0,0.0,7.708261228338448,1000.9084799158034,0.0
1116660,0.0,0.0,7.708261228338448,1000.409297331162,0.0
1116720,0.0,0.0,7.708261228338448,1000.7464343285287,0.0
1116780,0.0,0.0,7.708261228338448,998.8871664803996,0.0
1116840,0.0,0.0,7.708261228338448,998.9466368186341,0.0
1116900,0.0,0.0,7.708261228338448,1000.1156697562238,0.0
1116960,0.0,0.0,7.708261228338448,1000.6349236665327,0.0
1117020,0.0,0.0,7.708261228338448,1000.4380457763508,0.0
1117080,0.0,0.0,7.708261228338448,998.6569884074166,0.0
1117140,0.0,0.0,7.708261228338448,999.0972028837485,0.0
1117200,0.0,0.0,7.708261228338448,1000.3564209714202,0.0
1117260,0.0,0.0,7.708261228338448,1000.4245889158249,0.0
1117320,0.0,0.0,7.708261228338448,1000.7596767825061,0.0
1117380,0.0,0.0,7.708261228338448,998.5357638143199,0.0
1117440,0.0,0.0,7.708261228338448,999.4153459008216,0.0
1117500,0.0,0.0,7.708261228338448,999.2777179982772,0.0
1117560,0.0,0.0,7.708261228338448,1000.026913481064,0.0
1117620,0.0,0.0,7.708261228338448,1001.5647746946836,0.0
1117680,0.0,0.0,7.708261228338448,999.8743046965026,0.0
1117740,0.0,0.0,7.708261228338448,999.34476318397,0.0
1117800,0.0,0.0,7.708261228338448,998.9629569257995,0.0
1117860,0.0,0.0,7.708261228338448,999.8466002469011,0.0
1117920,0.0,0.0,7.708261228338448,1000.6217594377051,0.0
1117980,0.0,0.0,7.708261228338448,1000.6178989850714,0.0
1118040,0.0,0.0,7.708261228338448,998.2812611060523,0.0
1118100,0.0,0.0,7.708261228338448,999.0676322170401,0.0
1118160,0.0,0.0,7.708261228338448,999.9173880048687,0.0
1118220,0.0,0.0,7.708261228338448,1000.3143874430034,0.0
1118280,0.0,0.0,7.708261228338448,1001.2926238838894,0.0
1118340,0.0,0.0,7.708261228338448,998.0682577617822,0.0
1118400,0.0,0.0,7.708261228338448,999.0895683795272,0.0
1118460,0.0,0.0,7.708261228338448,999.1835943700601,0.0
1118520,0.0,0.0,7.708261228338448,1001.2828979523462,0.0
1118580,0.0,0.0,7.708261228338448,1000.3877141998726,0.0
1118640,0.0,0.0,7.708261228338448,1000.75092215138,0.0
1118700,0.0,0.0,7.708261228338448,998.860310914188,0.0
1118760,0.0,0.0,7.708261228338448,999.0092723494813,0.0
1118820,0.0,0.0,7.708261228338448,1000.1497442425011,0.0
1118880,0.0,0.0,7.708261228338448,1000.6095467745414,0.0
1118940,0.0,0.0,7.708261228338448,999.7007304625516,0.0
1119000,0.0,0.0,7.708261228338448,999.8636479229293,0.0
1119060,0.0,0.0,7.708261228338448,998.2798874372178,0.0
1119120,0.0,0.0,7.708261228338448,999.5658581563765,0.0
1119180,0.0,0.0,7.708261228338448,1001.2992164062887,0.0
1119240,0.0,0.0,7.708261228338448,1000.3254430736571,0.0
1119300,0.0,0.0,7.708261228338448,1000.1542891116559,0.0
1119360,0.0,0.0,7.708261228338448,998.6130337925972,0.0
1119420,0.0,0.0,7.708261228338448,999.2333641975695,0.0
1119480,0.0,0.0,7.708261228338448,1001.5769356066415,0.0
1119540,0.0,0.0,7.708261228338448,1000.3179826475333,0.0
1119600,0.0,0.0,7.708261228338448,1000.6337998071024,0.0
1119660,0.0,0.0,7.708261228338448,997.335246952937,0.0
1119720,0.0,0.0,7.708261228338448,999.014668254336,0.0
1119780,0.0,0.0,7.708261228338448,999.8684065129826,0.0
1119840,0.0,0.0,7.708261228338448,1000.5280059867033,0.0
1119900,0.0,0.0,7.708261228338448,1000.598997506308,0.0
1119960,0.0,0.0,7.708261228338448,998.0822206037078,0.0
1120020,0.0,0.0,7.708261228338448,999.1486496511949,0.0
1120080,0.0,0.0,7.708261228338448,1000.0339882578112,0.0
1120140,0.0,0.0,7.708261228338448,1000.2747366900068,0.0
1120200,0.0,0.0,7.708261228338448,1001.3606452805066,0.0
1120260,0.0,0.0,7.708261228338448,999.4845172104149,0.0
1120320,0.0,0.0,7.708261228338448,998.9454344745653,0.0
1120380,0.0,0.0,7.708261228338448,999.4283297906242,0.0
1120440,0.0,0.0,7.708261228338448,1000.2361725969338,0.0
1120500,0.0,0.0,7.708261228338448,1000.4604786933414,0.0
1120560,0.0,0.0,7.708261228338448,1000.3655842175455,0.0
1120620,0.0,0.0,7.708261228338448,997.9543274162141,0.0
1120680,0.0,0.0,7.708261228338448,999.1194074191573,0.0
1120740,0.0,0.0,7.708261228338448,1000.5408282623537,0.0
1120800,0.0,0.0,7.708261228338448,1000.7330372861186,0.0
1120860,0.0,0.0,7.708261228338448,1000.3779803587813,0.0
1120920,0.0,0.0,7.708261228338448,998.9875584337157,0.0
1120980,0.0,0.0,7.708261228338448,998.5134656519741,0.0
1121040,0.0,0.0,7.708261228338448,999.5720341413017,0.0
1121100,0.0,0.0,7.708261228338448,1001.4831937080509,0.0
1121160,0.0,0.0,7.708261228338448,1000.2459399120567,0.0
1121220,0.0,0.0,7.708261228338448,1000.2457940123811,0.0
1121280,0.0,0.0,7.708261228338448,998.6361395515376,0.0
1121340,0.0,0.0,7.708261228338448,999.2693021729694,0.0
1121400,0.0,0.0,7.708261228338448,1000.4819711059132,0.0
1121460,0.0,0.0,7.708261228338448,1000.7246316104494,0.0
1121520,0.0,0.0,7.708261228338448,999.1316255131851,0.0
1121580,0.0,0.0,7.708261228338448,999.4694950183388,0.0
1121640,0.0,0.0,7.708261228338448,998.892618496635,0.0
1121700,0.0,0.0,7.708261228338448,999.9029079317046,0.0
1121760,0.0,0.0,7.708261228338448,1001.4607879614198,0.0
1121820,0.0,0.0,7.708261228338448,1000.0941273050648,0.0
1121880,0.0,0.0,7.708261228338448,999.5603684957867,0.0
1121940,0.0,0.0,7.708261228338448,998.4754985403033,0.0
1122000,0.0,0.0,7.708261228338448,999.673667436174,0.0
1122060,0.0,0.0,7.708261228338448,1000.8644371841983,0.0
1122120,0.0,0.0,7.708261228338448,1000.0705258513444,0.0
1122180,0.0,0.0,7.708261228338448,999.5542645262346,0.0
1122240,0.0,0.0,7.708261228338448,998.9069333763526,0.0
1122300,0.0,0.0,7.708261228338448,999.472351514092,0.0
1122360,0.0,0.0,7.708261228338448,1000.1868031816496,0.0
1122420,0.0,0.0,7.708261228338448,1000.3468337288823,0.0
1122480,0.0,0.0,7.708261228338448,1000.3789031613874,0.0
1122540,0.0,0.0,7.708261228338448,997.8296197857085,0.0
1122600,0.0,0.0,7.708261228338448,999.1823720602675,0.0
1122660,0.0,0.0,7.708261228338448,1000.6664298887441,0.0
1122720,0.0,0.0,7.708261228338448,1000.4041405540709,0.0
1122780,0.0,0.0,7.708261228338448,1000.9625230555105,0.0
1122840,0.0,0.0,7.708261228338448,999.0635289524133,0.0
1122900,0.0,0.0,7.708261228338448,998.8793244651811,0.0
1122960,0.0,0.0,7.708261228338448,999.9155826742233,0.0
1123020,0.0,0.0,7.708261228338448,1000.5406470799069,0.0
1123080,0.0,0.0,7.708261228338448,1000.1118574808173,0.0
1123140,0.0,0.0,7.708261228338448,1000.0108051546067,0.0
1123200,0.0,0.0,7.708261228338448,998.083746783714,0.0
1123260,0.0,0.0,7.708261228338448,999.7106714541603,0.0
1123320,0.0,0.0,7.708261228338448,1000.1590479591539,0.0
1123380,0.0,0.0,7.708261228338448,1001.6372132976906,0.0
1123440,0.0,0.0,7.708261228338448,998.7297258471132,0.0
1123500,0.0,0.0,7.708261228338448,999.5342139713764,0.0
1123560,0.0,0.0,7.708261228338448,998.9633293607918,0.0
1123620,0.0,0.0,7.708261228338448,999.8780279546945,0.0
1123680,0.0,0.0,7.708261228338448,1001.5611492381661,0.0
1123740,0.0,0.0,7.708261228338448,1000.0362460335565,0.0
1123800,0.0,0.0,7.708261228338448,999.5994401480879,0.0
1123860,0.0,0.0,7.708261228338448,998.7865643343621,0.0
1123920,0.0,0.0,7.708261228338448,999.6486282564466,0.0
1123980,0.0,0.0,7.708261228338448,1000.6275680975702,0.0
1124040,0.0,0.0,7.708261228338448,1000.6906142853248,0.0
1124100,0.0,0.0,7.708261228338448,998.5484319980806,0.0
1124160,0.0,0.0,7.708261228338448,999.1493335553305,0.0
1124220,0.0,0.0,7.708261228338448,999.5796042948077,0.0
1124280,0.0,0.0,7.708261228338448,1000.201411605201,0.0
1124340,0.0,0.0,7.708261228338448,1001.3978129355097,0.0
1124400,0.0,0.0,7.708261228338448,998.420088419679,0.0
1124460,0.0,0.0,7.708261228338448,999.2387320229925,0.0
1124520,0.0,0.0,7.708261228338448,998.9445185170548,0.0
1124580,0.0,0.0,7.708261228338448,1001.1399907211857,0.0
1124640,0.0,0.0,7.708261228338448,1000.3738042091029,0.0
1124700,0.0,0.0,7.708261228338448,1001.0153970920646,0.0
1124760,0.0,0.0,7.708261228338448,999.0433210154506,0.0
1124820,0.0,0.0,7.708261228338448,998.9525672096603,0.0
1124880,0.0,0.0,7.708261228338448,999.9465146365865,0.0
1124940,0.0,0.0,7.708261228338448,1000.5086518165685,0.0
1125000,0.0,0.0,7.708261228338448,999.9489642079885,0.0
1125060,0.0,0.0,7.708261228338448,1000.0413360797469,0.0
1125120,0.0,0.0,7.708261228338448,998.0617959656125,0.0
1125180,0.0,0.0,7.708261228338448,999.4164299346183,0.0
1125240,0.0,0.0,7.708261228338448,1001.138054932606,0.0
1125300,0.0,0.0,7.708261228338448,1000.3890945297184,0.0
1125360,0.0,0.0,7.708261228338448,1000.4304483564584,0.0
1125420,0.0,0.0,7.708261228338448,998.6956409611342,0.0
1125480,0.0,0.0,7.708261228338448,999.0771107217438,0.0
1125540,0.0,0.0,7.708261228338448,1000.326580338797,0.0
1125600,0.0,0.0,7.708261228338448,1000.7208155858683,0.0
1125660,0.0,0.0,7.708261228338448,1000.0179520627942,0.0
1125720,0.0,0.0,7.708261228338448,998.4249752889501,0.0
1125780,0.0,0.0,7.708261228338448,999.0564929964414,0.0
1125840,0.0,0.0,7.708261228338448,1000.7356554292377,0.0
1125900,0.0,0.0,7.708261228338448,1000.4554266222513,0.0
1125960,0.0,0.0,7.708261228338448,1000.7274782763733,0.0
1126020,0.0,0.0,7.708261228338448,998.2493394938441,0.0
1126080,0.0,0.0,7.708261228338448,999.2580475815143,0.0
1126140,0.0,0.0,7.708261228338448,999.6495323971342,0.0
1126200,0.0,0.0,7.708261228338448,1000.1650677092458,0.0
1126260,0.0,0.0,7.708261228338448,1001.4869965594446,0.0
1126320,0.0,0.0,7.708261228338448,999.690333230172,0.0
1126380,0.0,0.0,7.708261228338448,999.1111958750545,0.0
1126440,0.0,0.0,7.708261228338448,999.1809675402204,0.0
1126500,0.0,0.0,7.708261228338448,1000.0473128017987,0.0
1126560,0.0,0.0,7.708261228338448,1000.5704288823424,0.0
1126620,0.0,0.0,7.708261228338448,1000.5090112919173,0.0
1126680,0.0,0.0,7.708261228338448,998.0672664562484,0.0
1126740,0.0,0.0,7.708261228338448,999.057322304857,0.0
1126800,0.0,0.0,7.708261228338448,1000.2370294319036,0.0
1126860,0.0,0.0,7.708261228338448,1000.8315015813729,0.0
1126920,0.0,0.0,7.708261228338448,1000.462468072677,0.0
1126980,0.0,0.0,7.708261228338448,999.3240717377699,0.0
1127040,0.0,0.0,7.708261228338448,998.148948689494,0.0
1127100,0.0,0.0,7.708261228338448,999.4268697374457,0.0
1127160,0.0,0.0,7.708261228338448,1001.3246931327459,0.0
1127220,0.0,0.0,7.708261228338448,1000.3088894336789,0.0
1127280,0.0,0.0,7.708261228338448,1000.5404636229788,0.0
1127340,0.0,0.0,7.708261228338448,998.7057959109463,0.0
1127400,0.0,0.0,7.708261228338448,999.1152520870564,0.0
1127460,0.0,0.0,7.708261228338448,1000.3429300420853,0.0
1127520,0.0,0.0,7.708261228338448,1000.6879086391128,0.0
1127580,0.0,0.0,7.708261228338448,999.4270749502981,0.0
1127640,0.0,0.0,7.708261228338448,999.6537461396509,0.0
1127700,0.0,0.0,7.708261228338448,998.5762181144431,0.0
1127760,0.0,0.0,7.708261228338448,999.7391812703763,0.0
1127820,0.0,0.0,7.708261228338448,1001.4051376853811,0.0
1127880,0.0,0.0,7.708261228338448,1000.2271402630229,0.0
1127940,0.0,0.0,7.708261228338448,999.8418274122361,0.0
1128000,0.0,0.0,7.708261228338448,998.0776854144952,0.0
1128060,0.0,0.0,7.708261228338448,999.4949024416358,0.0
1128120,0.0,0.0,7.708261228338448,1000.7066052794629,0.0
1128180,0.0,0.0,7.708261228338448,1000.4378565418479,0.0
1128240,0.0,0.0,7.708261228338448,999.7356294487579,0.0
1128300,0.0,0.0,7.708261228338448,999.044871288042,0.0
1128360,0.0,0.0,7.708261228338448,999.2387496418271,0.0
1128420,0.0,0.0,7.708261228338448,1000.0197215271679,0.0
1128480,0.0,0.0,7.708261228338448,1000.4733036105675,0.0
1128540,0.0,0.0,7.708261228338448,1000.5028430750914,0.0
1128600,0.0,0.0,7.708261228338448,997.8815263579637,0.0
1128660,0.0,0.0,7.708261228338448,999.1289872840952,0.0
1128720,0.0,0.0,7.708261228338448,1000.3773009111446,0.0
1128780,0.0,0.0,7.708261228338448,1000.3645042160205,0.0
1128840,0.0,0.0,7.708261228338448,1001.1651021798444,0.0
1128900,0.0,0.0,7.708261228338448,999.2628872217969,0.0
1128960,0.0,0.0,7.708261228338448,998.8659682841177,0.0
1129020,0.0,0.0,7.708261228338448,999.6859645076113,0.0
1129080,0.0,0.0,7.708261228338448,1000.4116820068361,0.0
1129140,0.0,0.0,7.708261228338448,1000.3065317047939,0.0
1129200,0.0,0.0,7.708261228338448,1000.1874802891296,0.0
1129260,0.0,0.0,7.708261228338448,997.9784172733888,0.0
1129320,0.0,0.0,7.708261228338448,999.4071928902835,0.0
1129380,0.0,0.0,7.708261228338448,1000.0139739002633,0.0
1129440,0.0,0.0,7.708261228338448,1001.7841345723665,0.0
1129500,0.0,0.0,7.708261228338448,999.0306773862977,0.0
1129560,0.0,0.0,7.708261228338448,999.7053995986975,0.0
1129620,0.0,0.0,7.708261228338448,998.6229599564845,0.0
1129680,0.0,0.0,7.708261228338448,999.7368362707784,0.0
1129740,0.0,0.0,7.708261228338448,1001.5075387698812,0.0
1129800,0.0,0.0,7.708261228338448,1000.1611858420664,0.0
1129860,0.0,0.0,7.708261228338448,999.8679253110101,0.0
1129920,0.0,0.0,7.708261228338448,998.6721068899632,0.0
1129980,0.0,0.0,7.708261228338448,999.4660400854787,0.0
1130040,0.0,0.0,7.708261228338448,1000.5874480096342,0.0
1130100,0.0,0.0,7.708261228338448,1000.7279605578547,0.0
1130160,0.0,0.0,7.708261228338448,998.8287898752044,0.0
1130220,0.0,0.0,7.708261228338448,999.2757750327943,0.0
1130280,0.0,0.0,7.708261228338448,999.2533909817115,0.0
1130340,0.0,0.0,7.708261228338448,1000.0735328353303,0.0
1130400,0.0,0.0,7.708261228338448,1001.4473811562239,0.0
1130460,0.0,0.0,7.708261228338448,998.7826836855767,0.0
1130520,0.0,0.0,7.708261228338448,999.3965992618977,0.0
1130580,0.0,0.0,7.708261228338448,998.7446178113272,0.0
1130640,0.0,0.0,7.708261228338448,1000.9343572861881,0.0
1130700,0.0,0.0,7.708261228338448,1000.3335882835632,0.0
1130760,0.0,0.0,7.708261228338448,1001.2330214009094,0.0
1130820,0.0,0.0,7.708261228338448,999.2278639734174,0.0
1130880,0.0,0.0,7.708261228338448,998.950633959119,0.0
1130940,0.0,0.0,7.708261228338448,999.732754097278,0.0
1131000,0.0,0.0,7.708261228338448,1000.3886368416133,0.0
1131060,0.0,0.0,7.708261228338448,1000.158865265891,0.0
1131120,0.0,0.0,7.708261228338448,1000.2001547821019,0.0
1131180,0.0,0.0,7.708261228338448,997.9196962800637,0.0
1131240,0.0,0.0,7.708261228338448,999.2894044687101,0.0
1131300,0.0,0.0,7.708261228338448,1000.9380027497999,0.0
1131360,0.0,0.0,7.708261228338448,1000.4201089782748,0.0
1131420,0.0,0.0,7.708261228338448,1000.6793073472641,0.0
1131480,0.0,0.0,7.708261228338448,998.8515732152282,0.0
1131540,0.0,0.0,7.708261228338448,998.957602583824,0.0
1131600,0.0,0.0,7.708261228338448,1000.1501822819084,0.0
1131660,0.0,0.0,7.708261228338448,1000.6580109214394,0.0
1131720,0.0,0.0,7.708261228338448,1000.3846718655888,0.0
1131780,0.0,0.0,7.708261228338448,998.6373264471919,0.0
1131840,0.0,0.0,7.708261228338448,999.0708659953928,0.0
1131900,0.0,0.0,7.708261228338448,1000.3832125457631,0.0
1131960,0.0,0.0,7.708261228338448,1000.4441644684654,0.0
1132020,0.0,0.0,7.708261228338448,1000.7619422356431,0.0
1132080,0.0,0.0,7.708261228338448,998.5306914292096,0.0
1132140,0.0,0.0,7.708261228338448,999.3770182320814,0.0
1132200,0.0,0.0,7.708261228338448,999.3194531734083,0.0
1132260,0.0,0.0,7.708261228338448,1000.0513472955956,0.0
1132320,0.0,0.0,7.708261228338448,1001.5423944110681,0.0
1132380,0.0,0.0,7.708261228338448,999.8590718747714,0.0
1132440,0.0,0.0,7.708261228338448,999.3040501678125,0.0
1132500,0.0,0.0,7.708261228338448,998.9805312718335,0.0
1132560,0.0,0.0,7.708261228338448,999.871914230961,0.0
1132620,0.0,0.0,7.708261228338448,1000.6276967513537,0.0
1132680,0.0,0.0,7.708261228338448,1000.6085886493215,0.0
1132740,0.0,0.0,7.708261228338448,998.2811096137098,0.0
1132800,0.0,0.0,7.708261228338448,999.0524293389487,0.0
1132860,0.0,0.0,7.708261228338448,999.9399140302046,0.0
1132920,0.0,0.0,7.708261228338448,1000.8655034966727,0.0
1132980,0.0,0.0,7.708261228338448,1000.5114792578875,0.0
1133040,0.0,0.0,7.708261228338448,999.6557418416326,0.0
1133100,0.0,0.0,7.708261228338448,997.8787740167361,0.0
1133160,0.0,0.0,7.708261228338448,999.314006073957,0.0
1133220,0.0,0.0,7.708261228338448,1001.1275333234256,0.0
1133280,0.0,0.0,7.708261228338448,1000.3396234287883,0.0
1133340,0.0,0.0,7.708261228338448,1000.7838969635977,0.0
1133400,0.0,0.0,7.708261228338448,998.8503898970744,0.0
1133460,0.0,0.0,7.708261228338448,999.0051577380949,0.0
1133520,0.0,0.0,7.708261228338448,1000.1838296679184,0.0
1133580,0.0,0.0,7.708261228338448,1000.6277583499957,0.0
1133640,0.0,0.0,7.708261228338448,999.6896332770093,0.0
1133700,0.0,0.0,7.708261228338448,999.821644411597,0.0
1133760,0.0,0.0,7.708261228338448,998.3219857974901,0.0
1133820,0.0,0.0,7.708261228338448,999.5894330304324,0.0
1133880,0.0,0.0,7.708261228338448,1001.3020713115147,0.0
1133940,0.0,0.0,7.708261228338448,1000.3234187120822,0.0
1134000,0.0,0.0,7.708261228338448,1000.1018792158978,0.0
1134060,0.0,0.0,7.708261228338448,998.6064105952233,0.0
1134120,0.0,0.0,7.708261228338448,999.2540011094795,0.0
1134180,0.0,0.0,7.708261228338448,1001.5589321983332,0.0
1134240,0.0,0.0,7.708261228338448,1000.3238838897269,0.0
1134300,0.0,0.0,7.708261228338448,1000.6016039205809,0.0
1134360,0.0,0.0,7.708261228338448,997.3781425573266,0.0
1134420,0.0,0.0,7.708261228338448,999.030533262132,0.0
1134480,0.0,0.0,7.708261228338448,999.894482905276,0.0
1134540,0.0,0.0,7.708261228338448,1000.5348273810481,0.0
1134600,0.0,0.0,7.708261228338448,1000.5920529378039,0.0
1134660,0.0,0.0,7.708261228338448,998.0875650829154,0.0
1134720,0.0,0.0,7.708261228338448,999.132328577885,0.0
1134780,0.0,0.0,7.708261228338448,1000.0540994508154,0.0
1134840,0.0,0.0,7.708261228338448,1000.2900034289441,0.0
1134900,0.0,0.0,7.708261228338448,1001.3354027876705,0.0
1134960,0.0,0.0,7.708261228338448,999.47079432084,0.0
1135020,0.0,0.0,7.708261228338448,998.9283046139799,0.0
1135080,0.0,0.0,7.708261228338448,999.4419477580195,0.0
1135140,0.0,0.0,7.708261228338448,1000.2527121975029,0.0
1135200,0.0,0.0,7.708261228338448,1000.4631396283004,0.0
1135260,0.0,0.0,7.708261228338448,1000.3525766109994,0.0
1135320,0.0,0.0,7.708261228338448,997.965316057476,0.0
1135380,0.0,0.0,7.708261228338448,999.0941774539072,0.0
1135440,0.0,0.0,7.708261228338448,999.85259349047,0.0
1135500,0.0,0.0,7.708261228338448,1001.8756988624265,0.0
1135560,0.0,0.0,7.708261228338448,999.3243611889047,0.0
1135620,0.0,0.0,7.708261228338448,999.8887368611003,0.0
1135680,0.0,0.0,7.708261228338448,998.3029654560462,0.0
1135740,0.0,0.0,7.708261228338448,999.5909350291809,0.0
1135800,0.0,0.0,7.708261228338448,1001.4020750131401,0.0
1135860,0.0,0.0,7.708261228338448,1000.2599043874261,0.0
1135920,0.0,0.0,7.708261228338448,1000.1552393691154,0.0
1135980,0.0,0.0,7.708261228338448,998.627585003694,0.0
1136040,0.0,0.0,7.708261228338448,999.2904405737511,0.0
1136100,0.0,0.0,7.708261228338448,1000.5000398114689,0.0
1136160,0.0,0.0,7.708261228338448,1000.73297949887,0.0
1136220,0.0,0.0,7.708261228338448,999.1214394056011,0.0
1136280,0.0,0.0,7.708261228338448,999.4342499747113,0.0
1136340,0.0,0.0,7.708261228338448,998.9272539545545,0.0
1136400,0.0,0.0,7.708261228338448,999.9251406850774,0.0
1136460,0.0,0.0,7.708261228338448,1001.449491552876,0.0
1136520,0.0,0.0,7.708261228338448,1000.084761919551,0.0
1136580,0.0,0.0,7.708261228338448,999.5217808782165,0.0
1136640,0.0,0.0,7.708261228338448,998.5075821475157,0.0
1136700,0.0,0.0,7.708261228338448,999.6923822075381,0.0
1136760,0.0,0.0,7.708261228338448,1000.8774242390078,0.0
1136820,0.0,0.0,7.708261228338448,1000.0662442531426,0.0
1136880,0.0,0.0,7.708261228338448,999.538311105697,0.0
1136940,0.0,0.0,7.708261228338448,998.8891025457579,0.0
1137000,0.0,0.0,7.708261228338448,999.4884014671345,0.0
1137060,0.0,0.0,7.708261228338448,1000.2054484958037,0.0
1137120,0.0,0.0,7.708261228338448,1000.3501641658535,0.0
1137180,0.0,0.0,7.708261228338448,1000.3653872660435,0.0
1137240,0.0,0.0,7.708261228338448,997.8451686528005,0.0
1137300,0.0,0.0,7.708261228338448,999.1813110877315,0.0
1137360,0.0,0.0,7.708261228338448,1000.6730671631205,0.0
1137420,0.0,0.0,7.708261228338448,1000.4131405912875,0.0
1137480,0.0,0.0,7.708261228338448,1000.9387811537343,0.0
1137540,0.0,0.0,7.708261228338448,999.0527374309241,0.0
1137600,0.0,0.0,7.708261228338448,998.8760734317735,0.0
1137660,0.0,0.0,7.708261228338448,999.924524779419,0.0
1137720,0.0,0.0,7.708261228338448,1000.5508139685876,0.0
1137780,0.0,0.0,7.708261228338448,1000.7622363779516,0.0
1137840,0.0,0.0,7.708261228338448,998.8850652495281,0.0
1137900,0.0,0.0,7.708261228338448,999.1681811489706,0.0
1137960,0.0,0.0,7.708261228338448,999.9677261187605,0.0
1138020,0.0,0.0,7.708261228338448,1000.3776510133883,0.0
1138080,0.0,0.0,7.708261228338448,1000.7633295589696,0.0
1138140,0.0,0.0,7.708261228338448,998.8422963370429,0.0
1138200,0.0,0.0,7.708261228338448,999.53922308153,0.0
1138260,0.0,0.0,7.708261228338448,998.9622837264463,0.0
1138320,0.0,0.0,7.708261228338448,999.9071222362894,0.0
1138380,0.0,0.0,7.708261228338448,1001.5563840494348,0.0
1138440,0.0,0.0,7.708261228338448,1000.0211701814094,0.0
1138500,0.0,0.0,7.708261228338448,999.5612407565777,0.0
1138560,0.0,0.0,7.708261228338448,998.799487853812,0.0
1138620,0.0,0.0,7.708261228338448,999.6733366949475,0.0
1138680,0.0,0.0,7.708261228338448,1000.6367560526206,0.0
1138740,0.0,0.0,7.708261228338448,1000.6863956827109,0.0
1138800,0.0,0.0,7.708261228338448,998.5455544020099,0.0
1138860,0.0,0.0,7.708261228338448,999.1239998840525,0.0
1138920,0.0,0.0,7.708261228338448,999.6051498087827,0.0
1138980,0.0,0.0,7.708261228338448,1000.8385446032639,0.0
1139040,0.0,0.0,7.708261228338448,1000.5316490016688,0.0
1139100,0.0,0.0,7.708261228338448,1000.0307179801897,0.0
1139160,0.0,0.0,7.708261228338448,997.6701848293511,0.0
1139220,0.0,0.0,7.708261228338448,999.2224615181418,0.0
1139280,0.0,0.0,7.708261228338448,1000.8745325198348,0.0
1139340,0.0,0.0,7.708261228338448,1000.3381701489055,0.0
1139400,0.0,0.0,7.708261228338448,1001.0269674268031,0.0
1139460,0.0,0.0,7.708261228338448,999.030788469371,0.0
1139520,0.0,0.0,7.708261228338448,998.9307824884683,0.0
1139580,0.0,0.0,7.708261228338448,999.9838110869337,0.0
1139640,0.0,0.0,7.708261228338448,1000.5322975461128,0.0
1139700,0.0,0.0,7.708261228338448,999.939521022193,0.0
1139760,0.0,0.0,7.708261228338448,1000.0024031136371,0.0
1139820,0.0,0.0,7.708261228338448,998.0996090682379,0.0
1139880,0.0,0.0,7.708261228338448,999.4357966381001,0.0
1139940,0.0,0.0,7.708261228338448,1001.1484269495762,0.0
1140000,0.0,0.0,7.708261228338448,1000.392433358865,0.0
1140060,0.0,0.0,7.708261228338448,1000.378225052963,0.0
1140120,0.0,0.0,7.708261228338448,998.6754050964292,0.0
1140180,0.0,0.0,7.708261228338448,999.0923794166013,0.0
1140240,0.0,0.0,7.708261228338448,1001.3824917901111,0.0
1140300,0.0,0.0,7.708261228338448,1000.3770809903732,0.0
1140360,0.0,0.0,7.708261228338448,1000.7693731218153,0.0
1140420,0.0,0.0,7.708261228338448,997.3440261496111,0.0
1140480,0.0,0.0,7.708261228338448,998.8704407878308,0.0
1140540,0.0,0.0,7.708261228338448,999.7029948864464,0.0
1140600,0.0,0.0,7.708261228338448,1000.5708403997326,0.0
1140660,0.0,0.0,7.708261228338448,1000.6544593843407,0.0
1140720,0.0,0.0,7.708261228338448,998.3375758154829,0.0
1140780,0.0,0.0,7.708261228338448,999.2018606527802,0.0
1140840,0.0,0.0,7.708261228338448,999.7236175638576,0.0
1140900,0.0,0.0,7.708261228338448,1000.195692101465,0.0
1140960,0.0,0.0,7.708261228338448,1001.4485105411036,0.0
1141020,0.0,0.0,7.708261228338448,999.6613555992778,0.0
1141080,0.0,0.0,7.708261228338448,999.0628268920748,0.0
1141140,0.0,0.0,7.708261228338448,999.2144959437858,0.0
1141200,0.0,0.0,7.708261228338448,1000.0846369108979,0.0
1141260,0.0,0.0,7.708261228338448,1000.5709129391383,0.0
1141320,0.0,0.0,7.708261228338448,1000.4865204868266,0.0
1141380,0.0,0.0,7.708261228338448,998.0671225501317,0.0
1141440,0.0,0.0,7.708261228338448,998.8089077547927,0.0
1141500,0.0,0.0,7.708261228338448,999.695702512768,0.0
1141560,0.0,0.0,7.708261228338448,1001.8942122882496,0.0
1141620,0.0,0.0,7.708261228338448,999.5906157111425,0.0
1141680,0.0,0.0,7.708261228338448,1000.0585452702766,0.0
1141740,0.0,0.0,7.708261228338448,998.0419229905724,0.0
1141800,0.0,0.0,7.708261228338448,999.4591199276038,0.0
1141860,0.0,0.0,7.708261228338448,1001.2506310567561,0.0
1141920,0.0,0.0,7.708261228338448,1000.3265364850208,0.0
1141980,0.0,0.0,7.708261228338448,1000.4256902978013,0.0
1142040,0.0,0.0,7.708261228338448,998.6719590835379,0.0
1142100,0.0,0.0,7.708261228338448,999.1415465844591,0.0
1142160,0.0,0.0,7.708261228338448,1000.3766010614978,0.0
1142220,0.0,0.0,7.708261228338448,1000.7073931792422,0.0
1142280,0.0,0.0,7.708261228338448,999.4028410923743,0.0
1142340,0.0,0.0,7.708261228338448,999.6006160234873,0.0
1142400,0.0,0.0,7.708261228338448,998.6323707588921,0.0
1142460,0.0,0.0,7.708261228338448,999.7729551778654,0.0
1142520,0.0,0.0,7.708261228338448,1001.4010158934191,0.0
1142580,0.0,0.0,7.708261228338448,1000.2156033350379,0.0
1142640,0.0,0.0,7.708261228338448,999.7782112944907,0.0
1142700,0.0,0.0,7.708261228338448,998.1385819803693,0.0
1142760,0.0,0.0,7.708261228338448,999.5233119302355,0.0
1142820,0.0,0.0,7.708261228338448,1000.7348754979296,0.0
1142880,0.0,0.0,7.708261228338448,1000.4143937061616,0.0
1142940,0.0,0.0,7.708261228338448,999.7114028365726,0.0
1143000,0.0,0.0,7.708261228338448,999.0053827580946,0.0
1143060,0.0,0.0,7.708261228338448,999.2667371837863,0.0
1143120,0.0,0.0,7.708261228338448,1000.050702718314,0.0
1143180,0.0,0.0,7.708261228338448,1000.4752372654815,0.0
1143240,0.0,0.0,7.708261228338448,1000.4856261490454,0.0
1143300,0.0,0.0,7.708261228338448,997.8932074725565,0.0
1143360,0.0,0.0,7.708261228338448,999.1222691583059,0.0
1143420,0.0,0.0,7.708261228338448,1000.4010952753802,0.0
1143480,0.0,0.0,7.708261228338448,1000.3802276559248,0.0
1143540,0.0,0.0,7.708261228338448,1001.1296251388436,0.0
1143600,0.0,0.0,7.708261228338448,999.2418999485843,0.0
1143660,0.0,0.0,7.708261228338448,998.8555624513849,0.0
1143720,0.0,0.0,7.708261228338448,999.7063810032469,0.0
1143780,0.0,0.0,7.708261228338448,1000.4315568240579,0.0
1143840,0.0,0.0,7.708261228338448,1001.063180822097,0.0
1143900,0.0,0.0,7.708261228338448,999.1180310924442,0.0
1143960,0.0,0.0,7.708261228338448,999.3012167665477,0.0
1144020,0.0,0.0,7.708261228338448,999.5636553846185,0.0
1144080,0.0,0.0,7.708261228338448,1000.2815210795778,0.0
1144140,0.0,0.0,7.708261228338448,1000.7357855401024,0.0
1144200,0.0,0.0,7.708261228338448,999.1363820316697,0.0
1144260,0.0,0.0,7.708261228338448,999.6911067579762,0.0
1144320,0.0,0.0,7.708261228338448,998.655427125948,0.0
1144380,0.0,0.0,7.708261228338448,999.7702987660526,0.0
1144440,0.0,0.0,7.708261228338448,1001.5133901717314,0.0
1144500,0.0,0.0,7.708261228338448,1000.1470761580354,0.0
1144560,0.0,0.0,7.708261228338448,999.8123296478001,0.0
1144620,0.0,0.0,7.708261228338448,998.6816470999339,0.0
1144680,0.0,0.0,7.708261228338448,999.4958937472036,0.0
1144740,0.0,0.0,7.708261228338448,1000.6030556861244,0.0
1144800,0.0,0.0,7.708261228338448,1000.7281643058361,0.0
1144860,0.0,0.0,7.708261228338448,998.8168790467678,0.0
1144920,0.0,0.0,7.708261228338448,999.2391854881262,0.0
1144980,0.0,0.0,7.708261228338448,999.2923798459547,0.0
1145040,0.0,0.0,7.708261228338448,1000.0987376209359,0.0
1145100,0.0,0.0,7.708261228338448,1001.4286169364565,0.0
1145160,0.0,0.0,7.708261228338448,998.7902294651706,0.0
1145220,0.0,0.0,7.708261228338448,999.3649898134333,0.0
1145280,0.0,0.0,7.708261228338448,998.7665001223759,0.0
1145340,0.0,0.0,7.708261228338448,1000.9327887558943,0.0
1145400,0.0,0.0,7.708261228338448,1000.3498454690571,0.0
1145460,0.0,0.0,7.708261228338448,1001.191771387658,0.0
1145520,0.0,0.0,7.708261228338448,999.2081318070157,0.0
1145580,0.0,0.0,7.708261228338448,998.9381034142282,0.0
1145640,0.0,0.0,7.708261228338448,999.7518434840713,0.0
1145700,0.0,0.0,7.708261228338448,1000.4079331751019,0.0
1145760,0.0,0.0,7.708261228338448,1000.1591496271469,0.0
1145820,0.0,0.0,7.708261228338448,1000.1802827671829,0.0
1145880,0.0,0.0,7.708261228338448,997.9392558229227,0.0
1145940,0.0,0.0,7.708261228338448,999.2950172911824,0.0
1146000,0.0,0.0,7.708261228338448,1000.9434274859623,0.0
1146060,0.0,0.0,7.708261228338448,1000.4270035196282,0.0
1146120,0.0,0.0,7.708261228338448,1000.6506643706239,0.0
1146180,0.0,0.0,7.708261228338448,998.8387329753652,0.0
1146240,0.0,0.0,7.708261228338448,998.9600926959405,0.0
1146300,0.0,0.0,7.708261228338448,1001.1385297315107,0.0
1146360,0.0,0.0,7.708261228338448,1000.3898780626731,0.0
1146420,0.0,0.0,7.708261228338448,1000.9120488915424,0.0
1146480,0.0,0.0,7.708261228338448,997.450687441127,0.0
1146540,0.0,0.0,7.708261228338448,998.7579814779338,0.0
1146600,0.0,0.0,7.708261228338448,999.5069605639432,0.0
1146660,0.0,0.0,7.708261228338448,1000.5564348000369,0.0
1146720,0.0,0.0,7.708261228338448,1000.6875869509523,0.0
1146780,0.0,0.0,7.708261228338448,998.6195715053692,0.0
1146840,0.0,0.0,7.708261228338448,999.3263173522511,0.0
1146900,0.0,0.0,7.708261228338448,999.3761623431043,0.0
1146960,0.0,0.0,7.708261228338448,1000.0756630668526,0.0
1147020,0.0,0.0,7.708261228338448,1001.5179051915584,0.0
1147080,0.0,0.0,7.708261228338448,999.8429244796808,0.0
1147140,0.0,0.0,7.708261228338448,999.2606190152875,0.0
1147200,0.0,0.0,7.708261228338448,999.000008984473,0.0
1147260,0.0,0.0,7.708261228338448,999.8988633501635,0.0
1147320,0.0,0.0,7.708261228338448,1000.6332403285755,0.0
1147380,0.0,0.0,7.708261228338448,1000.5977180534392,0.0
1147440,0.0,0.0,7.708261228338448,998.2794962381981,0.0
1147500,0.0,0.0,7.708261228338448,999.0379935082508,0.0
1147560,0.0,0.0,7.708261228338448,999.9644293985522,0.0
1147620,0.0,0.0,7.708261228338448,1000.8687977088712,0.0
1147680,0.0,0.0,7.708261228338448,1000.513486271328,0.0
1147740,0.0,0.0,7.708261228338448,999.6213848981897,0.0
1147800,0.0,0.0,7.708261228338448,997.9078112811071,0.0
1147860,0.0,0.0,7.708261228338448,999.319398006552,0.0
1147920,0.0,0.0,7.708261228338448,1001.1310257258028,0.0
1147980,0.0,0.0,7.708261228338448,1000.3471646660302,0.0
1148040,0.0,0.0,7.708261228338448,1000.7495913090434,0.0
1148100,0.0,0.0,7.708261228338448,998.8361380781694,0.0
1148160,0.0,0.0,7.708261228338448,999.0075683806514,0.0
1148220,0.0,0.0,7.708261228338448,1000.1960370605217,0.0
1148280,0.0,0.0,7.708261228338448,1000.6384792403784,0.0
1148340,0.0,0.0,7.708261228338448,999.6919390884359,0.0
1148400,0.0,0.0,7.708261228338448,999.8020991814324,0.0
1148460,0.0,0.0,7.708261228338448,998.3383288072263,0.0
1148520,0.0,0.0,7.708261228338448,999.5982472129322,0.0
1148580,0.0,0.0,7.708261228338448,1001.2979565848092,0.0
1148640,0.0,0.0,7.708261228338448,1000.3255530111186,0.0
1148700,0.0,0.0,7.708261228338448,1000.080106925567,0.0
1148760,0.0,0.0,7.708261228338448,997.782061176876,0.0
1148820,0.0,0.0,7.708261228338448,999.3431163141718,0.0
1148880,0.0,0.0,7.708261228338448,1000.5409528023218,0.0
1148940,0.0,0.0,7.708261228338448,1000.7432157900171,0.0
1149000,0.0,0.0,7.708261228338448,999.887265107254,0.0
1149060,0.0,0.0,7.708261228338448,999.211980282825,0.0
1149120,0.0,0.0,7.708261228338448,999.0393474640987,0.0
1149180,0.0,0.0,7.708261228338448,999.8660401639725,0.0
1149240,0.0,0.0,7.708261228338448,1000.5579172687749,0.0
1149300,0.0,0.0,7.708261228338448,1000.5919410776946,0.0
1149360,0.0,0.0,7.708261228338448,998.0673710890917,0.0
1149420,0.0,0.0,7.708261228338448,999.1166582309232,0.0
1149480,0.0,0.0,7.708261228338448,1000.0789783890473,0.0
1149540,0.0,0.0,7.708261228338448,1000.3092461939514,0.0
1149600,0.0,0.0,7.708261228338448,1001.3036569346859,0.0
1149660,0.0,0.0,7.708261228338448,999.4508121602867,0.0
1149720,0.0,0.0,7.708261228338448,998.9082305703683,0.0
1149780,0.0,0.0,7.708261228338448,999.4621931985566,0.0
1149840,0.0,0.0,7.708261228338448,1000.2747077306748,0.0
1149900,0.0,0.0,7.708261228338448,1001.3418950180557,0.0
1149960,0.0,0.0,7.708261228338448,999.3609564043746,0.0
1150020,0.0,0.0,7.708261228338448,999.4880772876794,0.0
1150080,0.0,0.0,7.708261228338448,999.1230686508095,0.0
1150140,0.0,0.0,7.708261228338448,1000.1371722430689,0.0
1150200,0.0,0.0,7.708261228338448,1000.6719569568409,0.0
1150260,0.0,0.0,7.708261228338448,999.4329055484758,0.0
1150320,0.0,0.0,7.708261228338448,999.8639408697377,0.0
1150380,0.0,0.0,7.708261228338448,998.3554169266941,0.0
1150440,0.0,0.0,7.708261228338448,999.6198311440896,0.0
1150500,0.0,0.0,7.708261228338448,1001.4207148252086,0.0
1150560,0.0,0.0,7.708261228338448,1000.252262244384,0.0
1150620,0.0,0.0,7.708261228338448,1000.0965335584739,0.0
1150680,0.0,0.0,7.708261228338448,998.6251613624363,0.0
1150740,0.0,0.0,7.708261228338448,999.3157632716474,0.0
1150800,0.0,0.0,7.708261228338448,1000.5203463221126,0.0
1150860,0.0,0.0,7.708261228338448,1000.7397374352756,0.0
1150920,0.0,0.0,7.708261228338448,999.1080442338379,0.0
1150980,0.0,0.0,7.708261228338448,999.3946436101784,0.0
1151040,0.0,0.0,7.708261228338448,998.9675510432389,0.0
1151100,0.0,0.0,7.708261228338448,999.95091689512,0.0
1151160,0.0,0.0,7.708261228338448,1001.4371177684909,0.0
1151220,0.0,0.0,7.708261228338448,999.1546281882131,0.0
1151280,0.0,0.0,7.708261228338448,999.5373866602017,0.0
1151340,0.0,0.0,7.708261228338448,998.5968253902785,0.0
1151400,0.0,0.0,7.708261228338448,1000.6707665772112,0.0
1151460,0.0,0.0,7.708261228338448,1000.2835190503764,0.0
1151520,0.0,0.0,7.708261228338448,1001.3809265161112,0.0
1151580,0.0,0.0,7.708261228338448,999.3995529171327,0.0
1151640,0.0,0.0,7.708261228338448,998.9934235756648,0.0
1151700,0.0,0.0,7.708261228338448,999.5239749580292,0.0
1151760,0.0,0.0,7.708261228338448,1000.2650805564514,0.0
1151820,0.0,0.0,7.708261228338448,1000.3352511207737,0.0
1151880,0.0,0.0,7.708261228338448,1000.3308191206689,0.0
1151940,0.0,0.0,7.708261228338448,997.8736112121212,0.0
1152000,0.0,0.0,7.708261228338448,999.1877693383001,0.0
1152060,0.0,0.0,7.708261228338448,1000.7053516973923,0.0
1152120,0.0,0.0,7.708261228338448,1000.4284276363567,0.0
1152180,0.0,0.0,7.708261228338448,1000.8834676146593,0.0
1152240,0.0,0.0,7.708261228338448,999.0198933931034,0.0
1152300,0.0,0.0,7.708261228338448,998.876233436275,0.0
1152360,0.0,0.0,7.708261228338448,1000.8419044860414,0.0
1152420,0.0,0.0,7.708261228338448,1000.36708831321,0.0
1152480,0.0,0.0,7.708261228338448,1001.0129409098089,0.0
1152540,0.0,0.0,7.708261228338448,997.7115145375734,0.0
1152600,0.0,0.0,7.708261228338448,998.7165032700908,0.0
1152660,0.0,0.0,7.708261228338448,999.3293717146664,0.0
1152720,0.0,0.0,7.708261228338448,1000.4979859636019,0.0
1152780,0.0,0.0,7.708261228338448,1000.6903085848458,0.0
1152840,0.0,0.0,7.708261228338448,998.9079051297884,0.0
1152900,0.0,0.0,7.708261228338448,999.4683710961044,0.0
1152960,0.0,0.0,7.708261228338448,999.0443670331616,0.0
1153020,0.0,0.0,7.708261228338448,999.9453721987609,0.0
1153080,0.0,0.0,7.708261228338448,1001.5335155552953,0.0
1153140,0.0,0.0,7.708261228338448,999.9996442642429,0.0
1153200,0.0,0.0,7.708261228338448,999.4885357296263,0.0
1153260,0.0,0.0,7.708261228338448,998.8243371735931,0.0
1153320,0.0,0.0,7.708261228338448,999.7145266230981,0.0
1153380,0.0,0.0,7.708261228338448,1000.6488359971244,0.0
1153440,0.0,0.0,7.708261228338448,1000.6767735336521,0.0
1153500,0.0,0.0,7.708261228338448,998.5289028659176,0.0
1153560,0.0,0.0,7.708261228338448,999.0877452195125,0.0
1153620,0.0,0.0,7.708261228338448,999.6532958057263,0.0
1153680,0.0,0.0,7.708261228338448,1000.8474490452875,0.0
1153740,0.0,0.0,7.708261228338448,1000.5394130524973,0.0
1153800,0.0,0.0,7.708261228338448,999.9673366344036,0.0
1153860,0.0,0.0,7.708261228338448,997.7139056714265,0.0
1153920,0.0,0.0,7.708261228338448,999.2252693856248,0.0
1153980,0.0,0.0,7.708261228338448,1000.895499514681,0.0
1154040,0.0,0.0,7.708261228338448,1000.3518792749757,0.0
1154100,0.0,0.0,7.708261228338448,1000.9762328174269,0.0
1154160,0.0,0.0,7.708261228338448,999.0045074407649,0.0
1154220,0.0,0.0,7.708261228338448,998.9295137817891,0.0
1154280,0.0,0.0,7.708261228338448,1000.0084210898445,0.0
1154340,0.0,0.0,7.708261228338448,1000.552896285731,0.0
1154400,0.0,0.0,7.708261228338448,999.933648396851,0.0
1154460,0.0,0.0,7.708261228338448,999.9726808439422,0.0
1154520,0.0,0.0,7.708261228338448,998.1276365321811,0.0
1154580,0.0,0.0,7.708261228338448,999.4499950107493,0.0
1154640,0.0,0.0,7.708261228338448,1001.153226194391,0.0
1154700,0.0,0.0,7.708261228338448,1000.3956638981637,0.0
1154760,0.0,0.0,7.708261228338448,1000.3399099525546,0.0
1154820,0.0,0.0,7.708261228338448,997.5388073245459,0.0
1154880,0.0,0.0,7.708261228338448,999.1992133849022,0.0
1154940,0.0,0.0,7.708261228338448,1000.3418521720664,0.0
1155000,0.0,0.0,7.708261228338448,1000.9936645038866,0.0
1155060,0.0,0.0,7.708261228338448,1000.0276565128055,0.0
1155120,0.0,0.0,7.708261228338448,999.4384000961361,0.0
1155180,0.0,0.0,7.708261228338448,998.8615457630964,0.0
1155240,0.0,0.0,7.708261228338448,999.6979209962843,0.0
1155300,0.0,0.0,7.708261228338448,1000.59180751805,0.0
1155360,0.0,0.0,7.708261228338448,1000.6609269711735,0.0
1155420,0.0,0.0,7.708261228338448,998.3072919000423,0.0
1155480,0.0,0.0,7.708261228338448,999.168379423259,0.0
1155540,0.0,0.0,7.708261228338448,999.7652618638634,0.0
1155600,0.0,0.0,7.708261228338448,1000.2226658914303,0.0
1155660,0.0,0.0,7.708261228338448,1001.4152562844569,0.0
1155720,0.0,0.0,7.708261228338448,999.6365681239148,0.0
1155780,0.0,0.0,7.708261228338448,999.0262969304395,0.0
1155840,0.0,0.0,7.708261228338448,999.2414229219439,0.0
1155900,0.0,0.0,7.708261228338448,1000.1152427512719,0.0
1155960,0.0,0.0,7.708261228338448,1000.5718064720072,0.0
1156020,0.0,0.0,7.708261228338448,1000.4670523766447,0.0
1156080,0.0,0.0,7.708261228338448,998.0699291271603,0.0
1156140,0.0,0.0,7.708261228338448,998.8364566177777,0.0
1156200,0.0,0.0,7.708261228338448,999.718479670994,0.0
1156260,0.0,0.0,7.708261228338448,1001.8625866475575,0.0
1156320,0.0,0.0,7.708261228338448,999.5947336309131,0.0
1156380,0.0,0.0,7.708261228338448,1000.0284678658916,0.0
1156440,0.0,0.0,7.708261228338448,998.075354997232,0.0
1156500,0.0,0.0,7.708261228338448,999.4709381359188,0.0
1156560,0.0,0.0,7.708261228338448,1001.2533131893425,0.0
1156620,0.0,0.0,7.708261228338448,1000.3301088501004,0.0
1156680,0.0,0.0,7.708261228338448,1000.3865306670759,0.0
1156740,0.0,0.0,7.708261228338448,998.6613051672741,0.0
1156800,0.0,0.0,7.708261228338448,999.1507382629603,0.0
1156860,0.0,0.0,7.708261228338448,1000.3896300524468,0.0
1156920,0.0,0.0,7.708261228338448,1000.7157247277958,0.0
1156980,0.0,0.0,7.708261228338448,999.4024146085135,0.0
1157040,0.0,0.0,7.708261228338448,999.5768930229856,0.0
1157100,0.0,0.0,7.708261228338448,998.6519266650986,0.0
1157160,0.0,0.0,7.708261228338448,999.7859014316635,0.0
1157220,0.0,0.0,7.708261228338448,1001.3943406856604,0.0
1157280,0.0,0.0,7.708261228338448,999.5132279701825,0.0
1157340,0.0,0.0,7.708261228338448,999.7183864719733,0.0
1157400,0.0,0.0,7.708261228338448,998.4762940387209,0.0
1157460,0.0,0.0,7.708261228338448,1000.3505317622032,0.0
1157520,0.0,0.0,7.708261228338448,1000.188310312355,0.0
1157580,0.0,0.0,7.708261228338448,1001.532228626831,0.0
1157640,0.0,0.0,7.708261228338448,999.5907427397916,0.0
1157700,0.0,0.0,7.708261228338448,999.127741788237,0.0
1157760,0.0,0.0,7.708261228338448,999.290851709492,0.0
1157820,0.0,0.0,7.708261228338448,1000.0990576887168,0.0
1157880,0.0,0.0,7.708261228338448,1000.4706530059943,0.0
1157940,0.0,0.0,7.708261228338448,1000.464835493214,0.0
1158000,0.0,0.0,7.708261228338448,997.9087266415653,0.0
1158060,0.0,0.0,7.708261228338448,999.1169808492248,0.0
1158120,0.0,0.0,7.708261228338448,1000.427213906342,0.0
1158180,0.0,0.0,7.708261228338448,1000.3961292844101,0.0
1158240,0.0,0.0,7.708261228338448,1001.092320979483,0.0
1158300,0.0,0.0,7.708261228338448,999.2191876671907,0.0
1158360,0.0,0.0,7.708261228338448,998.8460241520777,0.0
1158420,0.0,0.0,7.708261228338448,999.728611454111,0.0
1158480,0.0,0.0,7.708261228338448,1000.4524231101051,0.0
1158540,0.0,0.0,7.708261228338448,1001.030126530253,0.0
1158600,0.0,0.0,7.708261228338448,999.1090647042922,0.0
1158660,0.0,0.0,7.708261228338448,999.2701195690291,0.0
1158720,0.0,0.0,7.708261228338448,999.5838527600015,0.0
1158780,0.0,0.0,7.708261228338448,1000.2980868259973,0.0
1158840,0.0,0.0,7.708261228338448,1000.7455944373255,0.0
1158900,0.0,0.0,7.708261228338448,999.1387783955769,0.0
1158960,0.0,0.0,7.708261228338448,999.6654534872489,0.0
1159020,0.0,0.0,7.708261228338448,998.6791782165077,0.0
1159080,0.0,0.0,7.708261228338448,999.7839177122281,0.0
1159140,0.0,0.0,7.708261228338448,1001.5043109349225,0.0
1159200,0.0,0.0,7.708261228338448,1000.1451861445969,0.0
1159260,0.0,0.0,7.708261228338448,999.7839211445549,0.0
1159320,0.0,0.0,7.708261228338448,998.6839513489199,0.0
1159380,0.0,0.0,7.708261228338448,999.5073625015914,0.0
1159440,0.0,0.0,7.708261228338448,1000.610371831569,0.0
1159500,0.0,0.0,7.708261228338448,1000.7291086990289,0.0
1159560,0.0,0.0,7.708261228338448,998.8216778641486,0.0
1159620,0.0,0.0,7.708261228338448,999.2216704207783,0.0
1159680,0.0,0.0,7.708261228338448,999.3031080761651,0.0
1159740,0.0,0.0,7.708261228338448,1000.7599943437389,0.0
1159800,0.0,0.0,7.708261228338448,1000.5313235934141,0.0
1159860,0.0,0.0,7.708261228338448,1000.3550336525417,0.0
1159920,0.0,0.0,7.708261228338448,997.6079389313873,0.0
1159980,0.0,0.0,7.708261228338448,999.1655238374476,0.0
1160040,0.0,0.0,7.708261228338448,1000.5985818175417,0.0
1160100,0.0,0.0,7.708261228338448,1000.3200390799913,0.0
1160160,0.0,0.0,7.708261228338448,1001.2003942722502,0.0
1160220,0.0,0.0,7.708261228338448,999.2043097788519,0.0
1160280,0.0,0.0,7.708261228338448,998.9023434227809,0.0
1160340,0.0,0.0,7.708261228338448,999.780250154673,0.0
1160400,0.0,0.0,7.708261228338448,1000.4278394093535,0.0
1160460,0.0,0.0,7.708261228338448,1000.1572180438709,0.0
1160520,0.0,0.0,7.708261228338448,1000.1538685685887,0.0
1160580,0.0,0.0,7.708261228338448,997.9631001366614,0.0
1160640,0.0,0.0,7.708261228338448,999.3046153167588,0.0
1160700,0.0,0.0,7.708261228338448,1000.953508656636,0.0
1160760,0.0,0.0,7.708261228338448,1000.4342071026488,0.0
1160820,0.0,0.0,7.708261228338448,1000.613159195885,0.0
1160880,0.0,0.0,7.708261228338448,997.369555263732,0.0
1160940,0.0,0.0,7.708261228338448,999.075772405943,0.0
1161000,0.0,0.0,7.708261228338448,1000.1033521834953,0.0
1161060,0.0,0.0,7.708261228338448,1001.1987096664977,0.0
1161120,0.0,0.0,7.708261228338448,1000.1540171678078,0.0
1161180,0.0,0.0,7.708261228338448,999.7210377899638,0.0
1161240,0.0,0.0,7.708261228338448,998.7175449884486,0.0
1161300,0.0,0.0,7.708261228338448,999.5180566299052,0.0
1161360,0.0,0.0,7.708261228338448,1000.5768872602905,0.0
1161420,0.0,0.0,7.708261228338448,1000.7045320292899,0.0
1161480,0.0,0.0,7.708261228338448,998.5858296588839,0.0
1161540,0.0,0.0,7.708261228338448,999.2862010787974,0.0
1161600,0.0,0.0,7.708261228338448,999.4223799620476,0.0
1161660,0.0,0.0,7.708261228338448,1000.104766389764,0.0
1161720,0.0,0.0,7.708261228338448,1001.4920474525609,0.0
1161780,0.0,0.0,7.708261228338448,999.8218584120857,0.0
1161840,0.0,0.0,7.708261228338448,999.2153643685035,0.0
1161900,0.0,0.0,7.708261228338448,999.0235985484674,0.0
1161960,0.0,0.0,7.708261228338448,999.9301151542776,0.0
1162020,0.0,0.0,7.708261228338448,1000.6382210986959,0.0
1162080,0.0,0.0,7.708261228338448,1000.5839159166583,0.0
1162140,0.0,0.0,7.708261228338448,998.2820188878413,0.0
1162200,0.0,0.0,7.708261228338448,998.575942262936,0.0
1162260,0.0,0.0,7.708261228338448,999.5576309044898,0.0
1162320,0.0,0.0,7.708261228338448,1001.8245615215423,0.0
1162380,0.0,0.0,7.708261228338448,999.8356275244869,0.0
1162440,0.0,0.0,7.708261228338448,1000.1971312555168,0.0
1162500,0.0,0.0,7.708261228338448,997.8664103756257,0.0
1162560,0.0,0.0,7.708261228338448,999.347962500249,0.0
1162620,0.0,0.0,7.708261228338448,1001.060088328752,0.0
1162680,0.0,0.0,7.708261228338448,1000.3701805080526,0.0
1162740,0.0,0.0,7.708261228338448,1000.6521935085315,0.0
1162800,0.0,0.0,7.708261228338448,998.7955236896885,0.0
1162860,0.0,0.0,7.708261228338448,999.0234389923406,0.0
1162920,0.0,0.0,7.708261228338448,1000.2293246840329,0.0
1162980,0.0,0.0,7.708261228338448,1000.6617093718403,0.0
1163040,0.0,0.0,7.708261228338448,999.6732356809237,0.0
1163100,0.0,0.0,7.708261228338448,999.7558585499681,0.0
1163160,0.0,0.0,7.708261228338448,998.3841950082759,0.0
1163220,0.0,0.0,7.708261228338448,999.625836865704,0.0
1163280,0.0,0.0,7.708261228338448,1001.301169479638,0.0
1163340,0.0,0.0,7.708261228338448,999.8397418190306,0.0
1163400,0.0,0.0,7.708261228338448,999.8840743275434,0.0
1163460,0.0,0.0,7.708261228338448,998.4261442146827,0.0
1163520,0.0,0.0,7.708261228338448,999.9983906292857,0.0
1163580,0.0,0.0,7.708261228338448,1000.0787291010873,0.0
1163640,0.0,0.0,7.708261228338448,1001.6252877860825,0.0
1163700,0.0,0.0,7.708261228338448,999.7622187522047,0.0
1163760,0.0,0.0,7.708261228338448,999.3118216464437,0.0
1163820,0.0,0.0,7.708261228338448,999.0799625473144,0.0
1163880,0.0,0.0,7.708261228338448,999.9287027876198,0.0
1163940,0.0,0.0,7.708261228338448,1000.5583225020122,0.0
1164000,0.0,0.0,7.708261228338448,1000.5691147583526,0.0
1164060,0.0,0.0,7.708261228338448,998.0643294904055,0.0
1164120,0.0,0.0,7.708261228338448,999.0954456498505,0.0
1164180,0.0,0.0,7.708261228338448,1000.1312303411213,0.0
1164240,0.0,0.0,7.708261228338448,1000.3371018909627,0.0
1164300,0.0,0.0,7.708261228338448,1001.2551253177045,0.0
1164360,0.0,0.0,7.708261228338448,999.4151273476137,0.0
1164420,0.0,0.0,7.708261228338448,998.8798287445043,0.0
1164480,0.0,0.0,7.708261228338448,999.4999473946435,0.0
1164540,0.0,0.0,7.708261228338448,1000.3107467669387,0.0
1164600,0.0,0.0,7.708261228338448,1001.2886237834861,0.0
1164660,0.0,0.0,7.708261228338448,999.3413836271242,0.0
1164720,0.0,0.0,7.708261228338448,999.4361080189302,0.0
1164780,0.0,0.0,7.708261228338448,999.1728232260502,0.0
1164840,0.0,0.0,7.708261228338448,1000.1661633814583,0.0
1164900,0.0,0.0,7.708261228338448,1000.692185938067,0.0
1164960,0.0,0.0,7.708261228338448,999.4243401848438,0.0
1165020,0.0,0.0,7.708261228338448,999.8259835231752,0.0
1165080,0.0,0.0,7.708261228338448,998.396996263516,0.0
1165140,0.0,0.0,7.708261228338448,999.6407994386643,0.0
1165200,0.0,0.0,7.708261228338448,1001.4183209880865,0.0
1165260,0.0,0.0,7.708261228338448,1000.2497472336048,0.0
1165320,0.0,0.0,7.708261228338448,1000.0478936171573,0.0
1165380,0.0,0.0,7.708261228338448,998.6235940515511,0.0
1165440,0.0,0.0,7.708261228338448,999.3344004815984,0.0
1165500,0.0,0.0,7.708261228338448,1000.5348600828487,0.0
1165560,0.0,0.0,7.708261228338448,1000.7445509018233,0.0
1165620,0.0,0.0,7.708261228338448,999.102113624513,0.0
1165680,0.0,0.0,7.708261228338448,999.3647711317535,0.0
1165740,0.0,0.0,7.708261228338448,998.9948897008574,0.0
1165800,0.0,0.0,7.708261228338448,1000.6269397855862,0.0
1165860,0.0,0.0,7.708261228338448,1000.4987313865028,0.0
1165920,0.0,0.0,7.708261228338448,1000.6861817971602,0.0
1165980,0.0,0.0,7.708261228338448,997.6563782898879,0.0
1166040,0.0,0.0,7.708261228338448,999.1552461804971,0.0
1166100,0.0,0.0,7.708261228338448,1000.2940410142238,0.0
1166160,0.0,0.0,7.708261228338448,1000.2683018312982,0.0
1166220,0.0,0.0,7.708261228338448,1001.3590461189233,0.0
1166280,0.0,0.0,7.708261228338448,999.388094530024,0.0
1166340,0.0,0.0,7.708261228338448,998.9350626417555,0.0
1166400,0.0,0.0,7.708261228338448,999.5613827863251,0.0
1166460,0.0,0.0,7.708261228338448,1000.2951825718856,0.0
1166520,0.0,0.0,7.708261228338448,1000.3315001016703,0.0
1166580,0.0,0.0,7.708261228338448,1000.3017214105413,0.0
1166640,0.0,0.0,7.708261228338448,997.8954547290839,0.0
1166700,0.0,0.0,7.708261228338448,999.1944932875033,0.0
1166760,0.0,0.0,7.708261228338448,1000.7282443922732,0.0
1166820,0.0,0.0,7.708261228338448,1000.4410586021032,0.0
1166880,0.0,0.0,7.708261228338448,1000.8373448676658,0.0
1166940,0.0,0.0,7.708261228338448,998.9934630805438,0.0
1167000,0.0,0.0,7.708261228338448,998.877339561746,0.0
1167060,0.0,0.0,7.708261228338448,1000.8445381094363,0.0
1167120,0.0,0.0,7.708261228338448,1000.3835201706155,0.0
1167180,0.0,0.0,7.708261228338448,1000.9962385594881,0.0
1167240,0.0,0.0,7.708261228338448,997.7355945745593,0.0
1167300,0.0,0.0,7.708261228338448,998.7125221302314,0.0
1167360,0.0,0.0,7.708261228338448,999.3488633560501,0.0
1167420,0.0,0.0,7.708261228338448,1000.5121994608112,0.0
1167480,0.0,0.0,7.708261228338448,1000.6968263462595,0.0
1167540,0.0,0.0,7.708261228338448,998.9064244326314,0.0
1167600,0.0,0.0,7.708261228338448,999.4396081730919,0.0
1167660,0.0,0.0,7.708261228338448,999.0707985016307,0.0
1167720,0.0,0.0,7.708261228338448,999.9623565031487,0.0
1167780,0.0,0.0,7.708261228338448,1001.5199176707123,0.0
1167840,0.0,0.0,7.708261228338448,999.9928994682007,0.0
1167900,0.0,0.0,7.708261228338448,999.4587751318586,0.0
1167960,0.0,0.0,7.708261228338448,998.8321496904689,0.0
1168020,0.0,0.0,7.708261228338448,999.7304022490059,0.0
1168080,0.0,0.0,7.708261228338448,1000.6554142510654,0.0
1168140,0.0,0.0,7.708261228338448,1000.6733928989406,0.0
1168200,0.0,0.0,7.708261228338448,998.5805478226828,0.0
1168260,0.0,0.0,7.708261228338448,998.3600700636663,0.0
1168320,0.0,0.0,7.708261228338448,999.4020553258744,0.0
1168380,0.0,0.0,7.708261228338448,1001.7215136165956,0.0
1168440,0.0,0.0,7.708261228338448,1000.0435889955311,0.0
1168500,0.0,0.0,7.708261228338448,1000.3562065927663,0.0
1168560,0.0,0.0,7.708261228338448,997.7297134125754,0.0
1168620,0.0,0.0,7.708261228338448,999.2483439973622,0.0
1168680,0.0,0.0,7.708261228338448,1000.8195106633137,0.0
1168740,0.0,0.0,7.708261228338448,1000.3775490773312,0.0
1168800,0.0,0.0,7.708261228338448,1000.9053985815912,0.0
1168860,0.0,0.0,7.708261228338448,998.9718618702556,0.0
1168920,0.0,0.0,7.708261228338448,998.9334942790612,0.0
1168980,0.0,0.0,7.708261228338448,1000.0338985606052,0.0
1169040,0.0,0.0,7.708261228338448,1000.5748280865147,0.0
1169100,0.0,0.0,7.708261228338448,999.9254845143734,0.0
1169160,0.0,0.0,7.708261228338448,999.9407352373939,0.0
1169220,0.0,0.0,7.708261228338448,998.1572788683003,0.0
1169280,0.0,0.0,7.708261228338448,999.4660680079629,0.0
1169340,0.0,0.0,7.708261228338448,1001.1586519698997,0.0
1169400,0.0,0.0,7.708261228338448,1000.3982005200374,0.0
1169460,0.0,0.0,7.708261228338448,1000.2992897552198,0.0
1169520,0.0,0.0,7.708261228338448,997.5777235972896,0.0
1169580,0.0,0.0,7.708261228338448,999.2090628677199,0.0
1169640,0.0,0.0,7.708261228338448,1000.3638349776621,0.0
1169700,0.0,0.0,7.708261228338448,1000.9808644003997,0.0
1169760,0.0,0.0,7.708261228338448,1000.0200347275845,0.0
1169820,0.0,0.0,7.708261228338448,999.4034786648054,0.0
1169880,0.0,0.0,7.708261228338448,998.8714287302889,0.0
1169940,0.0,0.0,7.708261228338448,999.7151395144443,0.0
1170000,0.0,0.0,7.708261228338448,1000.5992433282573,0.0
1170060,0.0,0.0,7.708261228338448,1000.6579668406129,0.0
1170120,0.0,0.0,7.708261228338448,998.3135164075295,0.0
1170180,0.0,0.0,7.708261228338448,999.1503335754062,0.0
1170240,0.0,0.0,7.708261228338448,999.7792829477665,0.0
1170300,0.0,0.0,7.708261228338448,1000.2352808259003,0.0
1170360,0.0,0.0,7.708261228338448,1001.3977631009941,0.0
1170420,0.0,0.0,7.708261228338448,999.6287571755392,0.0
1170480,0.0,0.0,7.708261228338448,999.0099344867482,0.0
1170540,0.0,0.0,7.708261228338448,999.2490847807,0.0
1170600,0.0,0.0,7.708261228338448,1000.1273540035519,0.0
1170660,0.0,0.0,7.708261228338448,1001.5217284228077,0.0
1170720,0.0,0.0,7.708261228338448,999.5797960064409,0.0
1170780,0.0,0.0,7.708261228338448,999.6562851520572,0.0
1170840,0.0,0.0,7.708261228338448,998.7259673960988,0.0
1170900,0.0,0.0,7.708261228338448,999.9840814214763,0.0
1170960,0.0,0.0,7.708261228338448,1000.5970217456484,0.0
1171020,0.0,0.0,7.708261228338448,999.7067282165746,0.0
1171080,0.0,0.0,7.708261228338448,1000.0063538345619,0.0
1171140,0.0,0.0,7.708261228338448,998.1302548173614,0.0
1171200,0.0,0.0,7.708261228338448,999.4879473260237,0.0
1171260,0.0,0.0,7.708261228338448,1001.2772999330138,0.0
1171320,0.0,0.0,7.708261228338448,1000.3292513400878,0.0
1171380,0.0,0.0,7.708261228338448,1000.3432179840871,0.0
1171440,0.0,0.0,7.708261228338448,998.6495096752125,0.0
1171500,0.0,0.0,7.708261228338448,999.1645915580967,0.0
1171560,0.0,0.0,7.708261228338448,1000.4072032045831,0.0
1171620,0.0,0.0,7.708261228338448,1000.725230504277,0.0
1171680,0.0,0.0,7.708261228338448,999.396173588783,0.0
1171740,0.0,0.0,7.708261228338448,999.5461710376424,0.0
1171800,0.0,0.0,7.708261228338448,998.6797979130674,0.0
1171860,0.0,0.0,7.708261228338448,1000.4325367074906,0.0
1171920,0.0,0.0,7.708261228338448,1000.4312102016231,0.0
1171980,0.0,0.0,7.708261228338448,1001.022713680152,0.0
1172040,0.0,0.0,7.708261228338448,997.861155077787,0.0
1172100,0.0,0.0,7.708261228338448,999.2113502023293,0.0
1172160,0.0,0.0,7.708261228338448,999.9437937939865,0.0
1172220,0.0,0.0,7.708261228338448,1000.1834006722084,0.0
1172280,0.0,0.0,7.708261228338448,1001.4922750186839,0.0
1172340,0.0,0.0,7.708261228338448,999.581448566289,0.0
1172400,0.0,0.0,7.708261228338448,999.0487449074162,0.0
1172460,0.0,0.0,7.708261228338448,999.326365364147,0.0
1172520,0.0,0.0,7.708261228338448,1000.1318959314033,0.0
1172580,0.0,0.0,7.708261228338448,1000.4708425447393,0.0
1172640,0.0,0.0,7.708261228338448,1000.4418676900995,0.0
1172700,0.0,0.0,7.708261228338448,997.9195724701854,0.0
1172760,0.0,0.0,7.708261228338448,999.1142266177318,0.0
1172820,0.0,0.0,7.708261228338448,1000.4564071884206,0.0
1172880,0.0,0.0,7.708261228338448,1000.4133140140844,0.0
1172940,0.0,0.0,7.708261228338448,1001.0499751014991,0.0
1173000,0.0,0.0,7.708261228338448,999.1923672533287,0.0
1173060,0.0,0.0,7.708261228338448,998.8373992299323,0.0
1173120,0.0,0.0,7.708261228338448,1000.5016464949033,0.0
1173180,0.0,0.0,7.708261228338448,1000.3265115510161,0.0
1173240,0.0,0.0,7.708261228338448,1001.069217450195,0.0
1173300,0.0,0.0,7.708261228338448,998.069216498399,0.0
1173360,0.0,0.0,7.708261228338448,998.7463137496435,0.0
1173420,0.0,0.0,7.708261228338448,999.1805080976098,0.0
1173480,0.0,0.0,7.708261228338448,1000.4106001012178,0.0
1173540,0.0,0.0,7.708261228338448,1000.6736642881972,0.0
1173600,0.0,0.0,7.708261228338448,999.1985379666634,0.0
1173660,0.0,0.0,7.708261228338448,999.601779213184,0.0
1173720,0.0,0.0,7.708261228338448,998.7475886465088,0.0
1173780,0.0,0.0,7.708261228338448,999.8173970114615,0.0
1173840,0.0,0.0,7.708261228338448,1001.4916968753041,0.0
1173900,0.0,0.0,7.708261228338448,1000.1322571745176,0.0
1173960,0.0,0.0,7.708261228338448,999.7158406979464,0.0
1174020,0.0,0.0,7.708261228338448,998.696534982312,0.0
1174080,0.0,0.0,7.708261228338448,999.5412526021989,0.0
1174140,0.0,0.0,7.708261228338448,1000.6262602739108,0.0
1174200,0.0,0.0,7.708261228338448,1000.7270891797731,0.0
1174260,0.0,0.0,7.708261228338448,998.9232662105082,0.0
1174320,0.0,0.0,7.708261228338448,998.2253431540249,0.0
1174380,0.0,0.0,7.708261228338448,999.2718200602725,0.0
1174440,0.0,0.0,7.708261228338448,1001.5537723122801,0.0
1174500,0.0,0.0,7.708261228338448,1000.2070920348308,0.0
1174560,0.0,0.0,7.708261228338448,1000.4871106427984,0.0
1174620,0.0,0.0,7.708261228338448,997.6968099519478,0.0
1174680,0.0,0.0,7.708261228338448,999.1870840682473,0.0
1174740,0.0,0.0,7.708261228338448,1000.5509682695612,0.0
1174800,0.0,0.0,7.708261228338448,1000.3560610992761,0.0
1174860,0.0,0.0,7.708261228338448,1001.1168135763141,0.0
1174920,0.0,0.0,7.708261228338448,999.1555149594471,0.0
1174980,0.0,0.0,7.708261228338448,998.8946992430591,0.0
1175040,0.0,0.0,7.708261228338448,999.8240871008039,0.0
1175100,0.0,0.0,7.708261228338448,1000.4656867720906,0.0
1175160,0.0,0.0,7.708261228338448,1000.1416638295166,0.0
1175220,0.0,0.0,7.708261228338448,1000.1101750918657,0.0
1175280,0.0,0.0,7.708261228338448,998.0008089239217,0.0
1175340,0.0,0.0,7.708261228338448,999.3247603160421,0.0
1175400,0.0,0.0,7.708261228338448,1000.975984902901,0.0
1175460,0.0,0.0,7.708261228338448,1000.4418431453404,0.0
1175520,0.0,0.0,7.708261228338448,1000.5521761498363,0.0
1175580,0.0,0.0,7.708261228338448,997.4235230231066,0.0
1175640,0.0,0.0,7.708261228338448,999.0855931418615,0.0
1175700,0.0,0.0,7.708261228338448,1000.1436994798269,0.0
1175760,0.0,0.0,7.708261228338448,1001.1738299575294,0.0
1175820,0.0,0.0,7.708261228338448,1000.1442815904554,0.0
1175880,0.0,0.0,7.708261228338448,999.6605282274692,0.0
1175940,0.0,0.0,7.708261228338448,998.7294718734673,0.0
1176000,0.0,0.0,7.708261228338448,999.5445339081608,0.0
1176060,0.0,0.0,7.708261228338448,1000.5899442603081,0.0
1176120,0.0,0.0,7.708261228338448,1000.7042951662057,0.0
1176180,0.0,0.0,7.708261228338448,998.5806625867497,0.0
1176240,0.0,0.0,7.708261228338448,999.2538374343253,0.0
1176300,0.0,0.0,7.708261228338448,999.4560543329313,0.0
1176360,0.0,0.0,7.708261228338448,1000.1263580759378,0.0
1176420,0.0,0.0,7.708261228338448,1001.4707749461268,0.0
1176480,0.0,0.0,7.708261228338448,999.8072793913763,0.0
1176540,0.0,0.0,7.708261228338448,999.1822979355215,0.0
1176600,0.0,0.0,7.708261228338448,999.0397943716006,0.0
1176660,0.0,0.0,7.708261228338448,999.9527130021081,0.0
1176720,0.0,0.0,7.708261228338448,1001.6632448371221,0.0
1176780,0.0,0.0,7.708261228338448,999.7804203886801,0.0
1176840,0.0,0.0,7.708261228338448,999.8589759148919,0.0
1176900,0.0,0.0,7.708261228338448,998.3405489000029,0.0
1176960,0.0,0.0,7.708261228338448,999.7992156274044,0.0
1177020,0.0,0.0,7.708261228338448,1000.4885486870883,0.0
1177080,0.0,0.0,7.708261228338448,999.9441784577785,0.0
1177140,0.0,0.0,7.708261228338448,1000.155935266279,0.0
1177200,0.0,0.0,7.708261228338448,997.9486679573643,0.0
1177260,0.0,0.0,7.708261228338448,999.3626308280444,0.0
1177320,0.0,0.0,7.708261228338448,1001.0988474374938,0.0
1177380,0.0,0.0,7.708261228338448,1000.3745860706028,0.0
1177440,0.0,0.0,7.708261228338448,1000.5954365266948,0.0
1177500,0.0,0.0,7.708261228338448,998.7682810589648,0.0
1177560,0.0,0.0,7.708261228338448,999.0353626869288,0.0
1177620,0.0,0.0,7.708261228338448,1000.2562696767159,0.0
1177680,0.0,0.0,7.708261228338448,1000.6790030432808,0.0
1177740,0.0,0.0,7.708261228338448,999.6605022107539,0.0
1177800,0.0,0.0,7.708261228338448,999.7169341643794,0.0
1177860,0.0,0.0,7.708261228338448,998.4211456356427,0.0
1177920,0.0,0.0,7.708261228338448,999.6487754422641,0.0
1177980,0.0,0.0,7.708261228338448,1001.3015978899532,0.0
1178040,0.0,0.0,7.708261228338448,999.838970096718,0.0
1178100,0.0,0.0,7.708261228338448,999.8582916106966,0.0
1178160,0.0,0.0,7.708261228338448,998.4285041181128,0.0
1178220,0.0,0.0,7.708261228338448,1000.0129556920823,0.0
1178280,0.0,0.0,7.708261228338448,1000.100066654336,0.0
1178340,0.0,0.0,7.708261228338448,1001.5976724359659,0.0
1178400,0.0,0.0,7.708261228338448,999.7489109088173,0.0
1178460,0.0,0.0,7.708261228338448,999.2773202221424,0.0
1178520,0.0,0.0,7.708261228338448,999.095375637018,0.0
1178580,0.0,0.0,7.708261228338448,999.9499930491509,0.0
1178640,0.0,0.0,7.708261228338448,1000.563486421616,0.0
1178700,0.0,0.0,7.708261228338448,1000.560240268336,0.0
1178760,0.0,0.0,7.708261228338448,998.0707018022589,0.0
1178820,0.0,0.0,7.708261228338448,999.084926702676,0.0
1178880,0.0,0.0,7.708261228338448,1000.1461133351982,0.0
1178940,0.0,0.0,7.708261228338448,1000.3500654564899,0.0
1179000,0.0,0.0,7.708261228338448,1001.2326911903425,0.0
1179060,0.0,0.0,7.708261228338448,999.4031231273093,0.0
1179120,0.0,0.0,7.708261228338448,998.8674868612184,0.0
1179180,0.0,0.0,7.708261228338448,1000.1087548702297,0.0
1179240,0.0,0.0,7.708261228338448,1000.2317689346776,0.0
1179300,0.0,0.0,7.708261228338448,1001.1039296680317,0.0
1179360,0.0,0.0,7.708261228338448,998.4568283069115,0.0
1179420,0.0,0.0,7.708261228338448,998.8799791052951,0.0
1179480,0.0,0.0,7.708261228338448,999.0347526462585,0.0
1179540,0.0,0.0,7.708261228338448,1000.2642586490907,0.0
1179600,0.0,0.0,7.708261228338448,1000.6180716888425,0.0
1179660,0.0,0.0,7.708261228338448,999.4862189040289,0.0
1179720,0.0,0.0,7.708261228338448,999.7789404698806,0.0
1179780,0.0,0.0,7.708261228338448,998.4424089688998,0.0
1179840,0.0,0.0,7.708261228338448,999.6632570822917,0.0
1179900,0.0,0.0,7.708261228338448,1001.4125277123793,0.0
1179960,0.0,0.0,7.708261228338448,1000.2467438413222,0.0
1180020,0.0,0.0,7.708261228338448,999.9957077117419,0.0
1180080,0.0,0.0,7.708261228338448,998.6230783103849,0.0
1180140,0.0,0.0,7.708261228338448,999.3550600424337,0.0
1180200,0.0,0.0,7.708261228338448,1000.5499522528639,0.0
1180260,0.0,0.0,7.708261228338448,1000.7487526087792,0.0
1180320,0.0,0.0,7.708261228338448,999.0941932916022,0.0
1180380,0.0,0.0,7.708261228338448,999.3333066452564,0.0
1180440,0.0,0.0,7.708261228338448,999.0244342444468,0.0
1180500,0.0,0.0,7.708261228338448,1000.6367359308421,0.0
1180560,0.0,0.0,7.708261228338448,1000.5118122967133,0.0
1180620,0.0,0.0,7.708261228338448,1000.6449799832986,0.0
1180680,0.0,0.0,7.708261228338448,997.6789306066295,0.0
1180740,0.0,0.0,7.708261228338448,999.1420263762149,0.0
1180800,0.0,0.0,7.708261228338448,1000.3101699064163,0.0
1180860,0.0,0.0,7.708261228338448,1000.282386409584,0.0
1180920,0.0,0.0,7.708261228338448,1001.3320433239548,0.0
1180980,0.0,0.0,7.708261228338448,999.3747255680483,0.0
1181040,0.0,0.0,7.708261228338448,998.9212478912201,0.0
1181100,0.0,0.0,7.708261228338448,999.5740641081721,0.0
1181160,0.0,0.0,7.708261228338448,1000.3104479301251,0.0
1181220,0.0,0.0,7.708261228338448,1000.3348919424986,0.0
1181280,0.0,0.0,7.708261228338448,1000.2886742338914,0.0
1181340,0.0,0.0,7.708261228338448,997.9089294296185,0.0
1181400,0.0,0.0,7.708261228338448,999.1951168731762,0.0
1181460,0.0,0.0,7.708261228338448,1000.7317191482143,0.0
1181520,0.0,0.0,7.708261228338448,1000.4486089027034,0.0
1181580,0.0,0.0,7.708261228338448,1000.8172260793374,0.0
1181640,0.0,0.0,7.708261228338448,997.3702498237276,0.0
1181700,0.0,0.0,7.708261228338448,998.997307306384,0.0
1181760,0.0,0.0,7.708261228338448,999.8808450379695,0.0
1181820,0.0,0.0,7.708261228338448,1001.3167436021171,0.0
1181880,0.0,0.0,7.708261228338448,1000.250390238651,0.0
1181940,0.0,0.0,7.708261228338448,999.973314072382,0.0
1182000,0.0,0.0,7.708261228338448,998.6406852247894,0.0
1182060,0.0,0.0,7.708261228338448,999.3652975205171,0.0
1182120,0.0,0.0,7.708261228338448,1000.5272721770232,0.0
1182180,0.0,0.0,7.708261228338448,1000.7205321285792,0.0
1182240,0.0,0.0,7.708261228338448,998.8798801338535,0.0
1182300,0.0,0.0,7.708261228338448,999.4064368854229,0.0
1182360,0.0,0.0,7.708261228338448,999.104740616987,0.0
1182420,0.0,0.0,7.708261228338448,999.9848692020577,0.0
1182480,0.0,0.0,7.708261228338448,1001.5046174598368,0.0
1182540,0.0,0.0,7.708261228338448,999.9815832061612,0.0
1182600,0.0,0.0,7.708261228338448,999.420920974993,0.0
1182660,0.0,0.0,7.708261228338448,998.8446512730501,0.0
1182720,0.0,0.0,7.708261228338448,999.7525432418752,0.0
1182780,0.0,0.0,7.708261228338448,1001.7553104143312,0.0
1182840,0.0,0.0,7.708261228338448,999.9662790093374,0.0
1182900,0.0,0.0,7.708261228338448,1000.087819137434,0.0
1182960,0.0,0.0,7.708261228338448,997.9616835497525,0.0
1183020,0.0,0.0,7.708261228338448,999.5841669332518,0.0
1183080,0.0,0.0,7.708261228338448,1000.3438713425344,0.0
1183140,0.0,0.0,7.708261228338448,1000.1564521061069,0.0
1183200,0.0,0.0,7.708261228338448,1000.3054186636431,0.0
1183260,0.0,0.0,7.708261228338448,997.8260431183938,0.0
1183320,0.0,0.0,7.708261228338448,999.252140863559,0.0
1183380,0.0,0.0,7.708261228338448,1000.8681306127638,0.0
1183440,0.0,0.0,7.708261228338448,1000.3882235222202,0.0
1183500,0.0,0.0,7.708261228338448,1000.8502520923352,0.0
1183560,0.0,0.0,7.708261228338448,998.9416729090384,0.0
1183620,0.0,0.0,7.708261228338448,998.935840874893,0.0
1183680,0.0,0.0,7.708261228338448,1000.063819932634,0.0
1183740,0.0,0.0,7.708261228338448,1000.5973400380099,0.0
1183800,0.0,0.0,7.708261228338448,999.9143473282473,0.0
1183860,0.0,0.0,7.708261228338448,999.9038080814659,0.0
1183920,0.0,0.0,7.708261228338448,998.1910448395312,0.0
1183980,0.0,0.0,7.708261228338448,999.4858404520807,0.0
1184040,0.0,0.0,7.708261228338448,1001.1656834478927,0.0
1184100,0.0,0.0,7.708261228338448,1000.1343501276472,0.0
1184160,0.0,0.0,7.708261228338448,1000.0206562301348,0.0
1184220,0.0,0.0,7.708261228338448,998.4475113711442,0.0
1184280,0.0,0.0,7.708261228338448,999.6315274281834,0.0
1184340,0.0,0.0,7.708261228338448,999.9717007429529,0.0
1184400,0.0,0.0,7.708261228338448,1001.6486764437851,0.0
1184460,0.0,0.0,7.708261228338448,999.9097856096902,0.0
1184520,0.0,0.0,7.708261228338448,999.5040875461883,0.0
1184580,0.0,0.0,7.708261228338448,998.9040382653022,0.0
1184640,0.0,0.0,7.708261228338448,999.7681486476748,0.0
1184700,0.0,0.0,7.708261228338448,1000.6072174391722,0.0
1184760,0.0,0.0,7.708261228338448,1000.644101423664,0.0
1184820,0.0,0.0,7.708261228338448,998.3063835578724,0.0
1184880,0.0,0.0,7.708261228338448,999.1168728617573,0.0
1184940,0.0,0.0,7.708261228338448,999.8286361413383,0.0
1185000,0.0,0.0,7.708261228338448,1000.2635183064912,0.0
1185060,0.0,0.0,7.708261228338448,1001.3613751991695,0.0
1185120,0.0,0.0,7.708261228338448,999.6002443241356,0.0
1185180,0.0,0.0,7.708261228338448,998.9724449297862,0.0
1185240,0.0,0.0,7.708261228338448,999.6988358991877,0.0
1185300,0.0,0.0,7.708261228338448,1000.1146086761057,0.0
1185360,0.0,0.0,7.708261228338448,1001.0966429754271,0.0
1185420,0.0,0.0,7.708261228338448,998.8655076099728,0.0
1185480,0.0,0.0,7.708261228338448,999.0407135099558,0.0
1185540,0.0,0.0,7.708261228338448,998.9304398831426,0.0
1185600,0.0,0.0,7.708261228338448,1000.0912694169016,0.0
1185660,0.0,0.0,7.708261228338448,1000.5386731112507,0.0
1185720,0.0,0.0,7.708261228338448,999.7473788468475,0.0
1185780,0.0,0.0,7.708261228338448,999.9469684167215,0.0
1185840,0.0,0.0,7.708261228338448,998.18971890417,0.0
1185900,0.0,0.0,7.708261228338448,999.5184776644578,0.0
1185960,0.0,0.0,7.708261228338448,1001.2859055825521,0.0
1186020,0.0,0.0,7.708261228338448,1000.3290267442125,0.0
1186080,0.0,0.0,7.708261228338448,1000.2647446495693,0.0
1186140,0.0,0.0,7.708261228338448,998.6318363359212,0.0
1186200,0.0,0.0,7.708261228338448,999.1915907553506,0.0
1186260,0.0,0.0,7.708261228338448,1000.4361686942495,0.0
1186320,0.0,0.0,7.708261228338448,1000.7383390550699,0.0
1186380,0.0,0.0,7.708261228338448,999.3743900300785,0.0
1186440,0.0,0.0,7.708261228338448,999.4972055815651,0.0
1186500,0.0,0.0,7.708261228338448,998.7296620544118,0.0
1186560,0.0,0.0,7.708261228338448,1000.4569423567609,0.0
1186620,0.0,0.0,7.708261228338448,1000.4550231714531,0.0
1186680,0.0,0.0,7.708261228338448,1000.9560386574369,0.0
1186740,0.0,0.0,7.708261228338448,997.8734753817931,0.0
1186800,0.0,0.0,7.708261228338448,999.1798655493287,0.0
1186860,0.0,0.0,7.708261228338448,999.9831248126299,0.0
1186920,0.0,0.0,7.708261228338448,1000.2069095216827,0.0
1186980,0.0,0.0,7.708261228338448,1001.4574417617229,0.0
1187040,0.0,0.0,7.708261228338448,999.5590896923317,0.0
1187100,0.0,0.0,7.708261228338448,999.017140444672,0.0
1187160,0.0,0.0,7.708261228338448,999.3506325581654,0.0
1187220,0.0,0.0,7.708261228338448,1000.1588148953572,0.0
1187280,0.0,0.0,7.708261228338448,1000.4717352212025,0.0
1187340,0.0,0.0,7.708261228338448,1000.4238322998881,0.0
1187400,0.0,0.0,7.708261228338448,997.9312780033415,0.0
1187460,0.0,0.0,7.708261228338448,999.1121970816696,0.0
1187520,0.0,0.0,7.708261228338448,1000.4748483501711,0.0
1187580,0.0,0.0,7.708261228338448,1000.4264820399368,0.0
1187640,0.0,0.0,7.708261228338448,1001.0181388468594,0.0
1187700,0.0,0.0,7.708261228338448,997.4850867723922,0.0
1187760,0.0,0.0,7.708261228338448,998.9698662775747,0.0
1187820,0.0,0.0,7.708261228338448,999.638389693156,0.0
1187880,0.0,0.0,7.708261228338448,1001.3751404281361,0.0
1187940,0.0,0.0,7.708261228338448,1000.3208490737013,0.0
1188000,0.0,0.0,7.708261228338448,1000.2531974642126,0.0
1188060,0.0,0.0,7.708261228338448,998.6366798783282,0.0
1188120,0.0,0.0,7.708261228338448,999.2206292482581,0.0
1188180,0.0,0.0,7.708261228338448,1000.4312855700919,0.0
1188240,0.0,0.0,7.708261228338448,1000.7069214981154,0.0
1188300,0.0,0.0,7.708261228338448,999.1647805412589,0.0
1188360,0.0,0.0,7.708261228338448,999.5577366798559,0.0
1188420,0.0,0.0,7.708261228338448,998.7960407213023,0.0
1188480,0.0,0.0,7.708261228338448,999.8461803233947,0.0
1188540,0.0,0.0,7.708261228338448,1001.4817297743209,0.0
1188600,0.0,0.0,7.708261228338448,1000.1206237428823,0.0
1188660,0.0,0.0,7.708261228338448,999.6623768247047,0.0
1188720,0.0,0.0,7.708261228338448,998.707635978551,0.0
1188780,0.0,0.0,7.708261228338448,999.5693391095286,0.0
1188840,0.0,0.0,7.708261228338448,1000.6389830798586,0.0
1188900,0.0,0.0,7.708261228338448,1000.7245183391705,0.0
1188960,0.0,0.0,7.708261228338448,998.9029431108845,0.0
1189020,0.0,0.0,7.708261228338448,998.2416025978982,0.0
1189080,0.0,0.0,7.708261228338448,999.2828370206361,0.0
1189140,0.0,0.0,7.708261228338448,1001.5409796626076,0.0
1189200,0.0,0.0,7.708261228338448,1000.2144853625285,0.0
1189260,0.0,0.0,7.708261228338448,1000.4691382103579,0.0
1189320,0.0,0.0,7.708261228338448,997.7181757617794,0.0
1189380,0.0,0.0,7.708261228338448,999.1823993037084,0.0
1189440,0.0,0.0,7.708261228338448,1000.5676988657427,0.0
1189500,0.0,0.0,7.708261228338448,1000.3687613616329,0.0
1189560,0.0,0.0,7.708261228338448,1001.0832843959262,0.0
1189620,0.0,0.0,7.708261228338448,999.1385158325011,0.0
1189680,0.0,0.0,7.708261228338448,998.8881500128164,0.0
1189740,0.0,0.0,7.708261228338448,999.8397093612342,0.0
1189800,0.0,0.0,7.708261228338448,1000.4813758535151,0.0
1189860,0.0,0.0,7.708261228338448,1000.1422893118323,0.0
1189920,0.0,0.0,7.708261228338448,1000.0913596744176,0.0
1189980,0.0,0.0,7.708261228338448,998.0175628319693,0.0
1190040,0.0,0.0,7.708261228338448,999.3310729582115,0.0
1190100,0.0,0.0,7.708261228338448,1000.9787759995266,0.0
1190160,0.0,0.0,7.708261228338448,1000.3915206733075,0.0
1190220,0.0,0.0,7.708261228338448,1000.170984205543,0.0
1190280,0.0,0.0,7.708261228338448,998.5656234387667,0.0
1190340,0.0,0.0,7.708261228338448,999.2242818653463,0.0
1190400,0.0,0.0,7.708261228338448,999.8272769925337,0.0
1190460,0.0,0.0,7.708261228338448,1001.6479742154189,0.0
1190520,0.0,0.0,7.708261228338448,1000.0518519298453,0.0
1190580,0.0,0.0,7.708261228338448,999.7700038663965,0.0
1190640,0.0,0.0,7.708261228338448,998.7507204419621,0.0
1190700,0.0,0.0,7.708261228338448,999.5800072140805,0.0
1190760,0.0,0.0,7.708261228338448,1000.6021956648876,0.0
1190820,0.0,0.0,7.708261228338448,1000.6994908262197,0.0
1190880,0.0,0.0,7.708261228338448,998.5779857569926,0.0
1190940,0.0,0.0,7.708261228338448,999.220096380577,0.0
1191000,0.0,0.0,7.708261228338448,999.4923597437615,0.0
1191060,0.0,0.0,7.708261228338448,1000.1490700202088,0.0
1191120,0.0,0.0,7.708261228338448,1001.4483233674055,0.0
1191180,0.0,0.0,7.708261228338448,999.7909527707739,0.0
1191240,0.0,0.0,7.708261228338448,999.1480358915371,0.0
1191300,0.0,0.0,7.708261228338448,999.0578523342748,0.0
1191360,0.0,0.0,7.708261228338448,999.9770193464946,0.0
1191420,0.0,0.0,7.708261228338448,1001.6317855720544,0.0
1191480,0.0,0.0,7.708261228338448,999.7758161527984,0.0
1191540,0.0,0.0,7.708261228338448,999.8231340922971,0.0
1191600,0.0,0.0,7.708261228338448,998.3739654631722,0.0
1191660,0.0,0.0,7.708261228338448,999.817668626874,0.0
1191720,0.0,0.0,7.708261228338448,1000.5069879132021,0.0
1191780,0.0,0.0,7.708261228338448,999.94643926211,0.0
1191840,0.0,0.0,7.708261228338448,1000.1363869082461,0.0
1191900,0.0,0.0,7.708261228338448,997.9701269935928,0.0
1191960,0.0,0.0,7.708261228338448,999.3688001111357,0.0
1192020,0.0,0.0,7.708261228338448,1001.1008195667573,0.0
1192080,0.0,0.0,7.708261228338448,1000.3803628288055,0.0
1192140,0.0,0.0,7.708261228338448,1000.56690889324,0.0
1192200,0.0,0.0,7.708261228338448,998.7570999716764,0.0
1192260,0.0,0.0,7.708261228338448,999.038810427217,0.0
1192320,0.0,0.0,7.708261228338448,1000.2658056289998,0.0
1192380,0.0,0.0,7.708261228338448,1000.6871316035532,0.0
1192440,0.0,0.0,7.708261228338448,999.663732186689,0.0
1192500,0.0,0.0,7.708261228338448,999.6994669376904,0.0
1192560,0.0,0.0,7.708261228338448,998.4339566697682,0.0
1192620,0.0,0.0,7.708261228338448,1000.2127126017248,0.0
1192680,0.0,0.0,7.708261228338448,1000.3584740983263,0.0
1192740,0.0,0.0,7.708261228338448,1001.2708096455389,0.0
1192800,0.0,0.0,7.708261228338448,998.1490134100885,0.0
1192860,0.0,0.0,7.708261228338448,999.2957390062727,0.0
1192920,0.0,0.0,7.708261228338448,999.6075121144816,0.0
1192980,0.0,0.0,7.708261228338448,1000.0954872083693,0.0
1193040,0.0,0.0,7.708261228338448,1001.5535990266781,0.0
1193100,0.0,0.0,7.708261228338448,999.7500093928631,0.0
1193160,0.0,0.0,7.708261228338448,999.1993985408326,0.0
1193220,0.0,0.0,7.708261228338448,999.1178986456363,0.0
1193280,0.0,0.0,7.708261228338448,999.974644484341,0.0
1193340,0.0,0.0,7.708261228338448,1000.568442462867,0.0
1193400,0.0,0.0,7.708261228338448,1000.5478185679572,0.0
1193460,0.0,0.0,7.708261228338448,998.0725702383558,0.0
1193520,0.0,0.0,7.708261228338448,999.0741857582896,0.0
1193580,0.0,0.0,7.708261228338448,1000.1687617377431,0.0
1193640,0.0,0.0,7.708261228338448,1000.3661758217675,0.0
1193700,0.0,0.0,7.708261228338448,1001.2040556834125,0.0
1193760,0.0,0.0,7.708261228338448,997.7487239734069,0.0
1193820,0.0,0.0,7.708261228338448,999.0178832585244,0.0
1193880,0.0,0.0,7.708261228338448,999.375226222831,0.0
1193940,0.0,0.0,7.708261228338448,1001.3685401181773,0.0
1194000,0.0,0.0,7.708261228338448,1000.3633703993083,0.0
1194060,0.0,0.0,7.708261228338448,1000.5552999468574,0.0
1194120,0.0,0.0,7.708261228338448,998.7363589160649,0.0
1194180,0.0,0.0,7.708261228338448,999.0918863922457,0.0
1194240,0.0,0.0,7.708261228338448,1000.2870361335155,0.0
1194300,0.0,0.0,7.708261228338448,1000.6593436570219,0.0
1194360,0.0,0.0,7.708261228338448,999.4543903226944,0.0
1194420,0.0,0.0,7.708261228338448,999.7347633647947,0.0
1194480,0.0,0.0,7.708261228338448,998.4910484040303,0.0
1194540,0.0,0.0,7.708261228338448,999.6902216836813,0.0
1194600,0.0,0.0,7.708261228338448,1001.4109219193858,0.0
1194660,0.0,0.0,7.708261228338448,1000.2405607415747,0.0
1194720,0.0,0.0,7.708261228338448,999.9394763437956,0.0
1194780,0.0,0.0,7.708261228338448,998.6244623134361,0.0
1194840,0.0,0.0,7.708261228338448,999.3799539507046,0.0
1194900,0.0,0.0,7.708261228338448,1000.5668073651794,0.0
1194960,0.0,0.0,7.708261228338448,1000.7521790786323,0.0
1195020,0.0,0.0,7.708261228338448,999.2793683407613,0.0
1195080,0.0,0.0,7.708261228338448,998.1902103967665,0.0
1195140,0.0,0.0,7.708261228338448,999.1707857834944,0.0
1195200,0.0,0.0,7.708261228338448,1001.319234935601,0.0
1195260,0.0,0.0,7.708261228338448,1000.3372558695323,0.0
1195320,0.0,0.0,7.708261228338448,1000.5847142010635,0.0
1195380,0.0,0.0,7.708261228338448,997.7909664066943,0.0
1195440,0.0,0.0,7.708261228338448,999.158933814446,0.0
1195500,0.0,0.0,7.708261228338448,1000.2688574694702,0.0
1195560,0.0,0.0,7.708261228338448,1000.319514334111,0.0
1195620,0.0,0.0,7.708261228338448,1001.2681905793709,0.0
1195680,0.0,0.0,7.708261228338448,999.3326465102291,0.0
1195740,0.0,0.0,7.708261228338448,998.9023130979431,0.0
1195800,0.0,0.0,7.708261228338448,999.6127032514835,0.0
1195860,0.0,0.0,7.708261228338448,1000.3473714253986,0.0
1195920,0.0,0.0,7.708261228338448,1000.3262430398444,0.0
1195980,0.0,0.0,7.708261228338448,1000.2545816493011,0.0
1196040,0.0,0.0,7.708261228338448,997.933108942466,0.0
1196100,0.0,0.0,7.708261228338448,999.2058247092439,0.0
1196160,0.0,0.0,7.708261228338448,1000.757091558627,0.0
1196220,0.0,0.0,7.708261228338448,1000.592682488237,0.0
1196280,0.0,0.0,7.708261228338448,1000.293073198152,0.0
1196340,0.0,0.0,7.708261228338448,998.770050811108,0.0
1196400,0.0,0.0,7.708261228338448,998.8318126845076,0.0
1196460,0.0,0.0,7.708261228338448,999.6858798833774,0.0
1196520,0.0,0.0,7.708261228338448,1001.5903509459602,0.0
1196580,0.0,0.0,7.708261228338448,1000.1637725991455,0.0
1196640,0.0,0.0,7.708261228338448,1000.0374320592211,0.0
1196700,0.0,0.0,7.708261228338448,998.6602679921646,0.0
1196760,0.0,0.0,7.708261228338448,999.4065384594048,0.0
1196820,0.0,0.0,7.708261228338448,1000.5531694042136,0.0
1196880,0.0,0.0,7.708261228338448,1000.7228039727329,0.0
1196940,0.0,0.0,7.708261228338448,998.860512469117,0.0
1197000,0.0,0.0,7.708261228338448,999.352476796507,0.0
1197060,0.0,0.0,7.708261228338448,999.1672103870538,0.0
1197120,0.0,0.0,7.708261228338448,1000.0208871911849,0.0
1197180,0.0,0.0,7.708261228338448,1001.4827534996327,0.0
1197240,0.0,0.0,7.708261228338448,999.9587685878854,0.0
1197300,0.0,0.0,7.708261228338448,999.3604386525892,0.0
1197360,0.0,0.0,7.708261228338448,998.8697985780248,0.0
1197420,0.0,0.0,7.708261228338448,999.7910494476449,0.0
1197480,0.0,0.0,7.708261228338448,1001.7149642409101,0.0
1197540,0.0,0.0,7.708261228338448,999.9569630704983,0.0
1197600,0.0,0.0,7.708261228338448,1000.0339206756905,0.0
1197660,0.0,0.0,7.708261228338448,998.0225083068427,0.0
1197720,0.0,0.0,7.708261228338448,999.6159391001705,0.0
1197780,0.0,0.0,7.708261228338448,1000.3760371336244,0.0
1197840,0.0,0.0,7.708261228338448,1000.1530101509345,0.0
1197900,0.0,0.0,7.708261228338448,1000.2790342231727,0.0
1197960,0.0,0.0,7.708261228338448,997.8539060008144,0.0
1198020,0.0,0.0,7.708261228338448,999.258466925746,0.0
1198080,0.0,0.0,7.708261228338448,1000.8848265676329,0.0
1198140,0.0,0.0,7.708261228338448,1000.3986789313651,0.0
1198200,0.0,0.0,7.708261228338448,1000.8055936626857,0.0
1198260,0.0,0.0,7.708261228338448,998.9192500038818,0.0
1198320,0.0,0.0,7.708261228338448,998.9383432969249,0.0
1198380,0.0,0.0,7.708261228338448,1000.0845541119476,0.0
1198440,0.0,0.0,7.708261228338448,1000.6138790873023,0.0
1198500,0.0,0.0,7.708261228338448,999.9092316531525,0.0
1198560,0.0,0.0,7.708261228338448,999.8759217962452,0.0
1198620,0.0,0.0,7.708261228338448,998.2153930767381,0.0
1198680,0.0,0.0,7.708261228338448,999.9562559382173,0.0
1198740,0.0,0.0,7.708261228338448,1000.2536692238094,0.0
1198800,0.0,0.0,7.708261228338448,1001.5022900857484,0.0
1198860,0.0,0.0,7.708261228338448,998.4370365430125,0.0
1198920,0.0,0.0,7.708261228338448,999.4244123515394,0.0
1198980,0.0,0.0,7.708261228338448,999.2605286657996,0.0
1199040,0.0,0.0,7.708261228338448,999.9814058975516,0.0
1199100,0.0,0.0,7.708261228338448,1001.5859527286382,0.0
1199160,0.0,0.0,7.708261228338448,999.9080177309022,0.0
1199220,0.0,0.0,7.708261228338448,999.406018893162,0.0
1199280,0.0,0.0,7.708261228338448,998.928449781561,0.0
1199340,0.0,0.0,7.708261228338448,999.8013957071552,0.0
1199400,0.0,0.0,7.708261228338448,1000.6157915659738,0.0
1199460,0.0,0.0,7.708261228338448,1000.6340710346215,0.0
1199520,0.0,0.0,7.708261228338448,998.2986468757574,0.0
1199580,0.0,0.0,7.708261228338448,999.0920065664662,0.0
1199640,0.0,0.0,7.708261228338448,999.8659900389172,0.0
1199700,0.0,0.0,7.708261228338448,1000.2868384475615,0.0
1199760,0.0,0.0,7.708261228338448,1001.330151689258,0.0
1199820,0.0,0.0,7.708261228338448,999.5770621553648,0.0
1199880,0.0,0.0,7.708261228338448,998.9429497922446,0.0
1199940,0.0,0.0,7.708261228338448,999.7231292720465,0.0
1200000,0.0,0.0,7.708261228338448,1000.1378053544436,0.0
1200060,0.0,0.0,7.708261228338448,1001.0973673964487,0.0
1200120,0.0,0.0,7.708261228338448,998.8704353636612,0.0
1200180,0.0,0.0,7.708261228338448,999.0178042216048,0.0
1200240,0.0,0.0,7.708261228338448,998.9340883375015,0.0
1200300,0.0,0.0,7.708261228338448,1000.1112329050119,0.0
1200360,0.0,0.0,7.708261228338448,1000.5558681424699,0.0
1200420,0.0,0.0,7.708261228338448,999.7452740454587,0.0
1200480,0.0,0.0,7.708261228338448,999.92087297664,0.0
1200540,0.0,0.0,7.708261228338448,998.2157245475024,0.0
1200600,0.0,0.0,7.708261228338448,999.5306165879961,0.0
1200660,0.0,0.0,7.708261228338448,1001.2851370031382,0.0
1200720,0.0,0.0,7.708261228338448,1000.3312263530686,0.0
1200780,0.0,0.0,7.708261228338448,1000.2319525880389,0.0
1200840,0.0,0.0,7.708261228338448,998.6254054709743,0.0
1200900,0.0,0.0,7.708261228338448,999.2009268531754,0.0
1200960,0.0,0.0,7.708261228338448,1000.4467023984537,0.0
1201020,0.0,0.0,7.708261228338448,1000.744261139138,0.0
1201080,0.0,0.0,7.708261228338448,999.6834142340371,0.0
1201140,0.0,0.0,7.708261228338448,998.2594440780412,0.0
1201200,0.0,0.0,7.708261228338448,999.0948830686119,0.0
1201260,0.0,0.0,7.708261228338448,1001.0363857582346,0.0
1201320,0.0,0.0,7.708261228338448,1000.4129115743035,0.0
1201380,0.0,0.0,7.708261228338448,1000.6753488570104,0.0
1201440,0.0,0.0,7.708261228338448,997.995668136463,0.0
1201500,0.0,0.0,7.708261228338448,999.1971020535899,0.0
1201560,0.0,0.0,7.708261228338448,999.9383999169298,0.0
1201620,0.0,0.0,7.708261228338448,1000.2396551080935,0.0
1201680,0.0,0.0,7.708261228338448,1001.41797742254,0.0
1201740,0.0,0.0,7.708261228338448,999.5302375258922,0.0
1201800,0.0,0.0,7.708261228338448,998.9928995717099,0.0
1201860,0.0,0.0,7.708261228338448,999.3764759706777,0.0
1201920,0.0,0.0,7.708261228338448,1000.1878918053284,0.0
1201980,0.0,0.0,7.708261228338448,1000.4713240613141,0.0
1202040,0.0,0.0,7.708261228338448,1000.4037029114205,0.0
1202100,0.0,0.0,7.708261228338448,997.9431842428634,0.0
1202160,0.0,0.0,7.708261228338448,999.1116629653391,0.0
1202220,0.0,0.0,7.708261228338448,1000.49486828331,0.0
1202280,0.0,0.0,7.708261228338448,1000.4399087639276,0.0
1202340,0.0,0.0,7.708261228338448,1000.984315679294,0.0
1202400,0.0,0.0,7.708261228338448,997.5147293560191,0.0
1202460,0.0,0.0,7.708261228338448,998.9603562223554,0.0
1202520,0.0,0.0,7.708261228338448,999.6634145783632,0.0
1202580,0.0,0.0,7.708261228338448,1001.3612596356684,0.0
1202640,0.0,0.0,7.708261228338448,1000.3235415712277,0.0
1202700,0.0,0.0,7.708261228338448,1000.2128021020267,0.0
1202760,0.0,0.0,7.708261228338448,998.6306175891646,0.0
1202820,0.0,0.0,7.708261228338448,999.2299379005952,0.0
1202880,0.0,0.0,7.708261228338448,1000.4430833466334,0.0
1202940,0.0,0.0,7.708261228338448,1000.7140260104156,0.0
1203000,0.0,0.0,7.708261228338448,999.1672048235158,0.0
1203060,0.0,0.0,7.708261228338448,999.5351695493438,0.0
1203120,0.0,0.0,7.708261228338448,998.8141394507848,0.0
1203180,0.0,0.0,7.708261228338448,999.8583168533055,0.0
1203240,0.0,0.0,7.708261228338448,1001.4724904334898,0.0
1203300,0.0,0.0,7.708261228338448,1000.118726080825,0.0
1203360,0.0,0.0,7.708261228338448,999.6394636298794,0.0
1203420,0.0,0.0,7.708261228338448,998.7100922114354,0.0
1203480,0.0,0.0,7.708261228338448,999.5794032212642,0.0
1203540,0.0,0.0,7.708261228338448,1001.7444436164484,0.0
1203600,0.0,0.0,7.708261228338448,1000.1186126758552,0.0
1203660,0.0,0.0,7.708261228338448,1000.270258458374,0.0
1203720,0.0,0.0,7.708261228338448,997.6874895624971,0.0
1203780,0.0,0.0,7.708261228338448,999.3875891979553,0.0
1203840,0.0,0.0,7.708261228338448,1000.2047798790927,0.0
1203900,0.0,0.0,7.708261228338448,1000.328848688615,0.0
1203960,0.0,0.0,7.708261228338448,1000.4188833037609,0.0
1204020,0.0,0.0,7.708261228338448,997.8168325652398,0.0
1204080,0.0,0.0,7.708261228338448,999.1743927727113,0.0
1204140,0.0,0.0,7.708261228338448,1000.6118161410935,0.0
1204200,0.0,0.0,7.708261228338448,1000.3810140644574,0.0
1204260,0.0,0.0,7.708261228338448,1001.0444128746644,0.0
1204320,0.0,0.0,7.708261228338448,999.1163439093997,0.0
1204380,0.0,0.0,7.708261228338448,998.8812303257839,0.0
1204440,0.0,0.0,7.708261228338448,999.8619875970937,0.0
1204500,0.0,0.0,7.708261228338448,1000.5011674006608,0.0
1204560,0.0,0.0,7.708261228338448,1000.1387155700664,0.0
1204620,0.0,0.0,7.708261228338448,1000.0660255886052,0.0
1204680,0.0,0.0,7.708261228338448,998.039048289292,0.0
1204740,0.0,0.0,7.708261228338448,999.6557573167902,0.0
1204800,0.0,0.0,7.708261228338448,1000.1171154871296,0.0
1204860,0.0,0.0,7.708261228338448,1001.7072983163671,0.0
1204920,0.0,0.0,7.708261228338448,998.7447323056884,0.0
1204980,0.0,0.0,7.708261228338448,999.5905510126709,0.0
1205040,0.0,0.0,7.708261228338448,998.8932707360558,0.0
1205100,0.0,0.0,7.708261228338448,999.8436519663151,0.0
1205160,0.0,0.0,7.708261228338448,1001.5748400039554,0.0
1205220,0.0,0.0,7.708261228338448,1000.0549344913542,0.0
1205280,0.0,0.0,7.708261228338448,999.6661190662071,0.0
1205340,0.0,0.0,7.708261228338448,998.7659572382206,0.0
1205400,0.0,0.0,7.708261228338448,999.6122063365782,0.0
1205460,0.0,0.0,7.708261228338448,1000.6156909780866,0.0
1205520,0.0,0.0,7.708261228338448,1000.6966764984031,0.0
1205580,0.0,0.0,7.708261228338448,998.566225797988,0.0
1205640,0.0,0.0,7.708261228338448,999.1842226145515,0.0
1205700,0.0,0.0,7.708261228338448,999.5334245802,0.0
1205760,0.0,0.0,7.708261228338448,1000.1747868904998,0.0
1205820,0.0,0.0,7.708261228338448,1001.4231770411851,0.0
1205880,0.0,0.0,7.708261228338448,999.7707999891056,0.0
1205940,0.0,0.0,7.708261228338448,999.1102457384234,0.0
1206000,0.0,0.0,7.708261228338448,999.2964749963405,0.0
1206060,0.0,0.0,7.708261228338448,999.9948380596192,0.0
1206120,0.0,0.0,7.708261228338448,1001.0560605425999,0.0
1206180,0.0,0.0,7.708261228338448,999.2878587228199,0.0
1206240,0.0,0.0,7.708261228338448,999.1964268533447,0.0
1206300,0.0,0.0,7.708261228338448,998.8664584454428,0.0
1206360,0.0,0.0,7.708261228338448,999.9090508024655,0.0
1206420,0.0,0.0,7.708261228338448,1000.4514282250244,0.0
1206480,0.0,0.0,7.708261228338448,999.9836350413359,0.0
1206540,0.0,0.0,7.708261228338448,1000.089749120681,0.0
1206600,0.0,0.0,7.708261228338448,998.0106536534907,0.0
1206660,0.0,0.0,7.708261228338448,999.390507495538,0.0
1206720,0.0,0.0,7.708261228338448,1001.1154812382147,0.0
1206780,0.0,0.0,7.708261228338448,1000.3866849819091,0.0
1206840,0.0,0.0,7.708261228338448,1000.4994520692222,0.0
1206900,0.0,0.0,7.708261228338448,998.726785558625,0.0
1206960,0.0,0.0,7.708261228338448,999.055607608026,0.0
1207020,0.0,0.0,7.708261228338448,1000.2948824333935,0.0
1207080,0.0,0.0,7.708261228338448,1000.7044311983092,0.0
1207140,0.0,0.0,7.708261228338448,1000.072187937511,0.0
1207200,0.0,0.0,7.708261228338448,998.444868145461,0.0
1207260,0.0,0.0,7.708261228338448,999.0679626856689,0.0
1207320,0.0,0.0,7.708261228338448,1000.711178291462,0.0
1207380,0.0,0.0,7.708261228338448,1000.4415494298806,0.0
1207440,0.0,0.0,7.708261228338448,1000.7326333979458,0.0
1207500,0.0,0.0,7.708261228338448,998.2577283805156,0.0
1207560,0.0,0.0,7.708261228338448,999.2918611438565,0.0
1207620,0.0,0.0,7.708261228338448,999.6061831213016,0.0
1207680,0.0,0.0,7.708261228338448,1000.1414251339781,0.0
1207740,0.0,0.0,7.708261228338448,1001.5143022734397,0.0
1207800,0.0,0.0,7.708261228338448,999.7114188622925,0.0
1207860,0.0,0.0,7.708261228338448,999.1466414750918,0.0
1207920,0.0,0.0,7.708261228338448,999.1570901276943,0.0
1207980,0.0,0.0,7.708261228338448,1000.0201456605404,0.0
1208040,0.0,0.0,7.708261228338448,1000.5696104446857,0.0
1208100,0.0,0.0,7.708261228338448,1000.5242743987659,0.0
1208160,0.0,0.0,7.708261228338448,998.0680410019345,0.0
1208220,0.0,0.0,7.708261228338448,999.0629288283567,0.0
1208280,0.0,0.0,7.708261228338448,1000.2121702590772,0.0
1208340,0.0,0.0,7.708261228338448,1000.3902458033863,0.0
1208400,0.0,0.0,7.708261228338448,1001.1586239109273,0.0
1208460,0.0,0.0,7.708261228338448,997.7684648393416,0.0
1208520,0.0,0.0,7.708261228338448,998.9899230231105,0.0
1208580,0.0,0.0,7.708261228338448,999.416900223358,0.0
1208640,0.0,0.0,7.708261228338448,1001.3537740674589,0.0
1208700,0.0,0.0,7.708261228338448,1000.3701845075574,0.0
1208760,0.0,0.0,7.708261228338448,1000.4918049638197,0.0
1208820,0.0,0.0,7.708261228338448,998.7120580922582,0.0
1208880,0.0,0.0,7.708261228338448,999.1027893025913,0.0
1208940,0.0,0.0,7.708261228338448,1000.3100438608891,0.0
1209000,0.0,0.0,7.708261228338448,1000.6746600215516,0.0
1209060,0.0,0.0,7.708261228338448,999.4461560471862,0.0
1209120,0.0,0.0,7.708261228338448,999.6996775963435,0.0
1209180,0.0,0.0,7.708261228338448,998.5260836244107,0.0
1209240,0.0,0.0,7.708261228338448,999.7102137024208,0.0
1209300,0.0,0.0,7.708261228338448,1001.4064432705052,0.0
1209360,0.0,0.0,7.708261228338448,1000.2369097348846,0.0
1209420,0.0,0.0,7.708261228338448,999.8980476531001,0.0
1209480,0.0,0.0,7.708261228338448,998.625692202395,0.0
1209540,0.0,0.0,7.708261228338448,999.3978475150759,0.0
1209600,0.0,0.0,7.708261228338448,1001.6900967986805,0.0
1209660,0.0,0.0,7.708261228338448,1000.236355974364,0.0
1209720,0.0,0.0,7.708261228338448,1000.4628995299894,0.0
1209780,0.0,0.0,7.708261228338448,997.4652811247113,0.0
1209840,0.0,0.0,7.708261228338448,999.1893273460363,0.0
1209900,0.0,0.0,7.708261228338448,1000.0390201754087,0.0
1209960,0.0,0.0,7.708261228338448,1000.4515675152671,0.0
1210020,0.0,0.0,7.708261228338448,1000.5212493484402,0.0
1210080,0.0,0.0,7.708261228338448,997.8969127889522,0.0
1210140,0.0,0.0,7.708261228338448,999.1371184949769,0.0
1210200,0.0,0.0,7.708261228338448,1000.3290985096666,0.0
1210260,0.0,0.0,7.708261228338448,1000.339690280956,0.0
1210320,0.0,0.0,7.708261228338448,1001.2222517994885,0.0
1210380,0.0,0.0,7.708261228338448,999.3031408948792,0.0
1210440,0.0,0.0,7.708261228338448,998.8827014088455,0.0
1210500,0.0,0.0,7.708261228338448,999.6440668329225,0.0
1210560,0.0,0.0,7.708261228338448,1000.3763692216638,0.0
1210620,0.0,0.0,7.708261228338448,1000.3205670997617,0.0
1210680,0.0,0.0,7.708261228338448,1000.2254618908156,0.0
1210740,0.0,0.0,7.708261228338448,997.9541428948854,0.0
1210800,0.0,0.0,7.708261228338448,999.2153184895667,0.0
1210860,0.0,0.0,7.708261228338448,1000.7754249775077,0.0
1210920,0.0,0.0,7.708261228338448,1000.5909556200113,0.0
1210980,0.0,0.0,7.708261228338448,1000.2800758720801,0.0
1211040,0.0,0.0,7.708261228338448,998.7446886658197,0.0
1211100,0.0,0.0,7.708261228338448,998.8612302215025,0.0
1211160,0.0,0.0,7.708261228338448,999.7047371059256,0.0
1211220,0.0,0.0,7.708261228338448,1001.5798969386367,0.0
1211280,0.0,0.0,7.708261228338448,1000.1610477722261,0.0
1211340,0.0,0.0,7.708261228338448,999.9943448774025,0.0
1211400,0.0,0.0,7.708261228338448,998.6621426808681,0.0
1211460,0.0,0.0,7.708261228338448,999.4228140864268,0.0
1211520,0.0,0.0,7.708261228338448,1000.5643126134055,0.0
1211580,0.0,0.0,7.708261228338448,1000.7258354348774,0.0
1211640,0.0,0.0,7.708261228338448,998.8607343920464,0.0
1211700,0.0,0.0,7.708261228338448,999.3277688486673,0.0
1211760,0.0,0.0,7.708261228338448,999.1879138749647,0.0
1211820,0.0,0.0,7.708261228338448,1000.0359330654833,0.0
1211880,0.0,0.0,7.708261228338448,1001.4696133545989,0.0
1211940,0.0,0.0,7.708261228338448,999.9524486405288,0.0
1212000,0.0,0.0,7.708261228338448,999.3361212723495,0.0
1212060,0.0,0.0,7.708261228338448,998.8555496796376,0.0
1212120,0.0,0.0,7.708261228338448,999.82828947038,0.0
1212180,0.0,0.0,7.708261228338448,1000.9719093508321,0.0
1212240,0.0,0.0,7.708261228338448,999.7067984102503,0.0
1212300,0.0,0.0,7.708261228338448,999.3872766577855,0.0
1212360,0.0,0.0,7.708261228338448,998.8575597862422,0.0
1212420,0.0,0.0,7.708261228338448,999.6818958446942,0.0
1212480,0.0,0.0,7.708261228338448,1000.3189356374166,0.0
1212540,0.0,0.0,7.708261228338448,1000.1914058073323,0.0
1212600,0.0,0.0,7.708261228338448,1000.2517504325883,0.0
1212660,0.0,0.0,7.708261228338448,997.871650143912,0.0
1212720,0.0,0.0,7.708261228338448,999.2675405277358,0.0
1212780,0.0,0.0,7.708261228338448,1000.8981016716392,0.0
1212840,0.0,0.0,7.708261228338448,1000.4093853801961,0.0
1212900,0.0,0.0,7.708261228338448,1000.7578031349747,0.0
1212960,0.0,0.0,7.708261228338448,998.8952453179589,0.0
1213020,0.0,0.0,7.708261228338448,998.9426398388513,0.0
1213080,0.0,0.0,7.708261228338448,1000.1067109785807,0.0
1213140,0.0,0.0,7.708261228338448,1000.6308542262993,0.0
1213200,0.0,0.0,7.708261228338448,999.9023488456772,0.0
1213260,0.0,0.0,7.708261228338448,999.8458486204944,0.0
1213320,0.0,0.0,7.708261228338448,998.241401598141,0.0
1213380,0.0,0.0,7.708261228338448,999.9735222975728,0.0
1213440,0.0,0.0,7.708261228338448,1000.273498720968,0.0
1213500,0.0,0.0,7.708261228338448,1001.4620023402817,0.0
1213560,0.0,0.0,7.708261228338448,998.4481645993195,0.0
1213620,0.0,0.0,7.708261228338448,999.3959572428311,0.0
1213680,0.0,0.0,7.708261228338448,999.2855033832797,0.0
1213740,0.0,0.0,7.708261228338448,999.9974981319587,0.0
1213800,0.0,0.0,7.708261228338448,1001.5699154019711,0.0
1213860,0.0,0.0,7.708261228338448,999.9008805798161,0.0
1213920,0.0,0.0,7.708261228338448,999.3781532771335,0.0
1213980,0.0,0.0,7.708261228338448,998.9368645826958,0.0
1214040,0.0,0.0,7.708261228338448,999.8164842983064,0.0
1214100,0.0,0.0,7.708261228338448,1000.6218919542355,0.0
1214160,0.0,0.0,7.708261228338448,1000.6299363615979,0.0
1214220,0.0,0.0,7.708261228338448,998.3054299831134,0.0
1214280,0.0,0.0,7.708261228338448,999.0791360330194,0.0
1214340,0.0,0.0,7.708261228338448,999.87572992225,0.0
1214400,0.0,0.0,7.708261228338448,1000.2976439021062,0.0
1214460,0.0,0.0,7.708261228338448,1001.3146685574095,0.0
1214520,0.0,0.0,7.708261228338448,998.092020440266,0.0
1214580,0.0,0.0,7.708261228338448,999.1121564526239,0.0
1214640,0.0,0.0,7.708261228338448,999.1514095363298,0.0
1214700,0.0,0.0,7.708261228338448,1001.2767575970013,0.0
1214760,0.0,0.0,7.708261228338448,1000.3841237919394,0.0
1214820,0.0,0.0,7.708261228338448,1000.7920970937358,0.0
1214880,0.0,0.0,7.708261228338448,998.8828237698003,0.0
1214940,0.0,0.0,7.708261228338448,999.0018350981791,0.0
1215000,0.0,0.0,7.708261228338448,1000.1264878162934,0.0
1215060,0.0,0.0,7.708261228338448,1000.5964476288946,0.0
1215120,0.0,0.0,7.708261228338448,999.7241846694895,0.0
1215180,0.0,0.0,7.708261228338448,999.8884783417262,0.0
1215240,0.0,0.0,7.708261228338448,998.2499343730875,0.0
1215300,0.0,0.0,7.708261228338448,999.5479711841082,0.0
1215360,0.0,0.0,7.708261228338448,1001.28759491038,0.0
1215420,0.0,0.0,7.708261228338448,1000.3317151013905,0.0
1215480,0.0,0.0,7.708261228338448,1000.1897568374155,0.0
1215540,0.0,0.0,7.708261228338448,998.6178651823541,0.0
1215600,0.0,0.0,7.708261228338448,999.2152743012888,0.0
1215660,0.0,0.0,7.708261228338448,1001.5703245578765,0.0
1215720,0.0,0.0,7.708261228338448,1000.3212794712873,0.0
1215780,0.0,0.0,7.708261228338448,1000.6555795828427,0.0
1215840,0.0,0.0,7.708261228338448,997.31677287416,0.0
1215900,0.0,0.0,7.708261228338448,998.9974232980697,0.0
1215960,0.0,0.0,7.708261228338448,999.8470972385021,0.0
1216020,0.0,0.0,7.708261228338448,1000.5302884049448,0.0
1216080,0.0,0.0,7.708261228338448,1000.6059772167594,0.0
1216140,0.0,0.0,7.708261228338448,998.0986741675797,0.0
1216200,0.0,0.0,7.708261228338448,999.1568904696962,0.0
1216260,0.0,0.0,7.708261228338448,1000.003751563314,0.0
1216320,0.0,0.0,7.708261228338448,1000.2641999888142,0.0
1216380,0.0,0.0,7.708261228338448,1001.3771967737852,0.0
1216440,0.0,0.0,7.708261228338448,999.5027105481823,0.0
1216500,0.0,0.0,7.708261228338448,998.9584847867413,0.0
1216560,0.0,0.0,7.708261228338448,999.4072695081617,0.0
1216620,0.0,0.0,7.708261228338448,1000.2195325680923,0.0
1216680,0.0,0.0,7.708261228338448,1000.4693064973542,0.0
1216740,0.0,0.0,7.708261228338448,1000.3796213587133,0.0
1216800,0.0,0.0,7.708261228338448,997.9552833041488,0.0
1216860,0.0,0.0,7.708261228338448,999.1133960718756,0.0
1216920,0.0,0.0,7.708261228338448,1000.5188085586707,0.0
1216980,0.0,0.0,7.708261228338448,1000.7412201221863,0.0
1217040,0.0,0.0,7.708261228338448,1000.3856677636632,0.0
1217100,0.0,0.0,7.708261228338448,999.0126564012005,0.0
1217160,0.0,0.0,7.708261228338448,998.4836945494293,0.0
1217220,0.0,0.0,7.708261228338448,999.5597063736192,0.0
1217280,0.0,0.0,7.708261228338448,1001.4757596309483,0.0
1217340,0.0,0.0,7.708261228338448,1000.2507524452483,0.0
1217400,0.0,0.0,7.708261228338448,1000.2719628012951,0.0
1217460,0.0,0.0,7.708261228338448,998.6380992477232,0.0
1217520,0.0,0.0,7.708261228338448,999.2565476068845,0.0
1217580,0.0,0.0,7.708261228338448,1000.4722938551043,0.0
1217640,0.0,0.0,7.708261228338448,1000.7222495025461,0.0
1217700,0.0,0.0,7.708261228338448,999.15055466345,0.0
1217760,0.0,0.0,7.708261228338448,999.4850497741363,0.0
1217820,0.0,0.0,7.708261228338448,998.8682924063552,0.0
1217880,0.0,0.0,7.708261228338448,999.8903248706121,0.0
1217940,0.0,0.0,7.708261228338448,1001.4605771586165,0.0
1218000,0.0,0.0,7.708261228338448,1000.1040282069379,0.0
1218060,0.0,0.0,7.708261228338448,999.582001639236,0.0
1218120,0.0,0.0,7.708261228338448,998.4464165835441,0.0
1218180,0.0,0.0,7.708261228338448,999.6604821318716,0.0
1218240,0.0,0.0,7.708261228338448,1000.8542501171,0.0
1218300,0.0,0.0,7.708261228338448,1000.09374121527,0.0
1218360,0.0,0.0,7.708261228338448,999.5674535899343,0.0
1218420,0.0,0.0,7.708261228338448,998.9154156374469,0.0
1218480,0.0,0.0,7.708261228338448,999.4561666340104,0.0
1218540,0.0,0.0,7.708261228338448,1000.1747229006489,0.0
1218600,0.0,0.0,7.708261228338448,1000.355030048023,0.0
1218660,0.0,0.0,7.708261228338448,1000.3887053961163,0.0
1218720,0.0,0.0,7.708261228338448,997.827243417602,0.0
1218780,0.0,0.0,7.708261228338448,999.1781738458302,0.0
1218840,0.0,0.0,7.708261228338448,1000.6493954286273,0.0
1218900,0.0,0.0,7.708261228338448,1000.4013945639919,0.0
1218960,0.0,0.0,7.708261228338448,1000.9787538199487,0.0
1219020,0.0,0.0,7.708261228338448,999.0765332234632,0.0
1219080,0.0,0.0,7.708261228338448,998.877329824846,0.0
1219140,0.0,0.0,7.708261228338448,999.9012379069912,0.0
1219200,0.0,0.0,7.708261228338448,1000.5323576242404,0.0
1219260,0.0,0.0,7.708261228338448,1000.123788883028,0.0
1219320,0.0,0.0,7.708261228338448,1000.0234601168797,0.0
1219380,0.0,0.0,7.708261228338448,998.0737194660754,0.0
1219440,0.0,0.0,7.708261228338448,999.6927019866118,0.0
1219500,0.0,0.0,7.708261228338448,1000.1495052158168,0.0
1219560,0.0,0.0,7.708261228338448,1001.6504916856318,0.0
1219620,0.0,0.0,7.708261228338448,998.7450279682374,0.0
1219680,0.0,0.0,7.708261228338448,999.5461289210726,0.0
1219740,0.0,0.0,7.708261228338448,998.9418415235725,0.0
1219800,0.0,0.0,7.708261228338448,999.8689921895281,0.0
1219860,0.0,0.0,7.708261228338448,1001.5608105456704,0.0
1219920,0.0,0.0,7.708261228338448,1000.0440645009415,0.0
1219980,0.0,0.0,7.708261228338448,999.6164907316829,0.0
1220040,0.0,0.0,7.708261228338448,998.778374475067,0.0
1220100,0.0,0.0,7.708261228338448,999.6372514000069,0.0
1220160,0.0,0.0,7.708261228338448,1000.6258439600097,0.0
1220220,0.0,0.0,7.708261228338448,1000.6935340472779,0.0
1220280,0.0,0.0,7.708261228338448,998.5625031947019,0.0
1220340,0.0,0.0,7.708261228338448,999.157067355575,0.0
1220400,0.0,0.0,7.708261228338448,999.5609495012976,0.0
1220460,0.0,0.0,7.708261228338448,1000.1939028762325,0.0
1220520,0.0,0.0,7.708261228338448,1001.403071652234,0.0
1220580,0.0,0.0,7.708261228338448,998.4367773729471,0.0
1220640,0.0,0.0,7.708261228338448,999.2483420187182,0.0
1220700,0.0,0.0,7.708261228338448,998.9321782374784,0.0
1220760,0.0,0.0,7.708261228338448,1001.1317784662649,0.0
1220820,0.0,0.0,7.708261228338448,1000.3715135486658,0.0
1220880,0.0,0.0,7.708261228338448,1001.0299839764083,0.0
1220940,0.0,0.0,7.708261228338448,999.0536418319004,0.0
1221000,0.0,0.0,7.708261228338448,998.9515672273366,0.0
1221060,0.0,0.0,7.708261228338448,999.9350734274607,0.0
1221120,0.0,0.0,7.708261228338448,1000.5020689037858,0.0
1221180,0.0,0.0,7.708261228338448,999.9600842590739,0.0
1221240,0.0,0.0,7.708261228338448,1000.0509761380611,0.0
1221300,0.0,0.0,7.708261228338448,998.0516326199725,0.0
1221360,0.0,0.0,7.708261228338448,999.4091215412802,0.0
1221420,0.0,0.0,7.708261228338448,1001.1290496749452,0.0
1221480,0.0,0.0,7.708261228338448,1000.3910213337454,0.0
1221540,0.0,0.0,7.708261228338448,1000.4451487887143,0.0
1221600,0.0,0.0,7.708261228338448,998.7031286564896,0.0
1221660,0.0,0.0,7.708261228338448,999.0700404676659,0.0
1221720,0.0,0.0,7.708261228338448,1000.317886825345,0.0
1221780,0.0,0.0,7.708261228338448,1000.7179039472376,0.0
1221840,0.0,0.0,7.708261228338448,1000.037137733707,0.0
1221900,0.0,0.0,7.708261228338448,998.4348351571663,0.0
1221960,0.0,0.0,7.708261228338448,999.0564536135603,0.0
1222020,0.0,0.0,7.708261228338448,1000.7196615543842,0.0
1222080,0.0,0.0,7.708261228338448,1000.4552036290276,0.0
1222140,0.0,0.0,7.708261228338448,1000.7298874244652,0.0
1222200,0.0,0.0,7.708261228338448,998.2617451240841,0.0
1222260,0.0,0.0,7.708261228338448,999.264367080704,0.0
1222320,0.0,0.0,7.708261228338448,999.6328937821719,0.0
1222380,0.0,0.0,7.708261228338448,1000.1592712640464,0.0
1222440,0.0,0.0,7.708261228338448,1001.4917304482755,0.0
1222500,0.0,0.0,7.708261228338448,999.6991331685584,0.0
1222560,0.0,0.0,7.708261228338448,999.1204849087914,0.0
1222620,0.0,0.0,7.708261228338448,999.1704652772944,0.0
1222680,0.0,0.0,7.708261228338448,1000.0384295669081,0.0
1222740,0.0,0.0,7.708261228338448,1000.5738560596931,0.0
1222800,0.0,0.0,7.708261228338448,1000.5146886819558,0.0
1222860,0.0,0.0,7.708261228338448,998.0751748513632,0.0
1222920,0.0,0.0,7.708261228338448,999.0562089035479,0.0
1222980,0.0,0.0,7.708261228338448,1000.2230724121814,0.0
1223040,0.0,0.0,7.708261228338448,1000.8341783539189,0.0
1223100,0.0,0.0,7.708261228338448,1000.4653218562213,0.0
1223160,0.0,0.0,7.708261228338448,999.3398816136,0.0
1223220,0.0,0.0,7.708261228338448,998.1341690277897,0.0
1223280,0.0,0.0,7.708261228338448,999.4209738343733,0.0
1223340,0.0,0.0,7.708261228338448,1001.3167464628,0.0
1223400,0.0,0.0,7.708261228338448,1000.3106735311665,0.0
1223460,0.0,0.0,7.708261228338448,1000.5533317099452,0.0
1223520,0.0,0.0,7.708261228338448,998.71163427724,0.0
1223580,0.0,0.0,7.708261228338448,999.109345462428,0.0
1223640,0.0,0.0,7.708261228338448,1000.3359258174435,0.0
1223700,0.0,0.0,7.708261228338448,1000.6854123925184,0.0
1223760,0.0,0.0,7.708261228338448,999.4392156276734,0.0
1223820,0.0,0.0,7.708261228338448,999.6621322013821,0.0
1223880,0.0,0.0,7.708261228338448,998.5632345422647,0.0
1223940,0.0,0.0,7.708261228338448,999.7319770860217,0.0
1224000,0.0,0.0,7.708261228338448,1001.4017141916441,0.0
1224060,0.0,0.0,7.708261228338448,1000.2320633095645,0.0
1224120,0.0,0.0,7.708261228338448,999.8544219790541,0.0
1224180,0.0,0.0,7.708261228338448,998.6279991814071,0.0
1224240,0.0,0.0,7.708261228338448,999.41770395795,0.0
1224300,0.0,0.0,7.708261228338448,1001.6678358928895,0.0
1224360,0.0,0.0,7.708261228338448,1000.2397748834569,0.0
1224420,0.0,0.0,7.708261228338448,1000.432653226002,0.0
1224480,0.0,0.0,7.708261228338448,997.5037625878625,0.0
1224540,0.0,0.0,7.708261228338448,999.2042948515476,0.0
1224600,0.0,0.0,7.708261228338448,1000.0606877927776,0.0
1224660,0.0,0.0,7.708261228338448,1000.4570335545288,0.0
1224720,0.0,0.0,7.708261228338448,1000.5121828495594,0.0
1224780,0.0,0.0,7.708261228338448,997.9085673557097,0.0
1224840,0.0,0.0,7.708261228338448,999.1288489627874,0.0
1224900,0.0,0.0,7.708261228338448,1000.3408239085932,0.0
1224960,0.0,0.0,7.708261228338448,1000.3513587634915,0.0
1225020,0.0,0.0,7.708261228338448,1001.198682471035,0.0
1225080,0.0,0.0,7.708261228338448,999.2919220330715,0.0
1225140,0.0,0.0,7.708261228338448,998.8733154754509,0.0
1225200,0.0,0.0,7.708261228338448,999.6540667235436,0.0
1225260,0.0,0.0,7.708261228338448,1000.3888368489672,0.0
1225320,0.0,0.0,7.708261228338448,1000.3241487461912,0.0
1225380,0.0,0.0,7.708261228338448,1000.2131663875422,0.0
1225440,0.0,0.0,7.708261228338448,997.9657958523471,0.0
1225500,0.0,0.0,7.708261228338448,999.3697280891128,0.0
1225560,0.0,0.0,7.708261228338448,999.9911238943355,0.0
1225620,0.0,0.0,7.708261228338448,1001.8095249737664,0.0
1225680,0.0,0.0,7.708261228338448,999.0554201870966,0.0
1225740,0.0,0.0,7.708261228338448,999.7336962949998,0.0
1225800,0.0,0.0,7.708261228338448,998.5807833405181,0.0
1225860,0.0,0.0,7.708261228338448,999.7176532051094,0.0
1225920,0.0,0.0,7.708261228338448,1001.5029963642879,0.0
1225980,0.0,0.0,7.708261228338448,1000.1721995128933,0.0
1226040,0.0,0.0,7.708261228338448,999.9069060038056,0.0
1226100,0.0,0.0,7.708261228338448,998.6639708261497,0.0
1226160,0.0,0.0,7.708261228338448,999.4444072264378,0.0
1226220,0.0,0.0,7.708261228338448,1000.5779678006435,0.0
1226280,0.0,0.0,7.708261228338448,1000.729048401036,0.0
1226340,0.0,0.0,7.708261228338448,998.8540719757286,0.0
1226400,0.0,0.0,7.708261228338448,999.2970116926105,0.0
1226460,0.0,0.0,7.708261228338448,999.2176422043327,0.0
1226520,0.0,0.0,7.708261228338448,1000.0559909165605,0.0
1226580,0.0,0.0,7.708261228338448,1001.4541886497088,0.0
1226640,0.0,0.0,7.708261228338448,998.8084671229717,0.0
1226700,0.0,0.0,7.708261228338448,999.4178795078112,0.0
1226760,0.0,0.0,7.708261228338448,998.7248973007893,0.0
1226820,0.0,0.0,7.708261228338448,1000.9165576750103,0.0
1226880,0.0,0.0,7.708261228338448,1000.3247985550079,0.0
1226940,0.0,0.0,7.708261228338448,1001.2595598166512,0.0
1227000,0.0,0.0,7.708261228338448,999.2475425737081,0.0
1227060,0.0,0.0,7.708261228338448,998.9567745826607,0.0
1227120,0.0,0.0,7.708261228338448,999.7106224731494,0.0
1227180,0.0,0.0,7.708261228338448,1000.3731652147432,0.0
1227240,0.0,0.0,7.708261228338448,1000.1733062583714,0.0
1227300,0.0,0.0,7.708261228338448,1000.2170652267107,0.0
1227360,0.0,0.0,7.708261228338448,997.9066160964256,0.0
1227420,0.0,0.0,7.708261228338448,999.2792609871947,0.0
1227480,0.0,0.0,7.708261228338448,1000.9194951170075,0.0
1227540,0.0,0.0,7.708261228338448,1000.4192185503573,0.0
1227600,0.0,0.0,7.708261228338448,1000.7053568336745,0.0
1227660,0.0,0.0,7.708261228338448,998.8680991912801,0.0
1227720,0.0,0.0,7.708261228338448,998.9494832742927,0.0
1227780,0.0,0.0,7.708261228338448,1000.1325070025218,0.0
1227840,0.0,0.0,7.708261228338448,1000.6492903231132,0.0
1227900,0.0,0.0,7.708261228338448,1000.4156996669643,0.0
1227960,0.0,0.0,7.708261228338448,998.6545271617108,0.0
1228020,0.0,0.0,7.708261228338448,999.0780825091481,0.0
1228080,0.0,0.0,7.708261228338448,1000.3556026400368,0.0
1228140,0.0,0.0,7.708261228338448,1000.4387431628643,0.0
1228200,0.0,0.0,7.708261228338448,1000.7627853897275,0.0
1228260,0.0,0.0,7.708261228338448,998.5496891492501,0.0
1228320,0.0,0.0,7.708261228338448,999.391672548407,0.0
1228380,0.0,0.0,7.708261228338448,999.2919248550247,0.0
1228440,0.0,0.0,7.708261228338448,1000.0395890329496,0.0
1228500,0.0,0.0,7.708261228338448,1001.5480561359507,0.0
1228560,0.0,0.0,7.708261228338448,999.8716201569578,0.0
1228620,0.0,0.0,7.708261228338448,999.3242406844416,0.0
1228680,0.0,0.0,7.708261228338448,998.9659796178983,0.0
1228740,0.0,0.0,7.708261228338448,999.8564668217931,0.0
1228800,0.0,0.0,7.708261228338448,1000.6287911699764,0.0
1228860,0.0,0.0,7.708261228338448,1000.6155255341479,0.0
1228920,0.0,0.0,7.708261228338448,998.2959371378557,0.0
1228980,0.0,0.0,7.708261228338448,999.056644974176,0.0
1229040,0.0,0.0,7.708261228338448,999.9170573259754,0.0
1229100,0.0,0.0,7.708261228338448,1000.8651644616759,0.0
1229160,0.0,0.0,7.708261228338448,1000.5131932325925,0.0
1229220,0.0,0.0,7.708261228338448,999.6824383935939,0.0
1229280,0.0,0.0,7.708261228338448,997.8596947705486,0.0
1229340,0.0,0.0,7.708261228338448,999.3070171101829,0.0
1229400,0.0,0.0,7.708261228338448,1001.1133951608231,0.0
1229460,0.0,0.0,7.708261228338448,1000.3393187446187,0.0
1229520,0.0,0.0,7.708261228338448,1000.8038128189895,0.0
1229580,0.0,0.0,7.708261228338448,998.862489428848,0.0
1229640,0.0,0.0,7.708261228338448,998.9992064241846,0.0
1229700,0.0,0.0,7.708261228338448,1000.1711067225775,0.0
1229760,0.0,0.0,7.708261228338448,1000.6214064992774,0.0
1229820,0.0,0.0,7.708261228338448,999.704712240771,0.0
1229880,0.0,0.0,7.708261228338448,999.8351308785815,0.0
1229940,0.0,0.0,7.708261228338448,998.3050604391221,0.0
1230000,0.0,0.0,7.708261228338448,999.5789270527725,0.0
1230060,0.0,0.0,7.708261228338448,1001.2949505894051,0.0
1230120,0.0,0.0,7.708261228338448,1000.3280500242021,0.0
1230180,0.0,0.0,7.708261228338448,1000.1213855728273,0.0
1230240,0.0,0.0,7.708261228338448,998.608065508202,0.0
1230300,0.0,0.0,7.708261228338448,999.2429797311393,0.0
1230360,0.0,0.0,7.708261228338448,1001.5529862482637,0.0
1230420,0.0,0.0,7.708261228338448,1000.3270750061429,0.0
1230480,0.0,0.0,7.708261228338448,1000.6140549750284,0.0
1230540,0.0,0.0,7.708261228338448,997.3693048668165,0.0
1230600,0.0,0.0,7.708261228338448,999.0197206288871,0.0
1230660,0.0,0.0,7.708261228338448,999.8821087641829,0.0
1230720,0.0,0.0,7.708261228338448,1000.537278575959,0.0
1230780,0.0,0.0,7.708261228338448,1000.5966823521454,0.0
1230840,0.0,0.0,7.708261228338448,998.0992467489174,0.0
1230900,0.0,0.0,7.708261228338448,999.1357585848156,0.0
1230960,0.0,0.0,7.708261228338448,1000.0352895935843,0.0
1231020,0.0,0.0,7.708261228338448,1000.2842349451279,0.0
1231080,0.0,0.0,7.708261228338448,1001.3447810151224,0.0
1231140,0.0,0.0,7.708261228338448,999.4822695975639,0.0
1231200,0.0,0.0,7.708261228338448,998.935152804566,0.0
1231260,0.0,0.0,7.708261228338448,999.4285464125795,0.0
1231320,0.0,0.0,7.708261228338448,1000.2427649793998,0.0
1231380,0.0,0.0,7.708261228338448,1000.4696227796369,0.0
1231440,0.0,0.0,7.708261228338448,1000.3613715731096,0.0
1231500,0.0,0.0,7.708261228338448,997.9667524502456,0.0
1231560,0.0,0.0,7.708261228338448,999.0777366252514,0.0
1231620,0.0,0.0,7.708261228338448,999.8432308226594,0.0
1231680,0.0,0.0,7.708261228338448,1001.8806675384542,0.0
1231740,0.0,0.0,7.708261228338448,999.3376623759733,0.0
1231800,0.0,0.0,7.708261228338448,999.8994625949495,0.0
1231860,0.0,0.0,7.708261228338448,998.2865575249209,0.0
1231920,0.0,0.0,7.708261228338448,999.5831961054292,0.0
1231980,0.0,0.0,7.708261228338448,1001.3958596707209,0.0
1232040,0.0,0.0,7.708261228338448,1000.2638207397177,0.0
1232100,0.0,0.0,7.708261228338448,1000.1714262605642,0.0
1232160,0.0,0.0,7.708261228338448,998.6278508372318,0.0
1232220,0.0,0.0,7.708261228338448,999.2817423966853,0.0
1232280,0.0,0.0,7.708261228338448,1000.4940539998845,0.0
1232340,0.0,0.0,7.708261228338448,1000.7320468299143,0.0
1232400,0.0,0.0,7.708261228338448,999.135413966305,0.0
1232460,0.0,0.0,7.708261228338448,999.4437833569935,0.0
1232520,0.0,0.0,7.708261228338448,998.9108869170802,0.0
1232580,0.0,0.0,7.708261228338448,999.9168934737766,0.0
1232640,0.0,0.0,7.708261228338448,1001.4488996592169,0.0
1232700,0.0,0.0,7.708261228338448,1000.0920271280249,0.0
1232760,0.0,0.0,7.708261228338448,999.5356642551211,0.0
1232820,0.0,0.0,7.708261228338448,998.4875612291802,0.0
1232880,0.0,0.0,7.708261228338448,999.6833654705482,0.0
1232940,0.0,0.0,7.708261228338448,1000.8707014059491,0.0
1233000,0.0,0.0,7.708261228338448,1000.0837299316623,0.0
1233060,0.0,0.0,7.708261228338448,999.5475667066366,0.0
1233120,0.0,0.0,7.708261228338448,998.8939034641893,0.0
1233180,0.0,0.0,7.708261228338448,999.4769304833459,0.0
1233240,0.0,0.0,7.708261228338448,1000.1974036897365,0.0
1233300,0.0,0.0,7.708261228338448,1000.3568176057152,0.0
1233360,0.0,0.0,7.708261228338448,1000.3722798844797,0.0
1233420,0.0,0.0,7.708261228338448,997.8442163046215,0.0
1233480,0.0,0.0,7.708261228338448,999.1776939334734,0.0
1233540,0.0,0.0,7.708261228338448,1000.660513022584,0.0
1233600,0.0,0.0,7.708261228338448,1000.4117278231638,0.0
1233660,0.0,0.0,7.708261228338448,1000.9498253704687,0.0
1233720,0.0,0.0,7.708261228338448,999.0620856302003,0.0
1233780,0.0,0.0,7.708261228338448,998.8740557446725,0.0
1233840,0.0,0.0,7.708261228338448,999.9140330568737,0.0
1233900,0.0,0.0,7.708261228338448,1000.5451614467859,0.0
1233960,0.0,0.0,7.708261228338448,1000.7780593452843,0.0
1234020,0.0,0.0,7.708261228338448,998.8959346396801,0.0
1234080,0.0,0.0,7.708261228338448,999.174469568333,0.0
1234140,0.0,0.0,7.708261228338448,999.9491518399502,0.0
1234200,0.0,0.0,7.708261228338448,1000.3734716961814,0.0
1234260,0.0,0.0,7.708261228338448,1000.7624249387846,0.0
1234320,0.0,0.0,7.708261228338448,998.8555224577682,0.0
1234380,0.0,0.0,7.708261228338448,999.546981356953,0.0
1234440,0.0,0.0,7.708261228338448,998.9470029839441,0.0
1234500,0.0,0.0,7.708261228338448,999.9004754260769,0.0
1234560,0.0,0.0,7.708261228338448,1001.5559704881197,0.0
1234620,0.0,0.0,7.708261228338448,1000.0275285068468,0.0
1234680,0.0,0.0,7.708261228338448,999.573355615609,0.0
1234740,0.0,0.0,7.708261228338448,998.7928340982963,0.0
1234800,0.0,0.0,7.708261228338448,999.6646956940409,0.0
1234860,0.0,0.0,7.708261228338448,1000.635884068861,0.0
1234920,0.0,0.0,7.708261228338448,1000.6889559558064,0.0
1234980,0.0,0.0,7.708261228338448,998.5572390593466,0.0
1235040,0.0,0.0,7.708261228338448,999.1291738193851,0.0
1235100,0.0,0.0,7.708261228338448,999.5906166613252,0.0
1235160,0.0,0.0,7.708261228338448,1000.2141567230088,0.0
1235220,0.0,0.0,7.708261228338448,1001.3817887662631,0.0
1235280,0.0,0.0,7.708261228338448,998.451630944254,0.0
1235340,0.0,0.0,7.708261228338448,999.2219846193103,0.0
1235400,0.0,0.0,7.708261228338448,998.9528019033281,0.0
1235460,0.0,0.0,7.708261228338448,1001.1242448255912,0.0
1235520,0.0,0.0,7.708261228338448,1000.3833762951336,0.0
1235580,0.0,0.0,7.708261228338448,1000.9927668121643,0.0
1235640,0.0,0.0,7.708261228338448,999.0375590260924,0.0
1235700,0.0,0.0,7.708261228338448,998.9463814038021,0.0
1235760,0.0,0.0,7.708261228338448,999.94951807586,0.0
1235820,0.0,0.0,7.708261228338448,1000.5164932248226,0.0
1235880,0.0,0.0,7.708261228338448,999.9622306402242,0.0
1235940,0.0,0.0,7.708261228338448,1000.0324958784216,0.0
1236000,0.0,0.0,7.708261228338448,998.0692827039004,0.0
1236060,0.0,0.0,7.708261228338448,999.4156757733816,0.0
1236120,0.0,0.0,7.708261228338448,1001.1286128587569,0.0
1236180,0.0,0.0,7.708261228338448,1000.3956378063913,0.0
1236240,0.0,0.0,7.708261228338448,1000.4214561206873,0.0
1236300,0.0,0.0,7.708261228338448,998.6946441957597,0.0
1236360,0.0,0.0,7.708261228338448,999.073837666315,0.0
1236420,0.0,0.0,7.708261228338448,1001.3676184409245,0.0
1236480,0.0,0.0,7.708261228338448,1000.3762595567009,0.0
1236540,0.0,0.0,7.708261228338448,1000.792998555642,0.0
1236600,0.0,0.0,7.708261228338448,997.3334218346264,0.0
1236660,0.0,0.0,7.708261228338448,998.8544450274262,0.0
1236720,0.0,0.0,7.708261228338448,999.6766840497112,0.0
1236780,0.0,0.0,7.708261228338448,1000.5681658131094,0.0
1236840,0.0,0.0,7.708261228338448,1000.6593274744198,0.0
1236900,0.0,0.0,7.708261228338448,998.3606845621167,0.0
1236960,0.0,0.0,7.708261228338448,999.2203074060286,0.0
1237020,0.0,0.0,7.708261228338448,999.6849944272781,0.0
1237080,0.0,0.0,7.708261228338448,1000.180017656905,0.0
1237140,0.0,0.0,7.708261228338448,1001.464280508015,0.0
1237200,0.0,0.0,7.708261228338448,999.68213900416,0.0
1237260,0.0,0.0,7.708261228338448,999.0864387432432,0.0
1237320,0.0,0.0,7.708261228338448,999.1902713119346,0.0
1237380,0.0,0.0,7.708261228338448,1000.0626473187491,0.0
1237440,0.0,0.0,7.708261228338448,1000.5768755495197,0.0
1237500,0.0,0.0,7.708261228338448,1000.5008783362837,0.0
1237560,0.0,0.0,7.708261228338448,998.0794938996858,0.0
1237620,0.0,0.0,7.708261228338448,998.7805198482115,0.0
1237680,0.0,0.0,7.708261228338448,999.6775456188093,0.0
1237740,0.0,0.0,7.708261228338448,1001.9017744554856,0.0
1237800,0.0,0.0,7.708261228338448,999.6086218573114,0.0
1237860,0.0,0.0,7.708261228338448,1000.0793821723373,0.0
1237920,0.0,0.0,7.708261228338448,998.0149216587849,0.0
1237980,0.0,0.0,7.708261228338448,999.4465087490704,0.0
1238040,0.0,0.0,7.708261228338448,1001.2362895213755,0.0
1238100,0.0,0.0,7.708261228338448,1000.3292968367051,0.0
1238160,0.0,0.0,7.708261228338448,1000.4568198570724,0.0
1238220,0.0,0.0,7.708261228338448,998.6826845621666,0.0
1238280,0.0,0.0,7.708261228338448,999.128844286007,0.0
1238340,0.0,0.0,7.708261228338448,1000.362027241848,0.0
1238400,0.0,0.0,7.708261228338448,1000.7017819921534,0.0
1238460,0.0,0.0,7.708261228338448,999.4239837673352,0.0
1238520,0.0,0.0,7.708261228338448,999.6202251277305,0.0
1238580,0.0,0.0,7.708261228338448,998.6055779908266,0.0
1238640,0.0,0.0,7.708261228338448,999.7576010157891,0.0
1238700,0.0,0.0,7.708261228338448,1001.3971227770523,0.0
1238760,0.0,0.0,7.708261228338448,1000.2248476058702,0.0
1238820,0.0,0.0,7.708261228338448,999.8052019756716,0.0
1238880,0.0,0.0,7.708261228338448,998.106887426027,0.0
1238940,0.0,0.0,7.708261228338448,999.5080719991973,0.0
1239000,0.0,0.0,7.708261228338448,1000.7202498964567,0.0
1239060,0.0,0.0,7.708261228338448,1000.4387506953086,0.0
1239120,0.0,0.0,7.708261228338448,999.7259328056645,0.0
1239180,0.0,0.0,7.708261228338448,999.0214683508505,0.0
1239240,0.0,0.0,7.708261228338448,999.2485219789309,0.0
1239300,0.0,0.0,7.708261228338448,1000.0354491955,0.0
1239360,0.0,0.0,7.708261228338448,1000.4813013662425,0.0
1239420,0.0,0.0,7.708261228338448,1000.495331870307,0.0
1239480,0.0,0.0,7.708261228338448,997.8979945542999,0.0
1239540,0.0,0.0,7.708261228338448,999.1211318598291,0.0
1239600,0.0,0.0,7.708261228338448,1000.3792326433145,0.0
1239660,0.0,0.0,7.708261228338448,1000.3745805033468,0.0
1239720,0.0,0.0,7.708261228338448,1001.1463628635063,0.0
1239780,0.0,0.0,7.708261228338448,999.2574193089723,0.0
1239840,0.0,0.0,7.708261228338448,998.8579881015824,0.0
1239900,0.0,0.0,7.708261228338448,999.6889821954062,0.0
1239960,0.0,0.0,7.708261228338448,1000.4199905391159,0.0
1240020,0.0,0.0,7.708261228338448,1001.0857735336116,0.0
1240080,0.0,0.0,7.708261228338448,999.1337531590322,0.0
1240140,0.0,0.0,7.708261228338448,999.3157651281973,0.0
1240200,0.0,0.0,7.708261228338448,999.5350526366855,0.0
1240260,0.0,0.0,7.708261228338448,1000.27168699053,0.0
1240320,0.0,0.0,7.708261228338448,1000.7314712163452,0.0
1240380,0.0,0.0,7.708261228338448,999.1538233336148,0.0
1240440,0.0,0.0,7.708261228338448,999.7048230676583,0.0
1240500,0.0,0.0,7.708261228338448,998.6334479154405,0.0
1240560,0.0,0.0,7.708261228338448,999.7595490031067,0.0
1240620,0.0,0.0,7.708261228338448,1001.5106663141777,0.0
1240680,0.0,0.0,7.708261228338448,1000.15430007797,0.0
1240740,0.0,0.0,7.708261228338448,999.8328596789689,0.0
1240800,0.0,0.0,7.708261228338448,998.6759312326644,0.0
1240860,0.0,0.0,7.708261228338448,999.4833596277083,0.0
1240920,0.0,0.0,7.708261228338448,1000.598401418975,0.0
1240980,0.0,0.0,7.708261228338448,1000.7295953552671,0.0
1241040,0.0,0.0,7.708261228338448,998.8331322583169,0.0
1241100,0.0,0.0,7.708261228338448,999.2500805061128,0.0
1241160,0.0,0.0,7.708261228338448,999.2715111430148,0.0
1241220,0.0,0.0,7.708261228338448,1000.0890398317825,0.0
1241280,0.0,0.0,7.708261228338448,1001.4320601922078,0.0
1241340,0.0,0.0,7.708261228338448,998.8086949536835,0.0
1241400,0.0,0.0,7.708261228338448,999.3767800292716,0.0
1241460,0.0,0.0,7.708261228338448,998.7545066580539,0.0
1241520,0.0,0.0,7.708261228338448,1000.9206121688131,0.0
1241580,0.0,0.0,7.708261228338448,1000.345517627669,0.0
1241640,0.0,0.0,7.708261228338448,1001.2065071677057,0.0
1241700,0.0,0.0,7.708261228338448,999.2200038081367,0.0
1241760,0.0,0.0,7.708261228338448,998.9404519232172,0.0
1241820,0.0,0.0,7.708261228338448,999.7383043923917,0.0
1241880,0.0,0.0,7.708261228338448,1000.3991653897431,0.0
1241940,0.0,0.0,7.708261228338448,1000.1693151831959,0.0
1242000,0.0,0.0,7.708261228338448,1000.1904517762969,0.0
1242060,0.0,0.0,7.708261228338448,997.931800632883,0.0
1242120,0.0,0.0,7.708261228338448,999.2881439932127,0.0
1242180,0.0,0.0,7.708261228338448,1000.9313899507521,0.0
1242240,0.0,0.0,7.708261228338448,1000.4272251792381,0.0
1242300,0.0,0.0,7.708261228338448,1000.6661589416609,0.0
1242360,0.0,0.0,7.708261228338448,998.8489319721159,0.0
1242420,0.0,0.0,7.708261228338448,998.9543483437093,0.0
1242480,0.0,0.0,7.708261228338448,1001.1255339500931,0.0
1242540,0.0,0.0,7.708261228338448,1000.3886458570017,0.0
1242600,0.0,0.0,7.708261228338448,1000.919315678149,0.0
1242660,0.0,0.0,7.708261228338448,997.4580413221831,0.0
1242720,0.0,0.0,7.708261228338448,998.7540210226473,0.0
1242780,0.0,0.0,7.708261228338448,999.496404544729,0.0
1242840,0.0,0.0,7.708261228338448,1000.5537635375961,0.0
1242900,0.0,0.0,7.708261228338448,1000.6882029496616,0.0
1242960,0.0,0.0,7.708261228338448,998.6335157924252,0.0
1243020,0.0,0.0,7.708261228338448,999.334718507496,0.0
1243080,0.0,0.0,7.708261228338448,999.3579679773917,0.0
1243140,0.0,0.0,7.708261228338448,1000.0684076340524,0.0
1243200,0.0,0.0,7.708261228338448,1001.521014633613,0.0
1243260,0.0,0.0,7.708261228338448,999.8517120068764,0.0
1243320,0.0,0.0,7.708261228338448,999.2729181699873,0.0
1243380,0.0,0.0,7.708261228338448,998.9898345352244,0.0
1243440,0.0,0.0,7.708261228338448,999.8887490455135,0.0
1243500,0.0,0.0,7.708261228338448,1000.6346885865644,0.0
1243560,0.0,0.0,7.708261228338448,1000.6026934370875,0.0
1243620,0.0,0.0,7.708261228338448,998.2906630845472,0.0
1243680,0.0,0.0,7.708261228338448,999.0396154807485,0.0
1243740,0.0,0.0,7.708261228338448,999.9486348610058,0.0
1243800,0.0,0.0,7.708261228338448,1000.8688874130936,0.0
1243860,0.0,0.0,7.708261228338448,1000.5152326841851,0.0
1243920,0.0,0.0,7.708261228338448,999.6394047766248,0.0
1243980,0.0,0.0,7.708261228338448,997.8951053062227,0.0
1244040,0.0,0.0,7.708261228338448,999.3140294673656,0.0
1244100,0.0,0.0,7.708261228338448,1001.120622749974,0.0
1244160,0.0,0.0,7.708261228338448,1000.3476093913282,0.0
1244220,0.0,0.0,7.708261228338448,1000.7627435586122,0.0
1244280,0.0,0.0,7.708261228338448,998.8444693166664,0.0
1244340,0.0,0.0,7.708261228338448,999.0028348846494,0.0
1244400,0.0,0.0,7.708261228338448,1000.1870714026635,0.0
1244460,0.0,0.0,7.708261228338448,1000.6344317383773,0.0
1244520,0.0,0.0,7.708261228338448,999.703779526275,0.0
1244580,0.0,0.0,7.708261228338448,999.8113163226897,0.0
1244640,0.0,0.0,7.708261228338448,998.3263261172558,0.0
1244700,0.0,0.0,7.708261228338448,999.5905903331221,0.0
1244760,0.0,0.0,7.708261228338448,1001.2923265149024,0.0
1244820,0.0,0.0,7.708261228338448,1000.3294020520576,0.0
1244880,0.0,0.0,7.708261228338448,1000.0937282136539,0.0
1244940,0.0,0.0,7.708261228338448,997.7677565287794,0.0
1245000,0.0,0.0,7.708261228338448,999.3356231467685,0.0
1245060,0.0,0.0,7.708261228338448,1000.5316144854148,0.0
1245120,0.0,0.0,7.708261228338448,1000.7561643392668,0.0
1245180,0.0,0.0,7.708261228338448,999.8944441445886,0.0
1245240,0.0,0.0,7.708261228338448,999.2227060177297,0.0
1245300,0.0,0.0,7.708261228338448,999.030097853331,0.0
1245360,0.0,0.0,7.708261228338448,999.857724969373,0.0
1245420,0.0,0.0,7.708261228338448,1000.5601461386051,0.0
1245480,0.0,0.0,7.708261228338448,1000.5958640072344,0.0
1245540,0.0,0.0,7.708261228338448,998.0770901163554,0.0
1245600,0.0,0.0,7.708261228338448,999.1181746384844,0.0
1245660,0.0,0.0,7.708261228338448,1000.0645869926828,0.0
1245720,0.0,0.0,7.708261228338448,1000.3053391206925,0.0
1245780,0.0,0.0,7.708261228338448,1001.3104016563747,0.0
1245840,0.0,0.0,7.708261228338448,999.4597365615842,0.0
1245900,0.0,0.0,7.708261228338448,998.912577659478,0.0
1245960,0.0,0.0,7.708261228338448,999.4517129719769,0.0
1246020,0.0,0.0,7.708261228338448,1000.2673482923068,0.0
1246080,0.0,0.0,7.708261228338448,1000.4688991853125,0.0
1246140,0.0,0.0,7.708261228338448,1000.3411312548016,0.0
1246200,0.0,0.0,7.708261228338448,997.9783403251249,0.0
1246260,0.0,0.0,7.708261228338448,999.099365787837,0.0
1246320,0.0,0.0,7.708261228338448,999.8633974040017,0.0
1246380,0.0,0.0,7.708261228338448,1001.8482694960622,0.0
1246440,0.0,0.0,7.708261228338448,999.3447507182219,0.0
1246500,0.0,0.0,7.708261228338448,999.8721033359468,0.0
1246560,0.0,0.0,7.708261228338448,998.314495282382,0.0
1246620,0.0,0.0,7.708261228338448,999.5951293987047,0.0
1246680,0.0,0.0,7.708261228338448,1001.3922739167984,0.0
1246740,0.0,0.0,7.708261228338448,1000.2650832077657,0.0
1246800,0.0,0.0,7.708261228338448,1000.1391141934464,0.0
1246860,0.0,0.0,7.708261228338448,998.624809040687,0.0
1246920,0.0,0.0,7.708261228338448,999.2912651670524,0.0
1246980,0.0,0.0,7.708261228338448,1000.503278040457,0.0
1247040,0.0,0.0,7.708261228338448,1000.7367072218674,0.0
1247100,0.0,0.0,7.708261228338448,999.1389055934325,0.0
1247160,0.0,0.0,7.708261228338448,999.4241674839221,0.0
1247220,0.0,0.0,7.708261228338448,998.9245381656583,0.0
1247280,0.0,0.0,7.708261228338448,999.927588346902,0.0
1247340,0.0,0.0,7.708261228338448,1001.4398014210443,0.0
1247400,0.0,0.0,7.708261228338448,999.1854575300468,0.0
1247460,0.0,0.0,7.708261228338448,999.5643639187642,0.0
1247520,0.0,0.0,7.708261228338448,998.5780247444467,0.0
1247580,0.0,0.0,7.708261228338448,1000.643215300707,0.0
1247640,0.0,0.0,7.708261228338448,1000.2693587009406,0.0
1247700,0.0,0.0,7.708261228338448,1001.409442590513,0.0
1247760,0.0,0.0,7.708261228338448,999.4232245964586,0.0
1247820,0.0,0.0,7.708261228338448,999.010015962793,0.0
1247880,0.0,0.0,7.708261228338448,999.4965540194482,0.0
1247940,0.0,0.0,7.708261228338448,1000.2436873737939,0.0
1248000,0.0,0.0,7.708261228338448,1000.3483173149325,0.0
1248060,0.0,0.0,7.708261228338448,1000.3493493849221,0.0
1248120,0.0,0.0,7.708261228338448,997.866512226484,0.0
1248180,0.0,0.0,7.708261228338448,999.1795700113929,0.0
1248240,0.0,0.0,7.708261228338448,1000.6789478425493,0.0
1248300,0.0,0.0,7.708261228338448,1000.4234964220736,0.0
1248360,0.0,0.0,7.708261228338448,1000.912856776901,0.0
1248420,0.0,0.0,7.708261228338448,999.0417894783919,0.0
1248480,0.0,0.0,7.708261228338448,998.8719934982115,0.0
1248540,0.0,0.0,7.708261228338448,1000.8162553847872,0.0
1248600,0.0,0.0,7.708261228338448,1000.3591909344157,0.0
1248660,0.0,0.0,7.708261228338448,1001.0235735079258,0.0
1248720,0.0,0.0,7.708261228338448,997.728429866327,0.0
1248780,0.0,0.0,7.708261228338448,998.7180217182319,0.0
1248840,0.0,0.0,7.708261228338448,999.3111747466172,0.0
1248900,0.0,0.0,7.708261228338448,1000.4876852061865,0.0
1248960,0.0,0.0,7.708261228338448,1000.6873242356476,0.0
1249020,0.0,0.0,7.708261228338448,998.9305184229754,0.0
1249080,0.0,0.0,7.708261228338448,999.4879384338664,0.0
1249140,0.0,0.0,7.708261228338448,999.0120480157698,0.0
1249200,0.0,0.0,7.708261228338448,999.9302602163336,0.0
1249260,0.0,0.0,7.708261228338448,1001.5363564120258,0.0
1249320,0.0,0.0,7.708261228338448,1000.0125083973122,0.0
1249380,0.0,0.0,7.708261228338448,999.5154670193416,0.0
1249440,0.0,0.0,7.708261228338448,998.8105428455124,0.0
1249500,0.0,0.0,7.708261228338448,999.6960482506787,0.0
1249560,0.0,0.0,7.708261228338448,1000.6463093153681,0.0
1249620,0.0,0.0,7.708261228338448,1000.6824313162155,0.0
1249680,0.0,0.0,7.708261228338448,998.5481468020981,0.0
1249740,0.0,0.0,7.708261228338448,999.0992009828593,0.0
1249800,0.0,0.0,7.708261228338448,999.6256014266413,0.0
1249860,0.0,0.0,7.708261228338448,1000.842752515036,0.0
1249920,0.0,0.0,7.708261228338448,1000.5388274434134,0.0
1249980,0.0,0.0,7.708261228338448,999.9996103827141,0.0
1250040,0.0,0.0,7.708261228338448,997.697736708049,0.0
1250100,0.0,0.0,7.708261228338448,999.2198937419338,0.0
1250160,0.0,0.0,7.708261228338448,1000.8760189434932,0.0
1250220,0.0,0.0,7.708261228338448,1000.3489238111787,0.0
1250280,0.0,0.0,7.708261228338448,1000.9979746512336,0.0
1250340,0.0,0.0,7.708261228338448,999.0199381878024,0.0
1250400,0.0,0.0,7.708261228338448,998.9262999779546,0.0
1250460,0.0,0.0,7.708261228338448,999.9918164762609,0.0
1250520,0.0,0.0,7.708261228338448,1000.5432478621123,0.0
1250580,0.0,0.0,7.708261228338448,999.9488156404973,0.0
1250640,0.0,0.0,7.708261228338448,999.9881687560276,0.0
1250700,0.0,0.0,7.708261228338448,998.1116695241469,0.0
1250760,0.0,0.0,7.708261228338448,999.4386807929377,0.0
1250820,0.0,0.0,7.708261228338448,1001.1419655150954,0.0
1250880,0.0,0.0,7.708261228338448,1000.3984911152995,0.0
1250940,0.0,0.0,7.708261228338448,1000.3622504400188,0.0
1251000,0.0,0.0,7.708261228338448,997.5201724504747,0.0
1251060,0.0,0.0,7.708261228338448,999.1896182178257,0.0
1251120,0.0,0.0,7.708261228338448,1000.3252525205558,0.0
1251180,0.0,0.0,7.708261228338448,1001.0093467209416,0.0
1251240,0.0,0.0,7.708261228338448,1000.0368189794052,0.0
1251300,0.0,0.0,7.708261228338448,999.4592374462875,0.0
1251360,0.0,0.0,7.708261228338448,998.8502511820601,0.0
1251420,0.0,0.0,7.708261228338448,999.684801077338,0.0
1251480,0.0,0.0,7.708261228338448,1000.5912043321708,0.0
1251540,0.0,0.0,7.708261228338448,1000.6647235139523,0.0
1251600,0.0,0.0,7.708261228338448,998.3220373604007,0.0
1251660,0.0,0.0,7.708261228338448,999.1767796065187,0.0
1251720,0.0,0.0,7.708261228338448,999.743313858456,0.0
1251780,0.0,0.0,7.708261228338448,1000.2145636390684,0.0
1251840,0.0,0.0,7.708261228338448,1001.4235828706138,0.0
1251900,0.0,0.0,7.708261228338448,999.6489348687024,0.0
1251960,0.0,0.0,7.708261228338448,999.038234381511,0.0
1252020,0.0,0.0,7.708261228338448,999.2269830312139,0.0
1252080,0.0,0.0,7.708261228338448,1000.1030074042068,0.0
1252140,0.0,0.0,7.708261228338448,1000.5763772787797,0.0
1252200,0.0,0.0,7.708261228338448,1000.4756826264993,0.0
1252260,0.0,0.0,7.708261228338448,998.0779093688529,0.0
1252320,0.0,0.0,7.708261228338448,998.8193408155815,0.0
1252380,0.0,0.0,7.708261228338448,999.7078182099932,0.0
1252440,0.0,0.0,7.708261228338448,1001.8651327973055,0.0
1252500,0.0,0.0,7.708261228338448,999.607741035564,0.0
1252560,0.0,0.0,7.708261228338448,1000.0403896830229,0.0
1252620,0.0,0.0,7.708261228338448,998.0596956216557,0.0
1252680,0.0,0.0,7.708261228338448,999.4629293890912,0.0
1252740,0.0,0.0,7.708261228338448,1001.2440515379428,0.0
1252800,0.0,0.0,7.708261228338448,1000.3326444401038,0.0
1252860,0.0,0.0,7.708261228338448,1000.4044591357077,0.0
1252920,0.0,0.0,7.708261228338448,998.6670222751072,0.0
1252980,0.0,0.0,7.708261228338448,999.1424271719696,0.0
1253040,0.0,0.0,7.708261228338448,1000.3808666728279,0.0
1253100,0.0,0.0,7.708261228338448,1000.7128790487402,0.0
1253160,0.0,0.0,7.708261228338448,999.4170486986009,0.0
1253220,0.0,0.0,7.708261228338448,999.588352767407,0.0
1253280,0.0,0.0,7.708261228338448,998.6351742971227,0.0
1253340,0.0,0.0,7.708261228338448,999.7763409231683,0.0
1253400,0.0,0.0,7.708261228338448,1001.3912745699929,0.0
1253460,0.0,0.0,7.708261228338448,999.5297883909906,0.0
1253520,0.0,0.0,7.708261228338448,999.728687679118,0.0
1253580,0.0,0.0,7.708261228338448,998.471579859966,0.0
1253640,0.0,0.0,7.708261228338448,1000.3334524948115,0.0
1253700,0.0,0.0,7.708261228338448,1000.181922968774,0.0
1253760,0.0,0.0,7.708261228338448,1001.5401979415149,0.0
1253820,0.0,0.0,7.708261228338448,999.6005809468014,0.0
1253880,0.0,0.0,7.708261228338448,999.1376658571945,0.0
1253940,0.0,0.0,7.708261228338448,999.2788827938026,0.0
1254000,0.0,0.0,7.708261228338448,1000.0894398199996,0.0
1254060,0.0,0.0,7.708261228338448,1000.4757509304537,0.0
1254120,0.0,0.0,7.708261228338448,1000.4713831110754,0.0
1254180,0.0,0.0,7.708261228338448,997.9126723365702,0.0
1254240,0.0,0.0,7.708261228338448,999.1150832781454,0.0
1254300,0.0,0.0,7.708261228338448,1000.4123868511416,0.0
1254360,0.0,0.0,7.708261228338448,1000.3930856121831,0.0
1254420,0.0,0.0,7.708261228338448,1001.1029141940533,0.0
1254480,0.0,0.0,7.708261228338448,999.2296742747947,0.0
1254540,0.0,0.0,7.708261228338448,998.8466335636789,0.0
1254600,0.0,0.0,7.708261228338448,999.7166977711884,0.0
1254660,0.0,0.0,7.708261228338448,1000.445072269044,0.0
1254720,0.0,0.0,7.708261228338448,1001.0452308541268,0.0
1254780,0.0,0.0,7.708261228338448,999.120658444136,0.0
1254840,0.0,0.0,7.708261228338448,999.2789804363185,0.0
1254900,0.0,0.0,7.708261228338448,999.5634314312052,0.0
1254960,0.0,0.0,7.708261228338448,1000.2917019099788,0.0
1255020,0.0,0.0,7.708261228338448,1000.7431794209525,0.0
1255080,0.0,0.0,7.708261228338448,999.1524105070836,0.0
1255140,0.0,0.0,7.708261228338448,999.674394166604,0.0
1255200,0.0,0.0,7.708261228338448,998.663826599002,0.0
1255260,0.0,0.0,7.708261228338448,999.776426404527,0.0
1255320,0.0,0.0,7.708261228338448,1001.5018117661917,0.0
1255380,0.0,0.0,7.708261228338448,1000.150809012438,0.0
1255440,0.0,0.0,7.708261228338448,999.7978024353503,0.0
1255500,0.0,0.0,7.708261228338448,998.6794595710222,0.0
1255560,0.0,0.0,7.708261228338448,999.4983201963715,0.0
1255620,0.0,0.0,7.708261228338448,1000.6073282353519,0.0
1255680,0.0,0.0,7.708261228338448,1000.7304539978151,0.0
1255740,0.0,0.0,7.708261228338448,998.8345414918228,0.0
1255800,0.0,0.0,7.708261228338448,999.2288568735278,0.0
1255860,0.0,0.0,7.708261228338448,999.2877444801462,0.0
1255920,0.0,0.0,7.708261228338448,1000.7547505859782,0.0
1255980,0.0,0.0,7.708261228338448,1000.5299951359776,0.0
1256040,0.0,0.0,7.708261228338448,1000.3720655614322,0.0
1256100,0.0,0.0,7.708261228338448,997.6059972377483,0.0
1256160,0.0,0.0,7.708261228338448,999.1643205978075,0.0
1256220,0.0,0.0,7.708261228338448,1000.5848727929491,0.0
1256280,0.0,0.0,7.708261228338448,1000.3177184147343,0.0
1256340,0.0,0.0,7.708261228338448,1001.209591876838,0.0
1256400,0.0,0.0,7.708261228338448,999.2131908905561,0.0
1256460,0.0,0.0,7.708261228338448,998.9028588613653,0.0
1256520,0.0,0.0,7.708261228338448,999.7699873862011,0.0
1256580,0.0,0.0,7.708261228338448,1000.421670456302,0.0
1256640,0.0,0.0,7.708261228338448,1000.1657580495472,0.0
1256700,0.0,0.0,7.708261228338448,1000.1615018009187,0.0
1256760,0.0,0.0,7.708261228338448,997.9576547992062,0.0
1256820,0.0,0.0,7.708261228338448,999.2989451864561,0.0
1256880,0.0,0.0,7.708261228338448,1000.9440303943643,0.0
1256940,0.0,0.0,7.708261228338448,1000.4349104330443,0.0
1257000,0.0,0.0,7.708261228338448,1000.6246639180504,0.0
1257060,0.0,0.0,7.708261228338448,998.8284477944443,0.0
1257120,0.0,0.0,7.708261228338448,998.9607799541303,0.0
1257180,0.0,0.0,7.708261228338448,1001.1184573569708,0.0
1257240,0.0,0.0,7.708261228338448,1000.4006754951776,0.0
1257300,0.0,0.0,7.708261228338448,1000.9008435401364,0.0
1257360,0.0,0.0,7.708261228338448,997.488500599915,0.0
1257420,0.0,0.0,7.708261228338448,998.7566507274552,0.0
1257480,0.0,0.0,7.708261228338448,999.5145671759755,0.0
1257540,0.0,0.0,7.708261228338448,1000.5640984652107,0.0
1257600,0.0,0.0,7.708261228338448,1000.6906134942072,0.0
1257660,0.0,0.0,7.708261228338448,998.6369425285698,0.0
1257720,0.0,0.0,7.708261228338448,999.3114776750407,0.0
1257780,0.0,0.0,7.708261228338448,999.3765470484304,0.0
1257840,0.0,0.0,7.708261228338448,1000.0823749785719,0.0
1257900,0.0,0.0,7.708261228338448,1001.505649354363,0.0
1257960,0.0,0.0,7.708261228338448,999.8453453672911,0.0
1258020,0.0,0.0,7.708261228338448,999.2510501846774,0.0
1258080,0.0,0.0,7.708261228338448,998.9968893686913,0.0
1258140,0.0,0.0,7.708261228338448,999.9016325687907,0.0
1258200,0.0,0.0,7.708261228338448,1000.6399193562867,0.0
1258260,0.0,0.0,7.708261228338448,1000.5979526330409,0.0
1258320,0.0,0.0,7.708261228338448,998.3078859808486,0.0
1258380,0.0,0.0,7.708261228338448,998.5453883387464,0.0
1258440,0.0,0.0,7.708261228338448,999.5363077945489,0.0
1258500,0.0,0.0,7.708261228338448,1001.8273587313518,0.0
1258560,0.0,0.0,7.708261228338448,999.8537401677149,0.0
1258620,0.0,0.0,7.708261228338448,1000.2213127007176,0.0
1258680,0.0,0.0,7.708261228338448,997.8399137660126,0.0
1258740,0.0,0.0,7.708261228338448,999.3354662835666,0.0
1258800,0.0,0.0,7.708261228338448,1001.0377254494709,0.0
1258860,0.0,0.0,7.708261228338448,1000.3695629927665,0.0
1258920,0.0,0.0,7.708261228338448,1000.6890913712646,0.0
1258980,0.0,0.0,7.708261228338448,998.8159469075298,0.0
1259040,0.0,0.0,7.708261228338448,999.0121976651052,0.0
1259100,0.0,0.0,7.708261228338448,1000.2081217689836,0.0
1259160,0.0,0.0,7.708261228338448,1000.6511669867081,0.0
1259220,0.0,0.0,7.708261228338448,999.696609401246,0.0
1259280,0.0,0.0,7.708261228338448,999.7803720876215,0.0
1259340,0.0,0.0,7.708261228338448,998.3551784095445,0.0
1259400,0.0,0.0,7.708261228338448,999.6074435256492,0.0
1259460,0.0,0.0,7.708261228338448,1001.2917175339213,0.0
1259520,0.0,0.0,7.708261228338448,999.8635778147196,0.0
1259580,0.0,0.0,7.708261228338448,999.9033210430913,0.0
1259640,0.0,0.0,7.708261228338448,998.4250147305921,0.0
1259700,0.0,0.0,7.708261228338448,999.9659750110455,0.0
1259760,0.0,0.0,7.708261228338448,1000.063747747414,0.0
1259820,0.0,0.0,7.708261228338448,1001.6378829880389,0.0
1259880,0.0,0.0,7.708261228338448,999.7782528070181,0.0
1259940,0.0,0.0,7.708261228338448,999.3375408523154,0.0
1260000,0.0,0.0,7.708261228338448,999.0605732288032,0.0
1260060,0.0,0.0,7.708261228338448,999.9094839168262,0.0
1260120,0.0,0.0,7.708261228338448,1000.5616543536881,0.0
1260180,0.0,0.0,7.708261228338448,1000.5783135298816,0.0
1260240,0.0,0.0,7.708261228338448,998.0792288656745,0.0
1260300,0.0,0.0,7.708261228338448,999.0992283681361,0.0
1260360,0.0,0.0,7.708261228338448,1000.1035483691675,0.0
1260420,0.0,0.0,7.708261228338448,1000.3278636605004,0.0
1260480,0.0,0.0,7.708261228338448,1001.2720883526657,0.0
1260540,0.0,0.0,7.708261228338448,999.4332925271219,0.0
1260600,0.0,0.0,7.708261228338448,998.8889357049062,0.0
1260660,0.0,0.0,7.708261228338448,999.479321457571,0.0
1260720,0.0,0.0,7.708261228338448,1000.2952081426592,0.0
1260780,0.0,0.0,7.708261228338448,1001.3118900162897,0.0
1260840,0.0,0.0,7.708261228338448,999.3588914799582,0.0
1260900,0.0,0.0,7.708261228338448,999.4560553865444,0.0
1260960,0.0,0.0,7.708261228338448,999.1388741082555,0.0
1261020,0.0,0.0,7.708261228338448,1000.1520167380908,0.0
1261080,0.0,0.0,7.708261228338448,1000.6845520936138,0.0
1261140,0.0,0.0,7.708261228338448,999.4430843884328,0.0
1261200,0.0,0.0,7.708261228338448,999.8424322520864,0.0
1261260,0.0,0.0,7.708261228338448,998.3736568667367,0.0
1261320,0.0,0.0,7.708261228338448,999.6283633675306,0.0
1261380,0.0,0.0,7.708261228338448,1001.4118011615806,0.0
1261440,0.0,0.0,7.708261228338448,1000.2558020688973,0.0
1261500,0.0,0.0,7.708261228338448,1000.0726410973608,0.0
1261560,0.0,0.0,7.708261228338448,998.6225435116103,0.0
1261620,0.0,0.0,7.708261228338448,999.3209029298426,0.0
1261680,0.0,0.0,7.708261228338448,1000.5263577391659,0.0
1261740,0.0,0.0,7.708261228338448,1000.7437138944375,0.0
1261800,0.0,0.0,7.708261228338448,999.1206610704016,0.0
1261860,0.0,0.0,7.708261228338448,999.3794571247215,0.0
1261920,0.0,0.0,7.708261228338448,998.9715051129325,0.0
1261980,0.0,0.0,7.708261228338448,1000.61552130405,0.0
1262040,0.0,0.0,7.708261228338448,1000.4936606116745,0.0
1262100,0.0,0.0,7.708261228338448,1000.7126992558083,0.0
1262160,0.0,0.0,7.708261228338448,997.6604846489743,0.0
1262220,0.0,0.0,7.708261228338448,999.158627567072,0.0
1262280,0.0,0.0,7.708261228338448,1000.2717968998846,0.0
1262340,0.0,0.0,7.708261228338448,1000.2620069613836,0.0
1262400,0.0,0.0,7.708261228338448,1001.3719540303157,0.0
1262460,0.0,0.0,7.708261228338448,999.4015084606733,0.0
1262520,0.0,0.0,7.708261228338448,998.9415581138334,0.0
1262580,0.0,0.0,7.708261228338448,999.5457200642863,0.0
1262640,0.0,0.0,7.708261228338448,1000.2839218859237,0.0
1262700,0.0,0.0,7.708261228338448,1000.3404038025191,0.0
1262760,0.0,0.0,7.708261228338448,1000.312359053156,0.0
1262820,0.0,0.0,7.708261228338448,997.891944509106,0.0
1262880,0.0,0.0,7.708261228338448,999.18861663869,0.0
1262940,0.0,0.0,7.708261228338448,1000.7127275375708,0.0
1263000,0.0,0.0,7.708261228338448,1000.4392575205874,0.0
1263060,0.0,0.0,7.708261228338448,1000.853565546686,0.0
1263120,0.0,0.0,7.708261228338448,999.0060449581283,0.0
1263180,0.0,0.0,7.708261228338448,998.8736830576252,0.0
1263240,0.0,0.0,7.708261228338448,1000.8275026925603,0.0
1263300,0.0,0.0,7.708261228338448,1000.3798844223261,0.0
1263360,0.0,0.0,7.708261228338448,1001.0025662022689,0.0
1263420,0.0,0.0,7.708261228338448,997.7493068582697,0.0
1263480,0.0,0.0,7.708261228338448,998.7123815686826,0.0
1263540,0.0,0.0,7.708261228338448,999.337735313408,0.0
1263600,0.0,0.0,7.708261228338448,1000.5066180543869,0.0
1263660,0.0,0.0,7.708261228338448,1000.6957608514348,0.0
1263720,0.0,0.0,7.708261228338448,998.921912144356,0.0
1263780,0.0,0.0,7.708261228338448,999.4504377739934,0.0
1263840,0.0,0.0,7.708261228338448,999.0509876617441,0.0
1263900,0.0,0.0,7.708261228338448,999.9534075423123,0.0
1263960,0.0,0.0,7.708261228338448,1001.5209489317481,0.0
1264020,0.0,0.0,7.708261228338448,1000.0014246964589,0.0
1264080,0.0,0.0,7.708261228338448,999.474456770383,0.0
1264140,0.0,0.0,7.708261228338448,998.8230473915135,0.0
1264200,0.0,0.0,7.708261228338448,999.7189580739408,0.0
1264260,0.0,0.0,7.708261228338448,1000.6544036411688,0.0
1264320,0.0,0.0,7.708261228338448,1000.6772889393411,0.0
1264380,0.0,0.0,7.708261228338448,998.5973095449716,0.0
1264440,0.0,0.0,7.708261228338448,998.3501208046879,0.0
1264500,0.0,0.0,7.708261228338448,999.3940943166999,0.0
1264560,0.0,0.0,7.708261228338448,1001.7160617039882,0.0
1264620,0.0,0.0,7.708261228338448,1000.0521323142325,0.0
1264680,0.0,0.0,7.708261228338448,1000.3646566871615,0.0
1264740,0.0,0.0,7.708261228338448,997.7238958509953,0.0
1264800,0.0,0.0,7.708261228338448,999.2443740049622,0.0
1264860,0.0,0.0,7.708261228338448,1000.8062093050835,0.0
1264920,0.0,0.0,7.708261228338448,1000.3764537603674,0.0
1264980,0.0,0.0,7.708261228338448,1000.9190118639254,0.0
1265040,0.0,0.0,7.708261228338448,998.9818053333851,0.0
1265100,0.0,0.0,7.708261228338448,998.9304771131186,0.0
1265160,0.0,0.0,7.708261228338448,1000.0229780765318,0.0
1265220,0.0,0.0,7.708261228338448,1000.5690861677455,0.0
1265280,0.0,0.0,7.708261228338448,999.9368185672874,0.0
1265340,0.0,0.0,7.708261228338448,999.9507144040412,0.0
1265400,0.0,0.0,7.708261228338448,998.1467829389666,0.0
1265460,0.0,0.0,7.708261228338448,999.4581544366268,0.0
1265520,0.0,0.0,7.708261228338448,1001.1506635319573,0.0
1265580,0.0,0.0,7.708261228338448,1000.4008270692846,0.0
1265640,0.0,0.0,7.708261228338448,1000.3138049584954,0.0
1265700,0.0,0.0,7.708261228338448,997.5660481868186,0.0
1265760,0.0,0.0,7.708261228338448,999.2020038942951,0.0
1265820,0.0,0.0,7.708261228338448,1000.352657155692,0.0
1265880,0.0,0.0,7.708261228338448,1000.9920338270418,0.0
1265940,0.0,0.0,7.708261228338448,1000.0268223698022,0.0
1266000,0.0,0.0,7.708261228338448,999.4169460020985,0.0
1266060,0.0,0.0,7.708261228338448,998.86314485183,0.0
1266120,0.0,0.0,7.708261228338448,999.706055152347,0.0
1266180,0.0,0.0,7.708261228338448,1000.5993883241671,0.0
1266240,0.0,0.0,7.708261228338448,1000.6609437228344,0.0
1266300,0.0,0.0,7.708261228338448,998.3252507732925,0.0
1266360,0.0,0.0,7.708261228338448,999.1551761158493,0.0
1266420,0.0,0.0,7.708261228338448,999.7633746014611,0.0
1266480,0.0,0.0,7.708261228338448,1000.229894745933,0.0
1266540,0.0,0.0,7.708261228338448,1001.4031716122644,0.0
1266600,0.0,0.0,7.708261228338448,999.6378997723953,0.0
1266660,0.0,0.0,7.708261228338448,999.0178597542397,0.0
1266720,0.0,0.0,7.708261228338448,999.2383653556624,0.0
1266780,0.0,0.0,7.708261228338448,1000.11869997541,0.0
1266840,0.0,0.0,7.708261228338448,1001.5308170290823,0.0
1266900,0.0,0.0,7.708261228338448,999.5895607614787,0.0
1266960,0.0,0.0,7.708261228338448,999.6667518573038,0.0
1267020,0.0,0.0,7.708261228338448,998.7067345018838,0.0
1267080,0.0,0.0,7.708261228338448,999.9753760699625,0.0
1267140,0.0,0.0,7.708261228338448,1000.591945776299,0.0
1267200,0.0,0.0,7.708261228338448,999.7180043340459,0.0
1267260,0.0,0.0,7.708261228338448,1000.0142298869134,0.0
1267320,0.0,0.0,7.708261228338448,998.119793386685,0.0
1267380,0.0,0.0,7.708261228338448,999.4815939734874,0.0
1267440,0.0,0.0,7.708261228338448,1001.2701846581272,0.0
1267500,0.0,0.0,7.708261228338448,1000.331768680498,0.0
1267560,0.0,0.0,7.708261228338448,1000.3561168978783,0.0
1267620,0.0,0.0,7.708261228338448,998.6531557011085,0.0
1267680,0.0,0.0,7.708261228338448,999.1578961188852,0.0
1267740,0.0,0.0,7.708261228338448,1000.4007070242866,0.0
1267800,0.0,0.0,7.708261228338448,1000.7234962408739,0.0
1267860,0.0,0.0,7.708261228338448,999.4082994632944,0.0
1267920,0.0,0.0,7.708261228338448,999.5545015670427,0.0
1267980,0.0,0.0,7.708261228338448,998.6668564523575,0.0
1268040,0.0,0.0,7.708261228338448,999.7967980971916,0.0
1268100,0.0,0.0,7.708261228338448,1001.3853107278578,0.0
1268160,0.0,0.0,7.708261228338448,999.5348500908265,0.0
1268220,0.0,0.0,7.708261228338448,999.7048495384131,0.0
1268280,0.0,0.0,7.708261228338448,998.4793740836884,0.0
1268340,0.0,0.0,7.708261228338448,1000.3378128050888,0.0
1268400,0.0,0.0,7.708261228338448,1000.1992164439534,0.0
1268460,0.0,0.0,7.708261228338448,1001.5122844001155,0.0
1268520,0.0,0.0,7.708261228338448,999.5883145113809,0.0
1268580,0.0,0.0,7.708261228338448,999.1132964991731,0.0
1268640,0.0,0.0,7.708261228338448,999.2919917338578,0.0
1268700,0.0,0.0,7.708261228338448,1000.1067664568974,0.0
1268760,0.0,0.0,7.708261228338448,1000.4801872340307,0.0
1268820,0.0,0.0,7.708261228338448,1000.4613991302755,0.0
1268880,0.0,0.0,7.708261228338448,997.9242428665682,0.0
1268940,0.0,0.0,7.708261228338448,999.110349342632,0.0
1269000,0.0,0.0,7.708261228338448,1000.4199507376183,0.0
1269060,0.0,0.0,7.708261228338448,1000.4028717859,0.0
1269120,0.0,0.0,7.708261228338448,1001.0826608090755,0.0
1269180,0.0,0.0,7.708261228338448,999.22036148602,0.0
1269240,0.0,0.0,7.708261228338448,998.8401904396998,0.0
1269300,0.0,0.0,7.708261228338448,1000.4649066070937,0.0
1269360,0.0,0.0,7.708261228338448,1000.3125103272648,0.0
1269420,0.0,0.0,7.708261228338448,1001.0777075135591,0.0
1269480,0.0,0.0,7.708261228338448,998.0954092703678,0.0
1269540,0.0,0.0,7.708261228338448,998.7598617713659,0.0
1269600,0.0,0.0,7.708261228338448,999.1610958479129,0.0
1269660,0.0,0.0,7.708261228338448,1000.3933341942201,0.0
1269720,0.0,0.0,7.708261228338448,1000.666106343884,0.0
1269780,0.0,0.0,7.708261228338448,999.2251994415714,0.0
1269840,0.0,0.0,7.708261228338448,999.6275187416086,0.0
1269900,0.0,0.0,7.708261228338448,998.709714699307,0.0
1269960,0.0,0.0,7.708261228338448,999.7981542937681,0.0
1270020,0.0,0.0,7.708261228338448,1001.4900607675853,0.0
1270080,0.0,0.0,7.708261228338448,1000.1447784763036,0.0
1270140,0.0,0.0,7.708261228338448,999.7514704988182,0.0
1270200,0.0,0.0,7.708261228338448,998.6858211872777,0.0
1270260,0.0,0.0,7.708261228338448,999.5193342068637,0.0
1270320,0.0,0.0,7.708261228338448,1000.6184571071105,0.0
1270380,0.0,0.0,7.708261228338448,1000.7302925722425,0.0
1270440,0.0,0.0,7.708261228338448,998.9569303074969,0.0
1270500,0.0,0.0,7.708261228338448,998.2142344153083,0.0
1270560,0.0,0.0,7.708261228338448,999.2600985875148,0.0
1270620,0.0,0.0,7.708261228338448,1001.541924396525,0.0
1270680,0.0,0.0,7.708261228338448,1000.2156650484567,0.0
1270740,0.0,0.0,7.708261228338448,1000.5009271564303,0.0
1270800,0.0,0.0,7.708261228338448,997.6928684094028,0.0
1270860,0.0,0.0,7.708261228338448,999.1857517124423,0.0
1270920,0.0,0.0,7.708261228338448,1000.5243744569258,0.0
1270980,0.0,0.0,7.708261228338448,1000.3496456078855,0.0
1271040,0.0,0.0,7.708261228338448,1001.1408376902064,0.0
1271100,0.0,0.0,7.708261228338448,999.174558279778,0.0
1271160,0.0,0.0,7.708261228338448,998.8960618809413,0.0
1271220,0.0,0.0,7.708261228338448,999.8030858964905,0.0
1271280,0.0,0.0,7.708261228338448,1000.4519615071396,0.0
1271340,0.0,0.0,7.708261228338448,1000.1565845557477,0.0
1271400,0.0,0.0,7.708261228338448,1000.1277443175335,0.0
1271460,0.0,0.0,7.708261228338448,997.9871862525786,0.0
1271520,0.0,0.0,7.708261228338448,999.3131192338706,0.0
1271580,0.0,0.0,7.708261228338448,1000.959533039607,0.0
1271640,0.0,0.0,7.708261228338448,1000.4422617687812,0.0
1271700,0.0,0.0,7.708261228338448,1000.5775410423018,0.0
1271760,0.0,0.0,7.708261228338448,997.4086201399017,0.0
1271820,0.0,0.0,7.708261228338448,999.0773367998025,0.0
1271880,0.0,0.0,7.708261228338448,1000.1226605590206,0.0
1271940,0.0,0.0,7.708261228338448,1001.1879475954054,0.0
1272000,0.0,0.0,7.708261228338448,1000.152915832903,0.0
1272060,0.0,0.0,7.708261228338448,999.6873979248035,0.0
1272120,0.0,0.0,7.708261228338448,998.720324503098,0.0
1272180,0.0,0.0,7.708261228338448,999.5296027664457,0.0
1272240,0.0,0.0,7.708261228338448,1000.5857050893677,0.0
1272300,0.0,0.0,7.708261228338448,1000.7063149385559,0.0
1272360,0.0,0.0,7.708261228338448,998.5988656634422,0.0
1272420,0.0,0.0,7.708261228338448,999.2668293349998,0.0
1272480,0.0,0.0,7.708261228338448,999.4301559719067,0.0
1272540,0.0,0.0,7.708261228338448,1000.115278608556,0.0
1272600,0.0,0.0,7.708261228338448,1001.4774012907818,0.0
1272660,0.0,0.0,7.708261228338448,999.8203944819934,0.0
1272720,0.0,0.0,7.708261228338448,999.2001274614303,0.0
1272780,0.0,0.0,7.708261228338448,999.0247717108492,0.0
1272840,0.0,0.0,7.708261228338448,999.9376690205921,0.0
1272900,0.0,0.0,7.708261228338448,1001.6751536014924,0.0
1272960,0.0,0.0,7.708261228338448,999.792739454788,0.0
1273020,0.0,0.0,7.708261228338448,999.8775128585635,0.0
1273080,0.0,0.0,7.708261228338448,998.3122789957952,0.0
1273140,0.0,0.0,7.708261228338448,999.7842860138559,0.0
1273200,0.0,0.0,7.708261228338448,1000.4780588825811,0.0
1273260,0.0,0.0,7.708261228338448,999.9573606215325,0.0
1273320,0.0,0.0,7.708261228338448,1000.167898506308,0.0
1273380,0.0,0.0,7.708261228338448,997.9361083441729,0.0
1273440,0.0,0.0,7.708261228338448,999.3545628805215,0.0
1273500,0.0,0.0,7.708261228338448,1001.0861960644254,0.0
1273560,0.0,0.0,7.708261228338448,1000.3754522787832,0.0
1273620,0.0,0.0,7.708261228338448,1000.6150820081065,0.0
1273680,0.0,0.0,7.708261228338448,998.779372231925,0.0
1273740,0.0,0.0,7.708261228338448,999.0279128468408,0.0
1273800,0.0,0.0,7.708261228338448,1000.2444370857727,0.0
1273860,0.0,0.0,7.708261228338448,1000.6738880055407,0.0
1273920,0.0,0.0,7.708261228338448,999.675615421735,0.0
1273980,0.0,0.0,7.708261228338448,999.7303811196591,0.0
1274040,0.0,0.0,7.708261228338448,998.4044056659301,0.0
1274100,0.0,0.0,7.708261228338448,999.6379460472973,0.0
1274160,0.0,0.0,7.708261228338448,1001.295639466089,0.0
1274220,0.0,0.0,7.708261228338448,999.8554310800288,0.0
1274280,0.0,0.0,7.708261228338448,999.8695275169665,0.0
1274340,0.0,0.0,7.708261228338448,998.4271918023936,0.0
1274400,0.0,0.0,7.708261228338448,999.9922548693463,0.0
1274460,0.0,0.0,7.708261228338448,1000.0917204405524,0.0
1274520,0.0,0.0,7.708261228338448,1001.6042030750582,0.0
1274580,0.0,0.0,7.708261228338448,999.7590395918867,0.0
1274640,0.0,0.0,7.708261228338448,999.2914409238416,0.0
1274700,0.0,0.0,7.708261228338448,999.0831597506211,0.0
1274760,0.0,0.0,7.708261228338448,999.9386163968929,0.0
1274820,0.0,0.0,7.708261228338448,1000.5664588971939,0.0
1274880,0.0,0.0,7.708261228338448,1000.5661567746592,0.0
1274940,0.0,0.0,7.708261228338448,998.0814259424743,0.0
1275000,0.0,0.0,7.708261228338448,999.085986362637,0.0
1275060,0.0,0.0,7.708261228338448,1000.1285256585717,0.0
1275120,0.0,0.0,7.708261228338448,1000.3449730842331,0.0
1275180,0.0,0.0,7.708261228338448,1001.2425739784918,0.0
1275240,0.0,0.0,7.708261228338448,999.4147113657101,0.0
1275300,0.0,0.0,7.708261228338448,998.8721712455148,0.0
1275360,0.0,0.0,7.708261228338448,1000.0879595187797,0.0
1275420,0.0,0.0,7.708261228338448,1000.2251013284882,0.0
1275480,0.0,0.0,7.708261228338448,1001.1047859781096,0.0
1275540,0.0,0.0,7.708261228338448,998.4756180173572,0.0
1275600,0.0,0.0,7.708261228338448,998.888934612971,0.0
1275660,0.0,0.0,7.708261228338448,999.0280961919578,0.0
1275720,0.0,0.0,7.708261228338448,1000.2551797214509,0.0
1275780,0.0,0.0,7.708261228338448,1000.6137675579429,0.0
1275840,0.0,0.0,7.708261228338448,999.4996986138117,0.0
1275900,0.0,0.0,7.708261228338448,999.7891790768625,0.0
1275960,0.0,0.0,7.708261228338448,998.4270816895162,0.0
1276020,0.0,0.0,7.708261228338448,999.6550293841507,0.0
1276080,0.0,0.0,7.708261228338448,1001.4077328031171,0.0
1276140,0.0,0.0,7.708261228338448,1000.2514918376064,0.0
1276200,0.0,0.0,7.708261228338448,1000.0112453620162,0.0
1276260,0.0,0.0,7.708261228338448,998.6215986033247,0.0
1276320,0.0,0.0,7.708261228338448,999.3457824329035,0.0
1276380,0.0,0.0,7.708261228338448,1000.5446212658042,0.0
1276440,0.0,0.0,7.708261228338448,1000.7487359904618,0.0
1276500,0.0,0.0,7.708261228338448,999.1079711041149,0.0
1276560,0.0,0.0,7.708261228338448,999.3424065478284,0.0
1276620,0.0,0.0,7.708261228338448,999.0084279169363,0.0
1276680,0.0,0.0,7.708261228338448,1000.6287425074764,0.0
1276740,0.0,0.0,7.708261228338448,1000.508995405111,0.0
1276800,0.0,0.0,7.708261228338448,1000.6625418182665,0.0
1276860,0.0,0.0,7.708261228338448,997.683371979466,0.0
1276920,0.0,0.0,7.708261228338448,999.1432147488505,0.0
1276980,0.0,0.0,7.708261228338448,1000.2943116329724,0.0
1277040,0.0,0.0,7.708261228338448,1000.2785634304704,0.0
1277100,0.0,0.0,7.708261228338448,1001.3403746315887,0.0
1277160,0.0,0.0,7.708261228338448,999.384283296648,0.0
1277220,0.0,0.0,7.708261228338448,998.9249256863458,0.0
1277280,0.0,0.0,7.708261228338448,999.562778002193,0.0
1277340,0.0,0.0,7.708261228338448,1000.3028176179635,0.0
1277400,0.0,0.0,7.708261228338448,1000.3420690067163,0.0
1277460,0.0,0.0,7.708261228338448,1000.2962058970162,0.0
1277520,0.0,0.0,7.708261228338448,997.9070108521032,0.0
1277580,0.0,0.0,7.708261228338448,999.1903818001908,0.0
1277640,0.0,0.0,7.708261228338448,1000.7200879717777,0.0
1277700,0.0,0.0,7.708261228338448,1000.4478142441511,0.0
1277760,0.0,0.0,7.708261228338448,1000.8284903318989,0.0
1277820,0.0,0.0,7.708261228338448,997.370700540207,0.0
1277880,0.0,0.0,7.708261228338448,998.9949737593266,0.0
1277940,0.0,0.0,7.708261228338448,999.8689515246188,0.0
1278000,0.0,0.0,7.708261228338448,1001.3214395093431,0.0
1278060,0.0,0.0,7.708261228338448,1000.2541580613558,0.0
1278120,0.0,0.0,7.708261228338448,999.987616977988,0.0
1278180,0.0,0.0,7.708261228338448,998.6387808707441,0.0
1278240,0.0,0.0,7.708261228338448,999.3578598099414,0.0
1278300,0.0,0.0,7.708261228338448,1000.5233328647003,0.0
1278360,0.0,0.0,7.708261228338448,1000.7203393116375,0.0
1278420,0.0,0.0,7.708261228338448,998.8926414235451,0.0
1278480,0.0,0.0,7.708261228338448,999.4138893771953,0.0
1278540,0.0,0.0,7.708261228338448,999.089722777967,0.0
1278600,0.0,0.0,7.708261228338448,999.9782883123446,0.0
1278660,0.0,0.0,7.708261228338448,1001.5050740334191,0.0
1278720,0.0,0.0,7.708261228338448,999.9884957509471,0.0
1278780,0.0,0.0,7.708261228338448,999.4322626206315,0.0
1278840,0.0,0.0,7.708261228338448,998.8372739783928,0.0
1278900,0.0,0.0,7.708261228338448,999.7437857096039,0.0
1278960,0.0,0.0,7.708261228338448,1000.6624420155231,0.0
1279020,0.0,0.0,7.708261228338448,1000.6708734844125,0.0
1279080,0.0,0.0,7.708261228338448,998.5885265390301,0.0
1279140,0.0,0.0,7.708261228338448,998.3676701779259,0.0
1279200,0.0,0.0,7.708261228338448,999.4067453505658,0.0
1279260,0.0,0.0,7.708261228338448,1001.6970863789389,0.0
1279320,0.0,0.0,7.708261228338448,1000.0597201683934,0.0
1279380,0.0,0.0,7.708261228338448,1000.3461428115675,0.0
1279440,0.0,0.0,7.708261228338448,997.7469038549436,0.0
1279500,0.0,0.0,7.708261228338448,999.2448424174282,0.0
1279560,0.0,0.0,7.708261228338448,1000.8145361966139,0.0
1279620,0.0,0.0,7.708261228338448,1000.3855637181424,0.0
1279680,0.0,0.0,7.708261228338448,1000.8891998744632,0.0
1279740,0.0,0.0,7.708261228338448,998.9685517936275,0.0
1279800,0.0,0.0,7.708261228338448,998.9289282880444,0.0
1279860,0.0,0.0,7.708261228338448,1000.0342748433977,0.0
1279920,0.0,0.0,7.708261228338448,1000.5804150196349,0.0
1279980,0.0,0.0,7.708261228338448,999.9396261845903,0.0
1280040,0.0,0.0,7.708261228338448,999.9338215677191,0.0
1280100,0.0,0.0,7.708261228338448,998.1610612150012,0.0
1280160,0.0,0.0,7.708261228338448,999.4645348685746,0.0
1280220,0.0,0.0,7.708261228338448,1001.1485587446367,0.0
1280280,0.0,0.0,7.708261228338448,1000.1595163679401,0.0
1280340,0.0,0.0,7.708261228338448,1000.0424687109906,0.0
1280400,0.0,0.0,7.708261228338448,998.456373688992,0.0
1280460,0.0,0.0,7.708261228338448,999.5888582137997,0.0
1280520,0.0,0.0,7.708261228338448,999.9516638996388,0.0
1280580,0.0,0.0,7.708261228338448,1001.6586827494413,0.0
1280640,0.0,0.0,7.708261228338448,999.9267676428262,0.0
1280700,0.0,0.0,7.708261228338448,999.5404767295482,0.0
1280760,0.0,0.0,7.708261228338448,998.8843252382209,0.0
1280820,0.0,0.0,7.708261228338448,999.7442207001735,0.0
1280880,0.0,0.0,7.708261228338448,1000.6061072229354,0.0
1280940,0.0,0.0,7.708261228338448,1000.651858101413,0.0
1281000,0.0,0.0,7.708261228338448,998.3278888283924,0.0
1281060,0.0,0.0,7.708261228338448,999.1298966008006,0.0
1281120,0.0,0.0,7.708261228338448,999.7931143577295,0.0
1281180,0.0,0.0,7.708261228338448,1000.2492688380219,0.0
1281240,0.0,0.0,7.708261228338448,1001.3778986776597,0.0
1281300,0.0,0.0,7.708261228338448,999.6212733350307,0.0
1281360,0.0,0.0,7.708261228338448,998.9921041141787,0.0
1281420,0.0,0.0,7.708261228338448,999.6597061634778,0.0
1281480,0.0,0.0,7.708261228338448,1000.0981564434267,0.0
1281540,0.0,0.0,7.708261228338448,1001.0939952028837,0.0
1281600,0.0,0.0,7.708261228338448,998.8959957335627,0.0
1281660,0.0,0.0,7.708261228338448,999.0600302028399,0.0
1281720,0.0,0.0,7.708261228338448,998.9235067747954,0.0
1281780,0.0,0.0,7.708261228338448,1000.0712991202249,0.0
1281840,0.0,0.0,7.708261228338448,1000.5266771981233,0.0
1281900,0.0,0.0,7.708261228338448,999.7668653062514,0.0
1281960,0.0,0.0,7.708261228338448,999.9667221448128,0.0
1282020,0.0,0.0,7.708261228338448,998.1652311357234,0.0
1282080,0.0,0.0,7.708261228338448,999.5045298944319,0.0
1282140,0.0,0.0,7.708261228338448,1001.2744306293432,0.0
1282200,0.0,0.0,7.708261228338448,1000.333388133542,0.0
1282260,0.0,0.0,7.708261228338448,1000.2941554032789,0.0
1282320,0.0,0.0,7.708261228338448,998.638246296566,0.0
1282380,0.0,0.0,7.708261228338448,999.1775277631733,0.0
1282440,0.0,0.0,7.708261228338448,1000.422994834391,0.0
1282500,0.0,0.0,7.708261228338448,1000.7345335310764,0.0
1282560,0.0,0.0,7.708261228338448,999.3952508599631,0.0
1282620,0.0,0.0,7.708261228338448,999.5161000677653,0.0
1282680,0.0,0.0,7.708261228338448,998.703791057082,0.0
1282740,0.0,0.0,7.708261228338448,1000.4401794666912,0.0
1282800,0.0,0.0,7.708261228338448,1000.4466569628811,0.0
1282860,0.0,0.0,7.708261228338448,1000.9855118461558,0.0
1282920,0.0,0.0,7.708261228338448,997.8870844080989,0.0
1282980,0.0,0.0,7.708261228338448,999.1895313489748,0.0
1283040,0.0,0.0,7.708261228338448,999.9555524055546,0.0
1283100,0.0,0.0,7.708261228338448,1000.1974970355703,0.0
1283160,0.0,0.0,7.708261228338448,1001.4697019537107,0.0
1283220,0.0,0.0,7.708261228338448,999.5741204984357,0.0
1283280,0.0,0.0,7.708261228338448,999.0307074998165,0.0
1283340,0.0,0.0,7.708261228338448,999.3327930820788,0.0
1283400,0.0,0.0,7.708261228338448,1000.1443108431579,0.0
1283460,0.0,0.0,7.708261228338448,1000.4787428626997,0.0
1283520,0.0,0.0,7.708261228338448,1000.4346497227588,0.0
1283580,0.0,0.0,7.708261228338448,997.9342428757077,0.0
1283640,0.0,0.0,7.708261228338448,999.1086432110876,0.0
1283700,0.0,0.0,7.708261228338448,1000.454759019208,0.0
1283760,0.0,0.0,7.708261228338448,1000.4218875765807,0.0
1283820,0.0,0.0,7.708261228338448,1001.0349804905187,0.0
1283880,0.0,0.0,7.708261228338448,997.4924685644183,0.0
1283940,0.0,0.0,7.708261228338448,998.9718976072978,0.0
1284000,0.0,0.0,7.708261228338448,999.6192864390281,0.0
1284060,0.0,0.0,7.708261228338448,1001.3788319587007,0.0
1284120,0.0,0.0,7.708261228338448,1000.3237936135861,0.0
1284180,0.0,0.0,7.708261228338448,1000.276988410215,0.0
1284240,0.0,0.0,7.708261228338448,998.6403598984965,0.0
1284300,0.0,0.0,7.708261228338448,999.2109620694854,0.0
1284360,0.0,0.0,7.708261228338448,1000.4222046182591,0.0
1284420,0.0,0.0,7.708261228338448,1000.7039531215157,0.0
1284480,0.0,0.0,7.708261228338448,999.181733639791,0.0
1284540,0.0,0.0,7.708261228338448,999.5711025209712,0.0
1284600,0.0,0.0,7.708261228338448,998.7747383204174,0.0
1284660,0.0,0.0,7.708261228338448,999.8354358898036,0.0
1284720,0.0,0.0,7.708261228338448,1001.480297904549,0.0
1284780,0.0,0.0,7.708261228338448,1000.1286938541991,0.0
1284840,0.0,0.0,7.708261228338448,999.6815583089382,0.0
1284900,0.0,0.0,7.708261228338448,998.7005217266055,0.0
1284960,0.0,0.0,7.708261228338448,999.5565678743523,0.0
1285020,0.0,0.0,7.708261228338448,1000.6351496403174,0.0
1285080,0.0,0.0,7.708261228338448,1000.7270626666348,0.0
1285140,0.0,0.0,7.708261228338448,998.9238252363663,0.0
1285200,0.0,0.0,7.708261228338448,998.2348998244375,0.0
1285260,0.0,0.0,7.708261228338448,999.2751856967783,0.0
1285320,0.0,0.0,7.708261228338448,1001.5320089794399,0.0
1285380,0.0,0.0,7.708261228338448,1000.2213484589518,0.0
1285440,0.0,0.0,7.708261228338448,1000.4775033078662,0.0
1285500,0.0,0.0,7.708261228338448,997.7170071152115,0.0
1285560,0.0,0.0,7.708261228338448,999.1803637977368,0.0
1285620,0.0,0.0,7.708261228338448,1000.5511997786434,0.0
1285680,0.0,0.0,7.708261228338448,1000.3657057989403,0.0
1285740,0.0,0.0,7.708261228338448,1001.0970051759138,0.0
1285800,0.0,0.0,7.708261228338448,999.1501738103915,0.0
1285860,0.0,0.0,7.708261228338448,998.8879209853395,0.0
1285920,0.0,0.0,7.708261228338448,999.8266295066351,0.0
1285980,0.0,0.0,7.708261228338448,1000.4734685740416,0.0
1286040,0.0,0.0,7.708261228338448,1000.1527892534215,0.0
1286100,0.0,0.0,7.708261228338448,1000.1020307499575,0.0
1286160,0.0,0.0,7.708261228338448,998.0095169490053,0.0
1286220,0.0,0.0,7.708261228338448,999.3233040617026,0.0
1286280,0.0,0.0,7.708261228338448,1000.9678635382292,0.0
1286340,0.0,0.0,7.708261228338448,1000.4027104288184,0.0
1286400,0.0,0.0,7.708261228338448,1000.1786835657102,0.0
1286460,0.0,0.0,7.708261228338448,998.5751118090071,0.0
1286520,0.0,0.0,7.708261228338448,999.2030854240464,0.0
1286580,0.0,0.0,7.708261228338448,999.8189520559517,0.0
1286640,0.0,0.0,7.708261228338448,1001.6474846965775,0.0
1286700,0.0,0.0,7.708261228338448,1000.0583637575276,0.0
1286760,0.0,0.0,7.708261228338448,999.7858145701025,0.0
1286820,0.0,0.0,7.708261228338448,998.7443315264495,0.0
1286880,0.0,0.0,7.708261228338448,999.5699933443809,0.0
1286940,0.0,0.0,7.708261228338448,1000.6001645635307,0.0
1287000,0.0,0.0,7.708261228338448,1000.701356846294,0.0
1287060,0.0,0.0,7.708261228338448,998.5914387311362,0.0
1287120,0.0,0.0,7.708261228338448,999.22756360812,0.0
1287180,0.0,0.0,7.708261228338448,999.4749768784419,0.0
1287240,0.0,0.0,7.708261228338448,1000.1421404888068,0.0
1287300,0.0,0.0,7.708261228338448,1001.4522436721918,0.0
1287360,0.0,0.0,7.708261228338448,999.8001849374774,0.0
1287420,0.0,0.0,7.708261228338448,999.1590809320678,0.0
1287480,0.0,0.0,7.708261228338448,999.0472765174496,0.0
1287540,0.0,0.0,7.708261228338448,999.9670485358756,0.0
1287600,0.0,0.0,7.708261228338448,1001.6388787648144,0.0
1287660,0.0,0.0,7.708261228338448,999.7851855840247,0.0
1287720,0.0,0.0,7.708261228338448,999.8350376678594,0.0
1287780,0.0,0.0,7.708261228338448,998.3546182855865,0.0
1287840,0.0,0.0,7.708261228338448,999.8073845812072,0.0
1287900,0.0,0.0,7.708261228338448,1000.5002796089717,0.0
1287960,0.0,0.0,7.708261228338448,999.956847146348,0.0
1288020,0.0,0.0,7.708261228338448,1000.144523397075,0.0
1288080,0.0,0.0,7.708261228338448,997.961767108246,0.0
1288140,0.0,0.0,7.708261228338448,999.3627347787128,0.0
1288200,0.0,0.0,7.708261228338448,1001.0913851261851,0.0
1288260,0.0,0.0,7.708261228338448,1000.3815688351382,0.0
1288320,0.0,0.0,7.708261228338448,1000.5802221299527,0.0
1288380,0.0,0.0,7.708261228338448,998.764853505339,0.0
1288440,0.0,0.0,7.708261228338448,999.0330544877852,0.0
1288500,0.0,0.0,7.708261228338448,1000.2573326602142,0.0
1288560,0.0,0.0,7.708261228338448,1000.6838483602352,0.0
1288620,0.0,0.0,7.708261228338448,999.6756527522333,0.0
1288680,0.0,0.0,7.708261228338448,999.7087706785129,0.0
1288740,0.0,0.0,7.708261228338448,998.4218677700331,0.0
1288800,0.0,0.0,7.708261228338448,1000.2011246995122,0.0
1288860,0.0,0.0,7.708261228338448,1000.3533988409946,0.0
1288920,0.0,0.0,7.708261228338448,1001.2839770864534,0.0
1288980,0.0,0.0,7.708261228338448,998.161088258069,0.0
1289040,0.0,0.0,7.708261228338448,999.3021320213927,0.0
1289100,0.0,0.0,7.708261228338448,999.5908954417498,0.0
1289160,0.0,0.0,7.708261228338448,1000.0899833817651,0.0
1289220,0.0,0.0,7.708261228338448,1001.5568642500164,0.0
1289280,0.0,0.0,7.708261228338448,999.7578900270657,0.0
1289340,0.0,0.0,7.708261228338448,999.2089396753767,0.0
1289400,0.0,0.0,7.708261228338448,999.1083345800264,0.0
1289460,0.0,0.0,7.708261228338448,999.9662952324817,0.0
1289520,0.0,0.0,7.708261228338448,1000.5713107563876,0.0
1289580,0.0,0.0,7.708261228338448,1000.5525400022888,0.0
1289640,0.0,0.0,7.708261228338448,998.081510413519,0.0
1289700,0.0,0.0,7.708261228338448,999.074103375184,0.0
1289760,0.0,0.0,7.708261228338448,1000.1550871890116,0.0
1289820,0.0,0.0,7.708261228338448,1000.3627141627735,0.0
1289880,0.0,0.0,7.708261228338448,1001.2113112702218,0.0
1289940,0.0,0.0,7.708261228338448,999.3942739051341,0.0
1290000,0.0,0.0,7.708261228338448,998.8557536821106,0.0
1290060,0.0,0.0,7.708261228338448,1000.0991029947139,0.0
1290120,0.0,0.0,7.708261228338448,1000.2434419404753,0.0
1290180,0.0,0.0,7.708261228338448,1001.1006098854647,0.0
1290240,0.0,0.0,7.708261228338448,998.4901379122318,0.0
1290300,0.0,0.0,7.708261228338448,998.8711664526409,0.0
1290360,0.0,0.0,7.708261228338448,999.0353431654099,0.0
1290420,0.0,0.0,7.708261228338448,1000.2699969222084,0.0
1290480,0.0,0.0,7.708261228338448,1000.6258882096935,0.0
1290540,0.0,0.0,7.708261228338448,999.5007931989829,0.0
1290600,0.0,0.0,7.708261228338448,999.7659653659512,0.0
1290660,0.0,0.0,7.708261228338448,998.4481337004385,0.0
1290720,0.0,0.0,7.708261228338448,999.6663180507153,0.0
1290780,0.0,0.0,7.708261228338448,1001.4021011588724,0.0
1290840,0.0,0.0,7.708261228338448,1000.2521022982459,0.0
1290900,0.0,0.0,7.708261228338448,999.9849522181025,0.0
1290960,0.0,0.0,7.708261228338448,998.6204056151568,0.0
1291020,0.0,0.0,7.708261228338448,999.3545781804329,0.0
1291080,0.0,0.0,7.708261228338448,1000.5519513995556,0.0
1291140,0.0,0.0,7.708261228338448,1000.7516666010738,0.0
1291200,0.0,0.0,7.708261228338448,999.3239618410688,0.0
1291260,0.0,0.0,7.708261228338448,998.1883166765207,0.0
1291320,0.0,0.0,7.708261228338448,999.1608911117771,0.0
1291380,0.0,0.0,7.708261228338448,1001.2985438645976,0.0
1291440,0.0,0.0,7.708261228338448,1000.3424711753013,0.0
1291500,0.0,0.0,7.708261228338448,1000.598420838662,0.0
1291560,0.0,0.0,7.708261228338448,997.7986406068328,0.0
1291620,0.0,0.0,7.708261228338448,999.1643654790635,0.0
1291680,0.0,0.0,7.708261228338448,1000.2331461403676,0.0
1291740,0.0,0.0,7.708261228338448,1000.3081360820496,0.0
1291800,0.0,0.0,7.708261228338448,1001.2939452866834,0.0
1291860,0.0,0.0,7.708261228338448,999.3559549668526,0.0
1291920,0.0,0.0,7.708261228338448,998.912072492419,0.0
1291980,0.0,0.0,7.708261228338448,999.5863401945762,0.0
1292040,0.0,0.0,7.708261228338448,1000.3279399002138,0.0
1292100,0.0,0.0,7.708261228338448,1000.3401244266906,0.0
1292160,0.0,0.0,7.708261228338448,1000.2742105597084,0.0
1292220,0.0,0.0,7.708261228338448,997.9246817826981,0.0
1292280,0.0,0.0,7.708261228338448,999.1951714262146,0.0
1292340,0.0,0.0,7.708261228338448,1000.7332894456254,0.0
1292400,0.0,0.0,7.708261228338448,1000.6062950785796,0.0
1292460,0.0,0.0,7.708261228338448,1000.3048195438333,0.0
1292520,0.0,0.0,7.708261228338448,998.7959888349328,0.0
1292580,0.0,0.0,7.708261228338448,998.7940077049252,0.0
1292640,0.0,0.0,7.708261228338448,999.6700007858553,0.0
1292700,0.0,0.0,7.708261228338448,1001.5864985884537,0.0
1292760,0.0,0.0,7.708261228338448,1000.1718439228404,0.0
1292820,0.0,0.0,7.708261228338448,1000.0701717439737,0.0
1292880,0.0,0.0,7.708261228338448,998.6558700565677,0.0
1292940,0.0,0.0,7.708261228338448,999.3893869333872,0.0
1293000,0.0,0.0,7.708261228338448,1000.5444890418817,0.0
1293060,0.0,0.0,7.708261228338448,1000.722351718008,0.0
1293120,0.0,0.0,7.708261228338448,998.88237095886,0.0
1293180,0.0,0.0,7.708261228338448,999.3704310531243,0.0
1293240,0.0,0.0,7.708261228338448,999.1368747967563,0.0
1293300,0.0,0.0,7.708261228338448,1000.0063353706063,0.0
1293360,0.0,0.0,7.708261228338448,1001.4869733810025,0.0
1293420,0.0,0.0,7.708261228338448,999.972444392188,0.0
1293480,0.0,0.0,7.708261228338448,999.3848503755263,0.0
1293540,0.0,0.0,7.708261228338448,998.8550371273228,0.0
1293600,0.0,0.0,7.708261228338448,999.7728289729014,0.0
1293660,0.0,0.0,7.708261228338448,1001.7246427494832,0.0
1293720,0.0,0.0,7.708261228338448,999.968955233475,0.0
1293780,0.0,0.0,7.708261228338448,1000.056069467482,0.0
1293840,0.0,0.0,7.708261228338448,997.9920204848004,0.0
1293900,0.0,0.0,7.708261228338448,999.5977505110382,0.0
1293960,0.0,0.0,7.708261228338448,1000.3617919008534,0.0
1294020,0.0,0.0,7.708261228338448,1000.1652647611962,0.0
1294080,0.0,0.0,7.708261228338448,1000.2918960175347,0.0
1294140,0.0,0.0,7.708261228338448,997.844707617293,0.0
1294200,0.0,0.0,7.708261228338448,999.251353151471,0.0
1294260,0.0,0.0,7.708261228338448,1000.867308013439,0.0
1294320,0.0,0.0,7.708261228338448,1000.3970737663764,0.0
1294380,0.0,0.0,7.708261228338448,1000.8272098601848,0.0
1294440,0.0,0.0,7.708261228338448,998.9338136382044,0.0
1294500,0.0,0.0,7.708261228338448,998.9329743893527,0.0
1294560,0.0,0.0,7.708261228338448,1000.0689188576843,0.0
1294620,0.0,0.0,7.708261228338448,1000.6056129013369,0.0
1294680,0.0,0.0,7.708261228338448,999.9245763671504,0.0
1294740,0.0,0.0,7.708261228338448,999.8915725148386,0.0
1294800,0.0,0.0,7.708261228338448,998.1994016654115,0.0
1294860,0.0,0.0,7.708261228338448,999.9367613687966,0.0
1294920,0.0,0.0,7.708261228338448,1000.2433303344721,0.0
1294980,0.0,0.0,7.708261228338448,1001.5216690934984,0.0
1295040,0.0,0.0,7.708261228338448,998.4532817655057,0.0
1295100,0.0,0.0,7.708261228338448,999.4377221991838,0.0
1295160,0.0,0.0,7.708261228338448,999.2351248325675,0.0
1295220,0.0,0.0,7.708261228338448,999.9713435600889,0.0
1295280,0.0,0.0,7.708261228338448,1001.5890191727684,0.0
1295340,0.0,0.0,7.708261228338448,999.9182724914741,0.0
1295400,0.0,0.0,7.708261228338448,999.4244565503309,0.0
1295460,0.0,0.0,7.708261228338448,998.916479899321,0.0
1295520,0.0,0.0,7.708261228338448,999.788165156318,0.0
1295580,0.0,0.0,7.708261228338448,1000.6162510550655,0.0
1295640,0.0,0.0,7.708261228338448,1000.6391488998182,0.0
1295700,0.0,0.0,7.708261228338448,998.3125688402121,0.0
1295760,0.0,0.0,7.708261228338448,999.0972841081976,0.0
1295820,0.0,0.0,7.708261228338448,999.8453475533953,0.0
1295880,0.0,0.0,7.708261228338448,1000.2794097096531,0.0
1295940,0.0,0.0,7.708261228338448,1001.3390953337416,0.0
1296000,0.0,0.0,7.708261228338448,999.5896786845127,0.0
1296060,0.0,0.0,7.708261228338448,998.9529476761038,0.0
1296120,0.0,0.0,7.708261228338448,999.6988463404678,0.0
1296180,0.0,0.0,7.708261228338448,1000.1287110594244,0.0
1296240,0.0,0.0,7.708261228338448,1001.096153719347,0.0
1296300,0.0,0.0,7.708261228338448,998.8917409758748,0.0
1296360,0.0,0.0,7.708261228338448,999.0289909035132,0.0
1296420,0.0,0.0,7.708261228338448,998.9289728160458,0.0
1296480,0.0,0.0,7.708261228338448,1000.0993965211517,0.0
1296540,0.0,0.0,7.708261228338448,1000.5494235777063,0.0
1296600,0.0,0.0,7.708261228338448,999.7586731688198,0.0
1296660,0.0,0.0,7.708261228338448,999.9323580004587,0.0
1296720,0.0,0.0,7.708261228338448,998.2010975344017,0.0
1296780,0.0,0.0,7.708261228338448,999.5218132836363,0.0
1296840,0.0,0.0,7.708261228338448,1001.2774532046961,0.0
1296900,0.0,0.0,7.708261228338448,1000.3346993466625,0.0
1296960,0.0,0.0,7.708261228338448,1000.2492892631068,0.0
1297020,0.0,0.0,7.708261228338448,998.6287102991523,0.0
1297080,0.0,0.0,7.708261228338448,999.1917655967699,0.0
1297140,0.0,0.0,7.708261228338448,1000.4386484254801,0.0
1297200,0.0,0.0,7.708261228338448,1000.7424101400615,0.0
1297260,0.0,0.0,7.708261228338448,999.7048426788567,0.0
1297320,0.0,0.0,7.708261228338448,998.2666017340189,0.0
1297380,0.0,0.0,7.708261228338448,999.0926779283459,0.0
1297440,0.0,0.0,7.708261228338448,1001.0213668373219,0.0
1297500,0.0,0.0,7.708261228338448,1000.4145692146618,0.0
1297560,0.0,0.0,7.708261228338448,1000.6793452205659,0.0
1297620,0.0,0.0,7.708261228338448,998.0072001481943,0.0
1297680,0.0,0.0,7.708261228338448,999.2020822243867,0.0
1297740,0.0,0.0,7.708261228338448,999.920643474617,0.0
1297800,0.0,0.0,7.708261228338448,1000.234155955703,0.0
1297860,0.0,0.0,7.708261228338448,1001.4256017498277,0.0
1297920,0.0,0.0,7.708261228338448,999.5403746184061,0.0
1297980,0.0,0.0,7.708261228338448,999.000564192508,0.0
1298040,0.0,0.0,7.708261228338448,999.364398814405,0.0
1298100,0.0,0.0,7.708261228338448,1000.1787102431504,0.0
1298160,0.0,0.0,7.708261228338448,1000.4769544987207,0.0
1298220,0.0,0.0,7.708261228338448,1000.4110343828095,0.0
1298280,0.0,0.0,7.708261228338448,997.9457952772381,0.0
1298340,0.0,0.0,7.708261228338448,999.1083476276399,0.0
1298400,0.0,0.0,7.708261228338448,1000.48099283604,0.0
1298460,0.0,0.0,7.708261228338448,1000.4374829881742,0.0
1298520,0.0,0.0,7.708261228338448,1000.9952068284972,0.0
1298580,0.0,0.0,7.708261228338448,997.5221630309835,0.0
1298640,0.0,0.0,7.708261228338448,998.9607013530937,0.0
1298700,0.0,0.0,7.708261228338448,999.650356810826,0.0
1298760,0.0,0.0,7.708261228338448,1001.3632006531373,0.0
1298820,0.0,0.0,7.708261228338448,1000.3262263354301,0.0
1298880,0.0,0.0,7.708261228338448,1000.2283893508683,0.0
1298940,0.0,0.0,7.708261228338448,998.6325785615624,0.0
1299000,0.0,0.0,7.708261228338448,999.2228415009191,0.0
1299060,0.0,0.0,7.708261228338448,1000.4369489289323,0.0
1299120,0.0,0.0,7.708261228338448,1000.7124109563275,0.0
1299180,0.0,0.0,7.708261228338448,999.1804674619178,0.0
1299240,0.0,0.0,7.708261228338448,999.5440110807405,0.0
1299300,0.0,0.0,7.708261228338448,998.7989272564541,0.0
1299360,0.0,0.0,7.708261228338448,999.8507560071907,0.0
1299420,0.0,0.0,7.708261228338448,1001.4709332129869,0.0
1299480,0.0,0.0,7.708261228338448,1000.1249767586164,0.0
1299540,0.0,0.0,7.708261228338448,999.6526866604904,0.0
1299600,0.0,0.0,7.708261228338448,998.7045885744265,0.0
1299660,0.0,0.0,7.708261228338448,999.5701089198194,0.0
1299720,0.0,0.0,7.708261228338448,1001.744503895926,0.0
1299780,0.0,0.0,7.708261228338448,1000.1245924049753,0.0
1299840,0.0,0.0,7.708261228338448,1000.2806367406165,0.0
1299900,0.0,0.0,7.708261228338448,997.6741424898737,0.0
1299960,0.0,0.0,7.708261228338448,999.3776953412506,0.0
1300020,0.0,0.0,7.708261228338448,1000.1966719595229,0.0
1300080,0.0,0.0,7.708261228338448,1000.3351368128193,0.0
1300140,0.0,0.0,7.708261228338448,1000.4244803258171,0.0
1300200,0.0,0.0,7.708261228338448,997.8174579751161,0.0
1300260,0.0,0.0,7.708261228338448,999.1719256925378,0.0
1300320,0.0,0.0,7.708261228338448,1000.5992390953606,0.0
1300380,0.0,0.0,7.708261228338448,1000.3793037656038,0.0
1300440,0.0,0.0,7.708261228338448,1001.0542396029663,0.0
1300500,0.0,0.0,7.708261228338448,999.1251732113474,0.0
1300560,0.0,0.0,7.708261228338448,998.8802807819964,0.0
1300620,0.0,0.0,7.708261228338448,999.8519518775156,0.0
1300680,0.0,0.0,7.708261228338448,1000.4955245432735,0.0
1300740,0.0,0.0,7.708261228338448,1000.1475453832354,0.0
1300800,0.0,0.0,7.708261228338448,1000.0740864042715,0.0
1300860,0.0,0.0,7.708261228338448,998.0330301976567,0.0
1300920,0.0,0.0,7.708261228338448,999.3352702202777,0.0
1300980,0.0,0.0,7.708261228338448,1000.9771548616802,0.0
1301040,0.0,0.0,7.708261228338448,1000.403466543091,0.0
1301100,0.0,0.0,7.708261228338448,1000.1644722263154,0.0
1301160,0.0,0.0,7.708261228338448,998.5612465039045,0.0
1301220,0.0,0.0,7.708261228338448,999.2211343774214,0.0
1301280,0.0,0.0,7.708261228338448,999.8358724494182,0.0
1301340,0.0,0.0,7.708261228338448,1001.6325555812546,0.0
1301400,0.0,0.0,7.708261228338448,1000.0542258676021,0.0
1301460,0.0,0.0,7.708261228338448,999.751305959907,0.0
1301520,0.0,0.0,7.708261228338448,998.7495589089905,0.0
1301580,0.0,0.0,7.708261228338448,999.5847132079009,0.0
1301640,0.0,0.0,7.708261228338448,1000.6082216756972,0.0
1301700,0.0,0.0,7.708261228338448,1000.7012444817867,0.0
1301760,0.0,0.0,7.708261228338448,998.596261726342,0.0
1301820,0.0,0.0,7.708261228338448,999.2082328140635,0.0
1301880,0.0,0.0,7.708261228338448,999.4884950834764,0.0
1301940,0.0,0.0,7.708261228338448,1000.1541932262659,0.0
1302000,0.0,0.0,7.708261228338448,1001.4381946104626,0.0
1302060,0.0,0.0,7.708261228338448,999.7947101415127,0.0
1302120,0.0,0.0,7.708261228338448,999.1417642197912,0.0
1302180,0.0,0.0,7.708261228338448,999.2463790469114,0.0
1302240,0.0,0.0,7.708261228338448,999.9721680478915,0.0
1302300,0.0,0.0,7.708261228338448,1001.0478919733754,0.0
1302360,0.0,0.0,7.708261228338448,999.3255334210354,0.0
1302420,0.0,0.0,7.708261228338448,999.2213208522917,0.0
1302480,0.0,0.0,7.708261228338448,998.864658370589,0.0
1302540,0.0,0.0,7.708261228338448,999.882154984768,0.0
1302600,0.0,0.0,7.708261228338448,1000.4335439187853,0.0
1302660,0.0,0.0,7.708261228338448,1000.0037927051656,0.0
1302720,0.0,0.0,7.708261228338448,1000.1129277072981,0.0
1302780,0.0,0.0,7.708261228338448,997.9866750208822,0.0
1302840,0.0,0.0,7.708261228338448,999.3756490305145,0.0
1302900,0.0,0.0,7.708261228338448,1001.0967783308607,0.0
1302960,0.0,0.0,7.708261228338448,1000.3880951779572,0.0
1303020,0.0,0.0,7.708261228338448,1000.5345416160977,0.0
1303080,0.0,0.0,7.708261228338448,998.7451877325847,0.0
1303140,0.0,0.0,7.708261228338448,999.042115018762,0.0
1303200,0.0,0.0,7.708261228338448,1000.2753722035147,0.0
1303260,0.0,0.0,7.708261228338448,1000.6960800764272,0.0
1303320,0.0,0.0,7.708261228338448,1000.1114332798193,0.0
1303380,0.0,0.0,7.708261228338448,998.4636340683144,0.0
1303440,0.0,0.0,7.708261228338448,999.071789617175,0.0
1303500,0.0,0.0,7.708261228338448,1000.6820101588015,0.0
1303560,0.0,0.0,7.708261228338448,1000.4379332708463,0.0
1303620,0.0,0.0,7.708261228338448,1000.7362763871577,0.0
1303680,0.0,0.0,7.708261228338448,998.2778966203036,0.0
1303740,0.0,0.0,7.708261228338448,999.3082918658689,0.0
1303800,0.0,0.0,7.708261228338448,999.5729694372197,0.0
1303860,0.0,0.0,7.708261228338448,1000.128150226977,0.0
1303920,0.0,0.0,7.708261228338448,1001.5259038020127,0.0
1303980,0.0,0.0,7.708261228338448,999.7280397619974,0.0
1304040,0.0,0.0,7.708261228338448,999.1680121592647,0.0
1304100,0.0,0.0,7.708261228338448,999.1373751461927,0.0
1304160,0.0,0.0,7.708261228338448,1000.0018172630357,0.0
1304220,0.0,0.0,7.708261228338448,1000.574066624935,0.0
1304280,0.0,0.0,7.708261228338448,1000.5349907103024,0.0
1304340,0.0,0.0,7.708261228338448,998.080788159596,0.0
1304400,0.0,0.0,7.708261228338448,999.0633182054473,0.0
1304460,0.0,0.0,7.708261228338448,1000.1865573768578,0.0
1304520,0.0,0.0,7.708261228338448,1000.3821734146535,0.0
1304580,0.0,0.0,7.708261228338448,1001.1758542643529,0.0
1304640,0.0,0.0,7.708261228338448,997.7835239655226,0.0
1304700,0.0,0.0,7.708261228338448,998.9988678366052,0.0
1304760,0.0,0.0,7.708261228338448,999.3946951243129,0.0
1304820,0.0,0.0,7.708261228338448,1001.3534593264686,0.0
1304880,0.0,0.0,7.708261228338448,1000.3710219880855,0.0
1304940,0.0,0.0,7.708261228338448,1000.5194342948196,0.0
1305000,0.0,0.0,7.708261228338448,998.7247469597617,0.0
1305060,0.0,0.0,7.708261228338448,999.0939420692736,0.0
1305120,0.0,0.0,7.708261228338448,1000.2967481924056,0.0
1305180,0.0,0.0,7.708261228338448,1000.6687117859605,0.0
1305240,0.0,0.0,7.708261228338448,999.4645127322146,0.0
1305300,0.0,0.0,7.708261228338448,999.7160532621323,0.0
1305360,0.0,0.0,7.708261228338448,998.5032919584673,0.0
1305420,0.0,0.0,7.708261228338448,999.6975075577511,0.0
1305480,0.0,0.0,7.708261228338448,1001.4015219181432,0.0
1305540,0.0,0.0,7.708261228338448,1000.2440201020656,0.0
1305600,0.0,0.0,7.708261228338448,999.92141059836,0.0
1305660,0.0,0.0,7.708261228338448,998.6224724954503,0.0
1305720,0.0,0.0,7.708261228338448,999.3838262784622,0.0
1305780,0.0,0.0,7.708261228338448,1001.68829791319,0.0
1305840,0.0,0.0,7.708261228338448,1000.2418898887704,0.0
1305900,0.0,0.0,7.708261228338448,1000.4791215896727,0.0
1305960,0.0,0.0,7.708261228338448,997.448002230368,0.0
1306020,0.0,0.0,7.708261228338448,999.1752099996182,0.0
1306080,0.0,0.0,7.708261228338448,1000.0249082853633,0.0
1306140,0.0,0.0,7.708261228338448,1000.4567622417134,0.0
1306200,0.0,0.0,7.708261228338448,1000.5282189438019,0.0
1306260,0.0,0.0,7.708261228338448,997.9036834722484,0.0
1306320,0.0,0.0,7.708261228338448,999.1378066947469,0.0
1306380,0.0,0.0,7.708261228338448,1000.3089623286043,0.0
1306440,0.0,0.0,7.708261228338448,1000.3343672422313,0.0
1306500,0.0,0.0,7.708261228338448,1001.2358643650713,0.0
1306560,0.0,0.0,7.708261228338448,999.3165105699435,0.0
1306620,0.0,0.0,7.708261228338448,998.8863838727965,0.0
1306680,0.0,0.0,7.708261228338448,999.6287976322529,0.0
1306740,0.0,0.0,7.708261228338448,1000.3659710309524,0.0
1306800,0.0,0.0,7.708261228338448,1000.3299557317599,0.0
1306860,0.0,0.0,7.708261228338448,1000.236762305891,0.0
1306920,0.0,0.0,7.708261228338448,997.9497108511899,0.0
1306980,0.0,0.0,7.708261228338448,999.2081775552841,0.0
1307040,0.0,0.0,7.708261228338448,1000.7611650692161,0.0
1307100,0.0,0.0,7.708261228338448,1000.6003762505461,0.0
1307160,0.0,0.0,7.708261228338448,1000.2874629635348,0.0
1307220,0.0,0.0,7.708261228338448,998.7595458279661,0.0
1307280,0.0,0.0,7.708261228338448,998.8381372434139,0.0
1307340,0.0,0.0,7.708261228338448,999.6952658853646,0.0
1307400,0.0,0.0,7.708261228338448,1001.5767349715965,0.0
1307460,0.0,0.0,7.708261228338448,1000.1667113506089,0.0
1307520,0.0,0.0,7.708261228338448,1000.0128641705667,0.0
1307580,0.0,0.0,7.708261228338448,998.6587093921993,0.0
1307640,0.0,0.0,7.708261228338448,999.4121786153032,0.0
1307700,0.0,0.0,7.708261228338448,1000.5595125610319,0.0
1307760,0.0,0.0,7.708261228338448,1000.7261468033771,0.0
1307820,0.0,0.0,7.708261228338448,998.8758533861624,0.0
1307880,0.0,0.0,7.708261228338448,999.3378284738565,0.0
1307940,0.0,0.0,7.708261228338448,999.1689118919277,0.0
1308000,0.0,0.0,7.708261228338448,1000.0272139714281,0.0
1308060,0.0,0.0,7.708261228338448,1001.4715845190043,0.0
1308120,0.0,0.0,7.708261228338448,999.9615401900303,0.0
1308180,0.0,0.0,7.708261228338448,999.3505980296991,0.0
1308240,0.0,0.0,7.708261228338448,998.8323827122776,0.0
1308300,0.0,0.0,7.708261228338448,999.8185369655761,0.0
1308360,0.0,0.0,7.708261228338448,1000.9661056102595,0.0
1308420,0.0,0.0,7.708261228338448,999.7267950464756,0.0
1308480,0.0,0.0,7.708261228338448,999.3977365285758,0.0
1308540,0.0,0.0,7.708261228338448,998.8596793618975,0.0
1308600,0.0,0.0,7.708261228338448,999.6694281272598,0.0
1308660,0.0,0.0,7.708261228338448,1000.3107322071758,0.0
1308720,0.0,0.0,7.708261228338448,1000.2003367455947,0.0
1308780,0.0,0.0,7.708261228338448,1000.260277453802,0.0
1308840,0.0,0.0,7.708261228338448,997.8658667394027,0.0
1308900,0.0,0.0,7.708261228338448,999.2621191903669,0.0
1308960,0.0,0.0,7.708261228338448,1000.8861826941927,0.0
1309020,0.0,0.0,7.708261228338448,1000.4091338720042,0.0
1309080,0.0,0.0,7.708261228338448,1000.7714353488713,0.0
1309140,0.0,0.0,7.708261228338448,998.9047664610762,0.0
1309200,0.0,0.0,7.708261228338448,998.9382630078645,0.0
1309260,0.0,0.0,7.708261228338448,1000.096259458843,0.0
1309320,0.0,0.0,7.708261228338448,1000.6258791613404,0.0
1309380,0.0,0.0,7.708261228338448,999.9138474531927,0.0
1309440,0.0,0.0,7.708261228338448,999.8560419430216,0.0
1309500,0.0,0.0,7.708261228338448,998.2306682240793,0.0
1309560,0.0,0.0,7.708261228338448,999.9597735925561,0.0
1309620,0.0,0.0,7.708261228338448,1000.2669406675531,0.0
1309680,0.0,0.0,7.708261228338448,1001.4742523626364,0.0
1309740,0.0,0.0,7.708261228338448,998.4614337030465,0.0
1309800,0.0,0.0,7.708261228338448,999.4042255610319,0.0
1309860,0.0,0.0,7.708261228338448,999.2677092510286,0.0
1309920,0.0,0.0,7.708261228338448,999.9907782272793,0.0
1309980,0.0,0.0,7.708261228338448,1001.5714376065043,0.0
1310040,0.0,0.0,7.708261228338448,999.9084936093111,0.0
1310100,0.0,0.0,7.708261228338448,999.3903316630076,0.0
1310160,0.0,0.0,7.708261228338448,998.9280196322935,0.0
1310220,0.0,0.0,7.708261228338448,999.8072064789635,0.0
1310280,0.0,0.0,7.708261228338448,1000.6227371533888,0.0
1310340,0.0,0.0,7.708261228338448,1000.6337877453702,0.0
1310400,0.0,0.0,7.708261228338448,998.3165813315462,0.0
1310460,0.0,0.0,7.708261228338448,999.0820125558308,0.0
1310520,0.0,0.0,7.708261228338448,999.8605166720272,0.0
1310580,0.0,0.0,7.708261228338448,1000.2926544499115,0.0
1310640,0.0,0.0,7.708261228338448,1001.3206613865385,0.0
1310700,0.0,0.0,7.708261228338448,998.1062796851248,0.0
1310760,0.0,0.0,7.708261228338448,999.1188999525394,0.0
1310820,0.0,0.0,7.708261228338448,999.1401068221044,0.0
1310880,0.0,0.0,7.708261228338448,1001.2720133248949,0.0
1310940,0.0,0.0,7.708261228338448,1000.3837450799714,0.0
1311000,0.0,0.0,7.708261228338448,1000.8050460970545,0.0
1311060,0.0,0.0,7.708261228338448,998.8909074202795,0.0
1311120,0.0,0.0,7.708261228338448,998.9986342307568,0.0
1311180,0.0,0.0,7.708261228338448,1000.1177380038414,0.0
1311240,0.0,0.0,7.708261228338448,1000.5921758197674,0.0
1311300,0.0,0.0,7.708261228338448,999.7353383746896,0.0
1311360,0.0,0.0,7.708261228338448,999.8967929115802,0.0
1311420,0.0,0.0,7.708261228338448,998.2390272952368,0.0
1311480,0.0,0.0,7.708261228338448,999.5411094282207,0.0
1311540,0.0,0.0,7.708261228338448,1001.2814654191723,0.0
1311600,0.0,0.0,7.708261228338448,1000.3349060623527,0.0
1311660,0.0,0.0,7.708261228338448,1000.2025009747246,0.0
1311720,0.0,0.0,7.708261228338448,998.6198290125217,0.0
1311780,0.0,0.0,7.708261228338448,999.2079428911371,0.0
1311840,0.0,0.0,7.708261228338448,1000.4552364665407,0.0
1311900,0.0,0.0,7.708261228338448,1000.7499975916026,0.0
1311960,0.0,0.0,7.708261228338448,999.6813107758711,0.0
1312020,0.0,0.0,7.708261228338448,998.2650340309824,0.0
1312080,0.0,0.0,7.708261228338448,999.0891647025843,0.0
1312140,0.0,0.0,7.708261228338448,1001.0192453294231,0.0
1312200,0.0,0.0,7.708261228338448,1000.4256160187181,0.0
1312260,0.0,0.0,7.708261228338448,1000.6732860297566,0.0
1312320,0.0,0.0,7.708261228338448,998.0168087167661,0.0
1312380,0.0,0.0,7.708261228338448,999.1831320320949,0.0
1312440,0.0,0.0,7.708261228338448,999.9384705245682,0.0
1312500,0.0,0.0,7.708261228338448,1000.2483025531164,0.0
1312560,0.0,0.0,7.708261228338448,1001.4031179873278,0.0
1312620,0.0,0.0,7.708261228338448,999.5296505996456,0.0
1312680,0.0,0.0,7.708261228338448,998.9830297854311,0.0
1312740,0.0,0.0,7.708261228338448,999.3749927267481,0.0
1312800,0.0,0.0,7.708261228338448,1000.1930945084414,0.0
1312860,0.0,0.0,7.708261228338448,1000.4810656740513,0.0
1312920,0.0,0.0,7.708261228338448,1000.4010889632301,0.0
1312980,0.0,0.0,7.708261228338448,997.9565844747461,0.0
1313040,0.0,0.0,7.708261228338448,999.1057383858508,0.0
1313100,0.0,0.0,7.708261228338448,1000.4854416233519,0.0
1313160,0.0,0.0,7.708261228338448,1000.7519948555798,0.0
1313220,0.0,0.0,7.708261228338448,1000.396607115428,0.0
1313280,0.0,0.0,7.708261228338448,999.0514898659385,0.0
1313340,0.0,0.0,7.708261228338448,998.4392118125635,0.0
1313400,0.0,0.0,7.708261228338448,999.5412843180175,0.0
1313460,0.0,0.0,7.708261228338448,1001.4653687135028,0.0
1313520,0.0,0.0,7.708261228338448,1000.2568041141424,0.0
1313580,0.0,0.0,7.708261228338448,1000.3127273793566,0.0
1313640,0.0,0.0,7.708261228338448,998.6425205386938,0.0
1313700,0.0,0.0,7.708261228338448,999.2379864813445,0.0
1313760,0.0,0.0,7.708261228338448,1000.457180074349,0.0
1313820,0.0,0.0,7.708261228338448,1000.7177992442743,0.0
1313880,0.0,0.0,7.708261228338448,999.1765770485345,0.0
1313940,0.0,0.0,7.708261228338448,999.5093265633852,0.0
1314000,0.0,0.0,7.708261228338448,998.8326121043948,0.0
1314060,0.0,0.0,7.708261228338448,999.8714271098572,0.0
1314120,0.0,0.0,7.708261228338448,1001.4608435057123,0.0
1314180,0.0,0.0,7.708261228338448,1000.1177207958488,0.0
1314240,0.0,0.0,7.708261228338448,999.6148255277251,0.0
1314300,0.0,0.0,7.708261228338448,998.404565505568,0.0
1314360,0.0,0.0,7.708261228338448,999.6412289386308,0.0
1314420,0.0,0.0,7.708261228338448,1000.8390183681036,0.0
1314480,0.0,0.0,7.708261228338448,1000.1249230147004,0.0
1314540,0.0,0.0,7.708261228338448,999.5863431623084,0.0
1314600,0.0,0.0,7.708261228338448,998.929359035608,0.0
1314660,0.0,0.0,7.708261228338448,999.4331726030077,0.0
1314720,0.0,0.0,7.708261228338448,1000.1567633524272,0.0
1314780,0.0,0.0,7.708261228338448,1000.3652670571653,0.0
1314840,0.0,0.0,7.708261228338448,1000.4027129768447,0.0
1314900,0.0,0.0,7.708261228338448,997.8232529190179,0.0
1314960,0.0,0.0,7.708261228338448,999.1731918275095,0.0
1315020,0.0,0.0,7.708261228338448,1000.6258298697942,0.0
1315080,0.0,0.0,7.708261228338448,1000.3966246104151,0.0
1315140,0.0,0.0,7.708261228338448,1001.0023607882611,0.0
1315200,0.0,0.0,7.708261228338448,999.0948706616244,0.0
1315260,0.0,0.0,7.708261228338448,998.875519234932,0.0
1315320,0.0,0.0,7.708261228338448,999.8812535774354,0.0
1315380,0.0,0.0,7.708261228338448,1000.5201712827895,0.0
1315440,0.0,0.0,7.708261228338448,1000.1390603080605,0.0
1315500,0.0,0.0,7.708261228338448,1000.0414327447497,0.0
1315560,0.0,0.0,7.708261228338448,998.0597271444291,0.0
1315620,0.0,0.0,7.708261228338448,999.6684509495863,0.0
1315680,0.0,0.0,7.708261228338448,1000.1357935227957,0.0
1315740,0.0,0.0,7.708261228338448,1001.6699285764796,0.0
1315800,0.0,0.0,7.708261228338448,998.7636424438633,0.0
1315860,0.0,0.0,7.708261228338448,999.5634676387509,0.0
1315920,0.0,0.0,7.708261228338448,998.9127132136658,0.0
1315980,0.0,0.0,7.708261228338448,999.8563963821431,0.0
1316040,0.0,0.0,7.708261228338448,1001.5610112919886,0.0
1316100,0.0,0.0,7.708261228338448,1000.0541095645847,0.0
1316160,0.0,0.0,7.708261228338448,999.6404553997598,0.0
1316220,0.0,0.0,7.708261228338448,998.767903128465,0.0
1316280,0.0,0.0,7.708261228338448,999.6218826228259,0.0
1316340,0.0,0.0,7.708261228338448,1000.6229065224767,0.0
1316400,0.0,0.0,7.708261228338448,1000.6971108958733,0.0
1316460,0.0,0.0,7.708261228338448,998.5799438072362,0.0
1316520,0.0,0.0,7.708261228338448,999.1683613311843,0.0
1316580,0.0,0.0,7.708261228338448,999.5365031561627,0.0
1316640,0.0,0.0,7.708261228338448,1000.1834805662321,0.0
1316700,0.0,0.0,7.708261228338448,1001.4105093501138,0.0
1316760,0.0,0.0,7.708261228338448,998.4560921093063,0.0
1316820,0.0,0.0,7.708261228338448,999.2616553925589,0.0
1316880,0.0,0.0,7.708261228338448,998.9161342025815,0.0
1316940,0.0,0.0,7.708261228338448,1001.1220812058593,0.0
1317000,0.0,0.0,7.708261228338448,1000.3678717330113,0.0
1317060,0.0,0.0,7.708261228338448,1001.0497834550837,0.0
1317120,0.0,0.0,7.708261228338448,999.0671308462565,0.0
1317180,0.0,0.0,7.708261228338448,998.9509716165032,0.0
1317240,0.0,0.0,7.708261228338448,999.9202911385603,0.0
1317300,0.0,0.0,7.708261228338448,1000.493113437157,0.0
1317360,0.0,0.0,7.708261228338448,999.9732689529144,0.0
1317420,0.0,0.0,7.708261228338448,1000.0636777067712,0.0
1317480,0.0,0.0,7.708261228338448,998.0384949651477,0.0
1317540,0.0,0.0,7.708261228338448,999.3999992431388,0.0
1317600,0.0,0.0,7.708261228338448,1001.1180114920858,0.0
1317660,0.0,0.0,7.708261228338448,1000.3929290308273,0.0
1317720,0.0,0.0,7.708261228338448,1000.4643086409526,0.0
1317780,0.0,0.0,7.708261228338448,998.7131368444861,0.0
1317840,0.0,0.0,7.708261228338448,999.0614198388334,0.0
1317900,0.0,0.0,7.708261228338448,1000.3068169506397,0.0
1317960,0.0,0.0,7.708261228338448,1000.7138744675552,0.0
1318020,0.0,0.0,7.708261228338448,1000.0606527602777,0.0
1318080,0.0,0.0,7.708261228338448,998.4466794148,0.0
1318140,0.0,0.0,7.708261228338448,999.0570957455442,0.0
1318200,0.0,0.0,7.708261228338448,1000.7007771218874,0.0
1318260,0.0,0.0,7.708261228338448,1000.4542287090657,0.0
1318320,0.0,0.0,7.708261228338448,1000.73266736118,0.0
1318380,0.0,0.0,7.708261228338448,998.2759097198393,0.0
1318440,0.0,0.0,7.708261228338448,999.2729075262151,0.0
1318500,0.0,0.0,7.708261228338448,999.6126129846458,0.0
1318560,0.0,0.0,7.708261228338448,1000.1517885771126,0.0
1318620,0.0,0.0,7.708261228338448,1001.4979875218885,0.0
1318680,0.0,0.0,7.708261228338448,999.7097160693365,0.0
1318740,0.0,0.0,7.708261228338448,999.1324389944091,0.0
1318800,0.0,0.0,7.708261228338448,999.1578927008014,0.0
1318860,0.0,0.0,7.708261228338448,1000.0274121996432,0.0
1318920,0.0,0.0,7.708261228338448,1000.5774815524884,0.0
1318980,0.0,0.0,7.708261228338448,1000.5215359733719,0.0
1319040,0.0,0.0,7.708261228338448,998.0843212457115,0.0
1319100,0.0,0.0,7.708261228338448,999.0553935454427,0.0
1319160,0.0,0.0,7.708261228338448,1000.2065042303004,0.0
1319220,0.0,0.0,7.708261228338448,1000.8369663917055,0.0
1319280,0.0,0.0,7.708261228338448,1000.4684975214976,0.0
1319340,0.0,0.0,7.708261228338448,999.3588925532971,0.0
1319400,0.0,0.0,7.708261228338448,998.1166492066982,0.0
1319460,0.0,0.0,7.708261228338448,999.4140772273345,0.0
1319520,0.0,0.0,7.708261228338448,1001.3076965960383,0.0
1319580,0.0,0.0,7.708261228338448,1000.3124089978836,0.0
1319640,0.0,0.0,7.708261228338448,1000.5690593519193,0.0
1319700,0.0,0.0,7.708261228338448,998.7189436453963,0.0
1319760,0.0,0.0,7.708261228338448,999.102577047961,0.0
1319820,0.0,0.0,7.708261228338448,1000.3275452904384,0.0
1319880,0.0,0.0,7.708261228338448,1000.6822064244725,0.0
1319940,0.0,0.0,7.708261228338448,999.4527389053685,0.0
1320000,0.0,0.0,7.708261228338448,999.6723162665801,0.0
1320060,0.0,0.0,7.708261228338448,998.5481200531492,0.0
1320120,0.0,0.0,7.708261228338448,999.7235090694472,0.0
1320180,0.0,0.0,7.708261228338448,1001.3979771041326,0.0
1320240,0.0,0.0,7.708261228338448,1000.2375099785168,0.0
1320300,0.0,0.0,7.708261228338448,999.869384201412,0.0
1320360,0.0,0.0,7.708261228338448,998.6251642097557,0.0
1320420,0.0,0.0,7.708261228338448,999.4080201461268,0.0
1320480,0.0,0.0,7.708261228338448,1001.665096424218,0.0
1320540,0.0,0.0,7.708261228338448,1000.2444878532549,0.0
1320600,0.0,0.0,7.708261228338448,1000.4433363648772,0.0
1320660,0.0,0.0,7.708261228338448,997.4930810116064,0.0
1320720,0.0,0.0,7.708261228338448,999.1942469164848,0.0
1320780,0.0,0.0,7.708261228338448,1000.0512548944808,0.0
1320840,0.0,0.0,7.708261228338448,1000.461531106265,0.0
1320900,0.0,0.0,7.708261228338448,1000.5172219333947,0.0
1320960,0.0,0.0,7.708261228338448,997.9143262472753,0.0
1321020,0.0,0.0,7.708261228338448,999.1284245358603,0.0
1321080,0.0,0.0,7.708261228338448,1000.3262211391552,0.0
1321140,0.0,0.0,7.708261228338448,1000.3481154339948,0.0
1321200,0.0,0.0,7.708261228338448,1001.2077506329723,0.0
1321260,0.0,0.0,7.708261228338448,999.3015689727573,0.0
1321320,0.0,0.0,7.708261228338448,998.8752116120972,0.0
1321380,0.0,0.0,7.708261228338448,999.6429095930704,0.0
1321440,0.0,0.0,7.708261228338448,1000.3816832902675,0.0
1321500,0.0,0.0,7.708261228338448,1000.3316951070448,0.0
1321560,0.0,0.0,7.708261228338448,1000.2212323809542,0.0
1321620,0.0,0.0,7.708261228338448,997.9630788721652,0.0
1321680,0.0,0.0,7.708261228338448,999.3555257818745,0.0
1321740,0.0,0.0,7.708261228338448,999.9837268501404,0.0
1321800,0.0,0.0,7.708261228338448,1001.8155040817519,0.0
1321860,0.0,0.0,7.708261228338448,999.0681665912849,0.0
1321920,0.0,0.0,7.708261228338448,999.7423563884719,0.0
1321980,0.0,0.0,7.708261228338448,998.5655714697639,0.0
1322040,0.0,0.0,7.708261228338448,999.7109511623748,0.0
1322100,0.0,0.0,7.708261228338448,1001.499442030257,0.0
1322160,0.0,0.0,7.708261228338448,1000.1769548842123,0.0
1322220,0.0,0.0,7.708261228338448,999.9201280945363,0.0
1322280,0.0,0.0,7.708261228338448,998.6607319022213,0.0
1322340,0.0,0.0,7.708261228338448,999.436276890227,0.0
1322400,0.0,0.0,7.708261228338448,1000.5746921828407,0.0
1322460,0.0,0.0,7.708261228338448,1000.7297129562727,0.0
1322520,0.0,0.0,7.708261228338448,998.8665647486546,0.0
1322580,0.0,0.0,7.708261228338448,999.3040100591462,0.0
1322640,0.0,0.0,7.708261228338448,999.2029780666761,0.0
1322700,0.0,0.0,7.708261228338448,1000.0495233899481,0.0
1322760,0.0,0.0,7.708261228338448,1001.4553967760672,0.0
1322820,0.0,0.0,7.708261228338448,999.9489880102932,0.0
1322880,0.0,0.0,7.708261228338448,999.3147485015853,0.0
1322940,0.0,0.0,7.708261228338448,998.860499004015,0.0
1323000,0.0,0.0,7.708261228338448,999.8381875257686,0.0
1323060,0.0,0.0,7.708261228338448,1000.9755953842832,0.0
1323120,0.0,0.0,7.708261228338448,999.7262069828647,0.0
1323180,0.0,0.0,7.708261228338448,999.3802301459847,0.0
1323240,0.0,0.0,7.708261228338448,998.8485768752166,0.0
1323300,0.0,0.0,7.708261228338448,999.6859175895931,0.0
1323360,0.0,0.0,7.708261228338448,1000.3286535452511,0.0
1323420,0.0,0.0,7.708261228338448,1000.2027609977924,0.0
1323480,0.0,0.0,7.708261228338448,1000.2439642263989,0.0
1323540,0.0,0.0,7.708261228338448,997.8836502168197,0.0
1323600,0.0,0.0,7.708261228338448,999.2648001087202,0.0
1323660,0.0,0.0,7.708261228338448,1000.8902136309237,0.0
1323720,0.0,0.0,7.708261228338448,1000.4164898069691,0.0
1323780,0.0,0.0,7.708261228338448,1000.7464630910208,0.0
1323840,0.0,0.0,7.708261228338448,998.8940417261601,0.0
1323900,0.0,0.0,7.708261228338448,998.9383843932949,0.0
1323960,0.0,0.0,7.708261228338448,1000.1050678288043,0.0
1324020,0.0,0.0,7.708261228338448,1000.6348062764232,0.0
1324080,0.0,0.0,7.708261228338448,1000.4625530671359,0.0
1324140,0.0,0.0,7.708261228338448,998.6797166951159,0.0
1324200,0.0,0.0,7.708261228338448,999.091569664199,0.0
1324260,0.0,0.0,7.708261228338448,1000.3153671590552,0.0
1324320,0.0,0.0,7.708261228338448,1000.4290532150127,0.0
1324380,0.0,0.0,7.708261228338448,1000.7631348233926,0.0
1324440,0.0,0.0,7.708261228338448,998.5757750723574,0.0
1324500,0.0,0.0,7.708261228338448,999.4153761753149,0.0
1324560,0.0,0.0,7.708261228338448,999.2508389859405,0.0
1324620,0.0,0.0,7.708261228338448,1000.0213084281936,0.0
1324680,0.0,0.0,7.708261228338448,1001.5572765410135,0.0
1324740,0.0,0.0,7.708261228338448,999.8896133047373,0.0
1324800,0.0,0.0,7.708261228338448,999.3558086765486,0.0
1324860,0.0,0.0,7.708261228338448,998.9451670224593,0.0
1324920,0.0,0.0,7.708261228338448,999.8332893752856,0.0
1324980,0.0,0.0,7.708261228338448,1000.6292349328164,0.0
1325040,0.0,0.0,7.708261228338448,1000.6253134509483,0.0
1325100,0.0,0.0,7.708261228338448,998.3161071906766,0.0
1325160,0.0,0.0,7.708261228338448,999.0646590366683,0.0
1325220,0.0,0.0,7.708261228338448,999.8840391603482,0.0
1325280,0.0,0.0,7.708261228338448,1000.8639546461786,0.0
1325340,0.0,0.0,7.708261228338448,1000.5148489652406,0.0
1325400,0.0,0.0,7.708261228338448,999.7215998843279,0.0
1325460,0.0,0.0,7.708261228338448,997.8318742308606,0.0
1325520,0.0,0.0,7.708261228338448,999.2976771800247,0.0
1325580,0.0,0.0,7.708261228338448,1001.0937992766666,0.0
1325640,0.0,0.0,7.708261228338448,1000.3378662033334,0.0
1325700,0.0,0.0,7.708261228338448,1000.8334179812985,0.0
1325760,0.0,0.0,7.708261228338448,998.8800968474881,0.0
1325820,0.0,0.0,7.708261228338448,998.9915613920414,0.0
1325880,0.0,0.0,7.708261228338448,1000.1528423099148,0.0
1325940,0.0,0.0,7.708261228338448,1000.6116598115894,0.0
1326000,0.0,0.0,7.708261228338448,999.7243345300012,0.0
1326060,0.0,0.0,7.708261228338448,999.8548186880652,0.0
1326120,0.0,0.0,7.708261228338448,998.2812793086288,0.0
1326180,0.0,0.0,7.708261228338448,999.5642804605138,0.0
1326240,0.0,0.0,7.708261228338448,1001.2855343583965,0.0
1326300,0.0,0.0,7.708261228338448,1000.3337180141395,0.0
1326360,0.0,0.0,7.708261228338448,1000.1493618188545,0.0
1326420,0.0,0.0,7.708261228338448,998.6112253545055,0.0
1326480,0.0,0.0,7.708261228338448,999.2279871928314,0.0
1326540,0.0,0.0,7.708261228338448,1001.5464874426485,0.0
1326600,0.0,0.0,7.708261228338448,1000.3303905773361,0.0
1326660,0.0,0.0,7.708261228338448,1000.631646438058,0.0
1326720,0.0,0.0,7.708261228338448,997.3557745657112,0.0
1326780,0.0,0.0,7.708261228338448,999.005364982292,0.0
1326840,0.0,0.0,7.708261228338448,999.8648527171365,0.0
1326900,0.0,0.0,7.708261228338448,1000.5395999061888,0.0
1326960,0.0,0.0,7.708261228338448,1000.6027257626705,0.0
1327020,0.0,0.0,7.708261228338448,998.1136235167868,0.0
1327080,0.0,0.0,7.708261228338448,999.1416312458763,0.0
1327140,0.0,0.0,7.708261228338448,1000.0103304146472,0.0
1327200,0.0,0.0,7.708261228338448,1000.27584085819,0.0
1327260,0.0,0.0,7.708261228338448,1001.3580047073168,0.0
1327320,0.0,0.0,7.708261228338448,999.4974562069873,0.0
1327380,0.0,0.0,7.708261228338448,998.9453631045066,0.0
1327440,0.0,0.0,7.708261228338448,999.4109490782095,0.0
1327500,0.0,0.0,7.708261228338448,1000.2291312100998,0.0
1327560,0.0,0.0,7.708261228338448,1000.4773026812564,0.0
1327620,0.0,0.0,7.708261228338448,1000.3730884736016,0.0
1327680,0.0,0.0,7.708261228338448,997.9682421283105,0.0
1327740,0.0,0.0,7.708261228338448,999.0565677955742,0.0
1327800,0.0,0.0,7.708261228338448,999.8306862188807,0.0
1327860,0.0,0.0,7.708261228338448,1001.8884448352096,0.0
1327920,0.0,0.0,7.708261228338448,999.3532063229113,0.0
1327980,0.0,0.0,7.708261228338448,999.914055987243,0.0
1328040,0.0,0.0,7.708261228338448,998.2651398117323,0.0
1328100,0.0,0.0,7.708261228338448,999.5731913897351,0.0
1328160,0.0,0.0,7.708261228338448,1001.3883451071529,0.0
1328220,0.0,0.0,7.708261228338448,1000.2683283329782,0.0
1328280,0.0,0.0,7.708261228338448,1000.1929773559565,0.0
1328340,0.0,0.0,7.708261228338448,998.6287415504772,0.0
1328400,0.0,0.0,7.708261228338448,999.2707668040531,0.0
1328460,0.0,0.0,7.708261228338448,1000.4861068181785,0.0
1328520,0.0,0.0,7.708261228338448,1000.7304823877878,0.0
1328580,0.0,0.0,7.708261228338448,999.1520695231808,0.0
1328640,0.0,0.0,7.708261228338448,999.4565529531507,0.0
1328700,0.0,0.0,7.708261228338448,998.8903260930787,0.0
1328760,0.0,0.0,7.708261228338448,999.906257994876,0.0
1328820,0.0,0.0,7.708261228338448,1001.4485506209317,0.0
1328880,0.0,0.0,7.708261228338448,1000.1007933565277,0.0
1328940,0.0,0.0,7.708261228338448,999.553660754586,0.0
1329000,0.0,0.0,7.708261228338448,998.4628698249942,0.0
1329060,0.0,0.0,7.708261228338448,999.672029410564,0.0
1329120,0.0,0.0,7.708261228338448,1000.8621609738353,0.0
1329180,0.0,0.0,7.708261228338448,1000.1041813857939,0.0
1329240,0.0,0.0,7.708261228338448,999.5590174795439,0.0
1329300,0.0,0.0,7.708261228338448,998.9005988481945,0.0
1329360,0.0,0.0,7.708261228338448,999.4628772504063,0.0
1329420,0.0,0.0,7.708261228338448,1000.187145304219,0.0
1329480,0.0,0.0,7.708261228338448,1000.3642598888308,0.0
1329540,0.0,0.0,7.708261228338448,1000.3808278352357,0.0
1329600,0.0,0.0,7.708261228338448,997.8426951232252,0.0
1329660,0.0,0.0,7.708261228338448,999.1736930165899,0.0
1329720,0.0,0.0,7.708261228338448,1000.6455121658984,0.0
1329780,0.0,0.0,7.708261228338448,1000.4095655507061,0.0
1329840,0.0,0.0,7.708261228338448,1000.9636568680681,0.0
1329900,0.0,0.0,7.708261228338448,999.0734709597389,0.0
1329960,0.0,0.0,7.708261228338448,998.8720524936842,0.0
1330020,0.0,0.0,7.708261228338448,999.9013888721695,0.0
1330080,0.0,0.0,7.708261228338448,1000.5380391944004,0.0
1330140,0.0,0.0,7.708261228338448,1000.7969568334253,0.0
1330200,0.0,0.0,7.708261228338448,998.9084983689286,0.0
1330260,0.0,0.0,7.708261228338448,999.1826796161798,0.0
1330320,0.0,0.0,7.708261228338448,999.9276239020988,0.0
1330380,0.0,0.0,7.708261228338448,1000.368100781775,0.0
1330440,0.0,0.0,7.708261228338448,1000.7610686437193,0.0
1330500,0.0,0.0,7.708261228338448,998.8702764191275,0.0
1330560,0.0,0.0,7.708261228338448,999.5566825896797,0.0
1330620,0.0,0.0,7.708261228338448,998.9290034973986,0.0
1330680,0.0,0.0,7.708261228338448,999.8924554485014,0.0
1330740,0.0,0.0,7.708261228338448,1001.5558232234995,0.0
1330800,0.0,0.0,7.708261228338448,1000.0347614219482,0.0
1330860,0.0,0.0,7.708261228338448,999.5880318932666,0.0
1330920,0.0,0.0,7.708261228338448,998.7852955702486,0.0
1330980,0.0,0.0,7.708261228338448,999.6545240720947,0.0
1331040,0.0,0.0,7.708261228338448,1000.6345540197785,0.0
1331100,0.0,0.0,7.708261228338448,1000.6918031347498,0.0
1331160,0.0,0.0,7.708261228338448,998.570218096381,0.0
1331220,0.0,0.0,7.708261228338448,999.1356750578008,0.0
1331280,0.0,0.0,7.708261228338448,999.5739118696011,0.0
1331340,0.0,0.0,7.708261228338448,1000.2075678366681,0.0
1331400,0.0,0.0,7.708261228338448,1001.3863685061079,0.0
1331460,0.0,0.0,7.708261228338448,998.4674521688803,0.0
1331520,0.0,0.0,7.708261228338448,999.230426068633,0.0
1331580,0.0,0.0,7.708261228338448,998.9416281253225,0.0
1331640,0.0,0.0,7.708261228338448,1001.1163820823829,0.0
1331700,0.0,0.0,7.708261228338448,1000.3815320943295,0.0
1331760,0.0,0.0,7.708261228338448,1001.0056459706515,0.0
1331820,0.0,0.0,7.708261228338448,999.0469082297843,0.0
1331880,0.0,0.0,7.708261228338448,998.945178505251,0.0
1331940,0.0,0.0,7.708261228338448,999.9390916693204,0.0
1332000,0.0,0.0,7.708261228338448,1000.5106596922395,0.0
1332060,0.0,0.0,7.708261228338448,999.9726194209642,0.0
1332120,0.0,0.0,7.708261228338448,1000.0412303239161,0.0
1332180,0.0,0.0,7.708261228338448,998.0602531351544,0.0
1332240,0.0,0.0,7.708261228338448,999.4088785086584,0.0
1332300,0.0,0.0,7.708261228338448,1001.1202158453123,0.0
1332360,0.0,0.0,7.708261228338448,1000.3975489780294,0.0
1332420,0.0,0.0,7.708261228338448,1000.4347117609155,0.0
1332480,0.0,0.0,7.708261228338448,998.7015221342344,0.0
1332540,0.0,0.0,7.708261228338448,999.0672465098455,0.0
1332600,0.0,0.0,7.708261228338448,1001.3584193041704,0.0
1332660,0.0,0.0,7.708261228338448,1000.3771755338457,0.0
1332720,0.0,0.0,7.708261228338448,1000.8002647964115,0.0
1332780,0.0,0.0,7.708261228338448,997.334470636841,0.0
1332840,0.0,0.0,7.708261228338448,998.8484640877458,0.0
1332900,0.0,0.0,7.708261228338448,999.6676137282319,0.0
1332960,0.0,0.0,7.708261228338448,1000.5681076734911,0.0
1333020,0.0,0.0,7.708261228338448,1000.661242807872,0.0
1333080,0.0,0.0,7.708261228338448,998.3723851037194,0.0
1333140,0.0,0.0,7.708261228338448,999.2257509619087,0.0
1333200,0.0,0.0,7.708261228338448,999.6695652399263,0.0
1333260,0.0,0.0,7.708261228338448,1000.1747913376213,0.0
1333320,0.0,0.0,7.708261228338448,1001.4685590937639,0.0
1333380,0.0,0.0,7.708261228338448,999.6904464080176,0.0
1333440,0.0,0.0,7.708261228338448,999.0947048232617,0.0
1333500,0.0,0.0,7.708261228338448,999.1803940370809,0.0
1333560,0.0,0.0,7.708261228338448,1000.0544405465012,0.0
1333620,0.0,0.0,7.708261228338448,1000.5802281597669,0.0
1333680,0.0,0.0,7.708261228338448,1000.5062970763103,0.0
1333740,0.0,0.0,7.708261228338448,998.0870636176556,0.0
1333800,0.0,0.0,7.708261228338448,999.0485940521086,0.0
1333860,0.0,0.0,7.708261228338448,1000.228266054441,0.0
1333920,0.0,0.0,7.708261228338448,1000.8389760320016,0.0
1333980,0.0,0.0,7.708261228338448,1000.4668096709577,0.0
1334040,0.0,0.0,7.708261228338448,999.3280558609586,0.0
1334100,0.0,0.0,7.708261228338448,998.1445583071134,0.0
1334160,0.0,0.0,7.708261228338448,999.4232876259051,0.0
1334220,0.0,0.0,7.708261228338448,1001.3070701930035,0.0
1334280,0.0,0.0,7.708261228338448,1000.3174618241726,0.0
1334340,0.0,0.0,7.708261228338448,1000.5336387274808,0.0
1334400,0.0,0.0,7.708261228338448,998.706884551925,0.0
1334460,0.0,0.0,7.708261228338448,999.1086704997555,0.0
1334520,0.0,0.0,7.708261228338448,1000.3390347333182,0.0
1334580,0.0,0.0,7.708261228338448,1000.6908580382141,0.0
1334640,0.0,0.0,7.708261228338448,999.4551785067772,0.0
1334700,0.0,0.0,7.708261228338448,999.651751355387,0.0
1334760,0.0,0.0,7.708261228338448,998.5644075573213,0.0
1334820,0.0,0.0,7.708261228338448,999.7337531044211,0.0
1334880,0.0,0.0,7.708261228338448,1001.3915425200422,0.0
1334940,0.0,0.0,7.708261228338448,1000.2378615203247,0.0
1335000,0.0,0.0,7.708261228338448,999.8478830618873,0.0
1335060,0.0,0.0,7.708261228338448,998.0585239158343,0.0
1335120,0.0,0.0,7.708261228338448,999.485065155716,0.0
1335180,0.0,0.0,7.708261228338448,1000.6973631544226,0.0
1335240,0.0,0.0,7.708261228338448,1000.4735195056326,0.0
1335300,0.0,0.0,7.708261228338448,999.7475108572672,0.0
1335360,0.0,0.0,7.708261228338448,999.0478893789893,0.0
1335420,0.0,0.0,7.708261228338448,999.2215758811016,0.0
1335480,0.0,0.0,7.708261228338448,1000.0118682135279,0.0
1335540,0.0,0.0,7.708261228338448,1000.4887602973452,0.0
1335600,0.0,0.0,7.708261228338448,1000.5095956669043,0.0
1335660,0.0,0.0,7.708261228338448,997.9043916063415,0.0
1335720,0.0,0.0,7.708261228338448,999.1210597969663,0.0
1335780,0.0,0.0,7.708261228338448,1000.3472426759275,0.0
1335840,0.0,0.0,7.708261228338448,1000.3651350057087,0.0
1335900,0.0,0.0,7.708261228338448,1001.1718967246152,0.0
1335960,0.0,0.0,7.708261228338448,999.280231610743,0.0
1336020,0.0,0.0,7.708261228338448,998.8630997103177,0.0
1336080,0.0,0.0,7.708261228338448,999.6636411765923,0.0
1336140,0.0,0.0,7.708261228338448,1000.4023011181774,0.0
1336200,0.0,0.0,7.708261228338448,1001.118892762115,0.0
1336260,0.0,0.0,7.708261228338448,999.1554196880528,0.0
1336320,0.0,0.0,7.708261228338448,999.338564435667,0.0
1336380,0.0,0.0,7.708261228338448,999.4947734941813,0.0
1336440,0.0,0.0,7.708261228338448,1000.2567279808094,0.0
1336500,0.0,0.0,7.708261228338448,1000.7243830923229,0.0
1336560,0.0,0.0,7.708261228338448,999.176673562037,0.0
1336620,0.0,0.0,7.708261228338448,999.7254847484621,0.0
1336680,0.0,0.0,7.708261228338448,998.6020728350616,0.0
1336740,0.0,0.0,7.708261228338448,999.7440395288863,0.0
1336800,0.0,0.0,7.708261228338448,1001.5074902617907,0.0
1336860,0.0,0.0,7.708261228338448,1000.1637817798821,0.0
1336920,0.0,0.0,7.708261228338448,999.8630001972509,0.0
1336980,0.0,0.0,7.708261228338448,998.6686768392954,0.0
1337040,0.0,0.0,7.708261228338448,999.4657763609789,0.0
1337100,0.0,0.0,7.708261228338448,1000.591226987001,0.0
1337160,0.0,0.0,7.708261228338448,1000.7310822852746,0.0
1337220,0.0,0.0,7.708261228338448,998.8542806758685,0.0
1337280,0.0,0.0,7.708261228338448,999.2664308267971,0.0
1337340,0.0,0.0,7.708261228338448,999.2427741638642,0.0
1337400,0.0,0.0,7.708261228338448,1000.0750927467421,0.0
1337460,0.0,0.0,7.708261228338448,1001.437353653357,0.0
1337520,0.0,0.0,7.708261228338448,998.8312069906174,0.0
1337580,0.0,0.0,7.708261228338448,999.3937341345692,0.0
1337640,0.0,0.0,7.708261228338448,998.7382837374664,0.0
1337700,0.0,0.0,7.708261228338448,1000.9052505019762,0.0
1337760,0.0,0.0,7.708261228338448,1000.338808024515,0.0
1337820,0.0,0.0,7.708261228338448,1001.2275528634385,0.0
1337880,0.0,0.0,7.708261228338448,999.2361617184656,0.0
1337940,0.0,0.0,7.708261228338448,998.9446978036378,0.0
1338000,0.0,0.0,7.708261228338448,999.720066485109,0.0
1338060,0.0,0.0,7.708261228338448,1000.3867618546891,0.0
1338120,0.0,0.0,7.708261228338448,1000.1817621057875,0.0
1338180,0.0,0.0,7.708261228338448,1000.2043869543122,0.0
1338240,0.0,0.0,7.708261228338448,997.9215172060333,0.0
1338300,0.0,0.0,7.708261228338448,999.2793890027982,0.0
1338360,0.0,0.0,7.708261228338448,1000.9158056694127,0.0
1338420,0.0,0.0,7.708261228338448,1000.426828865284,0.0
1338480,0.0,0.0,7.708261228338448,1000.6873542145133,0.0
1338540,0.0,0.0,7.708261228338448,998.8626372050818,0.0
1338600,0.0,0.0,7.708261228338448,998.9472797729568,0.0
1338660,0.0,0.0,7.708261228338448,1001.110015401209,0.0
1338720,0.0,0.0,7.708261228338448,1000.3862384509524,0.0
1338780,0.0,0.0,7.708261228338448,1000.9290363521917,0.0
1338840,0.0,0.0,7.708261228338448,997.4656284358612,0.0
1338900,0.0,0.0,7.708261228338448,998.7494046563971,0.0
1338960,0.0,0.0,7.708261228338448,999.4826084211379,0.0
1339020,0.0,0.0,7.708261228338448,1000.5497134593224,0.0
1339080,0.0,0.0,7.708261228338448,1000.6886271685646,0.0
1339140,0.0,0.0,7.708261228338448,998.6502058665089,0.0
1339200,0.0,0.0,7.708261228338448,999.3464053057565,0.0
1339260,0.0,0.0,7.708261228338448,999.334816359198,0.0
1339320,0.0,0.0,7.708261228338448,1000.0587348459876,0.0
1339380,0.0,0.0,7.708261228338448,1001.5255113393598,0.0
1339440,0.0,0.0,7.708261228338448,999.8626219755962,0.0
1339500,0.0,0.0,7.708261228338448,999.2892959734272,0.0
1339560,0.0,0.0,7.708261228338448,998.9772431051997,0.0
1339620,0.0,0.0,7.708261228338448,999.8757317505272,0.0
1339680,0.0,0.0,7.708261228338448,1000.6359531303293,0.0
1339740,0.0,0.0,7.708261228338448,1000.608854648099,0.0
1339800,0.0,0.0,7.708261228338448,998.3038365894829,0.0
1339860,0.0,0.0,7.708261228338448,999.0424397576228,0.0
1339920,0.0,0.0,7.708261228338448,999.9290892038167,0.0
1339980,0.0,0.0,7.708261228338448,1000.8686615974876,0.0
1340040,0.0,0.0,7.708261228338448,1000.5170478050076,0.0
1340100,0.0,0.0,7.708261228338448,999.6619996896962,0.0
1340160,0.0,0.0,7.708261228338448,997.8792188485688,0.0
1340220,0.0,0.0,7.708261228338448,999.3076603556648,0.0
1340280,0.0,0.0,7.708261228338448,1001.1082191834853,0.0
1340340,0.0,0.0,7.708261228338448,1000.3476636046101,0.0
1340400,0.0,0.0,7.708261228338448,1000.7795362663834,0.0
1340460,0.0,0.0,7.708261228338448,998.8548768241799,0.0
1340520,0.0,0.0,7.708261228338448,998.9973780720339,0.0
1340580,0.0,0.0,7.708261228338448,1000.176008010303,0.0
1340640,0.0,0.0,7.708261228338448,1000.6291334784032,0.0
1340700,0.0,0.0,7.708261228338448,999.7173538695359,0.0
1340760,0.0,0.0,7.708261228338448,999.8229149658362,0.0
1340820,0.0,0.0,7.708261228338448,998.3117609880193,0.0
1340880,0.0,0.0,7.708261228338448,999.5813215272304,0.0
1340940,0.0,0.0,7.708261228338448,1001.2858318832975,0.0
1341000,0.0,0.0,7.708261228338448,1000.3336676245756,0.0
1341060,0.0,0.0,7.708261228338448,1000.1105520044281,0.0
1341120,0.0,0.0,7.708261228338448,997.7504187308772,0.0
1341180,0.0,0.0,7.708261228338448,999.3267706340121,0.0
1341240,0.0,0.0,7.708261228338448,1000.5203033131296,0.0
1341300,0.0,0.0,7.708261228338448,1000.771014506544,0.0
1341360,0.0,0.0,7.708261228338448,999.9028346321488,0.0
1341420,0.0,0.0,7.708261228338448,999.2360544919989,0.0
1341480,0.0,0.0,7.708261228338448,999.0193196844882,0.0
1341540,0.0,0.0,7.708261228338448,999.8477034785196,0.0
1341600,0.0,0.0,7.708261228338448,1000.562311168816,0.0
1341660,0.0,0.0,7.708261228338448,1000.6004128595991,0.0
1341720,0.0,0.0,7.708261228338448,998.087827291983,0.0
1341780,0.0,0.0,7.708261228338448,999.1205131227189,0.0
1341840,0.0,0.0,7.708261228338448,1000.0479093064647,0.0
1341900,0.0,0.0,7.708261228338448,1000.300447631317,0.0
1341960,0.0,0.0,7.708261228338448,1001.3185939172714,0.0
1342020,0.0,0.0,7.708261228338448,999.4700828367104,0.0
1342080,0.0,0.0,7.708261228338448,998.9181381080955,0.0
1342140,0.0,0.0,7.708261228338448,999.4396372148124,0.0
1342200,0.0,0.0,7.708261228338448,1000.2585949810721,0.0
1342260,0.0,0.0,7.708261228338448,1000.4749721479485,0.0
1342320,0.0,0.0,7.708261228338448,1000.3490987729826,0.0
1342380,0.0,0.0,7.708261228338448,997.979883576984,0.0
1342440,0.0,0.0,7.708261228338448,999.0845090187715,0.0
1342500,0.0,0.0,7.708261228338448,999.8549883793149,0.0
1342560,0.0,0.0,7.708261228338448,1001.8522188660706,0.0
1342620,0.0,0.0,7.708261228338448,999.3572898622839,0.0
1342680,0.0,0.0,7.708261228338448,999.8816681159602,0.0
1342740,0.0,0.0,7.708261228338448,998.29984518163,0.0
1342800,0.0,0.0,7.708261228338448,999.5880227936449,0.0
1342860,0.0,0.0,7.708261228338448,1001.3864731294333,0.0
1342920,0.0,0.0,7.708261228338448,1000.2688333760092,0.0
1342980,0.0,0.0,7.708261228338448,1000.153564906299,0.0
1343040,0.0,0.0,7.708261228338448,998.6249555291429,0.0
1343100,0.0,0.0,7.708261228338448,999.283236697816,0.0
1343160,0.0,0.0,7.708261228338448,1000.4978207951202,0.0
1343220,0.0,0.0,7.708261228338448,1000.7359844595737,0.0
1343280,0.0,0.0,7.708261228338448,999.1520091494981,0.0
1343340,0.0,0.0,7.708261228338448,999.4327269404757,0.0
1343400,0.0,0.0,7.708261228338448,998.9095932174123,0.0
1343460,0.0,0.0,7.708261228338448,999.9200302513754,0.0
1343520,0.0,0.0,7.708261228338448,1001.4390561489987,0.0
1343580,0.0,0.0,7.708261228338448,999.2010579639648,0.0
1343640,0.0,0.0,7.708261228338448,999.5728805972175,0.0
1343700,0.0,0.0,7.708261228338448,998.5715466419972,0.0
1343760,0.0,0.0,7.708261228338448,1000.6301511707672,0.0
1343820,0.0,0.0,7.708261228338448,1000.2651820424943,0.0
1343880,0.0,0.0,7.708261228338448,1001.4175862297748,0.0
1343940,0.0,0.0,7.708261228338448,999.4319853682248,0.0
1344000,0.0,0.0,7.708261228338448,999.0152162565503,0.0
1344060,0.0,0.0,7.708261228338448,999.4860126248668,0.0
1344120,0.0,0.0,7.708261228338448,1000.2363143592462,0.0
1344180,0.0,0.0,7.708261228338448,1000.3548099389816,0.0
1344240,0.0,0.0,7.708261228338448,1000.3558212400198,0.0
1344300,0.0,0.0,7.708261228338448,997.8657979927833,0.0
1344360,0.0,0.0,7.708261228338448,999.1758721700191,0.0
1344420,0.0,0.0,7.708261228338448,1000.6672953586328,0.0
1344480,0.0,0.0,7.708261228338448,1000.4223850209945,0.0
1344540,0.0,0.0,7.708261228338448,1000.9230183634261,0.0
1344600,0.0,0.0,7.708261228338448,999.0505000570159,0.0
1344660,0.0,0.0,7.708261228338448,998.8698217686771,0.0
1344720,0.0,0.0,7.708261228338448,999.9232030933998,0.0
1344780,0.0,0.0,7.708261228338448,1000.5566291985054,0.0
1344840,0.0,0.0,7.708261228338448,1000.7649544155108,0.0
1344900,0.0,0.0,7.708261228338448,998.8994150544492,0.0
1344960,0.0,0.0,7.708261228338448,999.1556063149876,0.0
1345020,0.0,0.0,7.708261228338448,999.9430260972296,0.0
1345080,0.0,0.0,7.708261228338448,1000.3835437327856,0.0
1345140,0.0,0.0,7.708261228338448,1000.7675873542884,0.0
1345200,0.0,0.0,7.708261228338448,998.8735465233241,0.0
1345260,0.0,0.0,7.708261228338448,999.5306331548717,0.0
1345320,0.0,0.0,7.708261228338448,998.9521961444852,0.0
1345380,0.0,0.0,7.708261228338448,999.9070303309651,0.0
1345440,0.0,0.0,7.708261228338448,1001.5434978237973,0.0
1345500,0.0,0.0,7.708261228338448,1000.030597755188,0.0
1345560,0.0,0.0,7.708261228338448,999.560903250017,0.0
1345620,0.0,0.0,7.708261228338448,998.7904277826277,0.0
1345680,0.0,0.0,7.708261228338448,999.667386994148,0.0
1345740,0.0,0.0,7.708261228338448,1000.6410957794986,0.0
1345800,0.0,0.0,7.708261228338448,1000.6903125265087,0.0
1345860,0.0,0.0,7.708261228338448,998.5759064722711,0.0
1345920,0.0,0.0,7.708261228338448,999.1195747038405,0.0
1345980,0.0,0.0,7.708261228338448,999.5835181708676,0.0
1346040,0.0,0.0,7.708261228338448,1000.8349666925526,0.0
1346100,0.0,0.0,7.708261228338448,1000.5367459179681,0.0
1346160,0.0,0.0,7.708261228338448,1000.0493710369225,0.0
1346220,0.0,0.0,7.708261228338448,997.6725855511556,0.0
1346280,0.0,0.0,7.708261228338448,999.2131408875938,0.0
1346340,0.0,0.0,7.708261228338448,1000.8472705714692,0.0
1346400,0.0,0.0,7.708261228338448,1000.3431950388652,0.0
1346460,0.0,0.0,7.708261228338448,1001.0317884807472,0.0
1346520,0.0,0.0,7.708261228338448,999.0433072865536,0.0
1346580,0.0,0.0,7.708261228338448,998.9228931327257,0.0
1346640,0.0,0.0,7.708261228338448,999.9669580830082,0.0
1346700,0.0,0.0,7.708261228338448,1000.5279542304773,0.0
1346760,0.0,0.0,7.708261228338448,999.9694058814518,0.0
1346820,0.0,0.0,7.708261228338448,1000.0116506769447,0.0
1346880,0.0,0.0,7.708261228338448,998.088038278877,0.0
1346940,0.0,0.0,7.708261228338448,999.4224190930227,0.0
1347000,0.0,0.0,7.708261228338448,1001.1259353007968,0.0
1347060,0.0,0.0,7.708261228338448,1000.4015703317534,0.0
1347120,0.0,0.0,7.708261228338448,1000.3958385513164,0.0
1347180,0.0,0.0,7.708261228338448,997.4920073582124,0.0
1347240,0.0,0.0,7.708261228338448,999.176371259982,0.0
1347300,0.0,0.0,7.708261228338448,1000.300796112782,0.0
1347360,0.0,0.0,7.708261228338448,1001.0311739807864,0.0
1347420,0.0,0.0,7.708261228338448,1000.0494005293642,0.0
1347480,0.0,0.0,7.708261228338448,999.4907462607962,0.0
1347540,0.0,0.0,7.708261228338448,998.8347339577723,0.0
1347600,0.0,0.0,7.708261228338448,999.6658197192768,0.0
1347660,0.0,0.0,7.708261228338448,1000.5893306265257,0.0
1347720,0.0,0.0,7.708261228338448,1000.6696770290242,0.0
1347780,0.0,0.0,7.708261228338448,998.3412010632883,0.0
1347840,0.0,0.0,7.708261228338448,999.1903450547096,0.0
1347900,0.0,0.0,7.708261228338448,999.712675390167,0.0
1347960,0.0,0.0,7.708261228338448,1000.2024458625012,0.0
1348020,0.0,0.0,7.708261228338448,1001.4359737394066,0.0
1348080,0.0,0.0,7.708261228338448,999.6659447848172,0.0
1348140,0.0,0.0,7.708261228338448,999.0561388608278,0.0
1348200,0.0,0.0,7.708261228338448,999.2072275405262,0.0
1348260,0.0,0.0,7.708261228338448,1000.0855355549004,0.0
1348320,0.0,0.0,7.708261228338448,1000.5817326607677,0.0
1348380,0.0,0.0,7.708261228338448,1000.4875864233095,0.0
1348440,0.0,0.0,7.708261228338448,998.0883800653565,0.0
1348500,0.0,0.0,7.708261228338448,998.7962347444361,0.0
1348560,0.0,0.0,7.708261228338448,999.6929898344581,0.0
1348620,0.0,0.0,7.708261228338448,1001.8701900177814,0.0
1348680,0.0,0.0,7.708261228338448,999.6234998317188,0.0
1348740,0.0,0.0,7.708261228338448,1000.0572621007557,0.0
1348800,0.0,0.0,7.708261228338448,998.0381097217252,0.0
1348860,0.0,0.0,7.708261228338448,999.4522730526508,0.0
1348920,0.0,0.0,7.708261228338448,1001.232056972724,0.0
1348980,0.0,0.0,7.708261228338448,1000.3353466458005,0.0
1349040,0.0,0.0,7.708261228338448,1000.429489509501,0.0
1349100,0.0,0.0,7.708261228338448,998.6754977399544,0.0
1349160,0.0,0.0,7.708261228338448,999.1316372116343,0.0
1349220,0.0,0.0,7.708261228338448,1000.3688706443206,0.0
1349280,0.0,0.0,7.708261228338448,1000.7085577667507,0.0
1349340,0.0,0.0,7.708261228338448,999.4352253643406,0.0
1349400,0.0,0.0,7.708261228338448,999.6043161157884,0.0
1349460,0.0,0.0,7.708261228338448,998.6130701344425,0.0
1349520,0.0,0.0,7.708261228338448,999.7635415096369,0.0
1349580,0.0,0.0,7.708261228338448,1001.387682987278,0.0
1349640,0.0,0.0,7.708261228338448,999.5494117556686,0.0
1349700,0.0,0.0,7.708261228338448,999.7425398938592,0.0
1349760,0.0,0.0,7.708261228338448,998.4657242065495,0.0
1349820,0.0,0.0,7.708261228338448,1000.3123551919418,0.0
1349880,0.0,0.0,7.708261228338448,1000.1730578889905,0.0
1349940,0.0,0.0,7.708261228338448,1001.5513390103002,0.0
1350000,0.0,0.0,7.708261228338448,999.613144446207,0.0
1350060,0.0,0.0,7.708261228338448,999.151444213331,0.0
1350120,0.0,0.0,7.708261228338448,999.263681437302,0.0
1350180,0.0,0.0,7.708261228338448,1000.0767125475636,0.0
1350240,0.0,0.0,7.708261228338448,1000.4814683517795,0.0
1350300,0.0,0.0,7.708261228338448,1000.4797657610778,0.0
1350360,0.0,0.0,7.708261228338448,997.9171586280557,0.0
1350420,0.0,0.0,7.708261228338448,999.1133276271781,0.0
1350480,0.0,0.0,7.708261228338448,1000.3938826702436,0.0
1350540,0.0,0.0,7.708261228338448,1000.3886922459129,0.0
1350600,0.0,0.0,7.708261228338448,1001.1168135451015,0.0
1350660,0.0,0.0,7.708261228338448,999.2429127239939,0.0
1350720,0.0,0.0,7.708261228338448,998.848045416437,0.0
1350780,0.0,0.0,7.708261228338448,999.701806754055,0.0
1350840,0.0,0.0,7.708261228338448,1000.4354769388312,0.0
1350900,0.0,0.0,7.708261228338448,1001.0641839665352,0.0
1350960,0.0,0.0,7.708261228338448,999.1345220042676,0.0
1351020,0.0,0.0,7.708261228338448,999.2908545338103,0.0
1351080,0.0,0.0,7.708261228338448,999.5387040137539,0.0
1351140,0.0,0.0,7.708261228338448,1000.2834048625607,0.0
1351200,0.0,0.0,7.708261228338448,1000.7398009583808,0.0
1351260,0.0,0.0,7.708261228338448,999.1681051279127,0.0
1351320,0.0,0.0,7.708261228338448,999.6859813358543,0.0
1351380,0.0,0.0,7.708261228338448,998.6449715367413,0.0
1351440,0.0,0.0,7.708261228338448,999.7670964851167,0.0
1351500,0.0,0.0,7.708261228338448,1001.4991640072758,0.0
1351560,0.0,0.0,7.708261228338448,1000.1573268843914,0.0
1351620,0.0,0.0,7.708261228338448,999.8152865840713,0.0
1351680,0.0,0.0,7.708261228338448,998.67435057737,0.0
1351740,0.0,0.0,7.708261228338448,999.4873278039984,0.0
1351800,0.0,0.0,7.708261228338448,1000.6033251313287,0.0
1351860,0.0,0.0,7.708261228338448,1000.7318608383946,0.0
1351920,0.0,0.0,7.708261228338448,998.8492828714996,0.0
1351980,0.0,0.0,7.708261228338448,999.2381101591145,0.0
1352040,0.0,0.0,7.708261228338448,999.2694120485281,0.0
1352100,0.0,0.0,7.708261228338448,1000.7484334821737,0.0
1352160,0.0,0.0,7.708261228338448,1000.5280374772756,0.0
1352220,0.0,0.0,7.708261228338448,1000.3926762800547,0.0
1352280,0.0,0.0,7.708261228338448,997.6031648235659,0.0
1352340,0.0,0.0,7.708261228338448,999.163376588749,0.0
1352400,0.0,0.0,7.708261228338448,1000.5688930154213,0.0
1352460,0.0,0.0,7.708261228338448,1000.3145764798651,0.0
1352520,0.0,0.0,7.708261228338448,1001.2209211473615,0.0
1352580,0.0,0.0,7.708261228338448,999.2237037302103,0.0
1352640,0.0,0.0,7.708261228338448,998.9039269666819,0.0
1352700,0.0,0.0,7.708261228338448,999.7579493687772,0.0
1352760,0.0,0.0,7.708261228338448,1000.4141507630562,0.0
1352820,0.0,0.0,7.708261228338448,1000.1751657956731,0.0
1352880,0.0,0.0,7.708261228338448,1000.1705951841922,0.0
1352940,0.0,0.0,7.708261228338448,997.9511813788087,0.0
1353000,0.0,0.0,7.708261228338448,999.292513651238,0.0
1353060,0.0,0.0,7.708261228338448,1000.9332236260685,0.0
1353120,0.0,0.0,7.708261228338448,1000.4353958278657,0.0
1353180,0.0,0.0,7.708261228338448,1000.6383099150504,0.0
1353240,0.0,0.0,7.708261228338448,998.8375193611649,0.0
1353300,0.0,0.0,7.708261228338448,998.9553366583393,0.0
1353360,0.0,0.0,7.708261228338448,1001.1062574653919,0.0
1353420,0.0,0.0,7.708261228338448,1000.3998138812958,0.0
1353480,0.0,0.0,7.708261228338448,1000.9074050064609,0.0
1353540,0.0,0.0,7.708261228338448,997.4962083877351,0.0
1353600,0.0,0.0,7.708261228338448,998.7528750814931,0.0
1353660,0.0,0.0,7.708261228338448,999.50497367602,0.0
1353720,0.0,0.0,7.708261228338448,1000.5617883472398,0.0
1353780,0.0,0.0,7.708261228338448,1000.6913537433729,0.0
1353840,0.0,0.0,7.708261228338448,998.6500199940427,0.0
1353900,0.0,0.0,7.708261228338448,999.3188514558464,0.0
1353960,0.0,0.0,7.708261228338448,999.3600042440755,0.0
1354020,0.0,0.0,7.708261228338448,1000.0758289362251,0.0
1354080,0.0,0.0,7.708261228338448,1001.5082712284659,0.0
1354140,0.0,0.0,7.708261228338448,999.8534874064106,0.0
1354200,0.0,0.0,7.708261228338448,999.2620759810331,0.0
1354260,0.0,0.0,7.708261228338448,998.9875127252976,0.0
1354320,0.0,0.0,7.708261228338448,999.8923890910993,0.0
1354380,0.0,0.0,7.708261228338448,1000.6413055064364,0.0
1354440,0.0,0.0,7.708261228338448,1000.6025722561488,0.0
1354500,0.0,0.0,7.708261228338448,998.319805926589,0.0
1354560,0.0,0.0,7.708261228338448,998.5345166693809,0.0
1354620,0.0,0.0,7.708261228338448,999.5289721229517,0.0
1354680,0.0,0.0,7.708261228338448,1001.8246205409441,0.0
1354740,0.0,0.0,7.708261228338448,999.8631691480606,0.0
1354800,0.0,0.0,7.708261228338448,1000.2290234119719,0.0
1354860,0.0,0.0,7.708261228338448,997.8318727463864,0.0
1354920,0.0,0.0,7.708261228338448,999.330590413425,0.0
1354980,0.0,0.0,7.708261228338448,1001.0278317386621,0.0
1355040,0.0,0.0,7.708261228338448,1000.3701964667699,0.0
1355100,0.0,0.0,7.708261228338448,1000.7012864917758,0.0
1355160,0.0,0.0,7.708261228338448,998.8235665173013,0.0
1355220,0.0,0.0,7.708261228338448,999.0075655464257,0.0
1355280,0.0,0.0,7.708261228338448,1000.1998414713198,0.0
1355340,0.0,0.0,7.708261228338448,1000.6476181476384,0.0
1355400,0.0,0.0,7.708261228338448,999.7078739725544,0.0
1355460,0.0,0.0,7.708261228338448,999.7888849582688,0.0
1355520,0.0,0.0,7.708261228338448,998.3440747841349,0.0
1355580,0.0,0.0,7.708261228338448,999.6002158731683,0.0
1355640,0.0,0.0,7.708261228338448,1001.286436366843,0.0
1355700,0.0,0.0,7.708261228338448,1000.3326636710093,0.0
1355760,0.0,0.0,7.708261228338448,1000.06947178619,0.0
1355820,0.0,0.0,7.708261228338448,997.7886447411423,0.0
1355880,0.0,0.0,7.708261228338448,999.3402149070133,0.0
1355940,0.0,0.0,7.708261228338448,1000.540181434255,0.0
1356000,0.0,0.0,7.708261228338448,1000.7599928934358,0.0
1356060,0.0,0.0,7.708261228338448,999.8924060745277,0.0
1356120,0.0,0.0,7.708261228338448,999.2047623287505,0.0
1356180,0.0,0.0,7.708261228338448,999.0318748623886,0.0
1356240,0.0,0.0,7.708261228338448,999.8659932302847,0.0
1356300,0.0,0.0,7.708261228338448,1000.5684337001063,0.0
1356360,0.0,0.0,7.708261228338448,1000.5942869603683,0.0
1356420,0.0,0.0,7.708261228338448,998.0959424699688,0.0
1356480,0.0,0.0,7.708261228338448,999.108138827389,0.0
1356540,0.0,0.0,7.708261228338448,1000.0600466502908,0.0
1356600,0.0,0.0,7.708261228338448,1000.3123695354953,0.0
1356660,0.0,0.0,7.708261228338448,1001.2989891623532,0.0
1356720,0.0,0.0,7.708261228338448,999.4609778196054,0.0
1356780,0.0,0.0,7.708261228338448,998.905413201609,0.0
1356840,0.0,0.0,7.708261228338448,999.4480071631831,0.0
1356900,0.0,0.0,7.708261228338448,1000.2705267032478,0.0
1356960,0.0,0.0,7.708261228338448,1001.3479861640755,0.0
1357020,0.0,0.0,7.708261228338448,999.3840926164968,0.0
1357080,0.0,0.0,7.708261228338448,999.4883209333583,0.0
1357140,0.0,0.0,7.708261228338448,999.0881692479843,0.0
1357200,0.0,0.0,7.708261228338448,1000.1298684686266,0.0
1357260,0.0,0.0,7.708261228338448,1000.6718502749515,0.0
1357320,0.0,0.0,7.708261228338448,999.4688335316032,0.0
1357380,0.0,0.0,7.708261228338448,999.8680980833659,0.0
1357440,0.0,0.0,7.708261228338448,998.3386052244864,0.0
1357500,0.0,0.0,7.708261228338448,999.609823071856,0.0
1357560,0.0,0.0,7.708261228338448,1001.4027120852476,0.0
1357620,0.0,0.0,7.708261228338448,1000.2637411978158,0.0
1357680,0.0,0.0,7.708261228338448,1000.110651392176,0.0
1357740,0.0,0.0,7.708261228338448,998.6222543130056,0.0
1357800,0.0,0.0,7.708261228338448,999.3012943001619,0.0
1357860,0.0,0.0,7.708261228338448,1000.5131635559668,0.0
1357920,0.0,0.0,7.708261228338448,1000.7416901090351,0.0
1357980,0.0,0.0,7.708261228338448,999.1460442816493,0.0
1358040,0.0,0.0,7.708261228338448,999.4022462726373,0.0
1358100,0.0,0.0,7.708261228338448,998.9375891220933,0.0
1358160,0.0,0.0,7.708261228338448,1000.598988941981,0.0
1358220,0.0,0.0,7.708261228338448,1000.4853004946748,0.0
1358280,0.0,0.0,7.708261228338448,1000.7519698969521,0.0
1358340,0.0,0.0,7.708261228338448,997.6647959637486,0.0
1358400,0.0,0.0,7.708261228338448,999.1652331379487,0.0
1358460,0.0,0.0,7.708261228338448,1000.2403412491738,0.0
1358520,0.0,0.0,7.708261228338448,1000.2520659043136,0.0
1358580,0.0,0.0,7.708261228338448,1001.391358491205,0.0
1358640,0.0,0.0,7.708261228338448,999.4205099014745,0.0
1358700,0.0,0.0,7.708261228338448,998.9522943774851,0.0
1358760,0.0,0.0,7.708261228338448,999.523723693744,0.0
1358820,0.0,0.0,7.708261228338448,1000.2673544071412,0.0
1358880,0.0,0.0,7.708261228338448,1000.3516067782937,0.0
1358940,0.0,0.0,7.708261228338448,1000.3274759150252,0.0
1359000,0.0,0.0,7.708261228338448,997.8865786079964,0.0
1359060,0.0,0.0,7.708261228338448,999.1811531885285,0.0
1359120,0.0,0.0,7.708261228338448,1000.6915136915514,0.0
1359180,0.0,0.0,7.708261228338448,1000.4358904353646,0.0
1359240,0.0,0.0,7.708261228338448,1000.876829895634,0.0
1359300,0.0,0.0,7.708261228338448,999.0236522793509,0.0
1359360,0.0,0.0,7.708261228338448,998.8694551262349,0.0
1359420,0.0,0.0,7.708261228338448,1000.8057798931255,0.0
1359480,0.0,0.0,7.708261228338448,1000.3739816075789,0.0
1359540,0.0,0.0,7.708261228338448,1001.0113596941898,0.0
1359600,0.0,0.0,7.708261228338448,997.7650418935116,0.0
1359660,0.0,0.0,7.708261228338448,998.7130272400295,0.0
1359720,0.0,0.0,7.708261228338448,999.3226527654821,0.0
1359780,0.0,0.0,7.708261228338448,1000.4984408481026,0.0
1359840,0.0,0.0,7.708261228338448,1000.6937609704731,0.0
1359900,0.0,0.0,7.708261228338448,998.9413042464784,0.0
1359960,0.0,0.0,7.708261228338448,999.4660418788636,0.0
1360020,0.0,0.0,7.708261228338448,999.0244934665881,0.0
1360080,0.0,0.0,7.708261228338448,999.9410330365558,0.0
1360140,0.0,0.0,7.708261228338448,1001.5229192329535,0.0
1360200,0.0,0.0,7.708261228338448,1000.0123558214171,0.0
1360260,0.0,0.0,7.708261228338448,999.4962373698534,0.0
1360320,0.0,0.0,7.708261228338448,998.8114214020742,0.0
1360380,0.0,0.0,7.708261228338448,999.7036199606853,0.0
1360440,0.0,0.0,7.708261228338448,1000.652469029054,0.0
1360500,0.0,0.0,7.708261228338448,1000.6821850089268,0.0
1360560,0.0,0.0,7.708261228338448,998.6183717168998,0.0
1360620,0.0,0.0,7.708261228338448,998.3372985204946,0.0
1360680,0.0,0.0,7.708261228338448,999.3838409044479,0.0
1360740,0.0,0.0,7.708261228338448,1001.7103846315556,0.0
1360800,0.0,0.0,7.708261228338448,1000.0618213544891,0.0
1360860,0.0,0.0,7.708261228338448,1000.3758611079787,0.0
1360920,0.0,0.0,7.708261228338448,997.7157948921995,0.0
1360980,0.0,0.0,7.708261228338448,999.239769840924,0.0
1361040,0.0,0.0,7.708261228338448,1000.7894420754947,0.0
1361100,0.0,0.0,7.708261228338448,1000.3744325502261,0.0
1361160,0.0,0.0,7.708261228338448,1000.9371805878461,0.0
1361220,0.0,0.0,7.708261228338448,998.9946823305634,0.0
1361280,0.0,0.0,7.708261228338448,998.92717280102,0.0
1361340,0.0,0.0,7.708261228338448,1000.0090128229041,0.0
1361400,0.0,0.0,7.708261228338448,1000.5613358700186,0.0
1361460,0.0,0.0,7.708261228338448,999.9502325131778,0.0
1361520,0.0,0.0,7.708261228338448,999.963747403393,0.0
1361580,0.0,0.0,7.708261228338448,998.133430876445,0.0
1361640,0.0,0.0,7.708261228338448,999.4482865535466,0.0
1361700,0.0,0.0,7.708261228338448,1001.1409660135283,0.0
1361760,0.0,0.0,7.708261228338448,1000.4036304898541,0.0
1361820,0.0,0.0,7.708261228338448,1000.3325066622923,0.0
1361880,0.0,0.0,7.708261228338448,997.5509456659087,0.0
1361940,0.0,0.0,7.708261228338448,999.1934687269404,0.0
1362000,0.0,0.0,7.708261228338448,1000.3385754953051,0.0
1362060,0.0,0.0,7.708261228338448,1001.0054516507865,0.0
1362120,0.0,0.0,7.708261228338448,1000.034966053199,0.0
1362180,0.0,0.0,7.708261228338448,999.4343321865762,0.0
1362240,0.0,0.0,7.708261228338448,998.8532188629335,0.0
1362300,0.0,0.0,7.708261228338448,999.6947217245985,0.0
1362360,0.0,0.0,7.708261228338448,1000.5990679309791,0.0
1362420,0.0,0.0,7.708261228338448,1000.6644263962199,0.0
1362480,0.0,0.0,7.708261228338448,998.3386806283823,0.0
1362540,0.0,0.0,7.708261228338448,999.1619118827238,0.0
1362600,0.0,0.0,7.708261228338448,999.7442066902233,0.0
1362660,0.0,0.0,7.708261228338448,1000.2229832621084,0.0
1362720,0.0,0.0,7.708261228338448,1001.410121528077,0.0
1362780,0.0,0.0,7.708261228338448,999.6488318117395,0.0
1362840,0.0,0.0,7.708261228338448,999.0280138921162,0.0
1362900,0.0,0.0,7.708261228338448,999.2256142772953,0.0
1362960,0.0,0.0,7.708261228338448,1000.108047895014,0.0
1363020,0.0,0.0,7.708261228338448,1001.5421062896364,0.0
1363080,0.0,0.0,7.708261228338448,999.600716873798,0.0
1363140,0.0,0.0,7.708261228338448,999.6798671778402,0.0
1363200,0.0,0.0,7.708261228338448,998.6840205776839,0.0
1363260,0.0,0.0,7.708261228338448,999.9648595653105,0.0
1363320,0.0,0.0,7.708261228338448,1000.5855572558559,0.0
1363380,0.0,0.0,7.708261228338448,999.730544284367,0.0
1363440,0.0,0.0,7.708261228338448,1000.0238509261212,0.0
1363500,0.0,0.0,7.708261228338448,998.107330179625,0.0
1363560,0.0,0.0,7.708261228338448,999.4741693244655,0.0
1363620,0.0,0.0,7.708261228338448,1001.262104839159,0.0
1363680,0.0,0.0,7.708261228338448,1000.3343832631243,0.0
1363740,0.0,0.0,7.708261228338448,1000.3716591380248,0.0
1363800,0.0,0.0,7.708261228338448,998.6577920481482,0.0
1363860,0.0,0.0,7.708261228338448,999.1502164978008,0.0
1363920,0.0,0.0,7.708261228338448,1000.3929878217891,0.0
1363980,0.0,0.0,7.708261228338448,1000.7212342084704,0.0
1364040,0.0,0.0,7.708261228338448,999.4217748052345,0.0
1364100,0.0,0.0,7.708261228338448,999.5645463212114,0.0
1364160,0.0,0.0,7.708261228338448,998.6519197104692,0.0
1364220,0.0,0.0,7.708261228338448,999.788206508959,0.0
1364280,0.0,0.0,7.708261228338448,1001.3824523372997,0.0
1364340,0.0,0.0,7.708261228338448,999.5503128073555,0.0
1364400,0.0,0.0,7.708261228338448,999.7140946750854,0.0
1364460,0.0,0.0,7.708261228338448,998.4750044529177,0.0
1364520,0.0,0.0,7.708261228338448,1000.3220278494429,0.0
1364580,0.0,0.0,7.708261228338448,1000.1935914999046,0.0
1364640,0.0,0.0,7.708261228338448,1001.5192154907983,0.0
1364700,0.0,0.0,7.708261228338448,999.5973372569302,0.0
1364760,0.0,0.0,7.708261228338448,999.1219552439269,0.0
1364820,0.0,0.0,7.708261228338448,999.2810383178984,0.0
1364880,0.0,0.0,7.708261228338448,1000.0980996797331,0.0
1364940,0.0,0.0,7.708261228338448,1000.4849917445085,0.0
1365000,0.0,0.0,7.708261228338448,1000.4674244524014,0.0
1365060,0.0,0.0,7.708261228338448,997.9283110297755,0.0
1365120,0.0,0.0,7.708261228338448,999.108367173142,0.0
1365180,0.0,0.0,7.708261228338448,1000.4062889540938,0.0
1365240,0.0,0.0,7.708261228338448,1000.4002093681951,0.0
1365300,0.0,0.0,7.708261228338448,1001.0921492433076,0.0
1365360,0.0,0.0,7.708261228338448,999.230021594204,0.0
1365420,0.0,0.0,7.708261228338448,998.8405970181142,0.0
1365480,0.0,0.0,7.708261228338448,1000.4483453581593,0.0
1365540,0.0,0.0,7.708261228338448,1000.3084764233843,0.0
1365600,0.0,0.0,7.708261228338448,1001.0800565039611,0.0
1365660,0.0,0.0,7.708261228338448,998.1109819426905,0.0
1365720,0.0,0.0,7.708261228338448,998.7646808267596,0.0
1365780,0.0,0.0,7.708261228338448,999.1540309771528,0.0
1365840,0.0,0.0,7.708261228338448,1000.3872694156756,0.0
1365900,0.0,0.0,7.708261228338448,1000.6639014148722,0.0
1365960,0.0,0.0,7.708261228338448,999.2378269726645,0.0
1366020,0.0,0.0,7.708261228338448,999.6357315523084,0.0
1366080,0.0,0.0,7.708261228338448,998.6954068206289,0.0
1366140,0.0,0.0,7.708261228338448,999.7912008272327,0.0
1366200,0.0,0.0,7.708261228338448,1001.4876899022087,0.0
1366260,0.0,0.0,7.708261228338448,1000.1502153755765,0.0
1366320,0.0,0.0,7.708261228338448,999.7641180570164,0.0
1366380,0.0,0.0,7.708261228338448,998.6814253787173,0.0
1366440,0.0,0.0,7.708261228338448,999.5108428449347,0.0
1366500,0.0,0.0,7.708261228338448,1000.6157184037651,0.0
1366560,0.0,0.0,7.708261228338448,1000.7317278377474,0.0
1366620,0.0,0.0,7.708261228338448,998.8423616205034,0.0
1366680,0.0,0.0,7.708261228338448,999.2085637098729,0.0
1366740,0.0,0.0,7.708261228338448,999.2982607860176,0.0
1366800,0.0,0.0,7.708261228338448,1000.756069078204,0.0
1366860,0.0,0.0,7.708261228338448,1000.538203998341,0.0
1366920,0.0,0.0,7.708261228338448,1000.3526622913182,0.0
1366980,0.0,0.0,7.708261228338448,997.6296113321754,0.0
1367040,0.0,0.0,7.708261228338448,999.1565381767235,0.0
1367100,0.0,0.0,7.708261228338448,1000.5816071897227,0.0
1367160,0.0,0.0,7.708261228338448,1000.3271237471318,0.0
1367220,0.0,0.0,7.708261228338448,1001.191291781203,0.0
1367280,0.0,0.0,7.708261228338448,999.2093663897872,0.0
1367340,0.0,0.0,7.708261228338448,998.8954448831996,0.0
1367400,0.0,0.0,7.708261228338448,999.7708808732127,0.0
1367460,0.0,0.0,7.708261228338448,1000.4285268297131,0.0
1367520,0.0,0.0,7.708261228338448,1000.1780228983674,0.0
1367580,0.0,0.0,7.708261228338448,1000.1552619209456,0.0
1367640,0.0,0.0,7.708261228338448,997.9660204769781,0.0
1367700,0.0,0.0,7.708261228338448,999.2960881734508,0.0
1367760,0.0,0.0,7.708261228338448,1000.9345576021323,0.0
1367820,0.0,0.0,7.708261228338448,1000.4415159045645,0.0
1367880,0.0,0.0,7.708261228338448,1000.6173384962432,0.0
1367940,0.0,0.0,7.708261228338448,997.3842465967817,0.0
1368000,0.0,0.0,7.708261228338448,999.0660634712824,0.0
1368060,0.0,0.0,7.708261228338448,1000.0902368523921,0.0
1368120,0.0,0.0,7.708261228338448,1001.2088734742587,0.0
1368180,0.0,0.0,7.708261228338448,1000.1649962725965,0.0
1368240,0.0,0.0,7.708261228338448,999.7297487315369,0.0
1368300,0.0,0.0,7.708261228338448,998.7076911286057,0.0
1368360,0.0,0.0,7.708261228338448,999.5072112551245,0.0
1368420,0.0,0.0,7.708261228338448,1000.5782627811295,0.0
1368480,0.0,0.0,7.708261228338448,1000.7085535196181,0.0
1368540,0.0,0.0,7.708261228338448,998.6239033690683,0.0
1368600,0.0,0.0,7.708261228338448,999.2877951264192,0.0
1368660,0.0,0.0,7.708261228338448,999.3920480784687,0.0
1368720,0.0,0.0,7.708261228338448,1000.0981569021714,0.0
1368780,0.0,0.0,7.708261228338448,1001.4878599958749,0.0
1368840,0.0,0.0,7.708261228338448,999.8391225713916,0.0
1368900,0.0,0.0,7.708261228338448,999.2277804162225,0.0
1368960,0.0,0.0,7.708261228338448,999.0033927441632,0.0
1369020,0.0,0.0,7.708261228338448,999.9152644577938,0.0
1369080,0.0,0.0,7.708261228338448,1001.6937254487428,0.0
1369140,0.0,0.0,7.708261228338448,999.8092542792559,0.0
1369200,0.0,0.0,7.708261228338448,999.905648130597,0.0
1369260,0.0,0.0,7.708261228338448,998.2714358766478,0.0
1369320,0.0,0.0,7.708261228338448,999.7625807067988,0.0
1369380,0.0,0.0,7.708261228338448,1000.4620633050349,0.0
1369440,0.0,0.0,7.708261228338448,999.9743803164573,0.0
1369500,0.0,0.0,7.708261228338448,1000.1854166306183,0.0
1369560,0.0,0.0,7.708261228338448,997.9178067657285,0.0
1369620,0.0,0.0,7.708261228338448,999.3436017646238,0.0
1369680,0.0,0.0,7.708261228338448,1001.0688099642533,0.0
1369740,0.0,0.0,7.708261228338448,1000.3757454145084,0.0
1369800,0.0,0.0,7.708261228338448,1000.6437967574335,0.0
1369860,0.0,0.0,7.708261228338448,998.795373145625,0.0
1369920,0.0,0.0,7.708261228338448,999.0180907853472,0.0
1369980,0.0,0.0,7.708261228338448,1000.2276212149817,0.0
1370040,0.0,0.0,7.708261228338448,1000.6660444732938,0.0
1370100,0.0,0.0,7.708261228338448,999.6952127281763,0.0
1370160,0.0,0.0,7.708261228338448,999.749852864269,0.0
1370220,0.0,0.0,7.708261228338448,998.3811905927821,0.0
1370280,0.0,0.0,7.708261228338448,999.6229092384482,0.0
1370340,0.0,0.0,7.708261228338448,1001.2878719036105,0.0
1370400,0.0,0.0,7.708261228338448,999.8758559198036,0.0
1370460,0.0,0.0,7.708261228338448,999.8852235019397,0.0
1370520,0.0,0.0,7.708261228338448,998.4258840896249,0.0
1370580,0.0,0.0,7.708261228338448,999.9652404442667,0.0
1370640,0.0,0.0,7.708261228338448,1000.0797414013365,0.0
1370700,0.0,0.0,7.708261228338448,1001.6139841973542,0.0
1370760,0.0,0.0,7.708261228338448,999.7724511643386,0.0
1370820,0.0,0.0,7.708261228338448,999.3117407607559,0.0
1370880,0.0,0.0,7.708261228338448,999.0670296042383,0.0
1370940,0.0,0.0,7.708261228338448,999.9229305695544,0.0
1371000,0.0,0.0,7.708261228338448,1000.5695631927475,0.0
1371060,0.0,0.0,7.708261228338448,1000.5739551907467,0.0
1371120,0.0,0.0,7.708261228338448,998.0945456648094,0.0
1371180,0.0,0.0,7.708261228338448,999.0884379830267,0.0
1371240,0.0,0.0,7.708261228338448,1000.1054598198435,0.0
1371300,0.0,0.0,7.708261228338448,1000.337577147217,0.0
1371360,0.0,0.0,7.708261228338448,1001.2562489711723,0.0
1371420,0.0,0.0,7.708261228338448,999.4299356864857,0.0
1371480,0.0,0.0,7.708261228338448,998.8793047808945,0.0
1371540,0.0,0.0,7.708261228338448,1000.0619541555408,0.0
1371600,0.0,0.0,7.708261228338448,1000.2157902742438,0.0
1371660,0.0,0.0,7.708261228338448,1001.1058482513862,0.0
1371720,0.0,0.0,7.708261228338448,998.4975538222114,0.0
1371780,0.0,0.0,7.708261228338448,998.9009521412506,0.0
1371840,0.0,0.0,7.708261228338448,999.0198253873293,0.0
1371900,0.0,0.0,7.708261228338448,1000.2431628190969,0.0
1371960,0.0,0.0,7.708261228338448,1000.6076772783117,0.0
1372020,0.0,0.0,7.708261228338448,999.51584738753,0.0
1372080,0.0,0.0,7.708261228338448,999.8029465461685,0.0
1372140,0.0,0.0,7.708261228338448,998.4073898415098,0.0
1372200,0.0,0.0,7.708261228338448,999.6444430685002,0.0
1372260,0.0,0.0,7.708261228338448,1001.4020762157721,0.0
1372320,0.0,0.0,7.708261228338448,1000.2570548385062,0.0
1372380,0.0,0.0,7.708261228338448,1000.0316503476154,0.0
1372440,0.0,0.0,7.708261228338448,998.620213400534,0.0
1372500,0.0,0.0,7.708261228338448,999.3341261158745,0.0
1372560,0.0,0.0,7.708261228338448,1000.5375858341972,0.0
1372620,0.0,0.0,7.708261228338448,1000.7483900537892,0.0
1372680,0.0,0.0,7.708261228338448,999.1243371356333,0.0
1372740,0.0,0.0,7.708261228338448,999.3545114973336,0.0
1372800,0.0,0.0,7.708261228338448,998.9885129286945,0.0
1372860,0.0,0.0,7.708261228338448,1000.6188463656437,0.0
1372920,0.0,0.0,7.708261228338448,1000.5050080035745,0.0
1372980,0.0,0.0,7.708261228338448,1000.6847912199339,0.0
1373040,0.0,0.0,7.708261228338448,997.6879837060732,0.0
1373100,0.0,0.0,7.708261228338448,999.1454436922218,0.0
1373160,0.0,0.0,7.708261228338448,1000.275046079007,0.0
1373220,0.0,0.0,7.708261228338448,1000.2733814472687,0.0
1373280,0.0,0.0,7.708261228338448,1001.3511650739454,0.0
1373340,0.0,0.0,7.708261228338448,999.3959819372128,0.0
1373400,0.0,0.0,7.708261228338448,998.9301012396951,0.0
1373460,0.0,0.0,7.708261228338448,999.5490835433737,0.0
1373520,0.0,0.0,7.708261228338448,1000.2931858225854,0.0
1373580,0.0,0.0,7.708261228338448,1000.3501246026207,0.0
1373640,0.0,0.0,7.708261228338448,1000.3054844768004,0.0
1373700,0.0,0.0,7.708261228338448,997.9044361071925,0.0
1373760,0.0,0.0,7.708261228338448,999.1849825959516,0.0
1373820,0.0,0.0,7.708261228338448,1000.7063069634813,0.0
1373880,0.0,0.0,7.708261228338448,1000.4464362211756,0.0
1373940,0.0,0.0,7.708261228338448,1000.8424204810593,0.0
1374000,0.0,0.0,7.708261228338448,997.3702887498624,0.0
1374060,0.0,0.0,7.708261228338448,998.9926234813129,0.0
1374120,0.0,0.0,7.708261228338448,999.8546413803462,0.0
1374180,0.0,0.0,7.708261228338448,1001.3270907135031,0.0
1374240,0.0,0.0,7.708261228338448,1000.2583204165477,0.0
1374300,0.0,0.0,7.708261228338448,1000.0051855246434,0.0
1374360,0.0,0.0,7.708261228338448,998.63686418266,0.0
1374420,0.0,0.0,7.708261228338448,999.3491054950347,0.0
1374480,0.0,0.0,7.708261228338448,1000.5184090261963,0.0
1374540,0.0,0.0,7.708261228338448,1000.7198729881842,0.0
1374600,0.0,0.0,7.708261228338448,998.9068821693354,0.0
1374660,0.0,0.0,7.708261228338448,999.4231317738498,0.0
1374720,0.0,0.0,7.708261228338448,999.0722262449912,0.0
1374780,0.0,0.0,7.708261228338448,999.9703986751623,0.0
1374840,0.0,0.0,7.708261228338448,1001.5058915743027,0.0
1374900,0.0,0.0,7.708261228338448,999.996343933967,0.0
1374960,0.0,0.0,7.708261228338448,999.4458781130425,0.0
1375020,0.0,0.0,7.708261228338448,998.8289283044211,0.0
1375080,0.0,0.0,7.708261228338448,999.7335379001382,0.0
1375140,0.0,0.0,7.708261228338448,1000.6617057507409,0.0
1375200,0.0,0.0,7.708261228338448,1000.6745605164615,0.0
1375260,0.0,0.0,7.708261228338448,998.6038764322051,0.0
1375320,0.0,0.0,7.708261228338448,998.3587527883504,0.0
1375380,0.0,0.0,7.708261228338448,999.3994017193513,0.0
1375440,0.0,0.0,7.708261228338448,1001.6916536822097,0.0
1375500,0.0,0.0,7.708261228338448,1000.0678262757531,0.0
1375560,0.0,0.0,7.708261228338448,1000.353815992725,0.0
1375620,0.0,0.0,7.708261228338448,997.7420329004591,0.0
1375680,0.0,0.0,7.708261228338448,999.240966811527,0.0
1375740,0.0,0.0,7.708261228338448,1000.8023629857371,0.0
1375800,0.0,0.0,7.708261228338448,1000.3847558722515,0.0
1375860,0.0,0.0,7.708261228338448,1000.9013264951044,0.0
1375920,0.0,0.0,7.708261228338448,998.977606318716,0.0
1375980,0.0,0.0,7.708261228338448,998.9259716149037,0.0
1376040,0.0,0.0,7.708261228338448,1000.0242592739195,0.0
1376100,0.0,0.0,7.708261228338448,1000.5752910545003,0.0
1376160,0.0,0.0,7.708261228338448,999.9502219628729,0.0
1376220,0.0,0.0,7.708261228338448,999.9428887928422,0.0
1376280,0.0,0.0,7.708261228338448,998.1516598518505,0.0
1376340,0.0,0.0,7.708261228338448,999.4571875774319,0.0
1376400,0.0,0.0,7.708261228338448,1001.1410504099022,0.0
1376460,0.0,0.0,7.708261228338448,1000.1713798643578,0.0
1376520,0.0,0.0,7.708261228338448,1000.0497124078327,0.0
1376580,0.0,0.0,7.708261228338448,998.4600171487352,0.0
1376640,0.0,0.0,7.708261228338448,999.5709944103605,0.0
1376700,0.0,0.0,7.708261228338448,999.9450959641657,0.0
1376760,0.0,0.0,7.708261228338448,1001.6600450526626,0.0
1376820,0.0,0.0,7.708261228338448,999.9334557615572,0.0
1376880,0.0,0.0,7.708261228338448,999.5524848840166,0.0
1376940,0.0,0.0,7.708261228338448,998.8766868417547,0.0
1377000,0.0,0.0,7.708261228338448,999.7356371103175,0.0
1377060,0.0,0.0,7.708261228338448,1000.6064953819404,0.0
1377120,0.0,0.0,7.708261228338448,1000.6548039540189,0.0
1377180,0.0,0.0,7.708261228338448,998.3390322506233,0.0
1377240,0.0,0.0,7.708261228338448,999.133839461725,0.0
1377300,0.0,0.0,7.708261228338448,999.7783577853589,0.0
1377360,0.0,0.0,7.708261228338448,1000.2443845063858,0.0
1377420,0.0,0.0,7.708261228338448,1001.3828615192272,0.0
1377480,0.0,0.0,7.708261228338448,999.6299066823822,0.0
1377540,0.0,0.0,7.708261228338448,998.999195894371,0.0
1377600,0.0,0.0,7.708261228338448,999.2459238711398,0.0
1377660,0.0,0.0,7.708261228338448,1000.1320972678014,0.0
1377720,0.0,0.0,7.708261228338448,1001.5093515568158,0.0
1377780,0.0,0.0,7.708261228338448,999.5943091218371,0.0
1377840,0.0,0.0,7.708261228338448,999.6441474414409,0.0
1377900,0.0,0.0,7.708261228338448,998.7141958358937,0.0
1377960,0.0,0.0,7.708261228338448,999.9831711706469,0.0
1378020,0.0,0.0,7.708261228338448,1000.6019451578222,0.0
1378080,0.0,0.0,7.708261228338448,999.7324328991298,0.0
1378140,0.0,0.0,7.708261228338448,1000.0018878916233,0.0
1378200,0.0,0.0,7.708261228338448,998.1301832502629,0.0
1378260,0.0,0.0,7.708261228338448,999.4832278420789,0.0
1378320,0.0,0.0,7.708261228338448,1001.2608903117545,0.0
1378380,0.0,0.0,7.708261228338448,1000.3379994401016,0.0
1378440,0.0,0.0,7.708261228338448,1000.3425548891875,0.0
1378500,0.0,0.0,7.708261228338448,998.6504618238391,0.0
1378560,0.0,0.0,7.708261228338448,999.1565403278858,0.0
1378620,0.0,0.0,7.708261228338448,1000.401986019337,0.0
1378680,0.0,0.0,7.708261228338448,1000.7274864048732,0.0
1378740,0.0,0.0,7.708261228338448,999.4252443163647,0.0
1378800,0.0,0.0,7.708261228338448,999.5463987211774,0.0
1378860,0.0,0.0,7.708261228338448,998.6644235163288,0.0
1378920,0.0,0.0,7.708261228338448,1000.4147813736655,0.0
1378980,0.0,0.0,7.708261228338448,1000.4326824088029,0.0
1379040,0.0,0.0,7.708261228338448,1001.0314322863903,0.0
1379100,0.0,0.0,7.708261228338448,997.9045090823577,0.0
1379160,0.0,0.0,7.708261228338448,999.2068305369762,0.0
1379220,0.0,0.0,7.708261228338448,999.9143773642344,0.0
1379280,0.0,0.0,7.708261228338448,1000.1823112687473,0.0
1379340,0.0,0.0,7.708261228338448,1001.489028613227,0.0
1379400,0.0,0.0,7.708261228338448,999.5962500439781,0.0
1379460,0.0,0.0,7.708261228338448,999.0528685475587,0.0
1379520,0.0,0.0,7.708261228338448,999.3066599912864,0.0
1379580,0.0,0.0,7.708261228338448,1000.1220911396823,0.0
1379640,0.0,0.0,7.708261228338448,1000.4876090024736,0.0
1379700,0.0,0.0,7.708261228338448,1000.4505350647455,0.0
1379760,0.0,0.0,7.708261228338448,997.9380696222119,0.0
1379820,0.0,0.0,7.708261228338448,999.1047457339805,0.0
1379880,0.0,0.0,7.708261228338448,1000.425701182836,0.0
1379940,0.0,0.0,7.708261228338448,1000.4141070535601,0.0
1380000,0.0,0.0,7.708261228338448,1001.0603321102922,0.0
1380060,0.0,0.0,7.708261228338448,997.5004910057382,0.0
1380120,0.0,0.0,7.708261228338448,998.9764561445569,0.0
1380180,0.0,0.0,7.708261228338448,999.5914609541128,0.0
1380240,0.0,0.0,7.708261228338448,1001.384713797864,0.0
1380300,0.0,0.0,7.708261228338448,1000.3270747091805,0.0
1380360,0.0,0.0,7.708261228338448,1000.3125732729293,0.0
1380420,0.0,0.0,7.708261228338448,998.6467973348371,0.0
1380480,0.0,0.0,7.708261228338448,999.1975930895742,0.0
1380540,0.0,0.0,7.708261228338448,1000.4087176676683,0.0
1380600,0.0,0.0,7.708261228338448,1000.6989803582142,0.0
1380660,0.0,0.0,7.708261228338448,999.2039424911851,0.0
1380720,0.0,0.0,7.708261228338448,999.5910592907209,0.0
1380780,0.0,0.0,7.708261228338448,998.7447992685477,0.0
1380840,0.0,0.0,7.708261228338448,999.8200331002791,0.0
1380900,0.0,0.0,7.708261228338448,1001.478896617767,0.0
1380960,0.0,0.0,7.708261228338448,1000.1393273142513,0.0
1381020,0.0,0.0,7.708261228338448,999.7093788333144,0.0
1381080,0.0,0.0,7.708261228338448,998.6913101945368,0.0
1381140,0.0,0.0,7.708261228338448,999.5387650332899,0.0
1381200,0.0,0.0,7.708261228338448,1000.6292103744773,0.0
1381260,0.0,0.0,7.708261228338448,1000.7301543149116,0.0
1381320,0.0,0.0,7.708261228338448,998.9515128369632,0.0
1381380,0.0,0.0,7.708261228338448,998.225916448907,0.0
1381440,0.0,0.0,7.708261228338448,999.2651141180064,0.0
1381500,0.0,0.0,7.708261228338448,1001.5213872783213,0.0
1381560,0.0,0.0,7.708261228338448,1000.2291440450674,0.0
1381620,0.0,0.0,7.708261228338448,1000.4889910616212,0.0
1381680,0.0,0.0,7.708261228338448,997.7146054534262,0.0
1381740,0.0,0.0,7.708261228338448,999.1785051875563,0.0
1381800,0.0,0.0,7.708261228338448,1000.5292810317762,0.0
1381860,0.0,0.0,7.708261228338448,1000.36083004781,0.0
1381920,0.0,0.0,7.708261228338448,1001.1162639383149,0.0
1381980,0.0,0.0,7.708261228338448,999.1658974364001,0.0
1382040,0.0,0.0,7.708261228338448,998.8884784586313,0.0
1382100,0.0,0.0,7.708261228338448,999.809193079031,0.0
1382160,0.0,0.0,7.708261228338448,1000.4623830932157,0.0
1382220,0.0,0.0,7.708261228338448,1000.1656428453571,0.0
1382280,0.0,0.0,7.708261228338448,1000.1165382482053,0.0
1382340,0.0,0.0,7.708261228338448,997.9986589000517,0.0
1382400,0.0,0.0,7.708261228338448,999.313350284201,0.0
1382460,0.0,0.0,7.708261228338448,1000.9538757768062,0.0
1382520,0.0,0.0,7.708261228338448,1000.4160111840853,0.0
1382580,0.0,0.0,7.708261228338448,1000.1887130536268,0.0
1382640,0.0,0.0,7.708261228338448,998.5878475803203,0.0
1382700,0.0,0.0,7.708261228338448,999.1762911049132,0.0
1382760,0.0,0.0,7.708261228338448,999.8078669416066,0.0
1382820,0.0,0.0,7.708261228338448,1001.6475636938661,0.0
1382880,0.0,0.0,7.708261228338448,1000.0663488193086,0.0
1382940,0.0,0.0,7.708261228338448,999.8071357352233,0.0
1383000,0.0,0.0,7.708261228338448,998.7365503784133,0.0
1383060,0.0,0.0,7.708261228338448,999.5570474104,0.0
1383120,0.0,0.0,7.708261228338448,1000.5970417394054,0.0
1383180,0.0,0.0,7.708261228338448,1000.7034569552617,0.0
1383240,0.0,0.0,7.708261228338448,998.6074608197113,0.0
1383300,0.0,0.0,7.708261228338448,999.2379039948529,0.0
1383360,0.0,0.0,7.708261228338448,999.4531169505925,0.0
1383420,0.0,0.0,7.708261228338448,1000.1329683376897,0.0
1383480,0.0,0.0,7.708261228338448,1001.4576534371025,0.0
1383540,0.0,0.0,7.708261228338448,999.8115896879316,0.0
1383600,0.0,0.0,7.708261228338448,999.1736694450162,0.0
1383660,0.0,0.0,7.708261228338448,999.0342631622867,0.0
1383720,0.0,0.0,7.708261228338448,999.954313669215,0.0
1383780,0.0,0.0,7.708261228338448,1001.6483800691328,0.0
1383840,0.0,0.0,7.708261228338448,999.7961885610742,0.0
1383900,0.0,0.0,7.708261228338448,999.8505400747913,0.0
1383960,0.0,0.0,7.708261228338448,998.3306663561978,0.0
1384020,0.0,0.0,7.708261228338448,999.794544598695,0.0
1384080,0.0,0.0,7.708261228338448,1000.4915447591485,0.0
1384140,0.0,0.0,7.708261228338448,999.9687252143689,0.0
1384200,0.0,0.0,7.708261228338448,1000.1548212359017,0.0
1384260,0.0,0.0,7.708261228338448,997.9512784971372,0.0
1384320,0.0,0.0,7.708261228338448,999.3554969484443,0.0
1384380,0.0,0.0,7.708261228338448,1001.0801916209009,0.0
1384440,0.0,0.0,7.708261228338448,1000.3825900586079,0.0
1384500,0.0,0.0,7.708261228338448,1000.5969514293922,0.0
1384560,0.0,0.0,7.708261228338448,998.7744638175316,0.0
1384620,0.0,0.0,7.708261228338448,999.0263415760276,0.0
1384680,0.0,0.0,7.708261228338448,1000.2469623625458,0.0
1384740,0.0,0.0,7.708261228338448,1000.6795554674746,0.0
1384800,0.0,0.0,7.708261228338448,999.6892846464588,0.0
1384860,0.0,0.0,7.708261228338448,999.7203866079604,0.0
1384920,0.0,0.0,7.708261228338448,998.4073521368299,0.0
1384980,0.0,0.0,7.708261228338448,1000.187443194935,0.0
1385040,0.0,0.0,7.708261228338448,1000.3469514473572,0.0
1385100,0.0,0.0,7.708261228338448,1001.300208937671,0.0
1385160,0.0,0.0,7.708261228338448,998.1742256552863,0.0
1385220,0.0,0.0,7.708261228338448,999.3103815795989,0.0
1385280,0.0,0.0,7.708261228338448,999.5713403557074,0.0
1385340,0.0,0.0,7.708261228338448,1000.0831670901317,0.0
1385400,0.0,0.0,7.708261228338448,1001.5611203749397,0.0
1385460,0.0,0.0,7.708261228338448,999.7670413295183,0.0
1385520,0.0,0.0,7.708261228338448,999.2207093746973,0.0
1385580,0.0,0.0,7.708261228338448,999.0972691859339,0.0
1385640,0.0,0.0,7.708261228338448,999.9563186171131,0.0
1385700,0.0,0.0,7.708261228338448,1000.574232944074,0.0
1385760,0.0,0.0,7.708261228338448,1000.5580191496109,0.0
1385820,0.0,0.0,7.708261228338448,998.0914520038482,0.0
1385880,0.0,0.0,7.708261228338448,999.074475728585,0.0
1385940,0.0,0.0,7.708261228338448,1000.1393616300917,0.0
1386000,0.0,0.0,7.708261228338448,1000.3583844454869,0.0
1386060,0.0,0.0,7.708261228338448,1001.2199918831321,0.0
1386120,0.0,0.0,7.708261228338448,999.4047487306251,0.0
1386180,0.0,0.0,7.708261228338448,998.8595097989811,0.0
1386240,0.0,0.0,7.708261228338448,1000.080094195538,0.0
1386300,0.0,0.0,7.708261228338448,1000.2375896437628,0.0
1386360,0.0,0.0,7.708261228338448,1001.1014776614385,0.0
1386420,0.0,0.0,7.708261228338448,998.5078774164458,0.0
1386480,0.0,0.0,7.708261228338448,998.8791594380762,0.0
1386540,0.0,0.0,7.708261228338448,999.0291058518015,0.0
1386600,0.0,0.0,7.708261228338448,1000.2617947175902,0.0
1386660,0.0,0.0,7.708261228338448,1000.6221795953996,0.0
1386720,0.0,0.0,7.708261228338448,999.5133757950833,0.0
1386780,0.0,0.0,7.708261228338448,999.7751444474836,0.0
1386840,0.0,0.0,7.708261228338448,998.4343327195731,0.0
1386900,0.0,0.0,7.708261228338448,999.6587667992336,0.0
1386960,0.0,0.0,7.708261228338448,1001.3975438350301,0.0
1387020,0.0,0.0,7.708261228338448,1000.2565953260898,0.0
1387080,0.0,0.0,7.708261228338448,999.9989302965513,0.0
1387140,0.0,0.0,7.708261228338448,998.619009189196,0.0
1387200,0.0,0.0,7.708261228338448,999.3460148525237,0.0
1387260,0.0,0.0,7.708261228338448,1000.5470510424698,0.0
1387320,0.0,0.0,7.708261228338448,1000.7517466147458,0.0
1387380,0.0,0.0,7.708261228338448,999.3418476692619,0.0
1387440,0.0,0.0,7.708261228338448,998.1889979592553,0.0
1387500,0.0,0.0,7.708261228338448,999.1569267045004,0.0
1387560,0.0,0.0,7.708261228338448,1001.2873865524942,0.0
1387620,0.0,0.0,7.708261228338448,1000.3462642296829,0.0
1387680,0.0,0.0,7.708261228338448,1000.603032619429,0.0
1387740,0.0,0.0,7.708261228338448,997.8049859645106,0.0
1387800,0.0,0.0,7.708261228338448,999.16535572306,0.0
1387860,0.0,0.0,7.708261228338448,1000.2187532203471,0.0
1387920,0.0,0.0,7.708261228338448,1000.3047567737973,0.0
1387980,0.0,0.0,7.708261228338448,1001.301800407995,0.0
1388040,0.0,0.0,7.708261228338448,999.3648829607725,0.0
1388100,0.0,0.0,7.708261228338448,998.9150712733084,0.0
1388160,0.0,0.0,7.708261228338448,999.5758184717981,0.0
1388220,0.0,0.0,7.708261228338448,1000.3209843923903,0.0
1388280,0.0,0.0,7.708261228338448,1000.3470142774153,0.0
1388340,0.0,0.0,7.708261228338448,1000.281295619664,0.0
1388400,0.0,0.0,7.708261228338448,997.9230273784592,0.0
1388460,0.0,0.0,7.708261228338448,999.1904982443201,0.0
1388520,0.0,0.0,7.708261228338448,1000.7224291575556,0.0
1388580,0.0,0.0,7.708261228338448,1000.4569580749488,0.0
1388640,0.0,0.0,7.708261228338448,1000.8058690130714,0.0
1388700,0.0,0.0,7.708261228338448,997.4048127352711,0.0
1388760,0.0,0.0,7.708261228338448,998.9900160967012,0.0
1388820,0.0,0.0,7.708261228338448,999.8794877107688,0.0
1388880,0.0,0.0,7.708261228338448,1001.3127207185927,0.0
1388940,0.0,0.0,7.708261228338448,1000.2579718047543,0.0
1389000,0.0,0.0,7.708261228338448,999.9653855762854,0.0
1389060,0.0,0.0,7.708261228338448,998.6367088746316,0.0
1389120,0.0,0.0,7.708261228338448,999.3614281796538,0.0
1389180,0.0,0.0,7.708261228338448,1000.5290094451625,0.0
1389240,0.0,0.0,7.708261228338448,1000.724215792759,0.0
1389300,0.0,0.0,7.708261228338448,998.910022005406,0.0
1389360,0.0,0.0,7.708261228338448,999.4007087707676,0.0
1389420,0.0,0.0,7.708261228338448,999.0895442335604,0.0
1389480,0.0,0.0,7.708261228338448,999.9831677871429,0.0
1389540,0.0,0.0,7.708261228338448,1001.4941074351274,0.0
1389600,0.0,0.0,7.708261228338448,999.9925498432717,0.0
1389660,0.0,0.0,7.708261228338448,999.4242186693683,0.0
1389720,0.0,0.0,7.708261228338448,998.8334234943205,0.0
1389780,0.0,0.0,7.708261228338448,999.7446399883137,0.0
1389840,0.0,0.0,7.708261228338448,1001.7410048559633,0.0
1389900,0.0,0.0,7.708261228338448,999.9855097580447,0.0
1389960,0.0,0.0,7.708261228338448,1000.0909836850193,0.0
1390020,0.0,0.0,7.708261228338448,997.9453446100314,0.0
1390080,0.0,0.0,7.708261228338448,999.570241300694,0.0
1390140,0.0,0.0,7.708261228338448,1000.3392443168982,0.0
1390200,0.0,0.0,7.708261228338448,1000.1815950202875,0.0
1390260,0.0,0.0,7.708261228338448,1000.3113560170771,0.0
1390320,0.0,0.0,7.708261228338448,997.830466788863,0.0
1390380,0.0,0.0,7.708261228338448,999.2417764525579,0.0
1390440,0.0,0.0,7.708261228338448,1000.8416970198906,0.0
1390500,0.0,0.0,7.708261228338448,1000.3934907987174,0.0
1390560,0.0,0.0,7.708261228338448,1000.8603085557123,0.0
1390620,0.0,0.0,7.708261228338448,998.9556861285039,0.0
1390680,0.0,0.0,7.708261228338448,998.9261902219117,0.0
1390740,0.0,0.0,7.708261228338448,1000.0457376918932,0.0
1390800,0.0,0.0,7.708261228338448,1000.5925728843994,0.0
1390860,0.0,0.0,7.708261228338448,999.9453574108419,0.0
1390920,0.0,0.0,7.708261228338448,999.9151398147902,0.0
1390980,0.0,0.0,7.708261228338448,998.1760494428402,0.0
1391040,0.0,0.0,7.708261228338448,999.9089270872131,0.0
1391100,0.0,0.0,7.708261228338448,1000.227482552828,0.0
1391160,0.0,0.0,7.708261228338448,1001.5511157105723,0.0
1391220,0.0,0.0,7.708261228338448,998.4737927229687,0.0
1391280,0.0,0.0,7.708261228338448,999.4583600407221,0.0
1391340,0.0,0.0,7.708261228338448,999.1988442351563,0.0
1391400,0.0,0.0,7.708261228338448,999.9563852579914,0.0
1391460,0.0,0.0,7.708261228338448,1001.5941959410189,0.0
1391520,0.0,0.0,7.708261228338448,999.9323178409464,0.0
1391580,0.0,0.0,7.708261228338448,999.4519943886111,0.0
1391640,0.0,0.0,7.708261228338448,998.9001202798551,0.0
1391700,0.0,0.0,7.708261228338448,999.7691886794403,0.0
1391760,0.0,0.0,7.708261228338448,1000.615948553222,0.0
1391820,0.0,0.0,7.708261228338448,1000.6459554401571,0.0
1391880,0.0,0.0,7.708261228338448,998.3305917044884,0.0
1391940,0.0,0.0,7.708261228338448,999.1062152913784,0.0
1392000,0.0,0.0,7.708261228338448,999.8168737454354,0.0
1392060,0.0,0.0,7.708261228338448,1000.268352518223,0.0
1392120,0.0,0.0,7.708261228338448,1001.3521397947692,0.0
1392180,0.0,0.0,7.708261228338448,999.6069231034616,0.0
1392240,0.0,0.0,7.708261228338448,998.9679257155675,0.0
1392300,0.0,0.0,7.708261228338448,999.6667021040953,0.0
1392360,0.0,0.0,7.708261228338448,1000.1156243714382,0.0
1392420,0.0,0.0,7.708261228338448,1001.0943101794387,0.0
1392480,0.0,0.0,7.708261228338448,998.9180463433261,0.0
1392540,0.0,0.0,7.708261228338448,999.0446094139872,0.0
1392600,0.0,0.0,7.708261228338448,998.9226805844598,0.0
1392660,0.0,0.0,7.708261228338448,1000.0831200096833,0.0
1392720,0.0,0.0,7.708261228338448,1000.5400186911173,0.0
1392780,0.0,0.0,7.708261228338448,999.7753652588054,0.0
1392840,0.0,0.0,7.708261228338448,999.9484300401032,0.0
1392900,0.0,0.0,7.708261228338448,998.1812936341516,0.0
1392960,0.0,0.0,7.708261228338448,999.5101040789764,0.0
1393020,0.0,0.0,7.708261228338448,1001.2676828916868,0.0
1393080,0.0,0.0,7.708261228338448,1000.3386747524186,0.0
1393140,0.0,0.0,7.708261228338448,1000.2731534841905,0.0
1393200,0.0,0.0,7.708261228338448,998.6338072699671,0.0
1393260,0.0,0.0,7.708261228338448,999.1798727736062,0.0
1393320,0.0,0.0,7.708261228338448,1000.4277138005293,0.0
1393380,0.0,0.0,7.708261228338448,1000.7394999515639,0.0
1393440,0.0,0.0,7.708261228338448,999.7322727787152,0.0
1393500,0.0,0.0,7.708261228338448,998.2759862630945,0.0
1393560,0.0,0.0,7.708261228338448,999.090535846923,0.0
1393620,0.0,0.0,7.708261228338448,1001.003107857059,0.0
1393680,0.0,0.0,7.708261228338448,1000.4156984760878,0.0
1393740,0.0,0.0,7.708261228338448,1000.6843567216432,0.0
1393800,0.0,0.0,7.708261228338448,998.0207069260197,0.0
1393860,0.0,0.0,7.708261228338448,999.2096548404986,0.0
1393920,0.0,0.0,7.708261228338448,999.8979936937901,0.0
1393980,0.0,0.0,7.708261228338448,1000.2265514689557,0.0
1394040,0.0,0.0,7.708261228338448,1001.4360083121088,0.0
1394100,0.0,0.0,7.708261228338448,999.5532216973176,0.0
1394160,0.0,0.0,7.708261228338448,999.0111997925239,0.0
1394220,0.0,0.0,7.708261228338448,999.3491997107672,0.0
1394280,0.0,0.0,7.708261228338448,1000.1666800858142,0.0
1394340,0.0,0.0,7.708261228338448,1000.4833464480469,0.0
1394400,0.0,0.0,7.708261228338448,1000.4203771922278,0.0
1394460,0.0,0.0,7.708261228338448,997.948681869668,0.0
1394520,0.0,0.0,7.708261228338448,999.1047123299724,0.0
1394580,0.0,0.0,7.708261228338448,1000.4638350366992,0.0
1394640,0.0,0.0,7.708261228338448,1000.4339238967794,0.0
1394700,0.0,0.0,7.708261228338448,1001.0092996148203,0.0
1394760,0.0,0.0,7.708261228338448,997.5299662483976,0.0
1394820,0.0,0.0,7.708261228338448,998.9618130092715,0.0
1394880,0.0,0.0,7.708261228338448,999.63402889261,0.0
1394940,0.0,0.0,7.708261228338448,1001.3658998154195,0.0
1395000,0.0,0.0,7.708261228338448,1000.3291042204149,0.0
1395060,0.0,0.0,7.708261228338448,1000.2483583646749,0.0
1395120,0.0,0.0,7.708261228338448,998.6354753154909,0.0
1395180,0.0,0.0,7.708261228338448,999.214269444998,0.0
1395240,0.0,0.0,7.708261228338448,1000.4291584920861,0.0
1395300,0.0,0.0,7.708261228338448,1000.7100932550562,0.0
1395360,0.0,0.0,7.708261228338448,999.1957370682286,0.0
1395420,0.0,0.0,7.708261228338448,999.555360379056,0.0
1395480,0.0,0.0,7.708261228338448,998.7804801847948,0.0
1395540,0.0,0.0,7.708261228338448,999.8414003858246,0.0
1395600,0.0,0.0,7.708261228338448,1001.4693960239334,0.0
1395660,0.0,0.0,7.708261228338448,1000.1322303707316,0.0
1395720,0.0,0.0,7.708261228338448,999.6691640563259,0.0
1395780,0.0,0.0,7.708261228338448,998.6982714842367,0.0
1395840,0.0,0.0,7.708261228338448,999.558875803178,0.0
1395900,0.0,0.0,7.708261228338448,1001.745351322169,0.0
1395960,0.0,0.0,7.708261228338448,1000.1311876934594,0.0
1396020,0.0,0.0,7.708261228338448,1000.2934615279261,0.0
1396080,0.0,0.0,7.708261228338448,997.657891244341,0.0
1396140,0.0,0.0,7.708261228338448,999.3659829575619,0.0
1396200,0.0,0.0,7.708261228338448,1000.186731207554,0.0
1396260,0.0,0.0,7.708261228338448,1000.3419396658289,0.0
1396320,0.0,0.0,7.708261228338448,1000.4311504132503,0.0
1396380,0.0,0.0,7.708261228338448,997.8178638007164,0.0
1396440,0.0,0.0,7.708261228338448,999.1694036265367,0.0
1396500,0.0,0.0,7.708261228338448,1000.5846764032026,0.0
1396560,0.0,0.0,7.708261228338448,1000.376930072015,0.0
1396620,0.0,0.0,7.708261228338448,1001.0661325404824,0.0
1396680,0.0,0.0,7.708261228338448,999.1355479125666,0.0
1396740,0.0,0.0,7.708261228338448,998.8795601827298,0.0
1396800,0.0,0.0,7.708261228338448,999.8402650301712,0.0
1396860,0.0,0.0,7.708261228338448,1000.4886948638699,0.0
1396920,0.0,0.0,7.708261228338448,1000.1572677995262,0.0
1396980,0.0,0.0,7.708261228338448,1000.0836267212449,0.0
1397040,0.0,0.0,7.708261228338448,998.0259902027834,0.0
1397100,0.0,0.0,7.708261228338448,999.3280758383046,0.0
1397160,0.0,0.0,7.708261228338448,1000.9672843788538,0.0
1397220,0.0,0.0,7.708261228338448,1000.4138309634893,0.0
1397280,0.0,0.0,7.708261228338448,1000.1715292401909,0.0
1397340,0.0,0.0,7.708261228338448,998.5696930183727,0.0
1397400,0.0,0.0,7.708261228338448,999.2018857490775,0.0
1397460,0.0,0.0,7.708261228338448,999.8283547687636,0.0
1397520,0.0,0.0,7.708261228338448,1001.6318814519507,0.0
1397580,0.0,0.0,7.708261228338448,1000.0603138250635,0.0
1397640,0.0,0.0,7.708261228338448,999.7653264298286,0.0
1397700,0.0,0.0,7.708261228338448,998.743640163689,0.0
1397760,0.0,0.0,7.708261228338448,999.5755723068511,0.0
1397820,0.0,0.0,7.708261228338448,1000.6064415430383,0.0
1397880,0.0,0.0,7.708261228338448,1000.7030745907914,0.0
1397940,0.0,0.0,7.708261228338448,998.6089230531303,0.0
1398000,0.0,0.0,7.708261228338448,999.2148174428543,0.0
1398060,0.0,0.0,7.708261228338448,999.4725857509724,0.0
1398120,0.0,0.0,7.708261228338448,1000.1479114192209,0.0
1398180,0.0,0.0,7.708261228338448,1001.4415749502838,0.0
1398240,0.0,0.0,7.708261228338448,999.8032734366703,0.0
1398300,0.0,0.0,7.708261228338448,999.1517415917962,0.0
1398360,0.0,0.0,7.708261228338448,999.226546901057,0.0
1398420,0.0,0.0,7.708261228338448,999.9646816651946,0.0
1398480,0.0,0.0,7.708261228338448,1001.0447122505456,0.0
1398540,0.0,0.0,7.708261228338448,999.3437980681019,0.0
1398600,0.0,0.0,7.708261228338448,999.2300111779513,0.0
1398660,0.0,0.0,7.708261228338448,998.8634332488741,0.0
1398720,0.0,0.0,7.708261228338448,999.872139264628,0.0
1398780,0.0,0.0,7.708261228338448,1000.4277141795757,0.0
1398840,0.0,0.0,7.708261228338448,1000.0133352473496,0.0
1398900,0.0,0.0,7.708261228338448,1000.1206476780131,0.0
1398960,0.0,0.0,7.708261228338448,997.9788198401205,0.0
1399020,0.0,0.0,7.708261228338448,999.3698135179004,0.0
1399080,0.0,0.0,7.708261228338448,1001.0880257346029,0.0
1399140,0.0,0.0,7.708261228338448,1000.3894498955655,0.0
1399200,0.0,0.0,7.708261228338448,1000.5467534992522,0.0
1399260,0.0,0.0,7.708261228338448,998.752306151622,0.0
1399320,0.0,0.0,7.708261228338448,999.0365289363612,0.0
1399380,0.0,0.0,7.708261228338448,1000.2675060017754,0.0
1399440,0.0,0.0,7.708261228338448,1000.6931984606979,0.0
1399500,0.0,0.0,7.708261228338448,999.6814606551484,0.0
1399560,0.0,0.0,7.708261228338448,999.6888136610891,0.0
1399620,0.0,0.0,7.708261228338448,998.4354271192337,0.0
1399680,0.0,0.0,7.708261228338448,1000.2026309952544,0.0
1399740,0.0,0.0,7.708261228338448,1000.3653824766217,0.0
1399800,0.0,0.0,7.708261228338448,1001.2588814254885,0.0
1399860,0.0,0.0,7.708261228338448,998.1875796943086,0.0
1399920,0.0,0.0,7.708261228338448,999.2837570856773,0.0
1399980,0.0,0.0,7.708261228338448,999.5942346404202,0.0
1400040,0.0,0.0,7.708261228338448,1000.0992456418794,0.0
1400100,0.0,0.0,7.708261228338448,1001.5416130635795,0.0
1400160,0.0,0.0,7.708261228338448,999.7577150592427,0.0
1400220,0.0,0.0,7.708261228338448,999.1957923055203,0.0
1400280,0.0,0.0,7.708261228338448,999.1075682550362,0.0
1400340,0.0,0.0,7.708261228338448,999.9719988102137,0.0
1400400,0.0,0.0,7.708261228338448,1000.5794356259421,0.0
1400460,0.0,0.0,7.708261228338448,1000.551175124385,0.0
1400520,0.0,0.0,7.708261228338448,998.0997588535363,0.0
1400580,0.0,0.0,7.708261228338448,999.0661209558357,0.0
1400640,0.0,0.0,7.708261228338448,1000.1474609954904,0.0
1400700,0.0,0.0,7.708261228338448,1000.3685358677135,0.0
1400760,0.0,0.0,7.708261228338448,1001.2029120736958,0.0
1400820,0.0,0.0,7.708261228338448,997.8022768892941,0.0
1400880,0.0,0.0,7.708261228338448,999.0150541928314,0.0
1400940,0.0,0.0,7.708261228338448,999.3609334364899,0.0
1401000,0.0,0.0,7.708261228338448,1001.3538852521575,0.0
1401060,0.0,0.0,7.708261228338448,1000.3709940497962,0.0
1401120,0.0,0.0,7.708261228338448,1000.562635948107,0.0
1401180,0.0,0.0,7.708261228338448,998.7448777025222,0.0
1401240,0.0,0.0,7.708261228338448,999.0816090768365,0.0
1401300,0.0,0.0,7.708261228338448,1000.276325333662,0.0
1401360,0.0,0.0,7.708261228338448,1000.6588017061966,0.0
1401420,0.0,0.0,7.708261228338448,999.4897380749088,0.0
1401480,0.0,0.0,7.708261228338448,999.7414135526168,0.0
1401540,0.0,0.0,7.708261228338448,998.4695736113482,0.0
1401600,0.0,0.0,7.708261228338448,999.678632852538,0.0
1401660,0.0,0.0,7.708261228338448,1001.3948351525705,0.0
1401720,0.0,0.0,7.708261228338448,1000.2535164751216,0.0
1401780,0.0,0.0,7.708261228338448,999.9568756164658,0.0
1401840,0.0,0.0,7.708261228338448,998.6188640019943,0.0
1401900,0.0,0.0,7.708261228338448,999.3635273433146,0.0
1401960,0.0,0.0,7.708261228338448,1001.6876333749385,0.0
1402020,0.0,0.0,7.708261228338448,1000.2485169541463,0.0
1402080,0.0,0.0,7.708261228338448,1000.5033396258856,0.0
1402140,0.0,0.0,7.708261228338448,997.4216985087389,0.0
1402200,0.0,0.0,7.708261228338448,999.1552530451439,0.0
1402260,0.0,0.0,7.708261228338448,1000.0039958616816,0.0
1402320,0.0,0.0,7.708261228338448,1000.4627673194992,0.0
1402380,0.0,0.0,7.708261228338448,1000.5379782426187,0.0
1402440,0.0,0.0,7.708261228338448,997.9124170878071,0.0
1402500,0.0,0.0,7.708261228338448,999.1401845995383,0.0
1402560,0.0,0.0,7.708261228338448,1000.280816637478,0.0
1402620,0.0,0.0,7.708261228338448,1000.3259488606824,0.0
1402680,0.0,0.0,7.708261228338448,1001.2559128662712,0.0
1402740,0.0,0.0,7.708261228338448,999.3352807135568,0.0
1402800,0.0,0.0,7.708261228338448,998.8928374037075,0.0
1402860,0.0,0.0,7.708261228338448,999.6075634373454,0.0
1402920,0.0,0.0,7.708261228338448,1000.3508101558053,0.0
1402980,0.0,0.0,7.708261228338448,1000.3418076319869,0.0
1403040,0.0,0.0,7.708261228338448,1000.2527219115125,0.0
1403100,0.0,0.0,7.708261228338448,997.9432426812131,0.0
1403160,0.0,0.0,7.708261228338448,999.1988916319285,0.0
1403220,0.0,0.0,7.708261228338448,1000.7418623971378,0.0
1403280,0.0,0.0,7.708261228338448,1000.6119847579362,0.0
1403340,0.0,0.0,7.708261228338448,1000.2973742184134,0.0
1403400,0.0,0.0,7.708261228338448,998.7802598245606,0.0
1403460,0.0,0.0,7.708261228338448,998.8073031979617,0.0
1403520,0.0,0.0,7.708261228338448,999.6822002793473,0.0
1403580,0.0,0.0,7.708261228338448,1001.5732140299942,0.0
1403640,0.0,0.0,7.708261228338448,1000.1737562542016,0.0
1403700,0.0,0.0,7.708261228338448,1000.0390088216789,0.0
1403760,0.0,0.0,7.708261228338448,998.6547410194498,0.0
1403820,0.0,0.0,7.708261228338448,999.3979093392142,0.0
1403880,0.0,0.0,7.708261228338448,1000.5525370672743,0.0
1403940,0.0,0.0,7.708261228338448,1000.7261125846504,0.0
1404000,0.0,0.0,7.708261228338448,998.8946795409315,0.0
1404060,0.0,0.0,7.708261228338448,999.3522180431772,0.0
1404120,0.0,0.0,7.708261228338448,999.1438180069161,0.0
1404180,0.0,0.0,7.708261228338448,1000.0152449984129,0.0
1404240,0.0,0.0,7.708261228338448,1001.4747122557019,0.0
1404300,0.0,0.0,7.708261228338448,999.9731606988418,0.0
1404360,0.0,0.0,7.708261228338448,999.3705070666209,0.0
1404420,0.0,0.0,7.708261228338448,998.8026014377252,0.0
1404480,0.0,0.0,7.708261228338448,999.8055216301098,0.0
1404540,0.0,0.0,7.708261228338448,1000.9582944620151,0.0
1404600,0.0,0.0,7.708261228338448,999.7509709722648,0.0
1404660,0.0,0.0,7.708261228338448,999.4114162555103,0.0
1404720,0.0,0.0,7.708261228338448,998.8633023904758,0.0
1404780,0.0,0.0,7.708261228338448,999.6533221413116,0.0
1404840,0.0,0.0,7.708261228338448,1000.2996346775534,0.0
1404900,0.0,0.0,7.708261228338448,1000.2108287054862,0.0
1404960,0.0,0.0,7.708261228338448,1000.2714644572226,0.0
1405020,0.0,0.0,7.708261228338448,997.8580949113029,0.0
1405080,0.0,0.0,7.708261228338448,999.2555779925704,0.0
1405140,0.0,0.0,7.708261228338448,1000.8713609725477,0.0
1405200,0.0,0.0,7.708261228338448,1000.4082435478063,0.0
1405260,0.0,0.0,7.708261228338448,1000.7893420381915,0.0
1405320,0.0,0.0,7.708261228338448,998.9169941596298,0.0
1405380,0.0,0.0,7.708261228338448,998.9331787196218,0.0
1405440,0.0,0.0,7.708261228338448,1000.083010328808,0.0
1405500,0.0,0.0,7.708261228338448,1000.619201747624,0.0
1405560,0.0,0.0,7.708261228338448,999.9274258399882,0.0
1405620,0.0,0.0,7.708261228338448,999.869249668427,0.0
1405680,0.0,0.0,7.708261228338448,998.2171861740268,0.0
1405740,0.0,0.0,7.708261228338448,999.9429179088156,0.0
1405800,0.0,0.0,7.708261228338448,1000.2583340422597,0.0
1405860,0.0,0.0,7.708261228338448,1001.4901971187982,0.0
1405920,0.0,0.0,7.708261228338448,998.4763715540532,0.0
1405980,0.0,0.0,7.708261228338448,999.4152286548672,0.0
1406040,0.0,0.0,7.708261228338448,999.2458800752971,0.0
1406100,0.0,0.0,7.708261228338448,999.9821905423536,0.0
1406160,0.0,0.0,7.708261228338448,1001.5737811202373,0.0
1406220,0.0,0.0,7.708261228338448,999.9175847730615,0.0
1406280,0.0,0.0,7.708261228338448,999.4058903074961,0.0
1406340,0.0,0.0,7.708261228338448,998.9174839285125,0.0
1406400,0.0,0.0,7.708261228338448,999.7957302680702,0.0
1406460,0.0,0.0,7.708261228338448,1000.623296877888,0.0
1406520,0.0,0.0,7.708261228338448,1000.6383460284414,0.0
1406580,0.0,0.0,7.708261228338448,998.3293137539351,0.0
1406640,0.0,0.0,7.708261228338448,999.086197187766,0.0
1406700,0.0,0.0,7.708261228338448,999.842350224112,0.0
1406760,0.0,0.0,7.708261228338448,1000.2862818985958,0.0
1406820,0.0,0.0,7.708261228338448,1001.3282065099723,0.0
1406880,0.0,0.0,7.708261228338448,998.1217028676855,0.0
1406940,0.0,0.0,7.708261228338448,999.1274747887338,0.0
1407000,0.0,0.0,7.708261228338448,999.1266156694718,0.0
1407060,0.0,0.0,7.708261228338448,1001.2668870133413,0.0
1407120,0.0,0.0,7.708261228338448,1000.3828870634183,0.0
1407180,0.0,0.0,7.708261228338448,1000.8209734073838,0.0
1407240,0.0,0.0,7.708261228338448,998.9006217056839,0.0
1407300,0.0,0.0,7.708261228338448,998.9951799294686,0.0
1407360,0.0,0.0,7.708261228338448,1000.1073236180499,0.0
1407420,0.0,0.0,7.708261228338448,1000.586834000742,0.0
1407480,0.0,0.0,7.708261228338448,999.7477461849181,0.0
1407540,0.0,0.0,7.708261228338448,999.9068592638619,0.0
1407600,0.0,0.0,7.708261228338448,998.2262157332729,0.0
1407660,0.0,0.0,7.708261228338448,999.5331086036512,0.0
1407720,0.0,0.0,7.708261228338448,1001.2745635378558,0.0
1407780,0.0,0.0,7.708261228338448,1000.3383114838396,0.0
1407840,0.0,0.0,7.708261228338448,1000.2176895829493,0.0
1407900,0.0,0.0,7.708261228338448,998.6224462287303,0.0
1407960,0.0,0.0,7.708261228338448,999.1995447935702,0.0
1408020,0.0,0.0,7.708261228338448,1000.4480893617589,0.0
1408080,0.0,0.0,7.708261228338448,1000.7485728131644,0.0
1408140,0.0,0.0,7.708261228338448,999.7006525237471,0.0
1408200,0.0,0.0,7.708261228338448,998.2715845668652,0.0
1408260,0.0,0.0,7.708261228338448,999.0867871439394,0.0
1408320,0.0,0.0,7.708261228338448,1001.0052990558054,0.0
1408380,0.0,0.0,7.708261228338448,1000.4273645821412,0.0
1408440,0.0,0.0,7.708261228338448,1000.6770573860846,0.0
1408500,0.0,0.0,7.708261228338448,998.0277547320813,0.0
1408560,0.0,0.0,7.708261228338448,999.187180638381,0.0
1408620,0.0,0.0,7.708261228338448,999.9223301029706,0.0
1408680,0.0,0.0,7.708261228338448,1000.2434345223127,0.0
1408740,0.0,0.0,7.708261228338448,1001.4098189320266,0.0
1408800,0.0,0.0,7.708261228338448,999.5389694640804,0.0
1408860,0.0,0.0,7.708261228338448,998.9897726716399,0.0
1408920,0.0,0.0,7.708261228338448,999.3638944465243,0.0
1408980,0.0,0.0,7.708261228338448,1000.1847749665496,0.0
1409040,0.0,0.0,7.708261228338448,1000.4863459936199,0.0
1409100,0.0,0.0,7.708261228338448,1000.4078255280008,0.0
1409160,0.0,0.0,7.708261228338448,997.959420474982,0.0
1409220,0.0,0.0,7.708261228338448,999.1025107089533,0.0
1409280,0.0,0.0,7.708261228338448,1000.4725809773652,0.0
1409340,0.0,0.0,7.708261228338448,1000.7569925586097,0.0
1409400,0.0,0.0,7.708261228338448,1000.400624728747,0.0
1409460,0.0,0.0,7.708261228338448,999.0657218635342,0.0
1409520,0.0,0.0,7.708261228338448,998.4225603969377,0.0
1409580,0.0,0.0,7.708261228338448,999.534764033979,0.0
1409640,0.0,0.0,7.708261228338448,1001.4594450570014,0.0
1409700,0.0,0.0,7.708261228338448,1000.2598118505481,0.0
1409760,0.0,0.0,7.708261228338448,1000.3260432737537,0.0
1409820,0.0,0.0,7.708261228338448,998.6441698224803,0.0
1409880,0.0,0.0,7.708261228338448,999.2309676103158,0.0
1409940,0.0,0.0,7.708261228338448,1000.4516442544273,0.0
1410000,0.0,0.0,7.708261228338448,1000.7165305935671,0.0
1410060,0.0,0.0,7.708261228338448,999.1891511204925,0.0
1410120,0.0,0.0,7.708261228338448,999.5173731510844,0.0
1410180,0.0,0.0,7.708261228338448,998.8185210313854,0.0
1410240,0.0,0.0,7.708261228338448,999.8643907513418,0.0
1410300,0.0,0.0,7.708261228338448,1001.4593554417075,0.0
1410360,0.0,0.0,7.708261228338448,1000.1237312809166,0.0
1410420,0.0,0.0,7.708261228338448,999.6269415902334,0.0
1410480,0.0,0.0,7.708261228338448,998.7066422035439,0.0
1410540,0.0,0.0,7.708261228338448,999.580934107414,0.0
1410600,0.0,0.0,7.708261228338448,1001.7196694554248,0.0
1410660,0.0,0.0,7.708261228338448,1000.1320547327538,0.0
1410720,0.0,0.0,7.708261228338448,1000.260753936065,0.0
1410780,0.0,0.0,7.708261228338448,997.6960091152135,0.0
1410840,0.0,0.0,7.708261228338448,999.3827285913632,0.0
1410900,0.0,0.0,7.708261228338448,1000.2081018214533,0.0
1410960,0.0,0.0,7.708261228338448,1000.3462093684717,0.0
1411020,0.0,0.0,7.708261228338448,1000.4187619400237,0.0
1411080,0.0,0.0,7.708261228338448,997.8332529987157,0.0
1411140,0.0,0.0,7.708261228338448,999.1661260551496,0.0
1411200,0.0,0.0,7.708261228338448,1000.5937680091901,0.0
1411260,0.0,0.0,7.708261228338448,1000.3871673808411,0.0
1411320,0.0,0.0,7.708261228338448,1001.0406901647676,0.0
1411380,0.0,0.0,7.708261228338448,999.1236986985306,0.0
1411440,0.0,0.0,7.708261228338448,998.8744089141014,0.0
1411500,0.0,0.0,7.708261228338448,999.8504037148481,0.0
1411560,0.0,0.0,7.708261228338448,1000.5002560324787,0.0
1411620,0.0,0.0,7.708261228338448,1000.1605793924828,0.0
1411680,0.0,0.0,7.708261228338448,1000.0694511516241,0.0
1411740,0.0,0.0,7.708261228338448,998.0383598115941,0.0
1411800,0.0,0.0,7.708261228338448,999.6320641916085,0.0
1411860,0.0,0.0,7.708261228338448,1000.1140443822707,0.0
1411920,0.0,0.0,7.708261228338448,1001.7011179727406,0.0
1411980,0.0,0.0,7.708261228338448,998.7885465366695,0.0
1412040,0.0,0.0,7.708261228338448,999.5912249399673,0.0
1412100,0.0,0.0,7.708261228338448,998.8688970833015,0.0
1412160,0.0,0.0,7.708261228338448,999.8370334819,0.0
1412220,0.0,0.0,7.708261228338448,1001.5620370406958,0.0
1412280,0.0,0.0,7.708261228338448,1000.0682470540138,0.0
1412340,0.0,0.0,7.708261228338448,999.6777866720978,0.0
1412400,0.0,0.0,7.708261228338448,998.753301074166,0.0
1412460,0.0,0.0,7.708261228338448,999.5989647185615,0.0
1412520,0.0,0.0,7.708261228338448,1000.6175282055189,0.0
1412580,0.0,0.0,7.708261228338448,1000.7017596580921,0.0
1412640,0.0,0.0,7.708261228338448,998.603829329876,0.0
1412700,0.0,0.0,7.708261228338448,999.1865923818115,0.0
1412760,0.0,0.0,7.708261228338448,999.5009513476404,0.0
1412820,0.0,0.0,7.708261228338448,1000.1674627138831,0.0
1412880,0.0,0.0,7.708261228338448,1001.4219827937748,0.0
1412940,0.0,0.0,7.708261228338448,998.4803911331311,0.0
1413000,0.0,0.0,7.708261228338448,999.2820508455542,0.0
1413060,0.0,0.0,7.708261228338448,998.8931248194266,0.0
1413120,0.0,0.0,7.708261228338448,1001.1095105321074,0.0
1413180,0.0,0.0,7.708261228338448,1000.3615748070005,0.0
1413240,0.0,0.0,7.708261228338448,1001.0794724679977,0.0
1413300,0.0,0.0,7.708261228338448,999.0866396866387,0.0
1413360,0.0,0.0,7.708261228338448,998.9513400259199,0.0
1413420,0.0,0.0,7.708261228338448,999.89914454227,0.0
1413480,0.0,0.0,7.708261228338448,1000.4795889783102,0.0
1413540,0.0,0.0,7.708261228338448,999.9903289433614,0.0
1413600,0.0,0.0,7.708261228338448,1000.0821300692983,0.0
1413660,0.0,0.0,7.708261228338448,998.0197443974841,0.0
1413720,0.0,0.0,7.708261228338448,999.3875207144703,0.0
1413780,0.0,0.0,7.708261228338448,1001.1030435720535,0.0
1413840,0.0,0.0,7.708261228338448,1000.3947351233114,0.0
1413900,0.0,0.0,7.708261228338448,1000.4919271264981,0.0
1413960,0.0,0.0,7.708261228338448,998.7276231283657,0.0
1414020,0.0,0.0,7.708261228338448,999.0499461068061,0.0
1414080,0.0,0.0,7.708261228338448,1000.2912208576485,0.0
1414140,0.0,0.0,7.708261228338448,1000.7076675751692,0.0
1414200,0.0,0.0,7.708261228338448,1000.0924198888108,0.0
1414260,0.0,0.0,7.708261228338448,998.4622914523725,0.0
1414320,0.0,0.0,7.708261228338448,999.0591501016581,0.0
1414380,0.0,0.0,7.708261228338448,1000.6763731174755,0.0
1414440,0.0,0.0,7.708261228338448,1000.4518091543091,0.0
1414500,0.0,0.0,7.708261228338448,1000.7360851682555,0.0
1414560,0.0,0.0,7.708261228338448,998.293401397332,0.0
1414620,0.0,0.0,7.708261228338448,999.2856825092648,0.0
1414680,0.0,0.0,7.708261228338448,999.5854132245183,0.0
1414740,0.0,0.0,7.708261228338448,1000.1411151285437,0.0
1414800,0.0,0.0,7.708261228338448,1001.5071041683356,0.0
1414860,0.0,0.0,7.708261228338448,999.7236421991629,0.0
1414920,0.0,0.0,7.708261228338448,999.1494739170296,0.0
1414980,0.0,0.0,7.708261228338448,999.1414255019505,0.0
1415040,0.0,0.0,7.708261228338448,1000.0123669006728,0.0
1415100,0.0,0.0,7.708261228338448,1000.5814767793946,0.0
1415160,0.0,0.0,7.708261228338448,1000.5305588657699,0.0
1415220,0.0,0.0,7.708261228338448,998.0957951233764,0.0
1415280,0.0,0.0,7.708261228338448,999.0551952142521,0.0
1415340,0.0,0.0,7.708261228338448,1000.1849904956654,0.0
1415400,0.0,0.0,7.708261228338448,1000.8399855163709,0.0
1415460,0.0,0.0,7.708261228338448,1000.4722549679036,0.0
1415520,0.0,0.0,7.708261228338448,999.3839702064254,0.0
1415580,0.0,0.0,7.708261228338448,998.0939025748766,0.0
1415640,0.0,0.0,7.708261228338448,999.4053240579458,0.0
1415700,0.0,0.0,7.708261228338448,1001.296558317742,0.0
1415760,0.0,0.0,7.708261228338448,1000.3140435198526,0.0
1415820,0.0,0.0,7.708261228338448,1000.5901880930417,0.0
1415880,0.0,0.0,7.708261228338448,998.7290301353742,0.0
1415940,0.0,0.0,7.708261228338448,999.0942038481833,0.0
1416000,0.0,0.0,7.708261228338448,1000.3165838811068,0.0
1416060,0.0,0.0,7.708261228338448,1000.6776570370075,0.0
1416120,0.0,0.0,7.708261228338448,999.468871005842,0.0
1416180,0.0,0.0,7.708261228338448,999.6858771478541,0.0
1416240,0.0,0.0,7.708261228338448,998.5289663052388,0.0
1416300,0.0,0.0,7.708261228338448,999.71267513602,0.0
1416360,0.0,0.0,7.708261228338448,1001.3936609914703,0.0
1416420,0.0,0.0,7.708261228338448,1000.2439415363316,0.0
1416480,0.0,0.0,7.708261228338448,999.8888083289202,0.0
1416540,0.0,0.0,7.708261228338448,998.6220468435696,0.0
1416600,0.0,0.0,7.708261228338448,999.3959129215889,0.0
1416660,0.0,0.0,7.708261228338448,1001.6627221647727,0.0
1416720,0.0,0.0,7.708261228338448,1000.2496732552094,0.0
1416780,0.0,0.0,7.708261228338448,1000.4570722937807,0.0
1416840,0.0,0.0,7.708261228338448,997.479150743135,0.0
1416900,0.0,0.0,7.708261228338448,999.1819601953088,0.0
1416960,0.0,0.0,7.708261228338448,1000.0392609679614,0.0
1417020,0.0,0.0,7.708261228338448,1000.4663568526249,0.0
1417080,0.0,0.0,7.708261228338448,1000.5233937537952,0.0
1417140,0.0,0.0,7.708261228338448,997.920859592013,0.0
1417200,0.0,0.0,7.708261228338448,999.1285211007709,0.0
1417260,0.0,0.0,7.708261228338448,1000.308626508412,0.0
1417320,0.0,0.0,7.708261228338448,1000.3437136886686,0.0
1417380,0.0,0.0,7.708261228338448,1001.2192527126114,0.0
1417440,0.0,0.0,7.708261228338448,999.31328467631,0.0
1417500,0.0,0.0,7.708261228338448,998.8780880055184,0.0
1417560,0.0,0.0,7.708261228338448,999.6294784546906,0.0
1417620,0.0,0.0,7.708261228338448,1000.3727277088655,0.0
1417680,0.0,0.0,7.708261228338448,1000.3401775853642,0.0
1417740,0.0,0.0,7.708261228338448,1000.2311060009526,0.0
1417800,0.0,0.0,7.708261228338448,997.9596393649979,0.0
1417860,0.0,0.0,7.708261228338448,999.3387813155317,0.0
1417920,0.0,0.0,7.708261228338448,999.9746275292217,0.0
1417980,0.0,0.0,7.708261228338448,1001.8233831946841,0.0
1418040,0.0,0.0,7.708261228338448,999.0821776297199,0.0
1418100,0.0,0.0,7.708261228338448,999.753143707893,0.0
1418160,0.0,0.0,7.708261228338448,998.5475120318177,0.0
1418220,0.0,0.0,7.708261228338448,999.7029227891937,0.0
1418280,0.0,0.0,7.708261228338448,1001.4955769390834,0.0
1418340,0.0,0.0,7.708261228338448,1000.1822687218183,0.0
1418400,0.0,0.0,7.708261228338448,999.9361834488284,0.0
1418460,0.0,0.0,7.708261228338448,998.6572332507764,0.0
1418520,0.0,0.0,7.708261228338448,999.4267485743597,0.0
1418580,0.0,0.0,7.708261228338448,1000.5705982395408,0.0
1418640,0.0,0.0,7.708261228338448,1000.7302907788203,0.0
1418700,0.0,0.0,7.708261228338448,998.880473098173,0.0
1418760,0.0,0.0,7.708261228338448,999.3126365767564,0.0
1418820,0.0,0.0,7.708261228338448,999.1860387570315,0.0
1418880,0.0,0.0,7.708261228338448,1000.0418133244195,0.0
1418940,0.0,0.0,7.708261228338448,1001.4570386945009,0.0
1419000,0.0,0.0,7.708261228338448,999.9573442150934,0.0
1419060,0.0,0.0,7.708261228338448,999.3274086455709,0.0
1419120,0.0,0.0,7.708261228338448,998.839697587723,0.0
1419180,0.0,0.0,7.708261228338448,999.8294184649819,0.0
1419240,0.0,0.0,7.708261228338448,1000.9704939952079,0.0
1419300,0.0,0.0,7.708261228338448,999.7446696151242,0.0
1419360,0.0,0.0,7.708261228338448,999.3897202963572,0.0
1419420,0.0,0.0,7.708261228338448,998.8501228117458,0.0
1419480,0.0,0.0,7.708261228338448,999.6745759552457,0.0
1419540,0.0,0.0,7.708261228338448,1000.3213570613563,0.0
1419600,0.0,0.0,7.708261228338448,1000.2111167562182,0.0
1419660,0.0,0.0,7.708261228338448,1000.251721627776,0.0
1419720,0.0,0.0,7.708261228338448,997.8787186697101,0.0
1419780,0.0,0.0,7.708261228338448,999.2596638068767,0.0
1419840,0.0,0.0,7.708261228338448,1000.8792050102345,0.0
1419900,0.0,0.0,7.708261228338448,1000.4164172733426,0.0
1419960,0.0,0.0,7.708261228338448,1000.7586977923202,0.0
1420020,0.0,0.0,7.708261228338448,998.9027568233089,0.0
1420080,0.0,0.0,7.708261228338448,998.9342284438343,0.0
1420140,0.0,0.0,7.708261228338448,1000.0954289538735,0.0
1420200,0.0,0.0,7.708261228338448,1000.630337808321,0.0
1420260,0.0,0.0,7.708261228338448,1000.4796265676562,0.0
1420320,0.0,0.0,7.708261228338448,998.6901964779308,0.0
1420380,0.0,0.0,7.708261228338448,999.0951817193995,0.0
1420440,0.0,0.0,7.708261228338448,1000.2979482971838,0.0
1420500,0.0,0.0,7.708261228338448,1000.4265840794988,0.0
1420560,0.0,0.0,7.708261228338448,1000.7635331929383,0.0
1420620,0.0,0.0,7.708261228338448,998.5887548318452,0.0
1420680,0.0,0.0,7.708261228338448,999.4224963250041,0.0
1420740,0.0,0.0,7.708261228338448,999.2351396346147,0.0
1420800,0.0,0.0,7.708261228338448,1000.0151088027366,0.0
1420860,0.0,0.0,7.708261228338448,1001.5588676704353,0.0
1420920,0.0,0.0,7.708261228338448,999.8968644306592,0.0
1420980,0.0,0.0,7.708261228338448,999.3667591493655,0.0
1421040,0.0,0.0,7.708261228338448,998.9368037359092,0.0
1421100,0.0,0.0,7.708261228338448,999.8246718361506,0.0
1421160,0.0,0.0,7.708261228338448,1000.6301783234234,0.0
1421220,0.0,0.0,7.708261228338448,1000.6290664932155,0.0
1421280,0.0,0.0,7.708261228338448,998.3267272073273,0.0
1421340,0.0,0.0,7.708261228338448,999.0669060014418,0.0
1421400,0.0,0.0,7.708261228338448,999.8698574473709,0.0
1421460,0.0,0.0,7.708261228338448,1000.3051120411612,0.0
1421520,0.0,0.0,7.708261228338448,1001.3028210931546,0.0
1421580,0.0,0.0,7.708261228338448,998.1403143371273,0.0
1421640,0.0,0.0,7.708261228338448,999.102417017434,0.0
1421700,0.0,0.0,7.708261228338448,999.1493721591072,0.0
1421760,0.0,0.0,7.708261228338448,1001.256793504771,0.0
1421820,0.0,0.0,7.708261228338448,1000.3923377916456,0.0
1421880,0.0,0.0,7.708261228338448,1000.7820756897415,0.0
1421940,0.0,0.0,7.708261228338448,998.8847682733324,0.0
1422000,0.0,0.0,7.708261228338448,998.9949164862676,0.0
1422060,0.0,0.0,7.708261228338448,1000.12129673812,0.0
1422120,0.0,0.0,7.708261228338448,1000.5995024753419,0.0
1422180,0.0,0.0,7.708261228338448,999.7496597427872,0.0
1422240,0.0,0.0,7.708261228338448,999.8865711171896,0.0
1422300,0.0,0.0,7.708261228338448,998.2445345256222,0.0
1422360,0.0,0.0,7.708261228338448,999.5418755223557,0.0
1422420,0.0,0.0,7.708261228338448,1001.2715655692882,0.0
1422480,0.0,0.0,7.708261228338448,1000.3410741040299,0.0
1422540,0.0,0.0,7.708261228338448,1000.193720702525,0.0
1422600,0.0,0.0,7.708261228338448,998.6178864795087,0.0
1422660,0.0,0.0,7.708261228338448,999.2056152943653,0.0
1422720,0.0,0.0,7.708261228338448,1001.5387700965312,0.0
1422780,0.0,0.0,7.708261228338448,1000.333733184481,0.0
1422840,0.0,0.0,7.708261228338448,1000.6588987841841,0.0
1422900,0.0,0.0,7.708261228338448,997.3333415647771,0.0
1422960,0.0,0.0,7.708261228338448,998.9844382515865,0.0
1423020,0.0,0.0,7.708261228338448,999.838275574107,0.0
1423080,0.0,0.0,7.708261228338448,1000.5415034184017,0.0
1423140,0.0,0.0,7.708261228338448,1000.6112429438041,0.0
1423200,0.0,0.0,7.708261228338448,998.1332320090944,0.0
1423260,0.0,0.0,7.708261228338448,999.1526184042692,0.0
1423320,0.0,0.0,7.708261228338448,999.9734946022419,0.0
1423380,0.0,0.0,7.708261228338448,1000.262347135458,0.0
1423440,0.0,0.0,7.708261228338448,1001.3784465543754,0.0
1423500,0.0,0.0,7.708261228338448,999.5196527178566,0.0
1423560,0.0,0.0,7.708261228338448,998.962369343491,0.0
1423620,0.0,0.0,7.708261228338448,999.3853894923785,0.0
1423680,0.0,0.0,7.708261228338448,1000.2084171300764,0.0
1423740,0.0,0.0,7.708261228338448,1000.4871576727165,0.0
1423800,0.0,0.0,7.708261228338448,1000.390241970976,0.0
1423860,0.0,0.0,7.708261228338448,997.9700179010678,0.0
1423920,0.0,0.0,7.708261228338448,999.0263948994906,0.0
1423980,0.0,0.0,7.708261228338448,999.8121207905608,0.0
1424040,0.0,0.0,7.708261228338448,1001.9015338936908,0.0
1424100,0.0,0.0,7.708261228338448,999.3729541714733,0.0
1424160,0.0,0.0,7.708261228338448,999.9359532947797,0.0
1424220,0.0,0.0,7.708261228338448,998.2341914998499,0.0
1424280,0.0,0.0,7.708261228338448,999.5589624698803,0.0
1424340,0.0,0.0,7.708261228338448,1001.3782567453463,0.0
1424400,0.0,0.0,7.708261228338448,1000.2738710918655,0.0
1424460,0.0,0.0,7.708261228338448,1000.2247487016427,0.0
1424520,0.0,0.0,7.708261228338448,998.6309967060812,0.0
1424580,0.0,0.0,7.708261228338448,999.25555237905,0.0
1424640,0.0,0.0,7.708261228338448,1000.4743943423307,0.0
1424700,0.0,0.0,7.708261228338448,1000.7276348534897,0.0
1424760,0.0,0.0,7.708261228338448,999.1737961723696,0.0
1424820,0.0,0.0,7.708261228338448,999.4754733419454,0.0
1424880,0.0,0.0,7.708261228338448,998.8617968525903,0.0
1424940,0.0,0.0,7.708261228338448,999.891108939964,0.0
1425000,0.0,0.0,7.708261228338448,1001.4486055293896,0.0
1425060,0.0,0.0,7.708261228338448,1000.1123488933839,0.0
1425120,0.0,0.0,7.708261228338448,999.5794955303256,0.0
1425180,0.0,0.0,7.708261228338448,998.4292623058633,0.0
1425240,0.0,0.0,7.708261228338448,999.6563268605826,0.0
1425300,0.0,0.0,7.708261228338448,1000.8501263867817,0.0
1425360,0.0,0.0,7.708261228338448,1000.1302810964015,0.0
1425420,0.0,0.0,7.708261228338448,999.5745909921445,0.0
1425480,0.0,0.0,7.708261228338448,998.9109950318775,0.0
1425540,0.0,0.0,7.708261228338448,999.4439512073491,0.0
1425600,0.0,0.0,7.708261228338448,1000.1726935397676,0.0
1425660,0.0,0.0,7.708261228338448,1000.3731792531335,0.0
1425720,0.0,0.0,7.708261228338448,1000.3924610000194,0.0
1425780,0.0,0.0,7.708261228338448,997.8400987595109,0.0
1425840,0.0,0.0,7.708261228338448,999.1690318497858,0.0
1425900,0.0,0.0,7.708261228338448,1000.6258610027242,0.0
1425960,0.0,0.0,7.708261228338448,1000.4059686568879,0.0
1426020,0.0,0.0,7.708261228338448,1000.9827518936584,0.0
1426080,0.0,0.0,7.708261228338448,999.0886967861181,0.0
1426140,0.0,0.0,7.708261228338448,998.8701257566303,0.0
1426200,0.0,0.0,7.708261228338448,999.8846847548058,0.0
1426260,0.0,0.0,7.708261228338448,1000.5281289515632,0.0
1426320,0.0,0.0,7.708261228338448,1000.8217038684573,0.0
1426380,0.0,0.0,7.708261228338448,998.9242501225181,0.0
1426440,0.0,0.0,7.708261228338448,999.194540288137,0.0
1426500,0.0,0.0,7.708261228338448,999.9004951186064,0.0
1426560,0.0,0.0,7.708261228338448,1000.3604915012606,0.0
1426620,0.0,0.0,7.708261228338448,1000.7588390907075,0.0
1426680,0.0,0.0,7.708261228338448,998.8879090965416,0.0
1426740,0.0,0.0,7.708261228338448,999.5700399703636,0.0
1426800,0.0,0.0,7.708261228338448,998.9058569657698,0.0
1426860,0.0,0.0,7.708261228338448,999.8818611720836,0.0
1426920,0.0,0.0,7.708261228338448,1001.5561830319773,0.0
1426980,0.0,0.0,7.708261228338448,1000.0436333795117,0.0
1427040,0.0,0.0,7.708261228338448,999.6075409073857,0.0
1427100,0.0,0.0,7.708261228338448,998.7760870415735,0.0
1427160,0.0,0.0,7.708261228338448,999.6414801624201,0.0
1427220,0.0,0.0,7.708261228338448,1000.6323798134781,0.0
1427280,0.0,0.0,7.708261228338448,1000.6951834830422,0.0
1427340,0.0,0.0,7.708261228338448,998.5856220851513,0.0
1427400,0.0,0.0,7.708261228338448,999.144669943529,0.0
1427460,0.0,0.0,7.708261228338448,999.5531101422326,0.0
1427520,0.0,0.0,7.708261228338448,1000.1988996802006,0.0
1427580,0.0,0.0,7.708261228338448,1001.3925026833383,0.0
1427640,0.0,0.0,7.708261228338448,998.4852147189229,0.0
1427700,0.0,0.0,7.708261228338448,999.2415153048779,0.0
1427760,0.0,0.0,7.708261228338448,998.9277968624242,0.0
1427820,0.0,0.0,7.708261228338448,1001.1073983924222,0.0
1427880,0.0,0.0,7.708261228338448,1000.3787330238621,0.0
1427940,0.0,0.0,7.708261228338448,1001.0222266736507,0.0
1428000,0.0,0.0,7.708261228338448,999.0585387199387,0.0
1428060,0.0,0.0,7.708261228338448,998.9442259937598,0.0
1428120,0.0,0.0,7.708261228338448,999.9262583353562,0.0
1428180,0.0,0.0,7.708261228338448,1000.5031284315515,0.0
1428240,0.0,0.0,7.708261228338448,999.9844886258888,0.0
1428300,0.0,0.0,7.708261228338448,1000.0521875766727,0.0
1428360,0.0,0.0,7.708261228338448,998.0491386048253,0.0
1428420,0.0,0.0,7.708261228338448,999.4007527825509,0.0
1428480,0.0,0.0,7.708261228338448,1001.1103439643233,0.0
1428540,0.0,0.0,7.708261228338448,1000.3994448082077,0.0
1428600,0.0,0.0,7.708261228338448,1000.4511627662541,0.0
1428660,0.0,0.0,7.708261228338448,998.7102573620211,0.0
1428720,0.0,0.0,7.708261228338448,999.0595302576389,0.0
1428780,0.0,0.0,7.708261228338448,1001.348358183909,0.0
1428840,0.0,0.0,7.708261228338448,1000.3777472636617,0.0
1428900,0.0,0.0,7.708261228338448,1000.8091580867101,0.0
1428960,0.0,0.0,7.708261228338448,997.3347170019008,0.0
1429020,0.0,0.0,7.708261228338448,998.8416132004501,0.0
1429080,0.0,0.0,7.708261228338448,999.656700505013,0.0
1429140,0.0,0.0,7.708261228338448,1000.5675973453372,0.0
1429200,0.0,0.0,7.708261228338448,1000.6633373712511,0.0
1429260,0.0,0.0,7.708261228338448,998.3854216783985,0.0
1429320,0.0,0.0,7.708261228338448,999.232745207103,0.0
1429380,0.0,0.0,7.708261228338448,999.651568978333,0.0
1429440,0.0,0.0,7.708261228338448,1000.1683641852858,0.0
1429500,0.0,0.0,7.708261228338448,1001.4739073186415,0.0
1429560,0.0,0.0,7.708261228338448,999.7000420305758,0.0
1429620,0.0,0.0,7.708261228338448,999.1048400526108,0.0
1429680,0.0,0.0,7.708261228338448,999.1690332079743,0.0
1429740,0.0,0.0,7.708261228338448,1000.0447060720282,0.0
1429800,0.0,0.0,7.708261228338448,1000.5837186312625,0.0
1429860,0.0,0.0,7.708261228338448,1000.5125735815114,0.0
1429920,0.0,0.0,7.708261228338448,998.0955719698192,0.0
1429980,0.0,0.0,7.708261228338448,999.0474046027542,0.0
1430040,0.0,0.0,7.708261228338448,1000.2133543984288,0.0
1430100,0.0,0.0,7.708261228338448,1000.841555378343,0.0
1430160,0.0,0.0,7.708261228338448,1000.4698926947304,0.0
1430220,0.0,0.0,7.708261228338448,999.3450220076471,0.0
1430280,0.0,0.0,7.708261228338448,998.1290016463885,0.0
1430340,0.0,0.0,7.708261228338448,999.4168704834419,0.0
1430400,0.0,0.0,7.708261228338448,1001.2987112987414,0.0
1430460,0.0,0.0,7.708261228338448,1000.3192513930946,0.0
1430520,0.0,0.0,7.708261228338448,1000.5476140201138,0.0
1430580,0.0,0.0,7.708261228338448,998.7133780207098,0.0
1430640,0.0,0.0,7.708261228338448,999.1023506065836,0.0
1430700,0.0,0.0,7.708261228338448,1000.3313979357449,0.0
1430760,0.0,0.0,7.708261228338448,1000.6880868289402,0.0
1430820,0.0,0.0,7.708261228338448,999.4678271369552,0.0
1430880,0.0,0.0,7.708261228338448,999.6609205048859,0.0
1430940,0.0,0.0,7.708261228338448,998.5507032251704,0.0
1431000,0.0,0.0,7.708261228338448,999.7259691735372,0.0
1431060,0.0,0.0,7.708261228338448,1001.3879263697454,0.0
1431120,0.0,0.0,7.708261228338448,1000.2429861392884,0.0
1431180,0.0,0.0,7.708261228338448,999.8614318648614,0.0
1431240,0.0,0.0,7.708261228338448,998.0417715295249,0.0
1431300,0.0,0.0,7.708261228338448,999.4769981674796,0.0
1431360,0.0,0.0,7.708261228338448,1000.6892123277006,0.0
1431420,0.0,0.0,7.708261228338448,1000.4883424465509,0.0
1431480,0.0,0.0,7.708261228338448,999.7553916918151,0.0
1431540,0.0,0.0,7.708261228338448,999.0564116707801,0.0
1431600,0.0,0.0,7.708261228338448,999.2113991725871,0.0
1431660,0.0,0.0,7.708261228338448,1000.0038130852444,0.0
1431720,0.0,0.0,7.708261228338448,1000.4928195640157,0.0
1431780,0.0,0.0,7.708261228338448,1000.5145945662819,0.0
1431840,0.0,0.0,7.708261228338448,997.909672589314,0.0
1431900,0.0,0.0,7.708261228338448,999.1202225510697,0.0
1431960,0.0,0.0,7.708261228338448,1000.3337394723923,0.0
1432020,0.0,0.0,7.708261228338448,1000.3623129718079,0.0
1432080,0.0,0.0,7.708261228338448,1001.1802337413043,0.0
1432140,0.0,0.0,7.708261228338448,999.2892558472051,0.0
1432200,0.0,0.0,7.708261228338448,998.8644952306082,0.0
1432260,0.0,0.0,7.708261228338448,999.6532001164726,0.0
1432320,0.0,0.0,7.708261228338448,1000.3957542305599,0.0
1432380,0.0,0.0,7.708261228338448,1000.3372562517071,0.0
1432440,0.0,0.0,7.708261228338448,1000.2073760265374,0.0
1432500,0.0,0.0,7.708261228338448,997.9767247135301,0.0
1432560,0.0,0.0,7.708261228338448,999.3597418912726,0.0
1432620,0.0,0.0,7.708261228338448,999.9954575165525,0.0
1432680,0.0,0.0,7.708261228338448,1001.7880162933174,0.0
1432740,0.0,0.0,7.708261228338448,999.0899225248434,0.0
1432800,0.0,0.0,7.708261228338448,999.7244566190896,0.0
1432860,0.0,0.0,7.708261228338448,998.5753097377682,0.0
1432920,0.0,0.0,7.708261228338448,999.7167941544155,0.0
1432980,0.0,0.0,7.708261228338448,1001.4883014680192,0.0
1433040,0.0,0.0,7.708261228338448,1000.1810080143136,0.0
1433100,0.0,0.0,7.708261228338448,999.9043591664453,0.0
1433160,0.0,0.0,7.708261228338448,998.6584587393202,0.0
1433220,0.0,0.0,7.708261228338448,999.4384828625873,0.0
1433280,0.0,0.0,7.708261228338448,1000.578943137401,0.0
1433340,0.0,0.0,7.708261228338448,1000.7325081241518,0.0
1433400,0.0,0.0,7.708261228338448,998.8846396233761,0.0
1433460,0.0,0.0,7.708261228338448,999.293477849719,0.0
1433520,0.0,0.0,7.708261228338448,999.1988419138652,0.0
1433580,0.0,0.0,7.708261228338448,1000.0529462752685,0.0
1433640,0.0,0.0,7.708261228338448,1001.4459523561028,0.0
1433700,0.0,0.0,7.708261228338448,998.8614455625111,0.0
1433760,0.0,0.0,7.708261228338448,999.4205924040177,0.0
1433820,0.0,0.0,7.708261228338448,998.7141778556472,0.0
1433880,0.0,0.0,7.708261228338448,1000.883628739289,0.0
1433940,0.0,0.0,7.708261228338448,1000.3273971381094,0.0
1434000,0.0,0.0,7.708261228338448,1001.2605729377142,0.0
1434060,0.0,0.0,7.708261228338448,999.2604740967995,0.0
1434120,0.0,0.0,7.708261228338448,998.9530017237394,0.0
1434180,0.0,0.0,7.708261228338448,999.6928377508669,0.0
1434240,0.0,0.0,7.708261228338448,1000.3673102069137,0.0
1434300,0.0,0.0,7.708261228338448,1000.1984470046372,0.0
1434360,0.0,0.0,7.708261228338448,1000.2253743183754,0.0
1434420,0.0,0.0,7.708261228338448,997.9059831478779,0.0
1434480,0.0,0.0,7.708261228338448,999.2672478888319,0.0
1434540,0.0,0.0,7.708261228338448,1000.8933054608451,0.0
1434600,0.0,0.0,7.708261228338448,1000.4251222748385,0.0
1434660,0.0,0.0,7.708261228338448,1000.7193861791777,0.0
1434720,0.0,0.0,7.708261228338448,998.8830753824601,0.0
1434780,0.0,0.0,7.708261228338448,998.9378955140672,0.0
1434840,0.0,0.0,7.708261228338448,1001.0896039093454,0.0
1434900,0.0,0.0,7.708261228338448,1000.381496725578,0.0
1434960,0.0,0.0,7.708261228338448,1000.9432958247604,0.0
1435020,0.0,0.0,7.708261228338448,997.4737423212097,0.0
1435080,0.0,0.0,7.708261228338448,998.743736661911,0.0
1435140,0.0,0.0,7.708261228338448,999.4627224052758,0.0
1435200,0.0,0.0,7.708261228338448,1000.5429708576448,0.0
1435260,0.0,0.0,7.708261228338448,1000.6885700846035,0.0
1435320,0.0,0.0,7.708261228338448,998.6721119939057,0.0
1435380,0.0,0.0,7.708261228338448,999.3643865259037,0.0
1435440,0.0,0.0,7.708261228338448,999.3022048350872,0.0
1435500,0.0,0.0,7.708261228338448,1000.044467431087,0.0
1435560,0.0,0.0,7.708261228338448,1001.5325703639156,0.0
1435620,0.0,0.0,7.708261228338448,999.8774981458114,0.0
1435680,0.0,0.0,7.708261228338448,999.3135034477987,0.0
1435740,0.0,0.0,7.708261228338448,998.9601263389235,0.0
1435800,0.0,0.0,7.708261228338448,999.8572196671192,0.0
1435860,0.0,0.0,7.708261228338448,1000.6368268243662,0.0
1435920,0.0,0.0,7.708261228338448,1000.6171873532352,0.0
1435980,0.0,0.0,7.708261228338448,998.320825836967,0.0
1436040,0.0,0.0,7.708261228338448,999.0476879368866,0.0
1436100,0.0,0.0,7.708261228338448,999.902399196218,0.0
1436160,0.0,0.0,7.708261228338448,1000.8678253341845,0.0
1436220,0.0,0.0,7.708261228338448,1000.518932226229,0.0
1436280,0.0,0.0,7.708261228338448,999.6933190047715,0.0
1436340,0.0,0.0,7.708261228338448,997.8572675104809,0.0
1436400,0.0,0.0,7.708261228338448,999.2994735227434,0.0
1436460,0.0,0.0,7.708261228338448,1001.091983255556,0.0
1436520,0.0,0.0,7.708261228338448,1000.3469448860926,0.0
1436580,0.0,0.0,7.708261228338448,1000.8032146670658,0.0
1436640,0.0,0.0,7.708261228338448,998.8692170031217,0.0
1436700,0.0,0.0,7.708261228338448,998.9906155526061,0.0
1436760,0.0,0.0,7.708261228338448,1000.1609764800297,0.0
1436820,0.0,0.0,7.708261228338448,1000.6214435862674,0.0
1436880,0.0,0.0,7.708261228338448,999.7341977809867,0.0
1436940,0.0,0.0,7.708261228338448,999.8389941542902,0.0
1437000,0.0,0.0,7.708261228338448,998.2923402157868,0.0
1437060,0.0,0.0,7.708261228338448,999.5690361447865,0.0
1437120,0.0,0.0,7.708261228338448,1001.2776881876798,0.0
1437180,0.0,0.0,7.708261228338448,1000.3386980395954,0.0
1437240,0.0,0.0,7.708261228338448,1000.133431984468,0.0
1437300,0.0,0.0,7.708261228338448,997.7272836594932,0.0
1437360,0.0,0.0,7.708261228338448,999.3153799278166,0.0
1437420,0.0,0.0,7.708261228338448,1000.5052582295466,0.0
1437480,0.0,0.0,7.708261228338448,1000.7895006230293,0.0
1437540,0.0,0.0,7.708261228338448,999.9134912123588,0.0
1437600,0.0,0.0,7.708261228338448,999.2543715592037,0.0
1437660,0.0,0.0,7.708261228338448,999.0056665182092,0.0
1437720,0.0,0.0,7.708261228338448,999.834476076693,0.0
1437780,0.0,0.0,7.708261228338448,1000.5643681556552,0.0
1437840,0.0,0.0,7.708261228338448,1000.6061237817611,0.0
1437900,0.0,0.0,7.708261228338448,998.1004635028164,0.0
1437960,0.0,0.0,7.708261228338448,999.1244237992287,0.0
1438020,0.0,0.0,7.708261228338448,1000.0269162753085,0.0
1438080,0.0,0.0,7.708261228338448,1000.2937085006178,0.0
1438140,0.0,0.0,7.708261228338448,1001.32952511041,0.0
1438200,0.0,0.0,7.708261228338448,999.4830983729095,0.0
1438260,0.0,0.0,7.708261228338448,998.9259827862269,0.0
1438320,0.0,0.0,7.708261228338448,999.4245613665731,0.0
1438380,0.0,0.0,7.708261228338448,1000.2472242739447,0.0
1438440,0.0,0.0,7.708261228338448,1000.4819115627375,0.0
1438500,0.0,0.0,7.708261228338448,1000.3591975632131,0.0
1438560,0.0,0.0,7.708261228338448,997.9815077246087,0.0
1438620,0.0,0.0,7.708261228338448,999.0662916837204,0.0
1438680,0.0,0.0,7.708261228338448,999.8442809250683,0.0
1438740,0.0,0.0,7.708261228338448,1001.8581039983831,0.0
1438800,0.0,0.0,7.708261228338448,999.371465797848,0.0
1438860,0.0,0.0,7.708261228338448,999.8940283135723,0.0
1438920,0.0,0.0,7.708261228338448,998.2816596243883,0.0
1438980,0.0,0.0,7.708261228338448,999.5792571219541,0.0
1439040,0.0,0.0,7.708261228338448,1001.3797376090444,0.0
1439100,0.0,0.0,7.708261228338448,1000.2730202192491,0.0
1439160,0.0,0.0,7.708261228338448,1000.1718452552616,0.0
1439220,0.0,0.0,7.708261228338448,998.6255603933121,0.0
1439280,0.0,0.0,7.708261228338448,999.273550649294,0.0
1439340,0.0,0.0,7.708261228338448,1000.4909360796712,0.0
1439400,0.0,0.0,7.708261228338448,1000.7348169525447,0.0
1439460,0.0,0.0,7.708261228338448,999.1670519101143,0.0
1439520,0.0,0.0,7.708261228338448,999.4436281861737,0.0
1439580,0.0,0.0,7.708261228338448,998.891651694138,0.0
1439640,0.0,0.0,7.708261228338448,999.9107339430554,0.0
1439700,0.0,0.0,7.708261228338448,1001.438462882505,0.0
1439760,0.0,0.0,7.708261228338448,999.2182958648385,0.0
1439820,0.0,0.0,7.708261228338448,999.5833832091386,0.0
1439880,0.0,0.0,7.708261228338448,998.5639555896007,0.0
1439940,0.0,0.0,7.708261228338448,1000.61531579125,0.0
