t,Tpos,Tpro,Tneg,o2,test
0,0.0,0.0,10.0,7000.0,0.0
60,0.0,0.0,8.01891870288934,2149145.854583905,0.0
120,0.0,0.0,6.72338485271414,2155773.1924870806,0.0
180,0.0,0.0,5.810339626637493,2152852.5763440947,0.0
240,0.0,0.0,5.132409497049819,2151321.2487828475,0.0
300,0.0,0.0,4.609316545526891,2153803.3385462686,0.0
360,0.0,0.0,4.193594707992714,2156630.9730773135,0.0
420,0.0,0.0,3.8553801692360463,2154600.1739086118,0.0
480,0.0,0.0,3.5749440985880843,2153650.08616809,0.0
540,0.0,0.0,3.33872951727924,2151597.2962705838,0.0
600,0.0,0.0,3.137112865396882,2154535.517985556,0.0
660,0.0,0.0,2.963073916632996,2154780.35040838,0.0
720,0.0,0.0,2.8113712178914083,2157260.1113500902,0.0
780,0.0,0.0,2.6780122664966255,2154073.6393239954,0.0
840,0.0,0.0,2.559902397571984,2152223.3478434966,0.0
900,0.0,0.0,2.4546058360809373,2152593.243702723,0.0
960,0.0,0.0,2.360179190633386,2154464.535127089,0.0
1020,0.0,0.0,2.2750530152576345,2156765.740693081,0.0
1080,0.0,0.0,2.1979459882992978,2153558.7496741866,0.0
1140,0.0,0.0,2.1278016881865756,2152809.493340962,0.0
1200,0.0,0.0,2.0637413200222463,2151779.7849018234,0.0
1260,0.0,0.0,2.005027883762329,2155813.274957734,0.0
1320,0.0,0.0,1.9510386804626296,2155148.6448256527,0.0
1380,0.0,0.0,1.9012439765875055,2156887.012750031,0.0
1440,0.0,0.0,1.855190276079557,2153399.404501595,0.0
1500,0.0,0.0,1.8124870780084292,2151580.0192368035,0.0
1560,0.0,0.0,1.7727963029873943,2153676.101697448,0.0
1620,0.0,0.0,1.735823779434956,2155077.447824934,0.0
1680,0.0,0.0,1.7013123372208612,2156810.030470196,0.0
1740,0.0,0.0,1.6690361651722572,2152764.7754566805,0.0
1800,0.0,0.0,1.6387961704381404,2152166.308312746,0.0
1860,0.0,0.0,1.6104161385997777,2152056.969226839,0.0
1920,0.0,0.0,1.583739537354373,2156305.2878098767,0.0
1980,0.0,0.0,1.558626841653134,2155464.8116505034,0.0
2040,0.0,0.0,1.5349532834870396,2156358.5345010376,0.0
2100,0.0,0.0,1.5126069498809396,2149594.386525021,0.0
2160,0.0,0.0,1.4914871675745787,2151876.6298374487,0.0
2220,0.0,0.0,1.471503125522483,2153503.4055570653,0.0
2280,0.0,0.0,1.4525726950281912,2157731.940697967,0.0
2340,0.0,0.0,1.4346214154441224,2155037.572581246,0.0
2400,0.0,0.0,1.4175816187714259,2155065.8781434293,0.0
2460,0.0,0.0,1.401391671626053,2151470.798125792,0.0
2520,0.0,0.0,1.385995316469457,2152693.1079742736,0.0
2580,0.0,0.0,1.3713410973801174,2157257.589856063,0.0
2640,0.0,0.0,1.3573818579001313,2155352.5097437426,0.0
2700,0.0,0.0,1.3440743006284495,2155738.9677742445,0.0
2760,0.0,0.0,1.331378599922571,2149110.4438260244,0.0
2820,0.0,0.0,1.3192580603198936,2152166.777406828,0.0
2880,0.0,0.0,1.3076788145754867,2154135.1941617513,0.0
2940,0.0,0.0,1.2966095559903152,2157986.5515126656,0.0
3000,0.0,0.0,1.2860213006215946,2154373.857076402,0.0
3060,0.0,0.0,1.275887175512829,2154398.5015163487,0.0
3120,0.0,0.0,1.2661822297246463,2151528.1239365647,0.0
3180,0.0,0.0,1.256883265311503,2153481.7399278097,0.0
3240,0.0,0.0,1.2479686858615517,2157218.5649304497,0.0
3300,0.0,0.0,1.2394183604895948,2155310.2017130884,0.0
3360,0.0,0.0,1.2312135014741556,2154740.287919321,0.0
3420,0.0,0.0,1.2233365539803114,2149778.282129748,0.0
3480,0.0,0.0,1.2157710964823931,2152762.8489820543,0.0
3540,0.0,0.0,1.2085017507092413,2154999.236056297,0.0
3600,0.0,0.0,1.201514100052967,2157129.764857992,0.0
3660,0.0,0.0,1.1947946155366977,2154100.8927070308,0.0
3720,0.0,0.0,1.1883305885288846,2153216.73177891,0.0
3780,0.0,0.0,1.1821100695060616,2151643.971775299,0.0
3840,0.0,0.0,1.1761218122305486,2154210.5940740374,0.0
3900,0.0,0.0,1.1703552227981548,2156119.6380898757,0.0
3960,0.0,0.0,1.164800313063643,2154866.4531596703,0.0
4020,0.0,0.0,1.1594476580118467,2152633.2806671844,0.0
4080,0.0,0.0,1.1542883566908213,2152202.936498078,0.0
4140,0.0,0.0,1.1493139963638146,2153578.0098791467,0.0
4200,0.0,0.0,1.1445166195734096,2155387.7441029055,0.0
4260,0.0,0.0,1.139888693846818,2156772.2404188802,0.0
4320,0.0,0.0,1.135423083797488,2152983.3436163436,0.0
4380,0.0,0.0,1.1311130254035289,2152803.4264753666,0.0
4440,0.0,0.0,1.1269521022701914,2152969.1815772178,0.0
4500,0.0,0.0,1.1229342236962794,2154946.672600991,0.0
4560,0.0,0.0,1.1190536043886656,2156106.5014601774,0.0
4620,0.0,0.0,1.1153047456811869,2153098.8454299276,0.0
4680,0.0,0.0,1.1116824181284137,2153793.4166681957,0.0
4740,0.0,0.0,1.1081816453602762,2151244.6273822887,0.0
4800,0.0,0.0,1.1047976890891877,2153805.9710401837,0.0
4860,0.0,0.0,1.1015260351770768,2157452.9080384457,0.0
4920,0.0,0.0,1.0983623806744403,2154948.5445313808,0.0
4980,0.0,0.0,1.095302621752314,2154212.50043751,0.0
5040,0.0,0.0,1.0923428424584807,2151465.282086037,0.0
5100,0.0,0.0,1.0894793042299629,2153126.9614611412,0.0
5160,0.0,0.0,1.0867084361050168,2158042.7184061143,0.0
5220,0.0,0.0,1.0840268255796268,2154955.4464411912,0.0
5280,0.0,0.0,1.081431210058905,2155426.9830564857,0.0
5340,0.0,0.0,1.078918468860325,2148978.3884880356,0.0
5400,0.0,0.0,1.07648561572506,2152672.0446635643,0.0
5460,0.0,0.0,1.0741297918025352,2154510.772042805,0.0
5520,0.0,0.0,1.071848259071402,2155419.9909555526,0.0
5580,0.0,0.0,1.0696383941666288,2155557.9704615423,0.0
5640,0.0,0.0,1.0674976825833298,2149925.9740722803,0.0
5700,0.0,0.0,1.0654237132302362,2152563.0850676782,0.0
5760,0.0,0.0,1.0634141733092715,2155112.4666313594,0.0
5820,0.0,0.0,1.0614668434974623,2155164.759993265,0.0
5880,0.0,0.0,1.059579593410939,2157065.2358486294,0.0
5940,0.0,0.0,1.0577503773321928,2152943.7937138462,0.0
6000,0.0,0.0,1.0559772301816723,2152019.9418475167,0.0
6060,0.0,0.0,1.0542582637190425,2153644.108561816,0.0
6120,0.0,0.0,1.0525916629574583,2155234.414926942,0.0
6180,0.0,0.0,1.050975682777716,2155144.1194673046,0.0
6240,0.0,0.0,1.0494086447289905,2154925.69291865,0.0
6300,0.0,0.0,1.0478889340044124,2150026.8651074846,0.0
6360,0.0,0.0,1.0464149965800003,2153029.22173873,0.0
6420,0.0,0.0,1.0449853365071449,2154379.426764283,0.0
6480,0.0,0.0,1.0435985133484778,2158373.2994862185,0.0
6540,0.0,0.0,1.0422531397487989,2152408.7478462174,0.0
6600,0.0,0.0,1.0409478791320905,2153898.3979955968,0.0
6660,0.0,0.0,1.039681443517906,2151321.19583958,0.0
6720,0.0,0.0,1.0384525914489242,2153798.121693826,0.0
6780,0.0,0.0,1.0372601260237555,2157669.8995249113,0.0
6840,0.0,0.0,1.0361028930284935,2154810.634286722,0.0
6900,0.0,0.0,1.0349797791609756,2154282.1766646784,0.0
6960,0.0,0.0,1.033889710343007,2151545.585377629,0.0
7020,0.0,0.0,1.032831650114738,2153209.074476997,0.0
7080,0.0,0.0,1.0318045981070554,2155662.479692061,0.0
7140,0.0,0.0,1.0308075885872308,2156000.257201967,0.0
7200,0.0,0.0,1.0298396890738657,2151978.2029309007,0.0
7260,0.0,0.0,1.028899999017138,2152945.6716732485,0.0
7320,0.0,0.0,1.027987648541006,2152708.7935634805,0.0
7380,0.0,0.0,1.0271017972436294,2154530.0615689997,0.0
7440,0.0,0.0,1.0262416330530615,2157576.1669913568,0.0
7500,0.0,0.0,1.0254063711352488,2154320.019723399,0.0
7560,0.0,0.0,1.0245952528512905,2152965.322973994,0.0
7620,0.0,0.0,1.0238075447617345,2151980.07304897,0.0
7680,0.0,0.0,1.0230425376751082,2154077.930271128,0.0
7740,0.0,0.0,1.022299545738498,2156531.691734885,0.0
7800,0.0,0.0,1.0215779055680712,2153818.969778985,0.0
7860,0.0,0.0,1.0208769754172873,2153096.9455385664,0.0
7920,0.0,0.0,1.0201961343811423,2151956.0515053384,0.0
7980,0.0,0.0,1.0195347816344127,2153755.323630307,0.0
8040,0.0,0.0,1.0188923357022956,2155134.1566386716,0.0
8100,0.0,0.0,1.0182682337618159,2154855.584397828,0.0
8160,0.0,0.0,1.0176619309724444,2154959.070364926,0.0
8220,0.0,0.0,1.017072899834589,2149864.0100673493,0.0
8280,0.0,0.0,1.016500629574471,2152850.7060794397,0.0
8340,0.0,0.0,1.015944625554258,2156358.706388639,0.0
8400,0.0,0.0,1.0154044087061573,2155322.514614848,0.0
8460,0.0,0.0,1.0148795149892904,2156042.5506723374,0.0
8520,0.0,0.0,1.0143694948684392,2152045.404164446,0.0
8580,0.0,0.0,1.0138739128134355,2152148.255221448,0.0
8640,0.0,0.0,1.013392346818421,2154661.9234135826,0.0
8700,0.0,0.0,1.0129243879399288,2155796.960398175,0.0
8760,0.0,0.0,1.0124696398529958,2155414.3210718944,0.0
8820,0.0,0.0,1.0120277184244613,2151572.4150428176,0.0
8880,0.0,0.0,1.0115982513026807,2152478.7092493773,0.0
8940,0.0,0.0,1.0111808775229372,2155135.148153528,0.0
9000,0.0,0.0,1.0107752471278517,2155351.0011778534,0.0
9060,0.0,0.0,1.0103810208020625,2156072.2710040603,0.0
9120,0.0,0.0,1.0099978695206973,2151336.39919791,0.0
9180,0.0,0.0,1.0096254742108486,2153173.2246544156,0.0
9240,0.0,0.0,1.0092635254256848,2152831.6577922804,0.0
9300,0.0,0.0,1.0089117230304974,2154478.7853841325,0.0
9360,0.0,0.0,1.0085697759002665,2157791.8158350354,0.0
9420,0.0,0.0,1.0082374016282487,2154183.607453009,0.0
9480,0.0,0.0,1.0079143262450458,2153037.8408292434,0.0
9540,0.0,0.0,1.0076002839478795,2152168.6026890613,0.0
9600,0.0,0.0,1.007295016839463,2154078.6895021144,0.0
9660,0.0,0.0,1.0069982746762227,2155781.111165379,0.0
9720,0.0,0.0,1.0067098146253788,2155773.4498739284,0.0
9780,0.0,0.0,1.006429401030639,2150779.9624952073,0.0
9840,0.0,0.0,1.0061568051860164,2152418.2600100087,0.0
9900,0.0,0.0,1.0058918051176047,2154201.2048674603,0.0
9960,0.0,0.0,1.0056341853728645,2155099.8981041457,0.0
10020,0.0,0.0,1.0053837368171765,2157223.900673494,0.0
10080,0.0,0.0,1.0051402564374068,2150354.9990232936,0.0
10140,0.0,0.0,1.0049035471521337,2152480.414582595,0.0
10200,0.0,0.0,1.0046734176283607,2152635.087473111,0.0
10260,0.0,0.0,1.0044496821044062,2157163.2707040925,0.0
10320,0.0,0.0,1.004232160218763,2155272.6812429754,0.0
10380,0.0,0.0,1.004020676844675,2156079.265011881,0.0
10440,0.0,0.0,1.0038150619302628,2152001.253760818,0.0
10500,0.0,0.0,1.0036151503439188,2152279.3259295346,0.0
10560,0.0,0.0,1.0034207817248517,2154722.3280490814,0.0
10620,0.0,0.0,1.003231800338534,2155734.038615051,0.0
10680,0.0,0.0,1.0030480549368828,2153843.1353992205,0.0
10740,0.0,0.0,1.002869398623007,2154160.5331968414,0.0
10800,0.0,0.0,1.002695688720371,2150685.7705352055,0.0
10860,0.0,0.0,1.00252678664618,2153468.6881648335,0.0
10920,0.0,0.0,1.0023625577888522,2157197.389118911,0.0
10980,0.0,0.0,1.0022028713894324,2155150.419704005,0.0
11040,0.0,0.0,1.002047600426803,2154805.473447177,0.0
11100,0.0,0.0,1.0018966215065623,2151446.797349198,0.0
11160,0.0,0.0,1.0017498147534178,2152747.479847849,0.0
11220,0.0,0.0,1.001607063707014,2157781.5781091573,0.0
11280,0.0,0.0,1.0014682552210397,2155135.259785504,0.0
11340,0.0,0.0,1.0013332793654794,2155823.3796070796,0.0
11400,0.0,0.0,1.0012020293319996,2148689.7382055544,0.0
11460,0.0,0.0,1.001074401342205,2152272.8229519166,0.0
11520,0.0,0.0,1.000950294558837,2154113.50039888,0.0
11580,0.0,0.0,1.0008296109996677,2155585.277953421,0.0
11640,0.0,0.0,1.000712255454097,2155735.2867216845,0.0
11700,0.0,0.0,1.0005981354023077,2150359.6825269377,0.0
11760,0.0,0.0,1.0004871609369155,2152599.1579337628,0.0
11820,0.0,0.0,1.0003792446870248,2154433.632552806,0.0
11880,0.0,0.0,1.0002743017446087,2155009.2757116533,0.0
11940,0.0,0.0,1.0001722495931267,2157381.443462422,0.0
12000,0.0,0.0,1.000073008038338,2153360.713666797,0.0
12060,0.0,0.0,0.9999764991411855,2152176.523990914,0.0
12120,0.0,0.0,0.9998826471527449,2153148.9499617866,0.0
12180,0.0,0.0,0.999791378451115,2154907.940489457,0.0
12240,0.0,0.0,0.9997026214802188,2155455.1023725444,0.0
12300,0.0,0.0,0.9996163066904417,2155246.6359218485,0.0
12360,0.0,0.0,0.999532366481058,2150041.754629594,0.0
12420,0.0,0.0,0.9994507351443662,2152512.503391074,0.0
12480,0.0,0.0,0.9993713488115137,2155533.6260498087,0.0
12540,0.0,0.0,0.9992941453999084,2156041.5411539697,0.0
12600,0.0,0.0,0.9992190645622171,2155266.2031422816,0.0
12660,0.0,0.0,0.9991460476368678,2152313.8113337443,0.0
12720,0.0,0.0,0.9990750376000109,2151145.938709319,0.0
12780,0.0,0.0,0.9990059790189105,2153477.585961837,0.0
12840,0.0,0.0,0.9989388180067054,2157590.659924891,0.0
12900,0.0,0.0,0.9988735021785061,2154980.656805592,0.0
12960,0.0,0.0,0.9988099806087649,2155015.76311807,0.0
13020,0.0,0.0,0.9987482037899298,2151494.683703293,0.0
13080,0.0,0.0,0.9986881235922627,2152820.181736147,0.0
13140,0.0,0.0,0.9986296932248787,2155444.6212565424,0.0
13200,0.0,0.0,0.9985728671978881,2155989.488157816,0.0
13260,0.0,0.0,0.9985176012856535,2152634.781910915,0.0
13320,0.0,0.0,0.9984638524911194,2153321.1341373064,0.0
13380,0.0,0.0,0.9984115790111684,2151971.9002402765,0.0
13440,0.0,0.0,0.9983607402029863,2154187.558493959,0.0
13500,0.0,0.0,0.9983112965514068,2157565.5197586496,0.0
13560,0.0,0.0,0.9982632096371817,2154668.466662169,0.0
13620,0.0,0.0,0.998216442106192,2153540.471779774,0.0
13680,0.0,0.0,0.9981709576395176,2151049.7421408375,0.0
13740,0.0,0.0,0.9981267209243964,2153687.3260335512,0.0
13800,0.0,0.0,0.9980836976259954,2156260.9484003214,0.0
13860,0.0,0.0,0.9980418543600186,2154681.482981862,0.0
13920,0.0,0.0,0.998001158666055,2153513.3390322905,0.0
13980,0.0,0.0,0.9979615789817495,2152094.90518729,0.0
14040,0.0,0.0,0.9979230846176561,2153237.646168106,0.0
14100,0.0,0.0,0.9978856457328539,2154797.846352273,0.0
14160,0.0,0.0,0.9978492333112241,2155217.675668082,0.0
14220,0.0,0.0,0.9978138191384318,2155277.3926003366,0.0
14280,0.0,0.0,0.99777937577954,2149760.5444403067,0.0
14340,0.0,0.0,0.9977458765572765,2152648.896735884,0.0
14400,0.0,0.0,0.997713295530901,2155796.90855176,0.0
14460,0.0,0.0,0.9976816074757001,2155298.019140566,0.0
14520,0.0,0.0,0.997650787863034,2156552.683353467,0.0
14580,0.0,0.0,0.9976208128409645,2152460.4265955244,0.0
14640,0.0,0.0,0.9975916592154247,2152003.9230497945,0.0
14700,0.0,0.0,0.9975633044319312,2154193.4150892617,0.0
14760,0.0,0.0,0.9975357265577959,2155568.466605443,0.0
14820,0.0,0.0,0.9975089042648625,2156184.2130416464,0.0
14880,0.0,0.0,0.9974828168127029,2152089.2230348196,0.0
14940,0.0,0.0,0.997457444032311,2152700.711278299,0.0
15000,0.0,0.0,0.9974327663102456,2154256.840713968,0.0
15060,0.0,0.0,0.997408764573214,2155206.1522582923,0.0
15120,0.0,0.0,0.9973854202731022,2156062.4326674473,0.0
15180,0.0,0.0,0.9973627153724086,2151993.1563551277,0.0
15240,0.0,0.0,0.9973406323301125,2153504.4659127626,0.0
15300,0.0,0.0,0.9973191540879044,2152096.902753818,0.0
15360,0.0,0.0,0.9972982640568293,2154182.7457915647,0.0
15420,0.0,0.0,0.9972779461043023,2157796.0587350815,0.0
15480,0.0,0.0,0.9972581845414651,2154510.028722209,0.0
15540,0.0,0.0,0.9972389641109294,2153573.5311028636,0.0
15600,0.0,0.0,0.997220269974832,2151807.92631931,0.0
15660,0.0,0.0,0.9972020877032478,2153672.0223752395,0.0
15720,0.0,0.0,0.9971844032629089,2155790.3615008118,0.0
15780,0.0,0.0,0.997167203006253,2155922.481540468,0.0
15840,0.0,0.0,0.9971504736607599,2151343.9779400984,0.0
15900,0.0,0.0,0.9971342023186103,2152586.4025292215,0.0
15960,0.0,0.0,0.9971183764266038,2153501.727219687,0.0
16020,0.0,0.0,0.9971029837763756,2154866.231813862,0.0
16080,0.0,0.0,0.997088012494892,2157431.4781726333,0.0
16140,0.0,0.0,0.997073451035191,2151103.239008633,0.0
16200,0.0,0.0,0.9970592881673882,2152787.726934294,0.0
16260,0.0,0.0,0.997045512969945,2152142.3882943825,0.0
16320,0.0,0.0,0.9970321148211572,2156848.616280149,0.0
16380,0.0,0.0,0.9970190833908964,2155244.1071390016,0.0
16440,0.0,0.0,0.9970064086325803,2156617.696772526,0.0
16500,0.0,0.0,0.9969940807753556,2152382.942956363,0.0
16560,0.0,0.0,0.9969820903165043,2152163.38627216,0.0
16620,0.0,0.0,0.9969704280140648,2154295.922010623,0.0
16680,0.0,0.0,0.9969590848796475,2155523.4843073166,0.0
16740,0.0,0.0,0.9969480521714595,2154361.1001845365,0.0
16800,0.0,0.0,0.9969373213875141,2154527.7280642535,0.0
16860,0.0,0.0,0.9969268842590333,2150244.2143643415,0.0
16920,0.0,0.0,0.9969167327440321,2153157.1986572878,0.0
16980,0.0,0.0,0.9969068590210797,2156851.4012338375,0.0
17040,0.0,0.0,0.9968972554832332,2155281.5587185207,0.0
17100,0.0,0.0,0.99688791473214,2155376.0385496207,0.0
17160,0.0,0.0,0.9968788295723048,2151634.5138410614,0.0
17220,0.0,0.0,0.996869993005505,2152423.3417369425,0.0
17280,0.0,0.0,0.9968613982253811,2157379.372796454,0.0
17340,0.0,0.0,0.9968530386121498,2155235.4996053423,0.0
17400,0.0,0.0,0.9968449077274908,2156158.6679218365,0.0
17460,0.0,0.0,0.996836999309548,2148662.9160972424,0.0
17520,0.0,0.0,0.9968293072680895,2151953.5895161154,0.0
17580,0.0,0.0,0.9968218256797934,2153714.8497582097,0.0
17640,0.0,0.0,0.9968145487836629,2155648.8198725525,0.0
17700,0.0,0.0,0.996807470976564,2155852.938921552,0.0
17760,0.0,0.0,0.9968005868088983,2150903.040551648,0.0
17820,0.0,0.0,0.9967938909803811,2152768.363323419,0.0
17880,0.0,0.0,0.9967873783359463,2153730.6258896375,0.0
17940,0.0,0.0,0.9967810438617585,2154805.9696021336,0.0
18000,0.0,0.0,0.9967748826813361,2157600.1091558356,0.0
18060,0.0,0.0,0.9967688900517863,2153756.638719756,0.0
18120,0.0,0.0,0.996763061360133,2152480.35375742,0.0
18180,0.0,0.0,0.9967573921197563,2152674.02178395,0.0
18240,0.0,0.0,0.9967518779669252,2154551.480118352,0.0
18300,0.0,0.0,0.9967465146574246,2155672.5808515577,0.0
18360,0.0,0.0,0.9967412980632737,2155517.953558009,0.0
18420,0.0,0.0,0.9967362241695503,2150292.142808845,0.0
18480,0.0,0.0,0.9967312890712744,2152386.5696169483,0.0
18540,0.0,0.0,0.9967264889704013,2154938.6798732546,0.0
18600,0.0,0.0,0.9967218201728936,2156232.017178761,0.0
18660,0.0,0.0,0.9967172790858605,2155431.4980513817,0.0
18720,0.0,0.0,0.9967128622147851,2152967.612574059,0.0
18780,0.0,0.0,0.9967085661608375,2150447.653796505,0.0
18840,0.0,0.0,0.9967043876182394,2153195.041294527,0.0
18900,0.0,0.0,0.9967003233717205,2157262.554760378,0.0
18960,0.0,0.0,0.9966963702940331,2155108.4169087163,0.0
19020,0.0,0.0,0.9966925253435481,2155573.1087899287,0.0
19080,0.0,0.0,0.9966887855618942,2151639.1940431274,0.0
19140,0.0,0.0,0.9966851480716913,2152518.806088896,0.0
19200,0.0,0.0,0.9966816100743203,2155169.016169417,0.0
19260,0.0,0.0,0.9966781688477708,2155919.479466473,0.0
19320,0.0,0.0,0.9966748217445406,2153231.7169886413,0.0
19380,0.0,0.0,0.9966715661895892,2153674.3163340315,0.0
19440,0.0,0.0,0.9966683996783631,2151354.7515873597,0.0
19500,0.0,0.0,0.9966653197748541,2153865.954567941,0.0
19560,0.0,0.0,0.9966623241097327,2157438.6982814167,0.0
19620,0.0,0.0,0.9966594103785067,2154933.1799777946,0.0
19680,0.0,0.0,0.9966565763397589,2154089.099942669,0.0
19740,0.0,0.0,0.9966538198134114,2150271.104427273,0.0
19800,0.0,0.0,0.9966511386790516,2153332.815429026,0.0
19860,0.0,0.0,0.99664853087429,2155944.303663954,0.0
19920,0.0,0.0,0.9966459943931795,2155419.9802223165,0.0
19980,0.0,0.0,0.9966435272846637,2153874.018318236,0.0
20040,0.0,0.0,0.9966411276510768,2152371.174688468,0.0
20100,0.0,0.0,0.9966387936466823,2152770.7672170894,0.0
20160,0.0,0.0,0.996636523476248,2154466.642349352,0.0
20220,0.0,0.0,0.9966343153936668,2155472.0185308405,0.0
20280,0.0,0.0,0.9966321677006017,2155520.8954591174,0.0
20340,0.0,0.0,0.9966300787452014,2149899.1644860846,0.0
20400,0.0,0.0,0.9966280469207977,2152542.0200190083,0.0
20460,0.0,0.0,0.9966260706646846,2155205.473374403,0.0
20520,0.0,0.0,0.9966241484569193,2155219.043464216,0.0
20580,0.0,0.0,0.9966222788191395,2156945.218914017,0.0
20640,0.0,0.0,0.996620460313433,2152863.4541196954,0.0
20700,0.0,0.0,0.9966186915412253,2151981.75753691,0.0
20760,0.0,0.0,0.9966169711422118,2153726.1641789177,0.0
20820,0.0,0.0,0.9966152977932993,2155307.463605768,0.0
20880,0.0,0.0,0.9966136702075873,2155123.2393856025,0.0
20940,0.0,0.0,0.9966120871333963,2154848.4485870483,0.0
21000,0.0,0.0,0.9966105473532763,2150078.143660997,0.0
21060,0.0,0.0,0.9966090496830896,2153108.8098520064,0.0
21120,0.0,0.0,0.9966075929710897,2154447.3055160707,0.0
21180,0.0,0.0,0.9966061760970424,2158268.1417907565,0.0
21240,0.0,0.0,0.9966047979713559,2152408.313646108,0.0
21300,0.0,0.0,0.9966034575342456,2153807.4422982433,0.0
21360,0.0,0.0,0.9966021537549177,2151420.856695538,0.0
21420,0.0,0.0,0.996600885630776,2153846.5094515737,0.0
21480,0.0,0.0,0.9965996521866523,2157655.749938271,0.0
21540,0.0,0.0,0.9965984524740497,2154798.7442628248,0.0
21600,0.0,0.0,0.9965972855704225,2154175.4155388013,0.0
21660,0.0,0.0,0.9965961505784604,2151555.1458773697,0.0
21720,0.0,0.0,0.9965950466253928,2153254.3041737704,0.0
21780,0.0,0.0,0.9965939728623264,2155689.9534689635,0.0
21840,0.0,0.0,0.9965929284635874,2156004.5314098136,0.0
21900,0.0,0.0,0.9965919126260894,2151968.460720152,0.0
21960,0.0,0.0,0.9965909245687044,2152883.2594354562,0.0
22020,0.0,0.0,0.9965899635316774,2152767.3016049014,0.0
22080,0.0,0.0,0.9965890287760384,2154570.503771357,0.0
22140,0.0,0.0,0.9965881195830256,2157544.2283803257,0.0
22200,0.0,0.0,0.9965872352535348,2151899.018366379,0.0
22260,0.0,0.0,0.9965863751075843,2153151.8578447634,0.0
22320,0.0,0.0,0.9965855384837954,2151695.024622345,0.0
22380,0.0,0.0,0.9965847247388744,2156386.204926111,0.0
22440,0.0,0.0,0.9965839332471287,2155145.5608238894,0.0
22500,0.0,0.0,0.9965831633999704,2157111.0183075797,0.0
22560,0.0,0.0,0.9965824146054657,2152800.428788981,0.0
22620,0.0,0.0,0.9965816862878649,2152169.44663369,0.0
22680,0.0,0.0,0.9965809778871677,2153813.118733932,0.0
22740,0.0,0.0,0.9965802888586909,2155247.4618141414,0.0
22800,0.0,0.0,0.9965796186726471,2154818.3203282175,0.0
22860,0.0,0.0,0.9965789668137409,2154886.928185273,0.0
22920,0.0,0.0,0.9965783327807727,2149935.8621477345,0.0
22980,0.0,0.0,0.9965777160862396,2152875.234590571,0.0
23040,0.0,0.0,0.9965771162559828,2156402.046866663,0.0
23100,0.0,0.0,0.9965765328288101,2155342.995605778,0.0
23160,0.0,0.0,0.9965759653561397,2155934.5688630613,0.0
23220,0.0,0.0,0.9965754134016602,2151989.559214484,0.0
23280,0.0,0.0,0.9965748765409905,2152162.42414939,0.0
23340,0.0,0.0,0.996574354361359,2154714.879868268,0.0
23400,0.0,0.0,0.996573846461281,2155834.9519142546,0.0
23460,0.0,0.0,0.9965733524502567,2155335.6029355736,0.0
23520,0.0,0.0,0.9965728719484584,2151547.3916283315,0.0
23580,0.0,0.0,0.9965724045864507,2152432.7051806836,0.0
23640,0.0,0.0,0.9965719500049042,2155166.7319932394,0.0
23700,0.0,0.0,0.9965715078543108,2155384.679500212,0.0
23760,0.0,0.0,0.9965710777947249,2156077.663158913,0.0
23820,0.0,0.0,0.9965706594954994,2151340.536443716,0.0
23880,0.0,0.0,0.9965702526350227,2153110.4418020514,0.0
23940,0.0,0.0,0.9965698569004855,2152890.996464006,0.0
24000,0.0,0.0,0.9965694719876329,2154516.931460814,0.0
24060,0.0,0.0,0.9965690976005264,2157753.895794548,0.0
24120,0.0,0.0,0.9965687334513238,2154164.230490962,0.0
24180,0.0,0.0,0.9965683792600561,2152974.4630958433,0.0
24240,0.0,0.0,0.9965680347544098,2152190.9145900263,0.0
24300,0.0,0.0,0.996567699669518,2154115.5998276197,0.0
24360,0.0,0.0,0.9965673737477542,2155793.6158224526,0.0
24420,0.0,0.0,0.9965670567385424,2155761.2399836145,0.0
24480,0.0,0.0,0.9965667483981623,2150790.4111341033,0.0
24540,0.0,0.0,0.9965664484895453,2152391.271473091,0.0
24600,0.0,0.0,0.996566156782119,2154227.553198666,0.0
24660,0.0,0.0,0.9965658730516105,2156297.001615637,0.0
24720,0.0,0.0,0.9965655970798832,2155542.5730308653,0.0
24780,0.0,0.0,0.9965653286547663,2153768.652517486,0.0
24840,0.0,0.0,0.9965650675698832,2149808.8245599256,0.0
24900,0.0,0.0,0.9965648136245113,2152927.203531808,0.0
24960,0.0,0.0,0.9965645666234133,2156802.0007184674,0.0
25020,0.0,0.0,0.9965643263766911,2155168.946514049,0.0
25080,0.0,0.0,0.9965640926996401,2156170.302370593,0.0
25140,0.0,0.0,0.9965638654126067,2151991.7810687902,0.0
25200,0.0,0.0,0.9965636443408465,2152263.477204874,0.0
25260,0.0,0.0,0.9965634293144003,2154783.722320143,0.0
25320,0.0,0.0,0.9965632201679535,2155766.603295792,0.0
25380,0.0,0.0,0.9965630167407067,2153830.0473071192,0.0
25440,0.0,0.0,0.9965628188762722,2154085.0240944936,0.0
25500,0.0,0.0,0.996562626422526,2150759.0551017607,0.0
25560,0.0,0.0,0.9965624392315097,2153509.140264875,0.0
25620,0.0,0.0,0.9965622571593082,2157200.2960761897,0.0
25680,0.0,0.0,0.996562080065946,2155149.800676678,0.0
25740,0.0,0.0,0.9965619078152715,2154712.4473240976,0.0
25800,0.0,0.0,0.9965617402748574,2149543.097579665,0.0
25860,0.0,0.0,0.9965615773158976,2152966.6424320024,0.0
25920,0.0,0.0,0.9965614188131108,2155530.4615888344,0.0
25980,0.0,0.0,0.9965612646446402,2156102.547211718,0.0
26040,0.0,0.0,0.9965611146919594,2154231.562918653,0.0
26100,0.0,0.0,0.9965609688397855,2152818.241804577,0.0
26160,0.0,0.0,0.9965608269759886,2152305.1613197476,0.0
26220,0.0,0.0,0.9965606889915029,2154083.601752563,0.0
26280,0.0,0.0,0.9965605547802464,2155635.1248935163,0.0
26340,0.0,0.0,0.9965604242390425,2155730.0165048563,0.0
26400,0.0,0.0,0.9965602972675219,2150301.1696910025,0.0
26460,0.0,0.0,0.9965601737680774,2152549.415208093,0.0
26520,0.0,0.0,0.9965600536457611,2154521.916129383,0.0
26580,0.0,0.0,0.9965599368082241,2155065.4210880627,0.0
26640,0.0,0.0,0.996559823165642,2157291.878466343,0.0
26700,0.0,0.0,0.9965597126306452,2153297.7901527225,0.0
26760,0.0,0.0,0.9965596051182593,2152113.286360774,0.0
26820,0.0,0.0,0.996559500545828,2153215.3364738845,0.0
26880,0.0,0.0,0.9965593988329566,2154975.591190294,0.0
26940,0.0,0.0,0.9965592999014466,2155448.9523989344,0.0
27000,0.0,0.0,0.996559203675243,2155192.1090251156,0.0
27060,0.0,0.0,0.9965591100803699,2150067.516309436,0.0
27120,0.0,0.0,0.9965590190448689,2152454.0533199194,0.0
27180,0.0,0.0,0.9965589304987554,2154109.240545839,0.0
27240,0.0,0.0,0.9965588443739539,2158443.9151553228,0.0
27300,0.0,0.0,0.9965587606042549,2153028.7407802506,0.0
27360,0.0,0.0,0.9965586791252552,2154189.452415881,0.0
27420,0.0,0.0,0.9965585998743193,2150758.1878252123,0.0
27480,0.0,0.0,0.9965585227905154,2153539.6361475005,0.0
27540,0.0,0.0,0.9965584478145815,2157425.8832484293,0.0
27600,0.0,0.0,0.9965583748888798,2155005.306963508,0.0
27660,0.0,0.0,0.996558303957344,2154774.7834624196,0.0
27720,0.0,0.0,0.9965582349654485,2151470.5030040257,0.0
27780,0.0,0.0,0.9965581678601448,2152885.8344096113,0.0
27840,0.0,0.0,0.9965581025898483,2155500.503322425,0.0
27900,0.0,0.0,0.9965580391043829,2156013.0477385465,0.0
27960,0.0,0.0,0.9965579773549402,2152588.854282932,0.0
28020,0.0,0.0,0.9965579172940444,2153216.7980118324,0.0
28080,0.0,0.0,0.996557858875523,2152083.760462847,0.0
28140,0.0,0.0,0.996557802054467,2154256.3650396126,0.0
28200,0.0,0.0,0.996557746787193,2157539.0905556204,0.0
28260,0.0,0.0,0.9965576930312092,2152679.9517642157,0.0
28320,0.0,0.0,0.9965576407451894,2153513.5970640886,0.0
28380,0.0,0.0,0.996557589888942,2151354.963255264,0.0
28440,0.0,0.0,0.9965575404233656,2155808.505042861,0.0
28500,0.0,0.0,0.9965574923104317,2154997.998608212,0.0
28560,0.0,0.0,0.9965574455131543,2157492.2929384825,0.0
28620,0.0,0.0,0.9965573999955535,2153202.265154421,0.0
28680,0.0,0.0,0.9965573557226368,2152312.9999736543,0.0
28740,0.0,0.0,0.9965573126603712,2153330.5393859204,0.0
28800,0.0,0.0,0.9965572707756466,2154940.255258966,0.0
28860,0.0,0.0,0.9965572300362687,2155182.6343275565,0.0
28920,0.0,0.0,0.996557190410914,2155195.338655192,0.0
28980,0.0,0.0,0.9965571518691195,2149824.498704044,0.0
29040,0.0,0.0,0.9965571143812539,2152661.219935571,0.0
29100,0.0,0.0,0.9965570779184985,2155882.9987193905,0.0
29160,0.0,0.0,0.9965570424528207,2155336.9309625546,0.0
29220,0.0,0.0,0.9965570079569578,2156417.3163908934,0.0
29280,0.0,0.0,0.996556974404388,2152377.6293477593,0.0
29340,0.0,0.0,0.9965569417693192,2152000.8975151908,0.0
29400,0.0,0.0,0.9965569100266571,2154275.3603921896,0.0
29460,0.0,0.0,0.996556879152005,2155631.8654740797,0.0
29520,0.0,0.0,0.9965568491216219,2156063.0122956648,0.0
29580,0.0,0.0,0.9965568199124217,2152042.126631239,0.0
29640,0.0,0.0,0.99655679150195,2152612.324762003,0.0
29700,0.0,0.0,0.9965567638683669,2154337.309875521,0.0
29760,0.0,0.0,0.9965567369904261,2155257.6982720587,0.0
29820,0.0,0.0,0.9965567108474669,2156082.833537867,0.0
29880,0.0,0.0,0.9965566854193884,2151975.548484327,0.0
29940,0.0,0.0,0.9965566606866421,2153416.7971731243,0.0
30000,0.0,0.0,0.996556636630217,2152192.173650934,0.0
30060,0.0,0.0,0.9965566132316174,2154236.3988815956,0.0
30120,0.0,0.0,0.9965565904728549,2157762.9970221603,0.0
30180,0.0,0.0,0.9965565683364311,2154485.784509889,0.0
30240,0.0,0.0,0.9965565468053297,2153473.8065381604,0.0
30300,0.0,0.0,0.9965565258629975,2151835.3716393514,0.0
30360,0.0,0.0,0.996556505493339,2153724.957676055,0.0
30420,0.0,0.0,0.9965564856806871,2155810.4061459578,0.0
30480,0.0,0.0,0.996556466409817,2155913.4167695898,0.0
30540,0.0,0.0,0.9965564476659122,2151336.0880849273,0.0
30600,0.0,0.0,0.9965564294345622,2152531.395045239,0.0
30660,0.0,0.0,0.9965564117017488,2153557.6550064352,0.0
30720,0.0,0.0,0.9965563944538384,2156233.8596879453,0.0
30780,0.0,0.0,0.9965563776775727,2155584.269978869,0.0
30840,0.0,0.0,0.9965563613600578,2154512.59833563,0.0
30900,0.0,0.0,0.9965563454887446,2149420.735026132,0.0
30960,0.0,0.0,0.996556330051434,2152742.9313162626,0.0
31020,0.0,0.0,0.9965563150362573,2156280.6863378016,0.0
31080,0.0,0.0,0.996556300431674,2155168.2065573647,0.0
31140,0.0,0.0,0.9965562862264538,2156642.0911362306,0.0
31200,0.0,0.0,0.9965562724096768,2152355.596067674,0.0
31260,0.0,0.0,0.9965562589707183,2152115.8426021044,0.0
31320,0.0,0.0,0.9965562458992531,2154376.4383952143,0.0
31380,0.0,0.0,0.9965562331852259,2155574.6462673545,0.0
31440,0.0,0.0,0.9965562208188649,2154340.4704439784,0.0
31500,0.0,0.0,0.9965562087906612,2154443.961165242,0.0
31560,0.0,0.0,0.9965561970913722,2150324.4686109996,0.0
31620,0.0,0.0,0.9965561857120001,2153198.822967906,0.0
31680,0.0,0.0,0.9965561746437985,2156874.8505759407,0.0
31740,0.0,0.0,0.996556163878256,2155289.162337979,0.0
31800,0.0,0.0,0.996556153407099,2155263.8199949954,0.0
31860,0.0,0.0,0.9965561432222763,2151589.041845963,0.0
31920,0.0,0.0,0.9965561333159575,2152455.9190965462,0.0
31980,0.0,0.0,0.9965561236805274,2157356.237216681,0.0
32040,0.0,0.0,0.9965561143085799,2155257.0904985475,0.0
32100,0.0,0.0,0.9965561051929113,2156099.652541835,0.0
32160,0.0,0.0,0.9965560963265088,2148745.0509664947,0.0
32220,0.0,0.0,0.9965560877025583,2151976.3929315293,0.0
32280,0.0,0.0,0.9965560793144299,2153768.9717340013,0.0
32340,0.0,0.0,0.9965560711556769,2155669.490780769,0.0
32400,0.0,0.0,0.9965560632200239,2155848.755698804,0.0
32460,0.0,0.0,0.9965560555013732,2150906.8316291543,0.0
32520,0.0,0.0,0.9965560479937895,2152714.402210591,0.0
32580,0.0,0.0,0.9965560406915006,2153781.561013415,0.0
32640,0.0,0.0,0.9965560335888934,2154842.192741291,0.0
32700,0.0,0.0,0.996556026680509,2157553.7245779545,0.0
32760,0.0,0.0,0.9965560199610315,2153731.0236411574,0.0
32820,0.0,0.0,0.9965560134253034,2152429.565917238,0.0
32880,0.0,0.0,0.996556007068293,2152701.2566489517,0.0
32940,0.0,0.0,0.9965560008851148,2154588.698025554,0.0
33000,0.0,0.0,0.9965559948710173,2155681.0565973213,0.0
33060,0.0,0.0,0.9965559890213748,2155496.8133930494,0.0
33120,0.0,0.0,0.9965559833316908,2150307.388838715,0.0
33180,0.0,0.0,0.9965559777975915,2151815.934863043,0.0
33240,0.0,0.0,0.9965559724148219,2153750.5491510965,0.0
33300,0.0,0.0,0.9965559671792472,2158489.8484926517,0.0
33360,0.0,0.0,0.9965559620868347,2153610.729423514,0.0
33420,0.0,0.0,0.9965559571336761,2154579.284091281,0.0
33480,0.0,0.0,0.9965559523159655,2150176.2811776465,0.0
33540,0.0,0.0,0.9965559476299924,2153242.03740255,0.0
33600,0.0,0.0,0.9965559430721562,2157085.1451274585,0.0
33660,0.0,0.0,0.9965559386389578,2155148.306026058,0.0
33720,0.0,0.0,0.9965559343269852,2155388.3621901046,0.0
33780,0.0,0.0,0.996555930132923,2151586.287691372,0.0
33840,0.0,0.0,0.9965559260535466,2152553.9629738396,0.0
33900,0.0,0.0,0.996555922085722,2155215.380256402,0.0
33960,0.0,0.0,0.9965559182263978,2155949.588103283,0.0
34020,0.0,0.0,0.9965559144726076,2153209.060263917,0.0
34080,0.0,0.0,0.9965559108214634,2153597.5232309327,0.0
34140,0.0,0.0,0.996555907270161,2151429.020278387,0.0
34200,0.0,0.0,0.9965559038159697,2153911.828403316,0.0
34260,0.0,0.0,0.996555900456235,2157427.7238845183,0.0
34320,0.0,0.0,0.9965558971883698,2154921.9566283654,0.0
34380,0.0,0.0,0.9965558940098682,2154000.9237045217,0.0
34440,0.0,0.0,0.9965558909182806,2150349.437572089,0.0
34500,0.0,0.0,0.996555887911231,2153368.883288436,0.0
34560,0.0,0.0,0.996555884986411,2155981.016618981,0.0
34620,0.0,0.0,0.9965558821415714,2155401.8121976103,0.0
34680,0.0,0.0,0.9965558793745223,2153844.8667642334,0.0
34740,0.0,0.0,0.9965558766831378,2152315.138332995,0.0
34800,0.0,0.0,0.9965558740653494,2152802.927493261,0.0
34860,0.0,0.0,0.9965558715191443,2154507.665844093,0.0
34920,0.0,0.0,0.9965558690425671,2155482.031768657,0.0
34980,0.0,0.0,0.9965558666337112,2155499.6021052864,0.0
35040,0.0,0.0,0.9965558642907242,2149924.722889987,0.0
35100,0.0,0.0,0.9965558620118071,2152527.9755412415,0.0
35160,0.0,0.0,0.9965558597952068,2155226.7468456347,0.0
35220,0.0,0.0,0.9965558576392193,2155242.3124959464,0.0
35280,0.0,0.0,0.9965558555421913,2156897.8118747314,0.0
35340,0.0,0.0,0.9965558535025052,2152841.0889386535,0.0
35400,0.0,0.0,0.9965558515185942,2151964.5737018324,0.0
35460,0.0,0.0,0.9965558495889323,2153745.5846477333,0.0
35520,0.0,0.0,0.9965558477120385,2155332.129538171,0.0
35580,0.0,0.0,0.9965558458864697,2156783.909529273,0.0
35640,0.0,0.0,0.9965558441108188,2152589.6679772497,0.0
35700,0.0,0.0,0.9965558423837213,2152955.4154419964,0.0
35760,0.0,0.0,0.9965558407038526,2153387.7176193665,0.0
35820,0.0,0.0,0.9965558390699218,2155011.5601940122,0.0
35880,0.0,0.0,0.99655583748067,2156007.677285571,0.0
35940,0.0,0.0,0.9965558359348784,2152648.448274629,0.0
36000,0.0,0.0,0.9965558344313543,2153798.2146749813,0.0
36060,0.0,0.0,0.9965558329689455,2151463.3357089334,0.0
36120,0.0,0.0,0.9965558315465259,2153902.8444005223,0.0
36180,0.0,0.0,0.9965558301630018,2157669.6817719727,0.0
36240,0.0,0.0,0.9965558288173096,2154777.0787963304,0.0
36300,0.0,0.0,0.9965558275084131,2154085.859503288,0.0
36360,0.0,0.0,0.9965558262353117,2151567.8888422507,0.0
36420,0.0,0.0,0.9965558249970232,2153301.6865413915,0.0
36480,0.0,0.0,0.9965558237925952,2155716.945431445,0.0
36540,0.0,0.0,0.9965558226211048,2156006.7106174985,0.0
36600,0.0,0.0,0.9965558214816459,2151957.5928864167,0.0
36660,0.0,0.0,0.9965558203733468,2152820.7748886654,0.0
36720,0.0,0.0,0.9965558192953538,2152826.4675605427,0.0
36780,0.0,0.0,0.9965558182468373,2156035.136995535,0.0
36840,0.0,0.0,0.9965558172269939,2155556.9604615583,0.0
36900,0.0,0.0,0.9965558162350379,2155318.913053885,0.0
36960,0.0,0.0,0.9965558152702056,2149237.7866606046,0.0
37020,0.0,0.0,0.996555814331757,2152636.3777661324,0.0
37080,0.0,0.0,0.9965558134189718,2155643.4599937764,0.0
37140,0.0,0.0,0.9965558125311452,2155094.9499129066,0.0
37200,0.0,0.0,0.9965558116675973,2157092.036652666,0.0
37260,0.0,0.0,0.9965558108276599,2152772.6054645623,0.0
37320,0.0,0.0,0.9965558100106948,2152078.6798383836,0.0
37380,0.0,0.0,0.9965558092160682,2153896.1869009878,0.0
37440,0.0,0.0,0.9965558084431705,2155307.918682547,0.0
37500,0.0,0.0,0.9965558076914082,2154803.968747195,0.0
37560,0.0,0.0,0.9965558069602043,2154813.5915302695,0.0
37620,0.0,0.0,0.996555806248997,2150001.018005157,0.0
37680,0.0,0.0,0.9965558055572344,2152903.2973816106,0.0
37740,0.0,0.0,0.9965558048843897,2156440.614812921,0.0
37800,0.0,0.0,0.9965558042299435,2155361.939999556,0.0
37860,0.0,0.0,0.9965558035933924,2155827.1471924894,0.0
37920,0.0,0.0,0.9965558029742466,2151934.529695782,0.0
37980,0.0,0.0,0.9965558023720321,2152179.562064402,0.0
38040,0.0,0.0,0.9965558017862872,2156830.8011045363,0.0
38100,0.0,0.0,0.9965558012165584,2155282.9019838925,0.0
38160,0.0,0.0,0.9965558006624089,2156394.7082961756,0.0
38220,0.0,0.0,0.9965558001234126,2149004.48237232,0.0
38280,0.0,0.0,0.9965557995991532,2151745.0154824094,0.0
38340,0.0,0.0,0.9965557990892332,2153357.946075003,0.0
38400,0.0,0.0,0.996555798593255,2155634.5786736505,0.0
38460,0.0,0.0,0.99655579811084,2155917.445979319,0.0
38520,0.0,0.0,0.9965557976416168,2151507.3882253272,0.0
38580,0.0,0.0,0.996555797185225,2152975.43500782,0.0
38640,0.0,0.0,0.9965557967413132,2153051.680431964,0.0
38700,0.0,0.0,0.9965557963095389,2154588.4566751947,0.0
38760,0.0,0.0,0.9965557958895714,2157690.2519266857,0.0
38820,0.0,0.0,0.9965557954810865,2154112.702106837,0.0
38880,0.0,0.0,0.9965557950837708,2152848.6299805474,0.0
38940,0.0,0.0,0.9965557946973234,2152252.0422867415,0.0
39000,0.0,0.0,0.9965557943214421,2154196.612517289,0.0
39060,0.0,0.0,0.99655579395584,2155806.6801058515,0.0
39120,0.0,0.0,0.996555793600236,2155728.4636831433,0.0
39180,0.0,0.0,0.9965557932543528,2150794.22331202,0.0
39240,0.0,0.0,0.9965557929179316,2151277.1867460404,0.0
39300,0.0,0.0,0.9965557925907087,2153417.0839060075,0.0
39360,0.0,0.0,0.9965557922724334,2158381.3259531166,0.0
39420,0.0,0.0,0.9965557919628596,2154116.4542537527,0.0
39480,0.0,0.0,0.9965557916617535,2154925.9098045826,0.0
39540,0.0,0.0,0.9965557913688792,2149755.461099072,0.0
39600,0.0,0.0,0.9965557910840142,2152992.9523440762,0.0
39660,0.0,0.0,0.9965557908069398,2156657.2969396734,0.0
39720,0.0,0.0,0.9965557905374423,2155222.749831288,0.0
39780,0.0,0.0,0.9965557902753148,2155942.562572449,0.0
39840,0.0,0.0,0.9965557900203557,2151892.3203271297,0.0
39900,0.0,0.0,0.9965557897723651,2152298.118514128,0.0
39960,0.0,0.0,0.996555789531158,2154867.070222734,0.0
40020,0.0,0.0,0.9965557892965458,2155825.208598272,0.0
40080,0.0,0.0,0.9965557890683489,2153781.857360462,0.0
40140,0.0,0.0,0.9965557888463916,2153974.182497021,0.0
40200,0.0,0.0,0.9965557886305063,2150870.9789421787,0.0
40260,0.0,0.0,0.9965557884205233,2153575.3118505776,0.0
40320,0.0,0.0,0.9965557882162825,2157213.138653031,0.0
40380,0.0,0.0,0.9965557880176252,2155139.997055813,0.0
40440,0.0,0.0,0.9965557878243987,2154573.3497084905,0.0
40500,0.0,0.0,0.9965557876364586,2149675.7325610584,0.0
40560,0.0,0.0,0.9965557874536571,2153017.547836724,0.0
40620,0.0,0.0,0.9965557872758544,2155603.2418655343,0.0
40680,0.0,0.0,0.9965557871029135,2156047.7355425986,0.0
40740,0.0,0.0,0.9965557869347027,2154189.4930894254,0.0
40800,0.0,0.0,0.9965557867710912,2152711.343922821,0.0
40860,0.0,0.0,0.9965557866119518,2152357.1616771976,0.0
40920,0.0,0.0,0.9965557864571644,2154149.505721859,0.0
40980,0.0,0.0,0.9965557863066099,2155647.8146851375,0.0
41040,0.0,0.0,0.9965557861601725,2155706.074219897,0.0
41100,0.0,0.0,0.9965557860177421,2150304.7282032035,0.0
41160,0.0,0.0,0.9965557858792047,2152512.2778465208,0.0
41220,0.0,0.0,0.9965557857444564,2154582.8222774165,0.0
41280,0.0,0.0,0.9965557856133916,2155105.503864981,0.0
41340,0.0,0.0,0.9965557854859112,2157225.477580468,0.0
41400,0.0,0.0,0.9965557853619165,2153255.8538405243,0.0
41460,0.0,0.0,0.9965557852413117,2152069.8872295986,0.0
41520,0.0,0.0,0.9965557851240054,2153258.2733099954,0.0
41580,0.0,0.0,0.996555785009908,2155022.3021269473,0.0
41640,0.0,0.0,0.9965557848989287,2157321.918323716,0.0
41700,0.0,0.0,0.9965557847909838,2153082.558479978,0.0
41760,0.0,0.0,0.9965557846859926,2153319.95608444,0.0
41820,0.0,0.0,0.9965557845838723,2152501.0692618457,0.0
41880,0.0,0.0,0.9965557844845422,2154720.6731711323,0.0
41940,0.0,0.0,0.9965557843879306,2155881.340727095,0.0
42000,0.0,0.0,0.9965557842939599,2153256.81529958,0.0
42060,0.0,0.0,0.9965557842025606,2154137.3809430376,0.0
42120,0.0,0.0,0.9965557841136614,2150870.6192361363,0.0
42180,0.0,0.0,0.9965557840271926,2153601.003490687,0.0
42240,0.0,0.0,0.9965557839430866,2157466.553706182,0.0
42300,0.0,0.0,0.996555783861282,2154989.4931516605,0.0
42360,0.0,0.0,0.9965557837817131,2154650.472146659,0.0
42420,0.0,0.0,0.99655578370432,2151464.062291431,0.0
42480,0.0,0.0,0.9965557836290433,2152939.40446006,0.0
42540,0.0,0.0,0.9965557835558255,2155544.1678479193,0.0
42600,0.0,0.0,0.9965557834846083,2156027.8122218507,0.0
42660,0.0,0.0,0.9965557834153376,2152560.0979457265,0.0
42720,0.0,0.0,0.9965557833479645,2153132.1985969376,0.0
42780,0.0,0.0,0.9965557832824311,2152169.27952232,0.0
42840,0.0,0.0,0.996555783218691,2154311.4154526102,0.0
42900,0.0,0.0,0.9965557831566946,2157513.613897275,0.0
42960,0.0,0.0,0.9965557830963944,2152687.772285762,0.0
43020,0.0,0.0,0.996555783037741,2153447.5853609378,0.0
43080,0.0,0.0,0.9965557829806917,2151389.610089206,0.0
43140,0.0,0.0,0.9965557829252019,2155817.345039306,0.0
43200,0.0,0.0,0.9965557828712314,2155038.6436067647,0.0
43260,0.0,0.0,0.9965557828187344,2157412.797048741,0.0
43320,0.0,0.0,0.9965557827676735,2153163.171602226,0.0
43380,0.0,0.0,0.9965557827180088,2152265.8999024257,0.0
43440,0.0,0.0,0.9965557826697045,2153370.805426821,0.0
43500,0.0,0.0,0.9965557826227218,2154985.047896433,0.0
43560,0.0,0.0,0.9965557825770218,2155186.5153361303,0.0
43620,0.0,0.0,0.9965557825325733,2155160.482075212,0.0
43680,0.0,0.0,0.9965557824893368,2149858.514819719,0.0
43740,0.0,0.0,0.9965557824472845,2152662.588499253,0.0
43800,0.0,0.0,0.9965557824063829,2155902.8538318938,0.0
43860,0.0,0.0,0.9965557823665997,2155357.330581509,0.0
43920,0.0,0.0,0.9965557823279053,2156359.4036358744,0.0
43980,0.0,0.0,0.9965557822902655,2152348.947746313,0.0
44040,0.0,0.0,0.9965557822536573,2151995.902579523,0.0
44100,0.0,0.0,0.99655578221805,2156169.374688478,0.0
44160,0.0,0.0,0.9965557821834169,2155221.0131645403,0.0
44220,0.0,0.0,0.9965557821497281,2156623.292762153,0.0
44280,0.0,0.0,0.99655578211696,2149587.232684381,0.0
44340,0.0,0.0,0.9965557820850905,2151662.7360188607,0.0
44400,0.0,0.0,0.9965557820540917,2152956.256024038,0.0
44460,0.0,0.0,0.9965557820239421,2155492.135012236,0.0
44520,0.0,0.0,0.9965557819946143,2155918.7574695535,0.0
44580,0.0,0.0,0.9965557819660901,2152145.745442167,0.0
44640,0.0,0.0,0.9965557819383435,2153304.961252621,0.0
44700,0.0,0.0,0.9965557819113589,2152309.601092799,0.0
44760,0.0,0.0,0.9965557818851104,2154289.9329393953,0.0
44820,0.0,0.0,0.9965557818595825,2157724.397515442,0.0
44880,0.0,0.0,0.9965557818347498,2154460.60322206,0.0
44940,0.0,0.0,0.996555781810597,2153369.4303381764,0.0
45000,0.0,0.0,0.9965557817871042,2151865.617989764,0.0
45060,0.0,0.0,0.9965557817642551,2153780.49266714,0.0
45120,0.0,0.0,0.9965557817420293,2155830.035829796,0.0
45180,0.0,0.0,0.9965557817204118,2155901.9774663663,0.0
45240,0.0,0.0,0.9965557816993855,2151325.5124271195,0.0
45300,0.0,0.0,0.9965557816789318,2152476.803658885,0.0
45360,0.0,0.0,0.9965557816590389,2153616.2858800157,0.0
45420,0.0,0.0,0.9965557816396923,2156245.3992107506,0.0
45480,0.0,0.0,0.9965557816208708,2155598.0529473517,0.0
45540,0.0,0.0,0.996555781602565,2154431.1532573276,0.0
45600,0.0,0.0,0.9965557815847608,2149482.7249702453,0.0
45660,0.0,0.0,0.9965557815674436,2152742.0945610194,0.0
45720,0.0,0.0,0.9965557815505993,2156298.8387068273,0.0
45780,0.0,0.0,0.9965557815342155,2155190.478603126,0.0
45840,0.0,0.0,0.9965557815182804,2156572.669094853,0.0
45900,0.0,0.0,0.9965557815027798,2152323.752617059,0.0
45960,0.0,0.0,0.996555781487704,2152109.6530367546,0.0
46020,0.0,0.0,0.9965557814730406,2154404.0116982977,0.0
46080,0.0,0.0,0.9965557814587805,2155602.3760575247,0.0
46140,0.0,0.0,0.9965557814449091,2154345.729779044,0.0
46200,0.0,0.0,0.9965557814314182,2154405.948557277,0.0
46260,0.0,0.0,0.996555781418296,2150358.6756812697,0.0
46320,0.0,0.0,0.9965557814055301,2153212.6843863185,0.0
46380,0.0,0.0,0.9965557813931141,2156872.1549206222,0.0
46440,0.0,0.0,0.9965557813810375,2155298.365100835,0.0
46500,0.0,0.0,0.9965557813692921,2155217.2598795462,0.0
46560,0.0,0.0,0.9965557813578667,2149089.2249638042,0.0
46620,0.0,0.0,0.9965557813467538,2152673.3782872623,0.0
46680,0.0,0.0,0.9965557813359448,2155118.1132506295,0.0
46740,0.0,0.0,0.9965557813254321,2156625.4965984207,0.0
46800,0.0,0.0,0.9965557813152072,2154522.4319931054,0.0
46860,0.0,0.0,0.9965557813052606,2153274.2783009843,0.0
46920,0.0,0.0,0.9965557812955864,2151938.9299370972,0.0
46980,0.0,0.0,0.9965557812861773,2153740.4135051025,0.0
47040,0.0,0.0,0.9965557812770252,2155710.602290215,0.0
47100,0.0,0.0,0.9965557812681213,2155868.277635924,0.0
47160,0.0,0.0,0.9965557812594629,2150854.7138246917,0.0
47220,0.0,0.0,0.9965557812510414,2152656.290098305,0.0
47280,0.0,0.0,0.9965557812428494,2153844.069105432,0.0
47340,0.0,0.0,0.99655578123488,2154888.0354459896,0.0
47400,0.0,0.0,0.9965557812271307,2157497.495585024,0.0
47460,0.0,0.0,0.9965557812195932,2153693.4516088846,0.0
47520,0.0,0.0,0.9965557812122611,2152367.772378893,0.0
47580,0.0,0.0,0.9965557812051316,2152741.346174859,0.0
47640,0.0,0.0,0.9965557811981971,2154638.0505689895,0.0
47700,0.0,0.0,0.9965557811914523,2157788.1652769493,0.0
47760,0.0,0.0,0.9965557811848895,2153576.1093593747,0.0
47820,0.0,0.0,0.9965557811785083,2153778.6433142386,0.0
47880,0.0,0.0,0.9965557811722999,2151564.116208262,0.0
47940,0.0,0.0,0.9965557811662603,2154335.8701304696,0.0
48000,0.0,0.0,0.9965557811603873,2155674.5913777617,0.0
48060,0.0,0.0,0.9965557811546735,2153846.8135880213,0.0
48120,0.0,0.0,0.9965557811491154,2154504.5248349966,0.0
48180,0.0,0.0,0.9965557811437096,2150329.1426249617,0.0
48240,0.0,0.0,0.9965557811384542,2153288.893248002,0.0
48300,0.0,0.0,0.9965557811333442,2157151.5662768274,0.0
48360,0.0,0.0,0.9965557811283705,2155146.7345646564,0.0
48420,0.0,0.0,0.9965557811235333,2155261.4293541713,0.0
48480,0.0,0.0,0.9965557811188299,2151546.6096539907,0.0
48540,0.0,0.0,0.9965557811142549,2152593.8657717,0.0
48600,0.0,0.0,0.9965557811098047,2155268.213513253,0.0
48660,0.0,0.0,0.9965557811054753,2155977.757783747,0.0
48720,0.0,0.0,0.996555781101263,2153179.8051036424,0.0
48780,0.0,0.0,0.9965557810971636,2153510.9405851383,0.0
48840,0.0,0.0,0.9965557810931819,2151514.069257636,0.0
48900,0.0,0.0,0.9965557810893101,2153965.367361907,0.0
48960,0.0,0.0,0.9965557810855434,2157416.4942056467,0.0
49020,0.0,0.0,0.9965557810818774,2153443.581327625,0.0
49080,0.0,0.0,0.9965557810783129,2153825.727597898,0.0
49140,0.0,0.0,0.9965557810748434,2151142.6757842163,0.0
49200,0.0,0.0,0.9965557810714686,2155135.2020636005,0.0
49260,0.0,0.0,0.9965557810681872,2154838.6173195303,0.0
49320,0.0,0.0,0.9965557810649964,2157720.128277083,0.0
49380,0.0,0.0,0.9965557810618938,2153564.8770062975,0.0
49440,0.0,0.0,0.9965557810588738,2152550.9074582844,0.0
49500,0.0,0.0,0.9965557810559361,2152880.916611064,0.0
49560,0.0,0.0,0.9965557810530787,2154635.6443544477,0.0
49620,0.0,0.0,0.9965557810502976,2155467.4386072196,0.0
49680,0.0,0.0,0.9965557810475957,2155440.3305701404,0.0
49740,0.0,0.0,0.996555781044967,2149954.0534602776,0.0
49800,0.0,0.0,0.9965557810424093,2152515.3077297816,0.0
49860,0.0,0.0,0.996555781039921,2155312.206264125,0.0
49920,0.0,0.0,0.9965557810375029,2155287.19000785,0.0
49980,0.0,0.0,0.9965557810351514,2156791.48206752,0.0
50040,0.0,0.0,0.996555781032862,2152770.522762597,0.0
50100,0.0,0.0,0.9965557810306355,2151937.6482216865,0.0
50160,0.0,0.0,0.9965557810284721,2155418.9662924465,0.0
50220,0.0,0.0,0.9965557810263646,2155090.624379481,0.0
50280,0.0,0.0,0.9965557810243166,2156759.3126270347,0.0
50340,0.0,0.0,0.9965557810223256,2150323.616235646,0.0
50400,0.0,0.0,0.9965557810203891,2151770.1072170003,0.0
50460,0.0,0.0,0.9965557810185046,2152611.7324402393,0.0
50520,0.0,0.0,0.996555781016671,2155265.61814567,0.0
50580,0.0,0.0,0.996555781014888,2155858.2309476817,0.0
50640,0.0,0.0,0.9965557810131531,2152767.925769474,0.0
50700,0.0,0.0,0.9965557810114675,2153648.4386290093,0.0
50760,0.0,0.0,0.9965557810098258,2151628.766920501,0.0
50820,0.0,0.0,0.9965557810082274,2153983.4607005543,0.0
50880,0.0,0.0,0.9965557810066766,2157645.038605673,0.0
50940,0.0,0.0,0.9965557810051662,2154746.791813917,0.0
51000,0.0,0.0,0.9965557810036973,2153919.129433936,0.0
51060,0.0,0.0,0.9965557810022698,2151595.296817474,0.0
51120,0.0,0.0,0.9965557810008797,2153383.21456311,0.0
51180,0.0,0.0,0.9965557809995291,2155757.104878193,0.0
51240,0.0,0.0,0.9965557809982161,2156004.374700685,0.0
51300,0.0,0.0,0.9965557809969388,2151914.1124652736,0.0
51360,0.0,0.0,0.9965557809956965,2152725.7853190545,0.0
51420,0.0,0.0,0.9965557809944869,2152935.2007107786,0.0
51480,0.0,0.0,0.9965557809933108,2156066.367029789,0.0
51540,0.0,0.0,0.9965557809921659,2155587.674073083,0.0
51600,0.0,0.0,0.9965557809910541,2155176.1592562865,0.0
51660,0.0,0.0,0.9965557809899722,2149314.036938409,0.0
51720,0.0,0.0,0.9965557809889202,2152619.308139304,0.0
51780,0.0,0.0,0.9965557809878958,2155704.830381072,0.0
51840,0.0,0.0,0.9965557809868993,2155133.755190501,0.0
51900,0.0,0.0,0.9965557809859285,2156993.4673488154,0.0
51960,0.0,0.0,0.996555780984986,2152716.4646316613,0.0
52020,0.0,0.0,0.9965557809840686,2152054.0913209193,0.0
52080,0.0,0.0,0.9965557809831762,2153951.2076366227,0.0
52140,0.0,0.0,0.996555780982309,2155359.068432704,0.0
52200,0.0,0.0,0.9965557809814674,2154795.628611306,0.0
52260,0.0,0.0,0.9965557809806462,2154757.3644431885,0.0
52320,0.0,0.0,0.9965557809798494,2150051.7601605575,0.0
52380,0.0,0.0,0.9965557809790728,2152923.7126560016,0.0
52440,0.0,0.0,0.9965557809783193,2156462.489259445,0.0
52500,0.0,0.0,0.9965557809775839,2155377.358449502,0.0
52560,0.0,0.0,0.9965557809768685,2155747.9995669434,0.0
52620,0.0,0.0,0.9965557809761757,2148791.4947887035,0.0
52680,0.0,0.0,0.9965557809754999,2152427.436614894,0.0
52740,0.0,0.0,0.9965557809748424,2154641.543847898,0.0
52800,0.0,0.0,0.9965557809742014,2157023.49600039,0.0
52860,0.0,0.0,0.9965557809735792,2154776.045714071,0.0
52920,0.0,0.0,0.9965557809729766,2153832.1384062776,0.0
52980,0.0,0.0,0.9965557809723894,2151655.7332574893,0.0
53040,0.0,0.0,0.9965557809718151,2153381.4211181654,0.0
53100,0.0,0.0,0.9965557809712584,2155677.5020839814,0.0
53160,0.0,0.0,0.9965557809707154,2155954.033506631,0.0
53220,0.0,0.0,0.9965557809701907,2151435.1791520785,0.0
53280,0.0,0.0,0.9965557809696786,2152889.9152226583,0.0
53340,0.0,0.0,0.9965557809691804,2153149.7218359113,0.0
53400,0.0,0.0,0.9965557809686961,2154650.5900063766,0.0
53460,0.0,0.0,0.9965557809682245,2157636.2826047195,0.0
53520,0.0,0.0,0.9965557809677674,2154068.2648755056,0.0
53580,0.0,0.0,0.9965557809673218,2152751.963139998,0.0
53640,0.0,0.0,0.9965557809668871,2152301.6803837544,0.0
53700,0.0,0.0,0.9965557809664659,2154263.1496185646,0.0
53760,0.0,0.0,0.9965557809660559,2155817.785102689,0.0
53820,0.0,0.0,0.9965557809656564,2155699.4828068046,0.0
53880,0.0,0.0,0.9965557809652698,2150779.0558620943,0.0
53940,0.0,0.0,0.9965557809648936,2151331.9403348053,0.0
54000,0.0,0.0,0.9965557809645258,2153459.497407827,0.0
54060,0.0,0.0,0.9965557809641697,2158326.949190823,0.0
54120,0.0,0.0,0.9965557809638226,2154126.8084090706,0.0
54180,0.0,0.0,0.9965557809634858,2154869.261199992,0.0
54240,0.0,0.0,0.9965557809631574,2149821.1181307095,0.0
54300,0.0,0.0,0.9965557809628373,2153007.889928151,0.0
54360,0.0,0.0,0.996555780962525,2156674.8316055993,0.0
54420,0.0,0.0,0.9965557809622224,2155238.2901065988,0.0
54480,0.0,0.0,0.9965557809619298,2155860.9318066374,0.0
54540,0.0,0.0,0.9965557809616443,2151857.4456485324,0.0
54600,0.0,0.0,0.9965557809613658,2152307.286666892,0.0
54660,0.0,0.0,0.996555780961094,2154898.0429521427,0.0
54720,0.0,0.0,0.9965557809608304,2155849.9315658123,0.0
54780,0.0,0.0,0.9965557809605738,2153780.941812424,0.0
54840,0.0,0.0,0.996555780960326,2153925.3814101876,0.0
54900,0.0,0.0,0.9965557809600832,2150912.4415605017,0.0
54960,0.0,0.0,0.9965557809598491,2153599.5039708223,0.0
55020,0.0,0.0,0.9965557809596179,2157206.3449946614,0.0
55080,0.0,0.0,0.9965557809593942,2154158.2108398825,0.0
55140,0.0,0.0,0.9965557809591781,2154204.5752828526,0.0
55200,0.0,0.0,0.9965557809589696,2151038.1166561604,0.0
55260,0.0,0.0,0.9965557809587642,2154348.0875110384,0.0
55320,0.0,0.0,0.9965557809585657,2154584.1375124445,0.0
55380,0.0,0.0,0.9965557809583725,2157932.448434614,0.0
55440,0.0,0.0,0.9965557809581844,2153949.6559183295,0.0
55500,0.0,0.0,0.9965557809580007,2152977.4598832456,0.0
55560,0.0,0.0,0.9965557809578193,2152409.848581122,0.0
55620,0.0,0.0,0.9965557809576461,2154247.514656208,0.0
55680,0.0,0.0,0.9965557809574771,2155651.348450487,0.0
55740,0.0,0.0,0.9965557809573125,2155673.459228866,0.0
55800,0.0,0.0,0.9965557809571535,2150315.474388285,0.0
55860,0.0,0.0,0.9965557809569974,2152477.35585629,0.0
55920,0.0,0.0,0.9965557809568463,2154649.0470338427,0.0
55980,0.0,0.0,0.9965557809566987,2155146.706668762,0.0
56040,0.0,0.0,0.9965557809565552,2157155.6308609173,0.0
56100,0.0,0.0,0.9965557809564172,2153210.077643288,0.0
56160,0.0,0.0,0.9965557809562824,2152027.1816859813,0.0
56220,0.0,0.0,0.9965557809561508,2153305.2471397053,0.0
56280,0.0,0.0,0.996555780956022,2155071.73250638,0.0
56340,0.0,0.0,0.9965557809558967,2157249.958681134,0.0
56400,0.0,0.0,0.9965557809557748,2153065.3239358957,0.0
56460,0.0,0.0,0.9965557809556578,2153246.0282685957,0.0
56520,0.0,0.0,0.9965557809555429,2152556.4158390667,0.0
56580,0.0,0.0,0.996555780955432,2154758.757857586,0.0
56640,0.0,0.0,0.996555780955324,2155910.3768591685,0.0
56700,0.0,0.0,0.9965557809552186,2153260.84089591,0.0
56760,0.0,0.0,0.996555780955117,2154085.307590656,0.0
56820,0.0,0.0,0.9965557809550191,2150921.683530906,0.0
56880,0.0,0.0,0.996555780954921,2153626.1481493968,0.0
56940,0.0,0.0,0.996555780954829,2157455.7880089674,0.0
57000,0.0,0.0,0.9965557809547367,2154991.6128655975,0.0
57060,0.0,0.0,0.9965557809546485,2154587.644128267,0.0
57120,0.0,0.0,0.9965557809545612,2151459.439365731,0.0
57180,0.0,0.0,0.9965557809544769,2152959.0588671914,0.0
57240,0.0,0.0,0.9965557809543945,2155561.9131909385,0.0
57300,0.0,0.0,0.9965557809543152,2156036.0212882976,0.0
57360,0.0,0.0,0.9965557809542381,2152568.6561633185,0.0
57420,0.0,0.0,0.996555780954162,2153092.804511211,0.0
57480,0.0,0.0,0.9965557809540901,2152194.7464707773,0.0
57540,0.0,0.0,0.996555780954018,2155741.7503338163,0.0
57600,0.0,0.0,0.9965557809539499,2155497.0080661327,0.0
57660,0.0,0.0,0.9965557809538804,2155980.346903967,0.0
57720,0.0,0.0,0.9965557809538154,2149424.2703325017,0.0
57780,0.0,0.0,0.9965557809537525,2152610.671672704,0.0
57840,0.0,0.0,0.996555780953692,2154984.4672987,0.0
57900,0.0,0.0,0.9965557809536314,2154995.9211168513,0.0
57960,0.0,0.0,0.9965557809535712,2157386.421693031,0.0
58020,0.0,0.0,0.996555780953514,2153156.8901838413,0.0
58080,0.0,0.0,0.9965557809534581,2152149.775335831,0.0
58140,0.0,0.0,0.9965557809534057,2153430.5672450773,0.0
58200,0.0,0.0,0.9965557809533515,2155033.383651547,0.0
58260,0.0,0.0,0.9965557809533007,2155186.9400976785,0.0
58320,0.0,0.0,0.9965557809532511,2155113.601124258,0.0
58380,0.0,0.0,0.9965557809532019,2149896.0000414955,0.0
58440,0.0,0.0,0.9965557809531551,2152669.986758042,0.0
58500,0.0,0.0,0.9965557809531068,2155935.4901134837,0.0
58560,0.0,0.0,0.9965557809530627,2155380.758056621,0.0
58620,0.0,0.0,0.9965557809530176,2156284.1138550495,0.0
58680,0.0,0.0,0.9965557809529754,2148726.77950346,0.0
58740,0.0,0.0,0.9965557809529355,2152264.03954246,0.0
58800,0.0,0.0,0.9965557809528944,2154091.508859557,0.0
58860,0.0,0.0,0.9965557809528572,2157305.074034704,0.0
58920,0.0,0.0,0.9965557809528192,2154986.8127275677,0.0
58980,0.0,0.0,0.996555780952783,2154483.80419637,0.0
59040,0.0,0.0,0.9965557809527487,2151494.500047239,0.0
59100,0.0,0.0,0.9965557809527131,2153016.0288770865,0.0
59160,0.0,0.0,0.9965557809526802,2155536.3376071835,0.0
59220,0.0,0.0,0.9965557809526489,2155976.5459565613,0.0
59280,0.0,0.0,0.9965557809526164,2152070.78823605,0.0
59340,0.0,0.0,0.9965557809525842,2153211.0845311335,0.0
59400,0.0,0.0,0.9965557809525547,2152414.478369327,0.0
59460,0.0,0.0,0.9965557809525252,2154353.85165094,0.0
59520,0.0,0.0,0.9965557809524953,2157687.501770539,0.0
59580,0.0,0.0,0.9965557809524667,2154425.9875903483,0.0
59640,0.0,0.0,0.9965557809524396,2153258.990223846,0.0
59700,0.0,0.0,0.9965557809524154,2151903.5674378015,0.0
59760,0.0,0.0,0.9965557809523896,2153845.5709241293,0.0
59820,0.0,0.0,0.9965557809523644,2155850.3052250794,0.0
59880,0.0,0.0,0.9965557809523379,2155885.835094537,0.0
59940,0.0,0.0,0.996555780952314,2151415.8825896806,0.0
60000,0.0,0.0,0.9965557809522937,2150888.4478394464,0.0
60060,0.0,0.0,0.9965557809522717,2153132.9229098,0.0
60120,0.0,0.0,0.9965557809522488,2158095.550071266,0.0
60180,0.0,0.0,0.9965557809522265,2154563.126365981,0.0
60240,0.0,0.0,0.9965557809522074,2155201.0818538084,0.0
60300,0.0,0.0,0.9965557809521844,2149551.6002901937,0.0
60360,0.0,0.0,0.9965557809521677,2152798.407174209,0.0
60420,0.0,0.0,0.9965557809521494,2156163.5603617686,0.0
60480,0.0,0.0,0.9965557809521297,2155252.7665423537,0.0
60540,0.0,0.0,0.9965557809521107,2156385.757520371,0.0
60600,0.0,0.0,0.9965557809520945,2152230.492017634,0.0
60660,0.0,0.0,0.9965557809520761,2152120.6207657573,0.0
60720,0.0,0.0,0.9965557809520592,2154482.7561371024,0.0
60780,0.0,0.0,0.996555780952044,2155665.398950382,0.0
60840,0.0,0.0,0.99655578095203,2154311.3495215112,0.0
60900,0.0,0.0,0.9965557809520146,2154313.1423662,0.0
60960,0.0,0.0,0.9965557809519994,2150445.337120933,0.0
61020,0.0,0.0,0.9965557809519858,2153262.6071898895,0.0
61080,0.0,0.0,0.9965557809519725,2156897.4957525446,0.0
61140,0.0,0.0,0.9965557809519593,2154780.252221656,0.0
61200,0.0,0.0,0.9965557809519466,2154537.6901876596,0.0
61260,0.0,0.0,0.9965557809519315,2151111.1979650757,0.0
61320,0.0,0.0,0.9965557809519205,2153525.2553143343,0.0
61380,0.0,0.0,0.9965557809519094,2154311.1559699033,0.0
61440,0.0,0.0,0.9965557809518981,2158017.3193315607,0.0
61500,0.0,0.0,0.9965557809518888,2154281.227535171,0.0
61560,0.0,0.0,0.9965557809518788,2153468.672398634,0.0
61620,0.0,0.0,0.9965557809518688,2152016.879019686,0.0
61680,0.0,0.0,0.9965557809518588,2153864.0585678,0.0
61740,0.0,0.0,0.9965557809518484,2155732.2227987265,0.0
61800,0.0,0.0,0.996555780951837,2155838.701603261,0.0
61860,0.0,0.0,0.9965557809518273,2150830.6921744095,0.0
61920,0.0,0.0,0.9965557809518162,2152568.5937353633,0.0
61980,0.0,0.0,0.9965557809518066,2153968.3969327654,0.0
62040,0.0,0.0,0.9965557809517985,2154957.2192661846,0.0
62100,0.0,0.0,0.9965557809517901,2157412.5479575633,0.0
62160,0.0,0.0,0.9965557809517805,2153624.255284387,0.0
62220,0.0,0.0,0.9965557809517736,2152272.831152482,0.0
62280,0.0,0.0,0.9965557809517663,2152817.440157118,0.0
62340,0.0,0.0,0.9965557809517598,2154720.610510877,0.0
62400,0.0,0.0,0.9965557809517531,2157680.596364576,0.0
62460,0.0,0.0,0.9965557809517466,2153540.090274481,0.0
62520,0.0,0.0,0.9965557809517396,2153660.689779729,0.0
62580,0.0,0.0,0.9965557809517329,2151683.8026383338,0.0
62640,0.0,0.0,0.9965557809517264,2154402.7878160425,0.0
62700,0.0,0.0,0.9965557809517192,2155729.4630438583,0.0
62760,0.0,0.0,0.9965557809517127,2153830.593808382,0.0
62820,0.0,0.0,0.996555780951705,2154429.74358158,0.0
62880,0.0,0.0,0.9965557809516966,2150411.6475604004,0.0
62940,0.0,0.0,0.9965557809516875,2153325.5486642215,0.0
63000,0.0,0.0,0.9965557809516796,2157162.0477359467,0.0
63060,0.0,0.0,0.9965557809516725,2155151.903140622,0.0
63120,0.0,0.0,0.9965557809516674,2155157.218854696,0.0
63180,0.0,0.0,0.9965557809516623,2151519.2400732227,0.0
63240,0.0,0.0,0.9965557809516593,2152623.739699709,0.0
63300,0.0,0.0,0.996555780951657,2155305.33034642,0.0
63360,0.0,0.0,0.996555780951657,2155998.286501654,0.0
63420,0.0,0.0,0.996555780951657,2153166.2333174758,0.0
63480,0.0,0.0,0.996555780951657,2153445.6103339964,0.0
63540,0.0,0.0,0.996555780951657,2151572.8066304903,0.0
63600,0.0,0.0,0.996555780951657,2155342.0371544734,0.0
63660,0.0,0.0,0.996555780951657,2155365.3557277927,0.0
63720,0.0,0.0,0.996555780951657,2156635.723818899,0.0
63780,0.0,0.0,0.996555780951657,2149883.845672515,0.0
63840,0.0,0.0,0.996555780951657,2152720.1968535422,0.0
63900,0.0,0.0,0.996555780951657,2154275.2868133895,0.0
63960,0.0,0.0,0.996555780951657,2154827.869899552,0.0
64020,0.0,0.0,0.996555780951657,2157635.9600329204,0.0
64080,0.0,0.0,0.996555780951657,2153545.7314301846,0.0
64140,0.0,0.0,0.996555780951657,2152381.769032938,0.0
64200,0.0,0.0,0.996555780951657,2152955.9677359504,0.0
64260,0.0,0.0,0.996555780951657,2154705.4676844943,0.0
64320,0.0,0.0,0.996555780951657,2155468.258919109,0.0
64380,0.0,0.0,0.996555780951657,2155391.764876045,0.0
64440,0.0,0.0,0.996555780951657,2149975.109092086,0.0
64500,0.0,0.0,0.996555780951657,2152508.79789475,0.0
64560,0.0,0.0,0.996555780951657,2155374.723986916,0.0
64620,0.0,0.0,0.996555780951657,2155324.2287097573,0.0
64680,0.0,0.0,0.996555780951657,2156702.148066778,0.0
64740,0.0,0.0,0.996555780951657,2152713.4567955853,0.0
64800,0.0,0.0,0.996555780951657,2151918.329857373,0.0
64860,0.0,0.0,0.996555780951657,2155442.028424223,0.0
64920,0.0,0.0,0.996555780951657,2155132.6773541677,0.0
64980,0.0,0.0,0.996555780951657,2156737.0020413385,0.0
65040,0.0,0.0,0.996555780951657,2150360.0192223582,0.0
65100,0.0,0.0,0.996555780951657,2151736.904198194,0.0
65160,0.0,0.0,0.996555780951657,2152643.607944841,0.0
65220,0.0,0.0,0.996555780951657,2155301.5332377953,0.0
65280,0.0,0.0,0.996555780951657,2155881.6786424005,0.0
65340,0.0,0.0,0.996555780951657,2152762.871712475,0.0
65400,0.0,0.0,0.996555780951657,2153586.215802925,0.0
65460,0.0,0.0,0.996555780951657,2151687.279422192,0.0
65520,0.0,0.0,0.996555780951657,2154018.0374204093,0.0
65580,0.0,0.0,0.996555780951657,2157625.7933550407,0.0
65640,0.0,0.0,0.996555780951657,2154739.146645858,0.0
65700,0.0,0.0,0.996555780951657,2153850.58812516,0.0
65760,0.0,0.0,0.996555780951657,2151603.343669746,0.0
65820,0.0,0.0,0.996555780951657,2153413.78535853,0.0
65880,0.0,0.0,0.996555780951657,2155774.5666697486,0.0
65940,0.0,0.0,0.996555780951657,2156004.757641061,0.0
66000,0.0,0.0,0.996555780951657,2152184.9942759094,0.0
66060,0.0,0.0,0.996555780951657,2150595.2597153895,0.0
66120,0.0,0.0,0.996555780951657,2152839.6631997256,0.0
66180,0.0,0.0,0.996555780951657,2157723.622085341,0.0
66240,0.0,0.0,0.996555780951657,2154914.3509778813,0.0
66300,0.0,0.0,0.996555780951657,2155498.4873541263,0.0
66360,0.0,0.0,0.996555780951657,2149486.4808687335,0.0
66420,0.0,0.0,0.996555780951657,2152666.7895705323,0.0
66480,0.0,0.0,0.996555780951657,2155559.771872232,0.0
66540,0.0,0.0,0.996555780951657,2155196.229363228,0.0
66600,0.0,0.0,0.996555780951657,2156863.6662834296,0.0
66660,0.0,0.0,0.996555780951657,2152646.2262339075,0.0
66720,0.0,0.0,0.996555780951657,2152043.0432112673,0.0
66780,0.0,0.0,0.996555780951657,2154008.656821965,0.0
66840,0.0,0.0,0.996555780951657,2155413.853331819,0.0
66900,0.0,0.0,0.996555780951657,2154783.0411205315,0.0
66960,0.0,0.0,0.996555780951657,2154696.2892433717,0.0
67020,0.0,0.0,0.996555780951657,2150105.1401762366,0.0
67080,0.0,0.0,0.996555780951657,2152948.051377046,0.0
67140,0.0,0.0,0.996555780951657,2156486.524659094,0.0
67200,0.0,0.0,0.996555780951657,2155392.0178624024,0.0
67260,0.0,0.0,0.996555780951657,2155663.987436946,0.0
67320,0.0,0.0,0.996555780951657,2148872.984489636,0.0
67380,0.0,0.0,0.996555780951657,2152436.2851906535,0.0
67440,0.0,0.0,0.996555780951657,2154692.978761537,0.0
67500,0.0,0.0,0.996555780951657,2156993.124790798,0.0
67560,0.0,0.0,0.996555780951657,2154767.628797557,0.0
67620,0.0,0.0,0.996555780951657,2153750.0814288016,0.0
67680,0.0,0.0,0.996555780951657,2151667.3144858098,0.0
67740,0.0,0.0,0.996555780951657,2153413.9507059427,0.0
67800,0.0,0.0,0.996555780951657,2155697.1018311866,0.0
67860,0.0,0.0,0.996555780951657,2155955.98428792,0.0
67920,0.0,0.0,0.996555780951657,2151444.613640045,0.0
67980,0.0,0.0,0.996555780951657,2152844.1046206807,0.0
68040,0.0,0.0,0.996555780951657,2153184.1089364863,0.0
68100,0.0,0.0,0.996555780951657,2154678.547739296,0.0
68160,0.0,0.0,0.996555780951657,2157604.7613619324,0.0
68220,0.0,0.0,0.996555780951657,2154055.641811272,0.0
68280,0.0,0.0,0.996555780951657,2152709.8932719175,0.0
68340,0.0,0.0,0.996555780951657,2152315.2655762807,0.0
68400,0.0,0.0,0.996555780951657,2154288.6761053926,0.0
68460,0.0,0.0,0.996555780951657,2158031.891074759,0.0
68520,0.0,0.0,0.996555780951657,2154006.5400869944,0.0
68580,0.0,0.0,0.996555780951657,2154169.8636833397,0.0
68640,0.0,0.0,0.996555780951657,2150768.35429073,0.0
68700,0.0,0.0,0.996555780951657,2153952.2381247473,0.0
68760,0.0,0.0,0.996555780951657,2155456.971664657,0.0
68820,0.0,0.0,0.996555780951657,2154370.0108409477,0.0
68880,0.0,0.0,0.996555780951657,2154798.5802911716,0.0
68940,0.0,0.0,0.996555780951657,2149979.459060631,0.0
69000,0.0,0.0,0.996555780951657,2153028.3208194203,0.0
69060,0.0,0.0,0.996555780951657,2156744.977819679,0.0
69120,0.0,0.0,0.996555780951657,2155247.4663571753,0.0
69180,0.0,0.0,0.996555780951657,2155769.0136118885,0.0
69240,0.0,0.0,0.996555780951657,2151813.6564815515,0.0
69300,0.0,0.0,0.996555780951657,2152323.279035199,0.0
69360,0.0,0.0,0.996555780951657,2154940.909597075,0.0
69420,0.0,0.0,0.996555780951657,2155879.671795594,0.0
69480,0.0,0.0,0.996555780951657,2153768.3142345147,0.0
69540,0.0,0.0,0.996555780951657,2153861.299201465,0.0
69600,0.0,0.0,0.996555780951657,2150969.8786995444,0.0
69660,0.0,0.0,0.996555780951657,2154818.943879864,0.0
69720,0.0,0.0,0.996555780951657,2155158.45743413,0.0
69780,0.0,0.0,0.996555780951657,2157275.867319067,0.0
69840,0.0,0.0,0.996555780951657,2150480.943625267,0.0
69900,0.0,0.0,0.996555780951657,2152973.1875110175,0.0
69960,0.0,0.0,0.996555780951657,2153483.5885760966,0.0
70020,0.0,0.0,0.996555780951657,2154593.0489742775,0.0
70080,0.0,0.0,0.996555780951657,2157814.5344016147,0.0
70140,0.0,0.0,0.996555780951657,2153937.7977657197,0.0
70200,0.0,0.0,0.996555780951657,2152777.865104217,0.0
70260,0.0,0.0,0.996555780951657,2152475.6390433176,0.0
70320,0.0,0.0,0.996555780951657,2154320.5007170574,0.0
70380,0.0,0.0,0.996555780951657,2155661.7850551456,0.0
70440,0.0,0.0,0.996555780951657,2155639.420766136,0.0
70500,0.0,0.0,0.996555780951657,2150308.8039201535,0.0
70560,0.0,0.0,0.996555780951657,2152445.853550262,0.0
70620,0.0,0.0,0.996555780951657,2154723.4433243647,0.0
70680,0.0,0.0,0.996555780951657,2155192.1765698884,0.0
70740,0.0,0.0,0.996555780951657,2157076.5672029806,0.0
70800,0.0,0.0,0.996555780951657,2153155.2966050883,0.0
70860,0.0,0.0,0.996555780951657,2151983.3600749047,0.0
70920,0.0,0.0,0.996555780951657,2154611.378818847,0.0
70980,0.0,0.0,0.996555780951657,2154932.7947421437,0.0
71040,0.0,0.0,0.996555780951657,2156806.3311987417,0.0
71100,0.0,0.0,0.996555780951657,2151187.943691136,0.0
71160,0.0,0.0,0.996555780951657,2152023.0466332054,0.0
71220,0.0,0.0,0.996555780951657,2152338.573403113,0.0
71280,0.0,0.0,0.996555780951657,2154989.985451557,0.0
71340,0.0,0.0,0.996555780951657,2155764.504849513,0.0
71400,0.0,0.0,0.996555780951657,2153369.783896968,0.0
71460,0.0,0.0,0.996555780951657,2153956.832066275,0.0
71520,0.0,0.0,0.996555780951657,2151052.852786376,0.0
71580,0.0,0.0,0.996555780951657,2153693.044089563,0.0
71640,0.0,0.0,0.996555780951657,2157450.2879263097,0.0
71700,0.0,0.0,0.996555780951657,2154978.7751278807,0.0
71760,0.0,0.0,0.996555780951657,2154437.054321734,0.0
71820,0.0,0.0,0.996555780951657,2151457.589142143,0.0
71880,0.0,0.0,0.996555780951657,2153022.2246654886,0.0
71940,0.0,0.0,0.996555780951657,2155607.643896697,0.0
72000,0.0,0.0,0.996555780951657,2156047.692816622,0.0
72060,0.0,0.0,0.996555780951657,2152997.4236630867,0.0
72120,0.0,0.0,0.996555780951657,2150523.589337521,0.0
72180,0.0,0.0,0.996555780951657,2152619.005927771,0.0
72240,0.0,0.0,0.996555780951657,2157226.58172115,0.0
72300,0.0,0.0,0.996555780951657,2155164.3194585834,0.0
72360,0.0,0.0,0.996555780951657,2155728.940153091,0.0
72420,0.0,0.0,0.996555780951657,2149682.5030431575,0.0
72480,0.0,0.0,0.996555780951657,2152638.7089754124,0.0
72540,0.0,0.0,0.996555780951657,2154914.463075384,0.0
72600,0.0,0.0,0.996555780951657,2155084.1037279265,0.0
72660,0.0,0.0,0.996555780951657,2157239.196624298,0.0
72720,0.0,0.0,0.996555780951657,2153056.0967256217,0.0
72780,0.0,0.0,0.996555780951657,2152096.3370027267,0.0
72840,0.0,0.0,0.996555780951657,2153525.9092486566,0.0
72900,0.0,0.0,0.996555780951657,2155124.066562309,0.0
72960,0.0,0.0,0.996555780951657,2155165.1888032253,0.0
73020,0.0,0.0,0.996555780951657,2155033.463321806,0.0
73080,0.0,0.0,0.996555780951657,2149950.448776771,0.0
73140,0.0,0.0,0.996555780951657,2152693.4141208646,0.0
73200,0.0,0.0,0.996555780951657,2156002.3599801282,0.0
73260,0.0,0.0,0.996555780951657,2155411.395470985,0.0
73320,0.0,0.0,0.996555780951657,2156162.3394070575,0.0
73380,0.0,0.0,0.996555780951657,2148820.9083299837,0.0
73440,0.0,0.0,0.996555780951657,2152260.69250757,0.0
73500,0.0,0.0,0.996555780951657,2154182.4948352845,0.0
73560,0.0,0.0,0.996555780951657,2157256.759165617,0.0
73620,0.0,0.0,0.996555780951657,2154978.9179248973,0.0
73680,0.0,0.0,0.996555780951657,2154347.114772686,0.0
73740,0.0,0.0,0.996555780951657,2151497.31024701,0.0
73800,0.0,0.0,0.996555780951657,2153063.6818710607,0.0
73860,0.0,0.0,0.996555780951657,2155573.041972745,0.0
73920,0.0,0.0,0.996555780951657,2155989.061333234,0.0
73980,0.0,0.0,0.996555780951657,2152055.0737545392,0.0
74040,0.0,0.0,0.996555780951657,2153135.646858978,0.0
74100,0.0,0.0,0.996555780951657,2152490.539592608,0.0
74160,0.0,0.0,0.996555780951657,2154401.2324537765,0.0
74220,0.0,0.0,0.996555780951657,2157654.5926855956,0.0
74280,0.0,0.0,0.996555780951657,2154402.5054538897,0.0
74340,0.0,0.0,0.996555780951657,2153178.0837441226,0.0
74400,0.0,0.0,0.996555780951657,2151929.785147833,0.0
74460,0.0,0.0,0.996555780951657,2153892.5393686057,0.0
74520,0.0,0.0,0.996555780951657,2158186.6495097466,0.0
74580,0.0,0.0,0.996555780951657,2154382.963837236,0.0
74640,0.0,0.0,0.996555780951657,2154615.877393353,0.0
74700,0.0,0.0,0.996555780951657,2150025.924349203,0.0
74760,0.0,0.0,0.996555780951657,2153520.517851238,0.0
74820,0.0,0.0,0.996555780951657,2155170.0978494114,0.0
74880,0.0,0.0,0.996555780951657,2154801.724745953,0.0
74940,0.0,0.0,0.996555780951657,2155092.7729980983,0.0
75000,0.0,0.0,0.996555780951657,2149756.9381251005,0.0
75060,0.0,0.0,0.996555780951657,2152806.0250159763,0.0
75120,0.0,0.0,0.996555780951657,2156267.3812427274,0.0
75180,0.0,0.0,0.996555780951657,2155275.88863142,0.0
75240,0.0,0.0,0.996555780951657,2156269.44054438,0.0
75300,0.0,0.0,0.996555780951657,2152166.201778857,0.0
75360,0.0,0.0,0.996555780951657,2152124.9276290797,0.0
75420,0.0,0.0,0.996555780951657,2154546.5662488514,0.0
75480,0.0,0.0,0.996555780951657,2155713.595491299,0.0
75540,0.0,0.0,0.996555780951657,2154287.8689587675,0.0
75600,0.0,0.0,0.996555780951657,2154234.6454347074,0.0
75660,0.0,0.0,0.996555780951657,2150516.2341436013,0.0
75720,0.0,0.0,0.996555780951657,2153304.4771085563,0.0
75780,0.0,0.0,0.996555780951657,2156913.223908794,0.0
75840,0.0,0.0,0.996555780951657,2154776.0426540016,0.0
75900,0.0,0.0,0.996555780951657,2154491.0372908874,0.0
75960,0.0,0.0,0.996555780951657,2151094.7141217766,0.0
76020,0.0,0.0,0.996555780951657,2153569.4106672048,0.0
76080,0.0,0.0,0.996555780951657,2154357.2946896576,0.0
76140,0.0,0.0,0.996555780951657,2157970.7976074433,0.0
76200,0.0,0.0,0.996555780951657,2154260.2972087557,0.0
76260,0.0,0.0,0.996555780951657,2153384.4935124293,0.0
76320,0.0,0.0,0.996555780951657,2152042.3028837824,0.0
76380,0.0,0.0,0.996555780951657,2153907.8310490116,0.0
76440,0.0,0.0,0.996555780951657,2155748.0220642406,0.0
76500,0.0,0.0,0.996555780951657,2155829.075885974,0.0
76560,0.0,0.0,0.996555780951657,2150838.188284037,0.0
76620,0.0,0.0,0.996555780951657,2152528.9575128756,0.0
76680,0.0,0.0,0.996555780951657,2154006.1411456508,0.0
76740,0.0,0.0,0.996555780951657,2154987.971105896,0.0
76800,0.0,0.0,0.996555780951657,2157370.97719952,0.0
76860,0.0,0.0,0.996555780951657,2153602.0004260615,0.0
76920,0.0,0.0,0.996555780951657,2152233.54525355,0.0
76980,0.0,0.0,0.996555780951657,2153696.3791526062,0.0
77040,0.0,0.0,0.996555780951657,2154659.7974088187,0.0
77100,0.0,0.0,0.996555780951657,2156787.391029064,0.0
77160,0.0,0.0,0.996555780951657,2152087.6535132146,0.0
77220,0.0,0.0,0.996555780951657,2152391.078755277,0.0
77280,0.0,0.0,0.996555780951657,2152108.410808825,0.0
77340,0.0,0.0,0.996555780951657,2154593.963121335,0.0
77400,0.0,0.0,0.996555780951657,2155578.9804801554,0.0
77460,0.0,0.0,0.996555780951657,2153943.8992842184,0.0
77520,0.0,0.0,0.996555780951657,2154341.067609807,0.0
77580,0.0,0.0,0.996555780951657,2150491.754012346,0.0
77640,0.0,0.0,0.996555780951657,2153366.5045692995,0.0
77700,0.0,0.0,0.996555780951657,2157164.866093216,0.0
77760,0.0,0.0,0.996555780951657,2155156.550087309,0.0
77820,0.0,0.0,0.996555780951657,2155045.4430760727,0.0
77880,0.0,0.0,0.996555780951657,2151492.93016218,0.0
77940,0.0,0.0,0.996555780951657,2152657.96687792,0.0
78000,0.0,0.0,0.996555780951657,2155344.4176197206,0.0
78060,0.0,0.0,0.996555780951657,2156018.32436838,0.0
78120,0.0,0.0,0.996555780951657,2153148.390654321,0.0
78180,0.0,0.0,0.996555780951657,2153376.146462749,0.0
78240,0.0,0.0,0.996555780951657,2151636.0835972317,0.0
78300,0.0,0.0,0.996555780951657,2155369.1853312002,0.0
78360,0.0,0.0,0.996555780951657,2155400.197197969,0.0
78420,0.0,0.0,0.996555780951657,2156545.797372602,0.0
78480,0.0,0.0,0.996555780951657,2149919.57221028,0.0
78540,0.0,0.0,0.996555780951657,2152672.3116777507,0.0
78600,0.0,0.0,0.996555780951657,2154318.186752284,0.0
78660,0.0,0.0,0.996555780951657,2154861.13557097,0.0
78720,0.0,0.0,0.996555780951657,2157585.755456825,0.0
78780,0.0,0.0,0.996555780951657,2153520.88129337,0.0
78840,0.0,0.0,0.996555780951657,2152337.763301439,0.0
78900,0.0,0.0,0.996555780951657,2152981.3797777663,0.0
78960,0.0,0.0,0.996555780951657,2154739.497437885,0.0
79020,0.0,0.0,0.996555780951657,2155477.4183864496,0.0
79080,0.0,0.0,0.996555780951657,2155370.380111877,0.0
79140,0.0,0.0,0.996555780951657,2149999.0763476817,0.0
79200,0.0,0.0,0.996555780951657,2152500.850714747,0.0
79260,0.0,0.0,0.996555780951657,2155387.594058501,0.0
79320,0.0,0.0,0.996555780951657,2155343.7513003554,0.0
79380,0.0,0.0,0.996555780951657,2156661.8520671744,0.0
79440,0.0,0.0,0.996555780951657,2149077.171245231,0.0
79500,0.0,0.0,0.996555780951657,2152209.2758150506,0.0
79560,0.0,0.0,0.996555780951657,2153594.662166901,0.0
79620,0.0,0.0,0.996555780951657,2157394.0063461787,0.0
79680,0.0,0.0,0.996555780951657,2155137.7696277914,0.0
79740,0.0,0.0,0.996555780951657,2155036.952031828,0.0
79800,0.0,0.0,0.996555780951657,2151502.891870463,0.0
79860,0.0,0.0,0.996555780951657,2152718.72903464,0.0
79920,0.0,0.0,0.996555780951657,2155332.4192363587,0.0
79980,0.0,0.0,0.996555780951657,2155948.3209193824,0.0
80040,0.0,0.0,0.996555780951657,2152707.5678175315,0.0
80100,0.0,0.0,0.996555780951657,2153512.556155358,0.0
80160,0.0,0.0,0.996555780951657,2151763.191843718,0.0
80220,0.0,0.0,0.996555780951657,2154064.824387086,0.0
80280,0.0,0.0,0.996555780951657,2157606.841608322,0.0
80340,0.0,0.0,0.996555780951657,2154723.7152003376,0.0
80400,0.0,0.0,0.996555780951657,2153762.7939188676,0.0
80460,0.0,0.0,0.996555780951657,2151618.016715586,0.0
80520,0.0,0.0,0.996555780951657,2153457.4411138836,0.0
80580,0.0,0.0,0.996555780951657,2158219.1727035255,0.0
80640,0.0,0.0,0.996555780951657,2154711.426828694,0.0
80700,0.0,0.0,0.996555780951657,2155097.0025459793,0.0
80760,0.0,0.0,0.996555780951657,2149344.0392020773,0.0
80820,0.0,0.0,0.996555780951657,2153047.575481397,0.0
80880,0.0,0.0,0.996555780951657,2154810.4916595616,0.0
80940,0.0,0.0,0.996555780951657,2155161.9251917982,0.0
81000,0.0,0.0,0.996555780951657,2155371.8435365623,0.0
81060,0.0,0.0,0.996555780951657,2149712.5203414927,0.0
81120,0.0,0.0,0.996555780951657,2152645.3472540975,0.0
81180,0.0,0.0,0.996555780951657,2155681.5012427317,0.0
81240,0.0,0.0,0.996555780951657,2155231.7646544874,0.0
81300,0.0,0.0,0.996555780951657,2156753.916534913,0.0
81360,0.0,0.0,0.996555780951657,2152579.9877154697,0.0
81420,0.0,0.0,0.996555780951657,2152022.570251528,0.0
81480,0.0,0.0,0.996555780951657,2154076.5664358153,0.0
81540,0.0,0.0,0.996555780951657,2155471.547641487,0.0
81600,0.0,0.0,0.996555780951657,2154764.8967129188,0.0
81660,0.0,0.0,0.996555780951657,2154624.959241944,0.0
81720,0.0,0.0,0.996555780951657,2150164.962362739,0.0
81780,0.0,0.0,0.996555780951657,2152979.678106779,0.0
81840,0.0,0.0,0.996555780951657,2156515.9959117416,0.0
81900,0.0,0.0,0.996555780951657,2155312.1245699376,0.0
81960,0.0,0.0,0.996555780951657,2154805.3701535,0.0
82020,0.0,0.0,0.996555780951657,2151352.6599480254,0.0
82080,0.0,0.0,0.996555780951657,2152713.9260585313,0.0
82140,0.0,0.0,0.996555780951657,2154053.7577336337,0.0
82200,0.0,0.0,0.996555780951657,2157959.2064786195,0.0
82260,0.0,0.0,0.996555780951657,2154558.3475297433,0.0
82320,0.0,0.0,0.996555780951657,2153940.4123368096,0.0
82380,0.0,0.0,0.996555780951657,2151724.9714815393,0.0
82440,0.0,0.0,0.996555780951657,2153512.4563288228,0.0
82500,0.0,0.0,0.996555780951657,2155732.1513846214,0.0
82560,0.0,0.0,0.996555780951657,2155943.7504742127,0.0
82620,0.0,0.0,0.996555780951657,2151418.07316205,0.0
82680,0.0,0.0,0.996555780951657,2152748.8224842986,0.0
82740,0.0,0.0,0.996555780951657,2153297.7791630197,0.0
82800,0.0,0.0,0.996555780951657,2154745.0833739825,0.0
82860,0.0,0.0,0.996555780951657,2157544.7933536037,0.0
82920,0.0,0.0,0.996555780951657,2154003.400754384,0.0
82980,0.0,0.0,0.996555780951657,2152608.161062881,0.0
83040,0.0,0.0,0.996555780951657,2152780.0719729373,0.0
83100,0.0,0.0,0.996555780951657,2154353.3286484135,0.0
83160,0.0,0.0,0.996555780951657,2156682.642372101,0.0
83220,0.0,0.0,0.996555780951657,2152985.754253146,0.0
83280,0.0,0.0,0.996555780951657,2152770.02044426,0.0
83340,0.0,0.0,0.996555780951657,2151986.954010002,0.0
83400,0.0,0.0,0.996555780951657,2154160.1387440283,0.0
83460,0.0,0.0,0.996555780951657,2155350.436920093,0.0
83520,0.0,0.0,0.996555780951657,2154443.3370885504,0.0
83580,0.0,0.0,0.996555780951657,2154690.5784785277,0.0
83640,0.0,0.0,0.996555780951657,2150075.7005900834,0.0
83700,0.0,0.0,0.996555780951657,2153078.164796482,0.0
83760,0.0,0.0,0.996555780951657,2156787.597526858,0.0
83820,0.0,0.0,0.996555780951657,2155264.063423873,0.0
83880,0.0,0.0,0.996555780951657,2155606.1373406323,0.0
83940,0.0,0.0,0.996555780951657,2151737.833722751,0.0
84000,0.0,0.0,0.996555780951657,2152361.4574665395,0.0
84060,0.0,0.0,0.996555780951657,2155013.74556919,0.0
84120,0.0,0.0,0.996555780951657,2155923.832696397,0.0
84180,0.0,0.0,0.996555780951657,2153724.2698716642,0.0
84240,0.0,0.0,0.996555780951657,2153757.1619358393,0.0
84300,0.0,0.0,0.996555780951657,2151070.051814529,0.0
84360,0.0,0.0,0.996555780951657,2154882.9318567114,0.0
84420,0.0,0.0,0.996555780951657,2155218.78387827,0.0
84480,0.0,0.0,0.996555780951657,2157136.9863566235,0.0
84540,0.0,0.0,0.996555780951657,2150494.941682095,0.0
84600,0.0,0.0,0.996555780951657,2152887.939060788,0.0
84660,0.0,0.0,0.996555780951657,2153578.3263604934,0.0
84720,0.0,0.0,0.996555780951657,2154647.475230638,0.0
84780,0.0,0.0,0.996555780951657,2157755.0939586447,0.0
84840,0.0,0.0,0.996555780951657,2153897.358629481,0.0
84900,0.0,0.0,0.996555780951657,2152691.205950216,0.0
84960,0.0,0.0,0.996555780951657,2152521.987170392,0.0
85020,0.0,0.0,0.996555780951657,2154379.2593375533,0.0
85080,0.0,0.0,0.996555780951657,2155670.7073444827,0.0
85140,0.0,0.0,0.996555780951657,2155611.957373774,0.0
85200,0.0,0.0,0.996555780951657,2150314.232664554,0.0
85260,0.0,0.0,0.996555780951657,2152422.9370271936,0.0
85320,0.0,0.0,0.996555780951657,2154771.7472341647,0.0
85380,0.0,0.0,0.996555780951657,2155226.512183501,0.0
85440,0.0,0.0,0.996555780951657,2157016.215781571,0.0
85500,0.0,0.0,0.996555780951657,2149656.736680785,0.0
85560,0.0,0.0,0.996555780951657,2152306.176851861,0.0
85620,0.0,0.0,0.996555780951657,2153071.34431314,0.0
85680,0.0,0.0,0.996555780951657,2157356.89856278,0.0
85740,0.0,0.0,0.996555780951657,2155225.0281844847,0.0
85800,0.0,0.0,0.996555780951657,2155627.2793017398,0.0
85860,0.0,0.0,0.996555780951657,2151715.966855893,0.0
85920,0.0,0.0,0.996555780951657,2152461.5758434357,0.0
85980,0.0,0.0,0.996555780951657,2155037.9579093815,0.0
86040,0.0,0.0,0.996555780951657,2155852.7933480036,0.0
86100,0.0,0.0,0.996555780951657,2153302.3469689433,0.0
86160,0.0,0.0,0.996555780951657,2153862.912313011,0.0
86220,0.0,0.0,0.996555780951657,2151155.436071316,0.0
86280,0.0,0.0,0.996555780951657,2153750.3582313545,0.0
86340,0.0,0.0,0.996555780951657,2157447.766183675,0.0
86400,0.0,0.0,0.996555780951657,2154966.1319006938,0.0
86460,0.0,0.0,0.996555780951657,2154317.6963568744,0.0
86520,0.0,0.0,0.996555780951657,2151459.315433117,0.0
86580,0.0,0.0,0.996555780951657,2153074.916733803,0.0
86640,0.0,0.0,0.996555780951657,2155643.9759440185,0.0
86700,0.0,0.0,0.996555780951657,2156055.4357472695,0.0
86760,0.0,0.0,0.996555780951657,2152939.9443332725,0.0
86820,0.0,0.0,0.996555780951657,2150538.97098161,0.0
86880,0.0,0.0,0.996555780951657,2152627.7561554755,0.0
86940,0.0,0.0,0.996555780951657,2157215.5585255288,0.0
87000,0.0,0.0,0.996555780951657,2155184.735566665,0.0
87060,0.0,0.0,0.996555780951657,2155701.9018509528,0.0
87120,0.0,0.0,0.996555780951657,2149711.864947232,0.0
87180,0.0,0.0,0.996555780951657,2152610.18875749,0.0
87240,0.0,0.0,0.996555780951657,2154959.642718774,0.0
87300,0.0,0.0,0.996555780951657,2155116.776820456,0.0
87360,0.0,0.0,0.996555780951657,2157174.5528854537,0.0
87420,0.0,0.0,0.996555780951657,2153021.6763302716,0.0
87480,0.0,0.0,0.996555780951657,2152066.1545413327,0.0
87540,0.0,0.0,0.996555780951657,2153559.306871823,0.0
87600,0.0,0.0,0.996555780951657,2155161.2578762933,0.0
87660,0.0,0.0,0.996555780951657,2155168.9034051453,0.0
87720,0.0,0.0,0.996555780951657,2154999.4911932764,0.0
87780,0.0,0.0,0.996555780951657,2149980.8130987906,0.0
87840,0.0,0.0,0.996555780951657,2152698.407914346,0.0
87900,0.0,0.0,0.996555780951657,2156015.262958205,0.0
87960,0.0,0.0,0.996555780951657,2155747.3988380623,0.0
88020,0.0,0.0,0.996555780951657,2155081.064953347,0.0
88080,0.0,0.0,0.996555780951657,2151823.290314761,0.0
88140,0.0,0.0,0.996555780951657,2151839.580680307,0.0
88200,0.0,0.0,0.996555780951657,2153730.7957338793,0.0
88260,0.0,0.0,0.996555780951657,2157830.960807542,0.0
88320,0.0,0.0,0.996555780951657,2154805.263165484,0.0
88380,0.0,0.0,0.996555780951657,2154550.913194774,0.0
88440,0.0,0.0,0.996555780951657,2151532.2404675307,0.0
88500,0.0,0.0,0.996555780951657,2153121.3338664947,0.0
88560,0.0,0.0,0.996555780951657,2155611.49891777,0.0
88620,0.0,0.0,0.996555780951657,2155991.474835325,0.0
88680,0.0,0.0,0.996555780951657,2152043.727464722,0.0
88740,0.0,0.0,0.996555780951657,2153056.0224896153,0.0
88800,0.0,0.0,0.996555780951657,2152572.0840127473,0.0
88860,0.0,0.0,0.996555780951657,2154451.6367392633,0.0
88920,0.0,0.0,0.996555780951657,2157619.8279649764,0.0
88980,0.0,0.0,0.996555780951657,2154375.578546756,0.0
89040,0.0,0.0,0.996555780951657,2153093.5534042735,0.0
89100,0.0,0.0,0.996555780951657,2151959.6342840423,0.0
89160,0.0,0.0,0.996555780951657,2153943.5265236245,0.0
89220,0.0,0.0,0.996555780951657,2158124.336013678,0.0
89280,0.0,0.0,0.996555780951657,2154378.803299548,0.0
89340,0.0,0.0,0.996555780951657,2154540.9770249706,0.0
89400,0.0,0.0,0.996555780951657,2150104.4716089196,0.0
89460,0.0,0.0,0.996555780951657,2153559.246913052,0.0
89520,0.0,0.0,0.996555780951657,2155213.896066409,0.0
89580,0.0,0.0,0.996555780951657,2154808.4573371303,0.0
89640,0.0,0.0,0.996555780951657,2155058.228145011,0.0
89700,0.0,0.0,0.996555780951657,2149797.475065402,0.0
89760,0.0,0.0,0.996555780951657,2152809.7496743137,0.0
89820,0.0,0.0,0.996555780951657,2156279.8191523133,0.0
89880,0.0,0.0,0.996555780951657,2155293.6420054603,0.0
89940,0.0,0.0,0.996555780951657,2156210.828065387,0.0
90000,0.0,0.0,0.996555780951657,2152140.4488319894,0.0
90060,0.0,0.0,0.996555780951657,2152123.393800418,0.0
90120,0.0,0.0,0.996555780951657,2154568.0912795095,0.0
90180,0.0,0.0,0.996555780951657,2155735.3796646884,0.0
90240,0.0,0.0,0.996555780951657,2154294.68524461,0.0
90300,0.0,0.0,0.996555780951657,2154200.1382400617,0.0
90360,0.0,0.0,0.996555780951657,2150543.8109634393,0.0
90420,0.0,0.0,0.996555780951657,2154269.668814392,0.0
90480,0.0,0.0,0.996555780951657,2154952.924413236,0.0
90540,0.0,0.0,0.996555780951657,2157708.5099191708,0.0
90600,0.0,0.0,0.996555780951657,2151146.0424865694,0.0
90660,0.0,0.0,0.996555780951657,2153218.6097322,0.0
90720,0.0,0.0,0.996555780951657,2152753.453049208,0.0
90780,0.0,0.0,0.996555780951657,2154363.3381354725,0.0
90840,0.0,0.0,0.996555780951657,2157843.969076803,0.0
90900,0.0,0.0,0.996555780951657,2154269.814542029,0.0
90960,0.0,0.0,0.996555780951657,2153201.829305486,0.0
91020,0.0,0.0,0.996555780951657,2152078.6560248737,0.0
91080,0.0,0.0,0.996555780951657,2153960.6639711927,0.0
91140,0.0,0.0,0.996555780951657,2155765.4271105593,0.0
91200,0.0,0.0,0.996555780951657,2155814.67156831,0.0
91260,0.0,0.0,0.996555780951657,2150833.139864168,0.0
91320,0.0,0.0,0.996555780951657,2152483.784161573,0.0
91380,0.0,0.0,0.996555780951657,2154062.165192876,0.0
91440,0.0,0.0,0.996555780951657,2155027.2975438354,0.0
91500,0.0,0.0,0.996555780951657,2157318.9154316005,0.0
91560,0.0,0.0,0.996555780951657,2150361.6986355335,0.0
91620,0.0,0.0,0.996555780951657,2152577.4137620544,0.0
91680,0.0,0.0,0.996555780951657,2152525.4737969656,0.0
91740,0.0,0.0,0.996555780951657,2157171.6898000557,0.0
91800,0.0,0.0,0.996555780951657,2155245.097047359,0.0
91860,0.0,0.0,0.996555780951657,2156240.3148659505,0.0
91920,0.0,0.0,0.996555780951657,2152078.4012003643,0.0
91980,0.0,0.0,0.996555780951657,2152266.82731501,0.0
92040,0.0,0.0,0.996555780951657,2154647.558187138,0.0
92100,0.0,0.0,0.996555780951657,2155681.4788441043,0.0
92160,0.0,0.0,0.996555780951657,2153883.86178906,0.0
92220,0.0,0.0,0.996555780951657,2154250.6816584906,0.0
92280,0.0,0.0,0.996555780951657,2150590.3246767973,0.0
92340,0.0,0.0,0.996555780951657,2153416.1651761164,0.0
92400,0.0,0.0,0.996555780951657,2157180.3089345465,0.0
92460,0.0,0.0,0.996555780951657,2155156.088400979,0.0
92520,0.0,0.0,0.996555780951657,2154924.0973902135,0.0
92580,0.0,0.0,0.996555780951657,2151467.531967904,0.0
92640,0.0,0.0,0.996555780951657,2152700.4304156196,0.0
92700,0.0,0.0,0.996555780951657,2155388.962579188,0.0
92760,0.0,0.0,0.996555780951657,2156038.4912619037,0.0
92820,0.0,0.0,0.996555780951657,2153787.180670126,0.0
92880,0.0,0.0,0.996555780951657,2150702.0957505666,0.0
92940,0.0,0.0,0.996555780951657,2152468.0799958664,0.0
93000,0.0,0.0,0.996555780951657,2156610.878676176,0.0
93060,0.0,0.0,0.996555780951657,2155340.701516915,0.0
93120,0.0,0.0,0.996555780951657,2155890.8448442216,0.0
93180,0.0,0.0,0.996555780951657,2150163.6631100797,0.0
93240,0.0,0.0,0.996555780951657,2152691.1852887776,0.0
93300,0.0,0.0,0.996555780951657,2154263.4429898434,0.0
93360,0.0,0.0,0.996555780951657,2154947.876801357,0.0
93420,0.0,0.0,0.996555780951657,2157480.2339811334,0.0
93480,0.0,0.0,0.996555780951657,2153437.593090748,0.0
93540,0.0,0.0,0.996555780951657,2152262.3196433415,0.0
93600,0.0,0.0,0.996555780951657,2153061.6113434667,0.0
93660,0.0,0.0,0.996555780951657,2154824.4684195207,0.0
93720,0.0,0.0,0.996555780951657,2155470.1859911596,0.0
93780,0.0,0.0,0.996555780951657,2155311.238632721,0.0
93840,0.0,0.0,0.996555780951657,2150022.8235223093,0.0
93900,0.0,0.0,0.996555780951657,2152502.1001157765,0.0
93960,0.0,0.0,0.996555780951657,2155456.8404727182,0.0
94020,0.0,0.0,0.996555780951657,2156052.955527145,0.0
94080,0.0,0.0,0.996555780951657,2155290.971759375,0.0
94140,0.0,0.0,0.996555780951657,2152412.7205470866,0.0
94200,0.0,0.0,0.996555780951657,2151041.4063227964,0.0
94260,0.0,0.0,0.996555780951657,2153430.50629446,0.0
94320,0.0,0.0,0.996555780951657,2157587.3386563864,0.0
94380,0.0,0.0,0.996555780951657,2154984.183700359,0.0
94440,0.0,0.0,0.996555780951657,2155135.4671434145,0.0
94500,0.0,0.0,0.996555780951657,2151510.4837109325,0.0
94560,0.0,0.0,0.996555780951657,2152778.6870257403,0.0
94620,0.0,0.0,0.996555780951657,2155405.4832978095,0.0
94680,0.0,0.0,0.996555780951657,2155972.283340367,0.0
94740,0.0,0.0,0.996555780951657,2152662.197288534,0.0
94800,0.0,0.0,0.996555780951657,2153391.6979418993,0.0
94860,0.0,0.0,0.996555780951657,2151896.9409031197,0.0
94920,0.0,0.0,0.996555780951657,2154142.1863626568,0.0
94980,0.0,0.0,0.996555780951657,2157582.7158103744,0.0
95040,0.0,0.0,0.996555780951657,2154688.781687769,0.0
95100,0.0,0.0,0.996555780951657,2153621.268296027,0.0
95160,0.0,0.0,0.996555780951657,2151651.0308158617,0.0
95220,0.0,0.0,0.996555780951657,2153535.4724305705,0.0
95280,0.0,0.0,0.996555780951657,2158148.271906679,0.0
95340,0.0,0.0,0.996555780951657,2154702.6261381656,0.0
95400,0.0,0.0,0.996555780951657,2154987.7806926966,0.0
95460,0.0,0.0,0.996555780951657,2149474.29825798,0.0
95520,0.0,0.0,0.996555780951657,2153112.307887057,0.0
95580,0.0,0.0,0.996555780951657,2154884.591909979,0.0
95640,0.0,0.0,0.996555780951657,2155161.804312509,0.0
95700,0.0,0.0,0.996555780951657,2155327.6659931806,0.0
95760,0.0,0.0,0.996555780951657,2149753.2392517417,0.0
95820,0.0,0.0,0.996555780951657,2152640.7097260444,0.0
95880,0.0,0.0,0.996555780951657,2155730.58559519,0.0
95940,0.0,0.0,0.996555780951657,2155263.0535741127,0.0
96000,0.0,0.0,0.996555780951657,2156665.6808546735,0.0
96060,0.0,0.0,0.996555780951657,2152530.758801768,0.0
96120,0.0,0.0,0.996555780951657,2152010.0304258117,0.0
96180,0.0,0.0,0.996555780951657,2154123.480918718,0.0
96240,0.0,0.0,0.996555780951657,2155513.961115464,0.0
96300,0.0,0.0,0.996555780951657,2154757.242364731,0.0
96360,0.0,0.0,0.996555780951657,2154571.0585889644,0.0
96420,0.0,0.0,0.996555780951657,2150209.980125556,0.0
96480,0.0,0.0,0.996555780951657,2153662.1951299165,0.0
96540,0.0,0.0,0.996555780951657,2154683.701428019,0.0
96600,0.0,0.0,0.996555780951657,2158091.7829996175,0.0
96660,0.0,0.0,0.996555780951657,2151786.359948353,0.0
96720,0.0,0.0,0.996555780951657,2153542.554766133,0.0
96780,0.0,0.0,0.996555780951657,2152020.2117824024,0.0
96840,0.0,0.0,0.996555780951657,2154088.5585559546,0.0
96900,0.0,0.0,0.996555780951657,2157803.950589241,0.0
96960,0.0,0.0,0.996555780951657,2154565.585321405,0.0
97020,0.0,0.0,0.996555780951657,2153719.583727587,0.0
97080,0.0,0.0,0.996555780951657,2151756.2938007866,0.0
97140,0.0,0.0,0.996555780951657,2153580.7760306993,0.0
97200,0.0,0.0,0.996555780951657,2155761.291569846,0.0
97260,0.0,0.0,0.996555780951657,2155938.1146208975,0.0
97320,0.0,0.0,0.996555780951657,2151392.500361492,0.0
97380,0.0,0.0,0.996555780951657,2152672.0485234396,0.0
97440,0.0,0.0,0.996555780951657,2153385.088293871,0.0
97500,0.0,0.0,0.996555780951657,2154800.0970044066,0.0
97560,0.0,0.0,0.996555780951657,2157492.1902062055,0.0
97620,0.0,0.0,0.996555780951657,2153960.844377629,0.0
97680,0.0,0.0,0.996555780951657,2152527.1281172098,0.0
97740,0.0,0.0,0.996555780951657,2152847.6381120146,0.0
97800,0.0,0.0,0.996555780951657,2154405.1882245666,0.0
97860,0.0,0.0,0.996555780951657,2156697.3823698843,0.0
97920,0.0,0.0,0.996555780951657,2152983.0734130796,0.0
97980,0.0,0.0,0.996555780951657,2152720.6858033594,0.0
98040,0.0,0.0,0.996555780951657,2151977.294618143,0.0
98100,0.0,0.0,0.996555780951657,2154205.418728775,0.0
98160,0.0,0.0,0.996555780951657,2155393.324655181,0.0
98220,0.0,0.0,0.996555780951657,2154440.951720347,0.0
98280,0.0,0.0,0.996555780951657,2154640.707897649,0.0
98340,0.0,0.0,0.996555780951657,2150126.9701915807,0.0
98400,0.0,0.0,0.996555780951657,2153096.431426562,0.0
98460,0.0,0.0,0.996555780951657,2156795.7666541487,0.0
98520,0.0,0.0,0.996555780951657,2155275.692482103,0.0
98580,0.0,0.0,0.996555780951657,2155537.06844111,0.0
98640,0.0,0.0,0.996555780951657,2151709.62009866,0.0
98700,0.0,0.0,0.996555780951657,2152373.1469071456,0.0
98760,0.0,0.0,0.996555780951657,2155038.856468899,0.0
98820,0.0,0.0,0.996555780951657,2155942.816096437,0.0
98880,0.0,0.0,0.996555780951657,2154656.4865065017,0.0
98940,0.0,0.0,0.996555780951657,2151123.705991432,0.0
99000,0.0,0.0,0.996555780951657,2152415.6742206994,0.0
99060,0.0,0.0,0.996555780951657,2155885.4440846876,0.0
99120,0.0,0.0,0.996555780951657,2155390.5898374696,0.0
99180,0.0,0.0,0.996555780951657,2156017.6814581226,0.0
99240,0.0,0.0,0.996555780951657,2150745.0287690745,0.0
99300,0.0,0.0,0.996555780951657,2152916.1781252245,0.0
99360,0.0,0.0,0.996555780951657,2153517.847375587,0.0
99420,0.0,0.0,0.996555780951657,2154719.500886639,0.0
99480,0.0,0.0,0.996555780951657,2157697.366462065,0.0
99540,0.0,0.0,0.996555780951657,2153843.3833235377,0.0
99600,0.0,0.0,0.996555780951657,2152620.305159047,0.0
99660,0.0,0.0,0.996555780951657,2152572.206810985,0.0
99720,0.0,0.0,0.996555780951657,2154443.0246814797,0.0
99780,0.0,0.0,0.996555780951657,2155677.740158091,0.0
99840,0.0,0.0,0.996555780951657,2155580.3953586193,0.0
99900,0.0,0.0,0.996555780951657,2150317.988024999,0.0
99960,0.0,0.0,0.996555780951657,2152402.509100783,0.0
100020,0.0,0.0,0.996555780951657,2154824.019584753,0.0
100080,0.0,0.0,0.996555780951657,2155262.141739838,0.0
100140,0.0,0.0,0.996555780951657,2156952.125314579,0.0
100200,0.0,0.0,0.996555780951657,2149707.062251495,0.0
100260,0.0,0.0,0.996555780951657,2152263.9127870686,0.0
100320,0.0,0.0,0.996555780951657,2153123.788816339,0.0
100380,0.0,0.0,0.996555780951657,2157330.261118861,0.0
100440,0.0,0.0,0.996555780951657,2155238.652754009,0.0
100500,0.0,0.0,0.996555780951657,2155540.882032542,0.0
100560,0.0,0.0,0.996555780951657,2151684.5463933023,0.0
100620,0.0,0.0,0.996555780951657,2152471.836011097,0.0
100680,0.0,0.0,0.996555780951657,2155066.131252,0.0
100740,0.0,0.0,0.996555780951657,2155874.7639788287,0.0
100800,0.0,0.0,0.996555780951657,2153306.566757724,0.0
100860,0.0,0.0,0.996555780951657,2153815.9463031655,0.0
100920,0.0,0.0,0.996555780951657,2151195.336836263,0.0
100980,0.0,0.0,0.996555780951657,2153773.473693769,0.0
101040,0.0,0.0,0.996555780951657,2157434.810926366,0.0
101100,0.0,0.0,0.996555780951657,2154967.260096502,0.0
101160,0.0,0.0,0.996555780951657,2154266.4575144392,0.0
101220,0.0,0.0,0.996555780951657,2151457.6485942234,0.0
101280,0.0,0.0,0.996555780951657,2153092.7142265523,0.0
101340,0.0,0.0,0.996555780951657,2158039.9601717303,0.0
101400,0.0,0.0,0.996555780951657,2154967.6810949943,0.0
101460,0.0,0.0,0.996555780951657,2155467.046556999,0.0
101520,0.0,0.0,0.996555780951657,2148936.1620764807,0.0
101580,0.0,0.0,0.996555780951657,2152638.10992288,0.0
101640,0.0,0.0,0.996555780951657,2154475.85295968,0.0
101700,0.0,0.0,0.996555780951657,2155431.687837435,0.0
101760,0.0,0.0,0.996555780951657,2155574.879394253,0.0
101820,0.0,0.0,0.996555780951657,2149942.065049846,0.0
101880,0.0,0.0,0.996555780951657,2152565.4272911167,0.0
101940,0.0,0.0,0.996555780951657,2155064.3098666403,0.0
102000,0.0,0.0,0.996555780951657,2155151.37087597,0.0
102060,0.0,0.0,0.996555780951657,2157098.355135532,0.0
102120,0.0,0.0,0.996555780951657,2152975.9203460175,0.0
102180,0.0,0.0,0.996555780951657,2152029.566910875,0.0
102240,0.0,0.0,0.996555780951657,2153607.568041452,0.0
102300,0.0,0.0,0.996555780951657,2155209.076459296,0.0
102360,0.0,0.0,0.996555780951657,2155165.673012397,0.0
102420,0.0,0.0,0.996555780951657,2154952.934142593,0.0
102480,0.0,0.0,0.996555780951657,2150016.5090401922,0.0
102540,0.0,0.0,0.996555780951657,2152984.5527856397,0.0
102600,0.0,0.0,0.996555780951657,2154354.2160815727,0.0
102660,0.0,0.0,0.996555780951657,2158397.1353276665,0.0
102720,0.0,0.0,0.996555780951657,2152443.153050181,0.0
102780,0.0,0.0,0.996555780951657,2153928.6688795304,0.0
102840,0.0,0.0,0.996555780951657,2151272.436214553,0.0
102900,0.0,0.0,0.996555780951657,2153776.514376865,0.0
102960,0.0,0.0,0.996555780951657,2157660.730888039,0.0
103020,0.0,0.0,0.996555780951657,2154823.9874204486,0.0
103080,0.0,0.0,0.996555780951657,2154326.267421652,0.0
103140,0.0,0.0,0.996555780951657,2151536.867021582,0.0
103200,0.0,0.0,0.996555780951657,2153183.9269286976,0.0
103260,0.0,0.0,0.996555780951657,2155651.204331918,0.0
103320,0.0,0.0,0.996555780951657,2156001.282424636,0.0
103380,0.0,0.0,0.996555780951657,2152012.812605585,0.0
103440,0.0,0.0,0.996555780951657,2152969.5403287997,0.0
103500,0.0,0.0,0.996555780951657,2152664.6119459714,0.0
103560,0.0,0.0,0.996555780951657,2154509.460548286,0.0
103620,0.0,0.0,0.996555780951657,2157581.4343849714,0.0
103680,0.0,0.0,0.996555780951657,2154341.3311720695,0.0
103740,0.0,0.0,0.996555780951657,2152999.210551514,0.0
103800,0.0,0.0,0.996555780951657,2151926.8479843065,0.0
103860,0.0,0.0,0.996555780951657,2154054.997896594,0.0
103920,0.0,0.0,0.996555780951657,2156518.4044703194,0.0
103980,0.0,0.0,0.996555780951657,2153864.1841428154,0.0
104040,0.0,0.0,0.996555780951657,2153121.451766644,0.0
104100,0.0,0.0,0.996555780951657,2151960.857585048,0.0
104160,0.0,0.0,0.996555780951657,2153726.363427763,0.0
104220,0.0,0.0,0.996555780951657,2155114.909756649,0.0
104280,0.0,0.0,0.996555780951657,2154875.7946628225,0.0
104340,0.0,0.0,0.996555780951657,2154979.230266229,0.0
104400,0.0,0.0,0.996555780951657,2149850.3752213055,0.0
104460,0.0,0.0,0.996555780951657,2152838.056527037,0.0
104520,0.0,0.0,0.996555780951657,2156331.5468597505,0.0
104580,0.0,0.0,0.996555780951657,2155321.7375112097,0.0
104640,0.0,0.0,0.996555780951657,2156074.432666754,0.0
104700,0.0,0.0,0.996555780951657,2152067.4765663226,0.0
104760,0.0,0.0,0.996555780951657,2152138.149901837,0.0
104820,0.0,0.0,0.996555780951657,2154637.776513603,0.0
104880,0.0,0.0,0.996555780951657,2155785.356647366,0.0
104940,0.0,0.0,0.996555780951657,2155456.9405841194,0.0
105000,0.0,0.0,0.996555780951657,2151597.7738677426,0.0
105060,0.0,0.0,0.996555780951657,2152488.5643365206,0.0
105120,0.0,0.0,0.996555780951657,2155093.1745577552,0.0
105180,0.0,0.0,0.996555780951657,2155344.3535756385,0.0
105240,0.0,0.0,0.996555780951657,2156073.0192625523,0.0
105300,0.0,0.0,0.996555780951657,2151366.8653420825,0.0
105360,0.0,0.0,0.996555780951657,2153191.6904904996,0.0
105420,0.0,0.0,0.996555780951657,2152792.949932548,0.0
105480,0.0,0.0,0.996555780951657,2154463.190819127,0.0
105540,0.0,0.0,0.996555780951657,2157796.684831868,0.0
105600,0.0,0.0,0.996555780951657,2154201.220735016,0.0
105660,0.0,0.0,0.996555780951657,2153065.3500840263,0.0
105720,0.0,0.0,0.996555780951657,2152148.222463628,0.0
105780,0.0,0.0,0.996555780951657,2154057.4150432255,0.0
105840,0.0,0.0,0.996555780951657,2155783.1268833354,0.0
105900,0.0,0.0,0.996555780951657,2155782.634322358,0.0
105960,0.0,0.0,0.996555780951657,2150804.6069709156,0.0
106020,0.0,0.0,0.996555780951657,2152424.198952781,0.0
106080,0.0,0.0,0.996555780951657,2154167.0697326246,0.0
106140,0.0,0.0,0.996555780951657,2155088.577083383,0.0
106200,0.0,0.0,0.996555780951657,2157238.0191414934,0.0
106260,0.0,0.0,0.996555780951657,2150386.1638741936,0.0
106320,0.0,0.0,0.996555780951657,2152495.7388642235,0.0
106380,0.0,0.0,0.996555780951657,2152609.361223918,0.0
106440,0.0,0.0,0.996555780951657,2157153.0046808976,0.0
106500,0.0,0.0,0.996555780951657,2155271.871173267,0.0
106560,0.0,0.0,0.996555780951657,2156108.901534634,0.0
106620,0.0,0.0,0.996555780951657,2152019.5082640196,0.0
106680,0.0,0.0,0.996555780951657,2152271.8081184705,0.0
106740,0.0,0.0,0.996555780951657,2154702.6165816714,0.0
106800,0.0,0.0,0.996555780951657,2155724.4430294917,0.0
106860,0.0,0.0,0.996555780951657,2153867.9319597976,0.0
106920,0.0,0.0,0.996555780951657,2154179.5904622506,0.0
106980,0.0,0.0,0.996555780951657,2150661.1478886986,0.0
107040,0.0,0.0,0.996555780951657,2153453.0634900886,0.0
107100,0.0,0.0,0.996555780951657,2157183.9860666557,0.0
107160,0.0,0.0,0.996555780951657,2155157.6134171686,0.0
107220,0.0,0.0,0.996555780951657,2154834.315317689,0.0
107280,0.0,0.0,0.996555780951657,2151451.0255419975,0.0
107340,0.0,0.0,0.996555780951657,2152730.8649919517,0.0
107400,0.0,0.0,0.996555780951657,2157767.9896027925,0.0
107460,0.0,0.0,0.996555780951657,2155140.8450489985,0.0
107520,0.0,0.0,0.996555780951657,2155841.268717994,0.0
107580,0.0,0.0,0.996555780951657,2148680.123222255,0.0
107640,0.0,0.0,0.996555780951657,2152256.113179894,0.0
107700,0.0,0.0,0.996555780951657,2154094.456377141,0.0
107760,0.0,0.0,0.996555780951657,2155589.6727169077,0.0
107820,0.0,0.0,0.996555780951657,2155742.0221187244,0.0
107880,0.0,0.0,0.996555780951657,2150381.6167431045,0.0
107940,0.0,0.0,0.996555780951657,2152604.8460981376,0.0
108000,0.0,0.0,0.996555780951657,2154402.0933659296,0.0
108060,0.0,0.0,0.996555780951657,2155000.3779235226,0.0
108120,0.0,0.0,0.996555780951657,2157394.5693733376,0.0
108180,0.0,0.0,0.996555780951657,2153379.312988782,0.0
108240,0.0,0.0,0.996555780951657,2152188.183630044,0.0
108300,0.0,0.0,0.996555780951657,2153126.843931029,0.0
108360,0.0,0.0,0.996555780951657,2154891.923812892,0.0
108420,0.0,0.0,0.996555780951657,2155466.3460954265,0.0
108480,0.0,0.0,0.996555780951657,2155260.296884113,0.0
108540,0.0,0.0,0.996555780951657,2150046.857913754,0.0
108600,0.0,0.0,0.996555780951657,2152505.1223057806,0.0
108660,0.0,0.0,0.996555780951657,2155508.3020722833,0.0
108720,0.0,0.0,0.996555780951657,2156052.1279843943,0.0
108780,0.0,0.0,0.996555780951657,2155274.730790779,0.0
108840,0.0,0.0,0.996555780951657,2152341.5076811207,0.0
108900,0.0,0.0,0.996555780951657,2151112.7157340324,0.0
108960,0.0,0.0,0.996555780951657,2153464.3137881807,0.0
109020,0.0,0.0,0.996555780951657,2157578.9398423536,0.0
109080,0.0,0.0,0.996555780951657,2154987.2630067733,0.0
109140,0.0,0.0,0.996555780951657,2155041.94254806,0.0
109200,0.0,0.0,0.996555780951657,2151497.0005575465,0.0
109260,0.0,0.0,0.996555780951657,2152805.7307143607,0.0
109320,0.0,0.0,0.996555780951657,2155433.8525905893,0.0
109380,0.0,0.0,0.996555780951657,2155987.4382252037,0.0
109440,0.0,0.0,0.996555780951657,2152660.646743749,0.0
109500,0.0,0.0,0.996555780951657,2153336.9323182763,0.0
109560,0.0,0.0,0.996555780951657,2151943.4773378964,0.0
109620,0.0,0.0,0.996555780951657,2154173.4433325483,0.0
109680,0.0,0.0,0.996555780951657,2157562.583145574,0.0
109740,0.0,0.0,0.996555780951657,2154681.006195568,0.0
109800,0.0,0.0,0.996555780951657,2153564.5072929743,0.0
109860,0.0,0.0,0.996555780951657,2151014.002584634,0.0
109920,0.0,0.0,0.996555780951657,2153671.6511271084,0.0
109980,0.0,0.0,0.996555780951657,2156248.414121975,0.0
110040,0.0,0.0,0.996555780951657,2154714.334725791,0.0
110100,0.0,0.0,0.996555780951657,2153529.509279982,0.0
110160,0.0,0.0,0.996555780951657,2152104.264504937,0.0
110220,0.0,0.0,0.996555780951657,2153217.100649385,0.0
110280,0.0,0.0,0.996555780951657,2154783.714302497,0.0
110340,0.0,0.0,0.996555780951657,2155230.0136277126,0.0
110400,0.0,0.0,0.996555780951657,2155289.0011733654,0.0
110460,0.0,0.0,0.996555780951657,2149761.205943174,0.0
110520,0.0,0.0,0.996555780951657,2152642.7453444907,0.0
110580,0.0,0.0,0.996555780951657,2155772.95520659,0.0
110640,0.0,0.0,0.996555780951657,2155295.5342299934,0.0
110700,0.0,0.0,0.996555780951657,2156571.4799091592,0.0
110760,0.0,0.0,0.996555780951657,2152477.4943851647,0.0
110820,0.0,0.0,0.996555780951657,2152000.7630185834,0.0
110880,0.0,0.0,0.996555780951657,2154173.9511741204,0.0
110940,0.0,0.0,0.996555780951657,2155558.092670049,0.0
111000,0.0,0.0,0.996555780951657,2154746.2553481194,0.0
111060,0.0,0.0,0.996555780951657,2154512.434796383,0.0
111120,0.0,0.0,0.996555780951657,2150257.6367037855,0.0
111180,0.0,0.0,0.996555780951657,2153704.1525524063,0.0
111240,0.0,0.0,0.996555780951657,2154728.483223787,0.0
111300,0.0,0.0,0.996555780951657,2158009.5872823885,0.0
111360,0.0,0.0,0.996555780951657,2151805.84558393,0.0
111420,0.0,0.0,0.996555780951657,2153479.5550968163,0.0
111480,0.0,0.0,0.996555780951657,2152078.052043324,0.0
111540,0.0,0.0,0.996555780951657,2154121.647062964,0.0
111600,0.0,0.0,0.996555780951657,2157779.0665312163,0.0
111660,0.0,0.0,0.996555780951657,2154556.609700103,0.0
111720,0.0,0.0,0.996555780951657,2153654.0150848455,0.0
111780,0.0,0.0,0.996555780951657,2151767.4982676497,0.0
111840,0.0,0.0,0.996555780951657,2153610.2871480105,0.0
111900,0.0,0.0,0.996555780951657,2155776.9441391435,0.0
111960,0.0,0.0,0.996555780951657,2155936.4117538715,0.0
112020,0.0,0.0,0.996555780951657,2151403.8091356903,0.0
112080,0.0,0.0,0.996555780951657,2152633.895340207,0.0
112140,0.0,0.0,0.996555780951657,2153409.8492669147,0.0
112200,0.0,0.0,0.996555780951657,2154824.2425330486,0.0
112260,0.0,0.0,0.996555780951657,2157463.555770528,0.0
112320,0.0,0.0,0.996555780951657,2151162.763059985,0.0
112380,0.0,0.0,0.996555780951657,2152841.5097672036,0.0
112440,0.0,0.0,0.996555780951657,2152081.69358328,0.0
112500,0.0,0.0,0.996555780951657,2156818.2925632372,0.0
112560,0.0,0.0,0.996555780951657,2155227.7052659728,0.0
112620,0.0,0.0,0.996555780951657,2156696.5817438588,0.0
112680,0.0,0.0,0.996555780951657,2152433.7241997384,0.0
112740,0.0,0.0,0.996555780951657,2152163.318338197,0.0
112800,0.0,0.0,0.996555780951657,2154241.33426414,0.0
112860,0.0,0.0,0.996555780951657,2155488.404779005,0.0
112920,0.0,0.0,0.996555780951657,2154404.1634103325,0.0
112980,0.0,0.0,0.996555780951657,2154576.711045964,0.0
113040,0.0,0.0,0.996555780951657,2150194.731143551,0.0
113100,0.0,0.0,0.996555780951657,2153124.3937547533,0.0
113160,0.0,0.0,0.996555780951657,2156814.421099698,0.0
113220,0.0,0.0,0.996555780951657,2155286.13740696,0.0
113280,0.0,0.0,0.996555780951657,2155448.2431670483,0.0
113340,0.0,0.0,0.996555780951657,2151671.403468093,0.0
113400,0.0,0.0,0.996555780951657,2152393.327432803,0.0
113460,0.0,0.0,0.996555780951657,2157349.7546998397,0.0
113520,0.0,0.0,0.996555780951657,2155233.679888219,0.0
113580,0.0,0.0,0.996555780951657,2156196.910544697,0.0
113640,0.0,0.0,0.996555780951657,2148650.2265854217,0.0
113700,0.0,0.0,0.996555780951657,2151927.789693544,0.0
113760,0.0,0.0,0.996555780951657,2153670.4782777713,0.0
113820,0.0,0.0,0.996555780951657,2155643.7638866473,0.0
113880,0.0,0.0,0.996555780951657,2155860.0698925448,0.0
113940,0.0,0.0,0.996555780951657,2150945.4629168413,0.0
114000,0.0,0.0,0.996555780951657,2152800.1790491934,0.0
114060,0.0,0.0,0.996555780951657,2153662.985372204,0.0
114120,0.0,0.0,0.996555780951657,2154779.0881913425,0.0
114180,0.0,0.0,0.996555780951657,2157624.9321256992,0.0
114240,0.0,0.0,0.996555780951657,2153792.1432436495,0.0
114300,0.0,0.0,0.996555780951657,2152522.0364428204,0.0
114360,0.0,0.0,0.996555780951657,2152632.352884861,0.0
114420,0.0,0.0,0.996555780951657,2154513.582919423,0.0
114480,0.0,0.0,0.996555780951657,2155682.7844593506,0.0
114540,0.0,0.0,0.996555780951657,2155541.726195672,0.0
114600,0.0,0.0,0.996555780951657,2150317.576814547,0.0
114660,0.0,0.0,0.996555780951657,2152384.807696766,0.0
114720,0.0,0.0,0.996555780951657,2154886.1291564107,0.0
114780,0.0,0.0,0.996555780951657,2156239.7005260605,0.0
114840,0.0,0.0,0.996555780951657,2155441.5473461025,0.0
114900,0.0,0.0,0.996555780951657,2153029.112302481,0.0
114960,0.0,0.0,0.996555780951657,2150391.0639355932,0.0
115020,0.0,0.0,0.996555780951657,2153172.5329282973,0.0
115080,0.0,0.0,0.996555780951657,2157236.7531388123,0.0
115140,0.0,0.0,0.996555780951657,2155112.6019574236,0.0
115200,0.0,0.0,0.996555780951657,2155626.593421892,0.0
115260,0.0,0.0,0.996555780951657,2151662.562373034,0.0
115320,0.0,0.0,0.996555780951657,2152497.418820823,0.0
115380,0.0,0.0,0.996555780951657,2155142.135075084,0.0
115440,0.0,0.0,0.996555780951657,2155908.46711751,0.0
115500,0.0,0.0,0.996555780951657,2153270.4870893382,0.0
115560,0.0,0.0,0.996555780951657,2153708.5815697964,0.0
115620,0.0,0.0,0.996555780951657,2151307.353826672,0.0
115680,0.0,0.0,0.996555780951657,2153838.900767939,0.0
115740,0.0,0.0,0.996555780951657,2157429.36523361,0.0
115800,0.0,0.0,0.996555780951657,2154949.0881728316,0.0
115860,0.0,0.0,0.996555780951657,2154137.305389995,0.0
115920,0.0,0.0,0.996555780951657,2150214.231160814,0.0
115980,0.0,0.0,0.996555780951657,2153305.925477478,0.0
116040,0.0,0.0,0.996555780951657,2155916.9876125627,0.0
116100,0.0,0.0,0.996555780951657,2155465.007590708,0.0
116160,0.0,0.0,0.996555780951657,2153899.6878977087,0.0
116220,0.0,0.0,0.996555780951657,2152401.50082085,0.0
116280,0.0,0.0,0.996555780951657,2152738.0733100995,0.0
116340,0.0,0.0,0.996555780951657,2154439.2749640313,0.0
116400,0.0,0.0,0.996555780951657,2155482.909943727,0.0
116460,0.0,0.0,0.996555780951657,2155537.4411811046,0.0
116520,0.0,0.0,0.996555780951657,2149911.322202522,0.0
116580,0.0,0.0,0.996555780951657,2152540.9990493795,0.0
116640,0.0,0.0,0.996555780951657,2155164.310125356,0.0
116700,0.0,0.0,0.996555780951657,2155208.6401945176,0.0
116760,0.0,0.0,0.996555780951657,2156974.2255238425,0.0
116820,0.0,0.0,0.996555780951657,2152891.747188667,0.0
116880,0.0,0.0,0.996555780951657,2151987.364077719,0.0
116940,0.0,0.0,0.996555780951657,2153694.0708237807,0.0
117000,0.0,0.0,0.996555780951657,2155286.143055121,0.0
117060,0.0,0.0,0.996555780951657,2155143.509064288,0.0
117120,0.0,0.0,0.996555780951657,2154872.92578027,0.0
117180,0.0,0.0,0.996555780951657,2150068.3892649966,0.0
117240,0.0,0.0,0.996555780951657,2153069.2751885625,0.0
117300,0.0,0.0,0.996555780951657,2154425.3113061157,0.0
117360,0.0,0.0,0.996555780951657,2158288.4346010657,0.0
117420,0.0,0.0,0.996555780951657,2152440.4804132385,0.0
117480,0.0,0.0,0.996555780951657,2153833.8270636196,0.0
117540,0.0,0.0,0.996555780951657,2151377.7834031023,0.0
117600,0.0,0.0,0.996555780951657,2153827.045407773,0.0
117660,0.0,0.0,0.996555780951657,2157647.8433844694,0.0
117720,0.0,0.0,0.996555780951657,2154811.5878716693,0.0
117780,0.0,0.0,0.996555780951657,2154213.842081771,0.0
117840,0.0,0.0,0.996555780951657,2151546.1320067896,0.0
117900,0.0,0.0,0.996555780951657,2153231.3673025304,0.0
117960,0.0,0.0,0.996555780951657,2155680.430705023,0.0
118020,0.0,0.0,0.996555780951657,2156006.2767770686,0.0
118080,0.0,0.0,0.996555780951657,2152000.3949792283,0.0
118140,0.0,0.0,0.996555780951657,2152903.8984210556,0.0
118200,0.0,0.0,0.996555780951657,2152727.5646961434,0.0
118260,0.0,0.0,0.996555780951657,2154552.1612828434,0.0
118320,0.0,0.0,0.996555780951657,2157549.0119158807,0.0
118380,0.0,0.0,0.996555780951657,2151936.2582161264,0.0
118440,0.0,0.0,0.996555780951657,2153173.844142609,0.0
118500,0.0,0.0,0.996555780951657,2151673.175989211,0.0
118560,0.0,0.0,0.996555780951657,2156360.9054404343,0.0
118620,0.0,0.0,0.996555780951657,2155137.1545331227,0.0
118680,0.0,0.0,0.996555780951657,2157137.5868400102,0.0
118740,0.0,0.0,0.996555780951657,2152822.958482922,0.0
118800,0.0,0.0,0.996555780951657,2152175.124290841,0.0
118860,0.0,0.0,0.996555780951657,2153787.050624849,0.0
118920,0.0,0.0,0.996555780951657,2155230.564617784,0.0
118980,0.0,0.0,0.996555780951657,2154837.9406375927,0.0
119040,0.0,0.0,0.996555780951657,2154905.6231991407,0.0
119100,0.0,0.0,0.996555780951657,2149923.1853054725,0.0
119160,0.0,0.0,0.996555780951657,2152862.609606376,0.0
119220,0.0,0.0,0.996555780951657,2156377.6442988305,0.0
119280,0.0,0.0,0.996555780951657,2155343.1666632188,0.0
119340,0.0,0.0,0.996555780951657,2155963.554013999,0.0
119400,0.0,0.0,0.996555780951657,2152009.494232729,0.0
119460,0.0,0.0,0.996555780951657,2152152.0406890754,0.0
119520,0.0,0.0,0.996555780951657,2154692.916956788,0.0
119580,0.0,0.0,0.996555780951657,2155824.988032897,0.0
119640,0.0,0.0,0.996555780951657,2155374.6689403187,0.0
119700,0.0,0.0,0.996555780951657,2151571.0380517775,0.0
119760,0.0,0.0,0.996555780951657,2152440.1151703447,0.0
119820,0.0,0.0,0.996555780951657,2155127.940343542,0.0
119880,0.0,0.0,0.996555780951657,2155379.113484204,0.0
119940,0.0,0.0,0.996555780951657,2156079.0676020575,0.0
120000,0.0,0.0,0.996555780951657,2151369.4366904753,0.0
120060,0.0,0.0,0.996555780951657,2153126.9551896662,0.0
120120,0.0,0.0,0.996555780951657,2152855.2037715027,0.0
120180,0.0,0.0,0.996555780951657,2154502.6118966257,0.0
120240,0.0,0.0,0.996555780951657,2157758.446388949,0.0
120300,0.0,0.0,0.996555780951657,2154181.049118862,0.0
120360,0.0,0.0,0.996555780951657,2152999.3606394823,0.0
120420,0.0,0.0,0.996555780951657,2152171.5185681414,0.0
120480,0.0,0.0,0.996555780951657,2154095.7611769093,0.0
120540,0.0,0.0,0.996555780951657,2155795.8827346554,0.0
120600,0.0,0.0,0.996555780951657,2155770.2166606043,0.0
120660,0.0,0.0,0.996555780951657,2150813.874132772,0.0
120720,0.0,0.0,0.996555780951657,2152395.8665404674,0.0
120780,0.0,0.0,0.996555780951657,2154195.603476884,0.0
120840,0.0,0.0,0.996555780951657,2156296.439194804,0.0
120900,0.0,0.0,0.996555780951657,2155545.452882253,0.0
120960,0.0,0.0,0.996555780951657,2153804.9347306876,0.0
121020,0.0,0.0,0.996555780951657,2149784.626678951,0.0
121080,0.0,0.0,0.996555780951657,2152917.2049564812,0.0
121140,0.0,0.0,0.996555780951657,2156779.934396063,0.0
121200,0.0,0.0,0.996555780951657,2155169.4946988733,0.0
121260,0.0,0.0,0.996555780951657,2156195.6892766817,0.0
121320,0.0,0.0,0.996555780951657,2152008.6709713745,0.0
121380,0.0,0.0,0.996555780951657,2152254.7854928137,0.0
121440,0.0,0.0,0.996555780951657,2154765.415240215,0.0
121500,0.0,0.0,0.996555780951657,2155758.152743418,0.0
121560,0.0,0.0,0.996555780951657,2153854.007850164,0.0
121620,0.0,0.0,0.996555780951657,2154103.0498541202,0.0
121680,0.0,0.0,0.996555780951657,2150735.6317392834,0.0
121740,0.0,0.0,0.996555780951657,2153494.043081706,0.0
121800,0.0,0.0,0.996555780951657,2157187.91587324,0.0
121860,0.0,0.0,0.996555780951657,2155157.198667532,0.0
121920,0.0,0.0,0.996555780951657,2154739.524930278,0.0
121980,0.0,0.0,0.996555780951657,2151435.664060412,0.0
122040,0.0,0.0,0.996555780951657,2152765.3993502315,0.0
122100,0.0,0.0,0.996555780951657,2157730.7606066475,0.0
122160,0.0,0.0,0.996555780951657,2155155.1788257794,0.0
122220,0.0,0.0,0.996555780951657,2155784.269036978,0.0
122280,0.0,0.0,0.996555780951657,2148760.588086685,0.0
122340,0.0,0.0,0.996555780951657,2152281.2843725444,0.0
122400,0.0,0.0,0.996555780951657,2154140.1680009663,0.0
122460,0.0,0.0,0.996555780951657,2155605.0816143285,0.0
122520,0.0,0.0,0.996555780951657,2155731.6172753153,0.0
122580,0.0,0.0,0.996555780951657,2150397.285632366,0.0
122640,0.0,0.0,0.996555780951657,2152571.759884767,0.0
122700,0.0,0.0,0.996555780951657,2154433.6479322384,0.0
122760,0.0,0.0,0.996555780951657,2155028.401306841,0.0
122820,0.0,0.0,0.996555780951657,2157349.6384492563,0.0
122880,0.0,0.0,0.996555780951657,2153358.0740597066,0.0
122940,0.0,0.0,0.996555780951657,2152155.56023659,0.0
123000,0.0,0.0,0.996555780951657,2153147.125384329,0.0
123060,0.0,0.0,0.996555780951657,2154920.1808119733,0.0
123120,0.0,0.0,0.996555780951657,2155475.1224158797,0.0
123180,0.0,0.0,0.996555780951657,2155239.438194832,0.0
123240,0.0,0.0,0.996555780951657,2150069.027669574,0.0
123300,0.0,0.0,0.996555780951657,2152374.4144095895,0.0
123360,0.0,0.0,0.996555780951657,2154059.1103709526,0.0
123420,0.0,0.0,0.996555780951657,2158481.628121232,0.0
123480,0.0,0.0,0.996555780951657,2153078.908469122,0.0
123540,0.0,0.0,0.996555780951657,2154249.18416024,0.0
123600,0.0,0.0,0.996555780951657,2150675.660627712,0.0
123660,0.0,0.0,0.996555780951657,2153501.1357885962,0.0
123720,0.0,0.0,0.996555780951657,2157401.4574111328,0.0
123780,0.0,0.0,0.996555780951657,2155020.07220736,0.0
123840,0.0,0.0,0.996555780951657,2154859.7834572606,0.0
123900,0.0,0.0,0.996555780951657,2151475.1453421456,0.0
123960,0.0,0.0,0.996555780951657,2152845.0337751596,0.0
124020,0.0,0.0,0.996555780951657,2155469.8038239675,0.0
124080,0.0,0.0,0.996555780951657,2156005.9095480996,0.0
124140,0.0,0.0,0.996555780951657,2152644.145587462,0.0
124200,0.0,0.0,0.996555780951657,2153267.559574886,0.0
124260,0.0,0.0,0.996555780951657,2152009.0951502556,0.0
124320,0.0,0.0,0.996555780951657,2154216.1370492387,0.0
124380,0.0,0.0,0.996555780951657,2157540.915520737,0.0
124440,0.0,0.0,0.996555780951657,2152736.4506948544,0.0
124500,0.0,0.0,0.996555780951657,2153559.562780139,0.0
124560,0.0,0.0,0.996555780951657,2151324.181687274,0.0
124620,0.0,0.0,0.996555780951657,2155757.173956697,0.0
124680,0.0,0.0,0.996555780951657,2154973.2045029243,0.0
124740,0.0,0.0,0.996555780951657,2157539.4962980943,0.0
124800,0.0,0.0,0.996555780951657,2153243.215488605,0.0
124860,0.0,0.0,0.996555780951657,2152344.198927647,0.0
124920,0.0,0.0,0.996555780951657,2153282.5143254194,0.0
124980,0.0,0.0,0.996555780951657,2154902.8022986935,0.0
125040,0.0,0.0,0.996555780951657,2155205.6534834206,0.0
125100,0.0,0.0,0.996555780951657,2155226.4779579695,0.0
125160,0.0,0.0,0.996555780951657,2149815.1645653304,0.0
125220,0.0,0.0,0.996555780951657,2152647.9296258315,0.0
125280,0.0,0.0,0.996555780951657,2155834.690314573,0.0
125340,0.0,0.0,0.996555780951657,2155328.005003219,0.0
125400,0.0,0.0,0.996555780951657,2156467.5201052087,0.0
125460,0.0,0.0,0.996555780951657,2152416.3798023574,0.0
125520,0.0,0.0,0.996555780951657,2151994.650344692,0.0
125580,0.0,0.0,0.996555780951657,2154233.233399068,0.0
125640,0.0,0.0,0.996555780951657,2155606.9598307335,0.0
125700,0.0,0.0,0.996555780951657,2156125.555229333,0.0
125760,0.0,0.0,0.996555780951657,2152081.2124290876,0.0
125820,0.0,0.0,0.996555780951657,2152642.1266025486,0.0
125880,0.0,0.0,0.996555780951657,2154270.9355905554,0.0
125940,0.0,0.0,0.996555780951657,2155238.4276410006,0.0
126000,0.0,0.0,0.996555780951657,2156077.7677285755,0.0
126060,0.0,0.0,0.996555780951657,2152018.177117238,0.0
126120,0.0,0.0,0.996555780951657,2153451.391990624,0.0
126180,0.0,0.0,0.996555780951657,2152134.043147873,0.0
126240,0.0,0.0,0.996555780951657,2154209.2980993832,0.0
126300,0.0,0.0,0.996555780951657,2157765.628209025,0.0
126360,0.0,0.0,0.996555780951657,2154508.26587547,0.0
126420,0.0,0.0,0.996555780951657,2153523.095115532,0.0
126480,0.0,0.0,0.996555780951657,2151811.81395594,0.0
126540,0.0,0.0,0.996555780951657,2153691.88432662,0.0
126600,0.0,0.0,0.996555780951657,2155804.965062383,0.0
126660,0.0,0.0,0.996555780951657,2155922.3926550373,0.0
126720,0.0,0.0,0.996555780951657,2151372.9950011456,0.0
126780,0.0,0.0,0.996555780951657,2152554.1446672785,0.0
126840,0.0,0.0,0.996555780951657,2153506.3584215147,0.0
126900,0.0,0.0,0.996555780951657,2156224.1089869332,0.0
126960,0.0,0.0,0.996555780951657,2155582.4672969515,0.0
127020,0.0,0.0,0.996555780951657,2154571.9876466873,0.0
127080,0.0,0.0,0.996555780951657,2149393.5188914817,0.0
127140,0.0,0.0,0.996555780951657,2152734.282337887,0.0
127200,0.0,0.0,0.996555780951657,2156242.93874892,0.0
127260,0.0,0.0,0.996555780951657,2155162.5132111725,0.0
127320,0.0,0.0,0.996555780951657,2156680.439682808,0.0
127380,0.0,0.0,0.996555780951657,2152384.0553184412,0.0
127440,0.0,0.0,0.996555780951657,2152111.1408227347,0.0
127500,0.0,0.0,0.996555780951657,2154345.422549346,0.0
127560,0.0,0.0,0.996555780951657,2155556.5637322236,0.0
127620,0.0,0.0,0.996555780951657,2154368.9556197496,0.0
127680,0.0,0.0,0.996555780951657,2154471.6563921957,0.0
127740,0.0,0.0,0.996555780951657,2150296.232329072,0.0
127800,0.0,0.0,0.996555780951657,2153178.411683512,0.0
127860,0.0,0.0,0.996555780951657,2156852.3624371435,0.0
127920,0.0,0.0,0.996555780951657,2155294.100030756,0.0
127980,0.0,0.0,0.996555780951657,2155304.491361889,0.0
128040,0.0,0.0,0.996555780951657,2151608.2659545764,0.0
128100,0.0,0.0,0.996555780951657,2152436.504089601,0.0
128160,0.0,0.0,0.996555780951657,2157334.1391343824,0.0
128220,0.0,0.0,0.996555780951657,2155258.5057851938,0.0
128280,0.0,0.0,0.996555780951657,2156122.220294135,0.0
128340,0.0,0.0,0.996555780951657,2148742.9953286652,0.0
128400,0.0,0.0,0.996555780951657,2151959.193359834,0.0
128460,0.0,0.0,0.996555780951657,2153742.2706361557,0.0
128520,0.0,0.0,0.996555780951657,2155668.3117478536,0.0
128580,0.0,0.0,0.996555780951657,2155854.3412783,0.0
128640,0.0,0.0,0.996555780951657,2150936.726117226,0.0
128700,0.0,0.0,0.996555780951657,2152731.307110948,0.0
128760,0.0,0.0,0.996555780951657,2153738.9686777047,0.0
128820,0.0,0.0,0.996555780951657,2154826.6288778633,0.0
128880,0.0,0.0,0.996555780951657,2157567.679476329,0.0
128940,0.0,0.0,0.996555780951657,2153754.145938828,0.0
129000,0.0,0.0,0.996555780951657,2152453.540968384,0.0
129060,0.0,0.0,0.996555780951657,2152674.0487486855,0.0
129120,0.0,0.0,0.996555780951657,2154565.3157721283,0.0
129180,0.0,0.0,0.996555780951657,2155689.2802195544,0.0
129240,0.0,0.0,0.996555780951657,2155512.292219087,0.0
129300,0.0,0.0,0.996555780951657,2150325.9941846994,0.0
129360,0.0,0.0,0.996555780951657,2151783.3818702586,0.0
129420,0.0,0.0,0.996555780951657,2153730.5480212644,0.0
129480,0.0,0.0,0.996555780951657,2158492.423482584,0.0
129540,0.0,0.0,0.996555780951657,2153636.4300037944,0.0
129600,0.0,0.0,0.996555780951657,2154601.308685695,0.0
129660,0.0,0.0,0.996555780951657,2150147.2748396825,0.0
129720,0.0,0.0,0.996555780951657,2153227.2006123653,0.0
129780,0.0,0.0,0.996555780951657,2157065.744276338,0.0
129840,0.0,0.0,0.996555780951657,2155152.8233438493,0.0
129900,0.0,0.0,0.996555780951657,2155422.263917407,0.0
129960,0.0,0.0,0.996555780951657,2151599.33116361,0.0
130020,0.0,0.0,0.996555780951657,2152538.5487529063,0.0
130080,0.0,0.0,0.996555780951657,2155197.924864108,0.0
130140,0.0,0.0,0.996555780951657,2155943.6066410756,0.0
130200,0.0,0.0,0.996555780951657,2153238.086858366,0.0
130260,0.0,0.0,0.996555780951657,2153619.346987894,0.0
130320,0.0,0.0,0.996555780951657,2151396.7979270583,0.0
130380,0.0,0.0,0.996555780951657,2153893.4312436385,0.0
130440,0.0,0.0,0.996555780951657,2157420.4621392568,0.0
130500,0.0,0.0,0.996555780951657,2154934.23623177,0.0
130560,0.0,0.0,0.996555780951657,2154032.590998559,0.0
130620,0.0,0.0,0.996555780951657,2150310.5564277647,0.0
130680,0.0,0.0,0.996555780951657,2153349.8458692837,0.0
130740,0.0,0.0,0.996555780951657,2155962.5566868056,0.0
130800,0.0,0.0,0.996555780951657,2155435.534405268,0.0
130860,0.0,0.0,0.996555780951657,2153863.4320729687,0.0
130920,0.0,0.0,0.996555780951657,2152334.284691579,0.0
130980,0.0,0.0,0.996555780951657,2152779.2290451787,0.0
131040,0.0,0.0,0.996555780951657,2154488.8921952615,0.0
131100,0.0,0.0,0.996555780951657,2155491.4213616936,0.0
131160,0.0,0.0,0.996555780951657,2155511.678836567,0.0
131220,0.0,0.0,0.996555780951657,2149935.4130531913,0.0
131280,0.0,0.0,0.996555780951657,2152525.513031392,0.0
131340,0.0,0.0,0.996555780951657,2155196.2555591892,0.0
131400,0.0,0.0,0.996555780951657,2155235.8536526747,0.0
131460,0.0,0.0,0.996555780951657,2156917.69007184,0.0
131520,0.0,0.0,0.996555780951657,2152861.9003366116,0.0
131580,0.0,0.0,0.996555780951657,2151967.2355707865,0.0
131640,0.0,0.0,0.996555780951657,2153721.684496832,0.0
131700,0.0,0.0,0.996555780951657,2155317.1426144787,0.0
131760,0.0,0.0,0.996555780951657,2156813.5334573803,0.0
131820,0.0,0.0,0.996555780951657,2152613.0697813556,0.0
131880,0.0,0.0,0.996555780951657,2152973.480064735,0.0
131940,0.0,0.0,0.996555780951657,2153345.8257089695,0.0
132000,0.0,0.0,0.996555780951657,2154998.4038042366,0.0
132060,0.0,0.0,0.996555780951657,2156002.2926776963,0.0
132120,0.0,0.0,0.996555780951657,2152676.3874196135,0.0
132180,0.0,0.0,0.996555780951657,2153815.7504461696,0.0
132240,0.0,0.0,0.996555780951657,2151432.8350748005,0.0
132300,0.0,0.0,0.996555780951657,2153888.0030279015,0.0
132360,0.0,0.0,0.996555780951657,2157663.3929736493,0.0
132420,0.0,0.0,0.996555780951657,2154787.998971595,0.0
132480,0.0,0.0,0.996555780951657,2154113.7175709875,0.0
132540,0.0,0.0,0.996555780951657,2151559.8422142677,0.0
132600,0.0,0.0,0.996555780951657,2153283.777004145,0.0
132660,0.0,0.0,0.996555780951657,2155710.3403287847,0.0
132720,0.0,0.0,0.996555780951657,2156008.8820364587,0.0
132780,0.0,0.0,0.996555780951657,2151984.2524861908,0.0
132840,0.0,0.0,0.996555780951657,2152835.4014629293,0.0
132900,0.0,0.0,0.996555780951657,2152795.269180421,0.0
132960,0.0,0.0,0.996555780951657,2154597.869409284,0.0
133020,0.0,0.0,0.996555780951657,2157514.852479504,0.0
133080,0.0,0.0,0.996555780951657,2151959.3040435663,0.0
133140,0.0,0.0,0.996555780951657,2153116.6358224475,0.0
133200,0.0,0.0,0.996555780951657,2151709.6927960035,0.0
133260,0.0,0.0,0.996555780951657,2156352.9911434,0.0
133320,0.0,0.0,0.996555780951657,2155168.180115444,0.0
133380,0.0,0.0,0.996555780951657,2157063.4801370595,0.0
133440,0.0,0.0,0.996555780951657,2152789.7497971035,0.0
133500,0.0,0.0,0.996555780951657,2152149.1820830205,0.0
133560,0.0,0.0,0.996555780951657,2153818.391590025,0.0
133620,0.0,0.0,0.996555780951657,2155265.179789617,0.0
133680,0.0,0.0,0.996555780951657,2154843.8534719152,0.0
133740,0.0,0.0,0.996555780951657,2154871.765734912,0.0
133800,0.0,0.0,0.996555780951657,2149957.9499379075,0.0
133860,0.0,0.0,0.996555780951657,2152869.310978517,0.0
133920,0.0,0.0,0.996555780951657,2156383.347582509,0.0
133980,0.0,0.0,0.996555780951657,2155357.7127741924,0.0
134040,0.0,0.0,0.996555780951657,2155914.33316885,0.0
134100,0.0,0.0,0.996555780951657,2151988.740028842,0.0
134160,0.0,0.0,0.996555780951657,2152153.0934314495,0.0
134220,0.0,0.0,0.996555780951657,2156780.2647024095,0.0
134280,0.0,0.0,0.996555780951657,2155270.1597464248,0.0
134340,0.0,0.0,0.996555780951657,2156434.562649302,0.0
134400,0.0,0.0,0.996555780951657,2149020.6381935338,0.0
134460,0.0,0.0,0.996555780951657,2151728.595606342,0.0
134520,0.0,0.0,0.996555780951657,2153304.27108027,0.0
134580,0.0,0.0,0.996555780951657,2155616.7069158945,0.0
134640,0.0,0.0,0.996555780951657,2155917.9972874676,0.0
134700,0.0,0.0,0.996555780951657,2151562.993410864,0.0
134760,0.0,0.0,0.996555780951657,2153023.874463691,0.0
134820,0.0,0.0,0.996555780951657,2152966.2401264184,0.0
134880,0.0,0.0,0.996555780951657,2154550.245443094,0.0
134940,0.0,0.0,0.996555780951657,2157710.912341428,0.0
135000,0.0,0.0,0.996555780951657,2154152.1226775693,0.0
135060,0.0,0.0,0.996555780951657,2152912.5783617347,0.0
135120,0.0,0.0,0.996555780951657,2152206.798583011,0.0
135180,0.0,0.0,0.996555780951657,2154147.478082493,0.0
135240,0.0,0.0,0.996555780951657,2155808.687003834,0.0
135300,0.0,0.0,0.996555780951657,2155751.089687996,0.0
135360,0.0,0.0,0.996555780951657,2150843.206231225,0.0
135420,0.0,0.0,0.996555780951657,2151224.986919595,0.0
135480,0.0,0.0,0.996555780951657,2153380.987216443,0.0
135540,0.0,0.0,0.996555780951657,2158382.357743759,0.0
135600,0.0,0.0,0.996555780951657,2154148.9859277457,0.0
135660,0.0,0.0,0.996555780951657,2154966.432555203,0.0
135720,0.0,0.0,0.996555780951657,2149711.55896188,0.0
135780,0.0,0.0,0.996555780951657,2152972.3263627766,0.0
135840,0.0,0.0,0.996555780951657,2156615.7393658897,0.0
135900,0.0,0.0,0.996555780951657,2155221.2234625383,0.0
135960,0.0,0.0,0.996555780951657,2156005.766414483,0.0
136020,0.0,0.0,0.996555780951657,2151928.6430428936,0.0
136080,0.0,0.0,0.996555780951657,2152279.619268724,0.0
136140,0.0,0.0,0.996555780951657,2154829.151758123,0.0
136200,0.0,0.0,0.996555780951657,2155806.122356353,0.0
136260,0.0,0.0,0.996555780951657,2153823.979422779,0.0
136320,0.0,0.0,0.996555780951657,2154016.368663893,0.0
136380,0.0,0.0,0.996555780951657,2150820.680111643,0.0
136440,0.0,0.0,0.996555780951657,2153543.3435991625,0.0
136500,0.0,0.0,0.996555780951657,2157194.3797071376,0.0
136560,0.0,0.0,0.996555780951657,2155153.202577819,0.0
136620,0.0,0.0,0.996555780951657,2154632.2123349803,0.0
136680,0.0,0.0,0.996555780951657,2149616.438029813,0.0
136740,0.0,0.0,0.996555780951657,2152987.990619669,0.0
136800,0.0,0.0,0.996555780951657,2155565.6446296247,0.0
136860,0.0,0.0,0.996555780951657,2156093.6445414363,0.0
136920,0.0,0.0,0.996555780951657,2154216.933119417,0.0
136980,0.0,0.0,0.996555780951657,2152757.355421656,0.0
137040,0.0,0.0,0.996555780951657,2152322.3137752283,0.0
137100,0.0,0.0,0.996555780951657,2154115.6424250477,0.0
137160,0.0,0.0,0.996555780951657,2155652.841866246,0.0
137220,0.0,0.0,0.996555780951657,2155721.2604712164,0.0
137280,0.0,0.0,0.996555780951657,2150334.435022461,0.0
137340,0.0,0.0,0.996555780951657,2152521.480646172,0.0
137400,0.0,0.0,0.996555780951657,2154531.0725532616,0.0
137460,0.0,0.0,0.996555780951657,2155088.3616597774,0.0
137520,0.0,0.0,0.996555780951657,2157254.253725675,0.0
137580,0.0,0.0,0.996555780951657,2153288.5879182746,0.0
137640,0.0,0.0,0.996555780951657,2152088.8907595905,0.0
137700,0.0,0.0,0.996555780951657,2153220.68110888,0.0
137760,0.0,0.0,0.996555780951657,2154993.7278364333,0.0
137820,0.0,0.0,0.996555780951657,2157363.3248209935,0.0
137880,0.0,0.0,0.996555780951657,2153114.901142579,0.0
137940,0.0,0.0,0.996555780951657,2153356.3073483254,0.0
138000,0.0,0.0,0.996555780951657,2152437.4770006477,0.0
138060,0.0,0.0,0.996555780951657,2154694.372714931,0.0
138120,0.0,0.0,0.996555780951657,2155866.7464395342,0.0
138180,0.0,0.0,0.996555780951657,2153292.299286219,0.0
138240,0.0,0.0,0.996555780951657,2154166.5989893493,0.0
138300,0.0,0.0,0.996555780951657,2150828.4727923395,0.0
138360,0.0,0.0,0.996555780951657,2153578.63461562,0.0
138420,0.0,0.0,0.996555780951657,2157452.5389209986,0.0
138480,0.0,0.0,0.996555780951657,2155000.2437739996,0.0
138540,0.0,0.0,0.996555780951657,2154695.5728514786,0.0
138600,0.0,0.0,0.996555780951657,2151463.8312249193,0.0
138660,0.0,0.0,0.996555780951657,2152915.0461391746,0.0
138720,0.0,0.0,0.996555780951657,2155527.875587852,0.0
138780,0.0,0.0,0.996555780951657,2156025.625637365,0.0
138840,0.0,0.0,0.996555780951657,2152595.6548257796,0.0
138900,0.0,0.0,0.996555780951657,2153159.091460757,0.0
138960,0.0,0.0,0.996555780951657,2152125.784933753,0.0
139020,0.0,0.0,0.996555780951657,2154288.632249609,0.0
139080,0.0,0.0,0.996555780951657,2157513.6186907343,0.0
139140,0.0,0.0,0.996555780951657,2152727.5508536627,0.0
139200,0.0,0.0,0.996555780951657,2153473.5927785663,0.0
139260,0.0,0.0,0.996555780951657,2151370.3982455,0.0
139320,0.0,0.0,0.996555780951657,2155783.3225058326,0.0
139380,0.0,0.0,0.996555780951657,2155025.6218722784,0.0
139440,0.0,0.0,0.996555780951657,2157438.720498756,0.0
139500,0.0,0.0,0.996555780951657,2153188.2756587025,0.0
139560,0.0,0.0,0.996555780951657,2152281.3846300673,0.0
139620,0.0,0.0,0.996555780951657,2153341.119361998,0.0
139680,0.0,0.0,0.996555780951657,2154963.423343795,0.0
139740,0.0,0.0,0.996555780951657,2155203.1797895767,0.0
139800,0.0,0.0,0.996555780951657,2155179.5697314097,0.0
139860,0.0,0.0,0.996555780951657,2149854.5575992307,0.0
139920,0.0,0.0,0.996555780951657,2152652.538735421,0.0
139980,0.0,0.0,0.996555780951657,2155871.7536490033,0.0
140040,0.0,0.0,0.996555780951657,2155353.3974290704,0.0
140100,0.0,0.0,0.996555780951657,2156389.180130565,0.0
140160,0.0,0.0,0.996555780951657,2152373.199894879,0.0
140220,0.0,0.0,0.996555780951657,2151990.2443745853,0.0
140280,0.0,0.0,0.996555780951657,2156134.248183285,0.0
140340,0.0,0.0,0.996555780951657,2155213.717282491,0.0
140400,0.0,0.0,0.996555780951657,2156634.1594401016,0.0
140460,0.0,0.0,0.996555780951657,2149616.8594937013,0.0
140520,0.0,0.0,0.996555780951657,2151664.2553577563,0.0
140580,0.0,0.0,0.996555780951657,2152935.4942702344,0.0
140640,0.0,0.0,0.996555780951657,2155480.8598470762,0.0
140700,0.0,0.0,0.996555780951657,2155916.1062995917,0.0
140760,0.0,0.0,0.996555780951657,2152176.6928426255,0.0
140820,0.0,0.0,0.996555780951657,2153325.5721772257,0.0
140880,0.0,0.0,0.996555780951657,2152271.2066871473,0.0
140940,0.0,0.0,0.996555780951657,2154272.7565396647,0.0
141000,0.0,0.0,0.996555780951657,2157724.8963084267,0.0
141060,0.0,0.0,0.996555780951657,2154476.777886064,0.0
141120,0.0,0.0,0.996555780951657,2153399.980807946,0.0
141180,0.0,0.0,0.996555780951657,2151848.639225924,0.0
141240,0.0,0.0,0.996555780951657,2153758.482697771,0.0
141300,0.0,0.0,0.996555780951657,2155827.6538555264,0.0
141360,0.0,0.0,0.996555780951657,2155908.9184996258,0.0
141420,0.0,0.0,0.996555780951657,2151353.082307633,0.0
141480,0.0,0.0,0.996555780951657,2152489.426829096,0.0
141540,0.0,0.0,0.996555780951657,2153580.9293836905,0.0
141600,0.0,0.0,0.996555780951657,2156238.957038632,0.0
141660,0.0,0.0,0.996555780951657,2155598.167322527,0.0
141720,0.0,0.0,0.996555780951657,2154471.0764665892,0.0
141780,0.0,0.0,0.996555780951657,2149465.8131811013,0.0
141840,0.0,0.0,0.996555780951657,2152734.479524169,0.0
141900,0.0,0.0,0.996555780951657,2156271.4664905444,0.0
141960,0.0,0.0,0.996555780951657,2155187.893154831,0.0
142020,0.0,0.0,0.996555780951657,2156597.907200306,0.0
142080,0.0,0.0,0.996555780951657,2152343.6318850024,0.0
142140,0.0,0.0,0.996555780951657,2152104.866243476,0.0
142200,0.0,0.0,0.996555780951657,2154381.922305877,0.0
142260,0.0,0.0,0.996555780951657,2155590.4868750735,0.0
142320,0.0,0.0,0.996555780951657,2154368.214363566,0.0
142380,0.0,0.0,0.996555780951657,2154425.1301146047,0.0
142440,0.0,0.0,0.996555780951657,2150339.0198134505,0.0
142500,0.0,0.0,0.996555780951657,2153197.466264435,0.0
142560,0.0,0.0,0.996555780951657,2156854.8930613035,0.0
142620,0.0,0.0,0.996555780951657,2155303.052532197,0.0
142680,0.0,0.0,0.996555780951657,2155245.6753999614,0.0
142740,0.0,0.0,0.996555780951657,2149067.4103082963,0.0
142800,0.0,0.0,0.996555780951657,2152659.983987887,0.0
142860,0.0,0.0,0.996555780951657,2155095.348190593,0.0
142920,0.0,0.0,0.996555780951657,2156647.4993547387,0.0
142980,0.0,0.0,0.996555780951657,2154535.546854713,0.0
143040,0.0,0.0,0.996555780951657,2153301.63458459,0.0
143100,0.0,0.0,0.996555780951657,2151923.0695370194,0.0
143160,0.0,0.0,0.996555780951657,2153722.463278894,0.0
143220,0.0,0.0,0.996555780951657,2155710.434739342,0.0
143280,0.0,0.0,0.996555780951657,2155873.6109484877,0.0
143340,0.0,0.0,0.996555780951657,2150879.424633678,0.0
143400,0.0,0.0,0.996555780951657,2152667.1179700424,0.0
143460,0.0,0.0,0.996555780951657,2153811.571644964,0.0
143520,0.0,0.0,0.996555780951657,2154877.0607511923,0.0
143580,0.0,0.0,0.996555780951657,2157507.336743157,0.0
143640,0.0,0.0,0.996555780951657,2153711.6770319203,0.0
143700,0.0,0.0,0.996555780951657,2152384.4881587946,0.0
143760,0.0,0.0,0.996555780951657,2152719.8720826306,0.0
143820,0.0,0.0,0.996555780951657,2154620.51543232,0.0
143880,0.0,0.0,0.996555780951657,2155694.2743574562,0.0
143940,0.0,0.0,0.996555780951657,2155479.034029252,0.0
144000,0.0,0.0,0.996555780951657,2150332.8200109974,0.0
144060,0.0,0.0,0.996555780951657,2151829.56889287,0.0
144120,0.0,0.0,0.996555780951657,2153770.1615286474,0.0
144180,0.0,0.0,0.996555780951657,2158432.016115144,0.0
144240,0.0,0.0,0.996555780951657,2153651.1197616737,0.0
144300,0.0,0.0,0.996555780951657,2154547.8930979297,0.0
144360,0.0,0.0,0.996555780951657,2150205.77872448,0.0
144420,0.0,0.0,0.996555780951657,2153245.806860772,0.0
144480,0.0,0.0,0.996555780951657,2157067.7506108615,0.0
144540,0.0,0.0,0.996555780951657,2155162.1364394464,0.0
144600,0.0,0.0,0.996555780951657,2155353.1291305446,0.0
144660,0.0,0.0,0.996555780951657,2151578.7575870487,0.0
144720,0.0,0.0,0.996555780951657,2152551.7013849854,0.0
144780,0.0,0.0,0.996555780951657,2155219.8754675314,0.0
144840,0.0,0.0,0.996555780951657,2155959.620587532,0.0
144900,0.0,0.0,0.996555780951657,2153244.4789141654,0.0
144960,0.0,0.0,0.996555780951657,2153577.75988594,0.0
145020,0.0,0.0,0.996555780951657,2151427.6216175067,0.0
145080,0.0,0.0,0.996555780951657,2153914.1971454723,0.0
145140,0.0,0.0,0.996555780951657,2157406.3369471757,0.0
145200,0.0,0.0,0.996555780951657,2153508.2937147436,0.0
145260,0.0,0.0,0.996555780951657,2153881.7184606614,0.0
145320,0.0,0.0,0.996555780951657,2151120.1095212153,0.0
145380,0.0,0.0,0.996555780951657,2155061.6147183254,0.0
145440,0.0,0.0,0.996555780951657,2154801.983112278,0.0
145500,0.0,0.0,0.996555780951657,2157768.003233317,0.0
145560,0.0,0.0,0.996555780951657,2153612.150203958,0.0
145620,0.0,0.0,0.996555780951657,2152606.88657991,0.0
145680,0.0,0.0,0.996555780951657,2152824.4305464737,0.0
145740,0.0,0.0,0.996555780951657,2154585.865278375,0.0
145800,0.0,0.0,0.996555780951657,2155484.9316221564,0.0
145860,0.0,0.0,0.996555780951657,2155472.5326829418,0.0
145920,0.0,0.0,0.996555780951657,2149966.0434138128,0.0
145980,0.0,0.0,0.996555780951657,2152511.214435304,0.0
146040,0.0,0.0,0.996555780951657,2155246.3525843034,0.0
146100,0.0,0.0,0.996555780951657,2155268.43600421,0.0
146160,0.0,0.0,0.996555780951657,2156845.978772488,0.0
146220,0.0,0.0,0.996555780951657,2152819.078490665,0.0
146280,0.0,0.0,0.996555780951657,2151945.183369256,0.0
146340,0.0,0.0,0.996555780951657,2155351.1374270567,0.0
146400,0.0,0.0,0.996555780951657,2155065.860105613,0.0
146460,0.0,0.0,0.996555780951657,2156771.9696091674,0.0
146520,0.0,0.0,0.996555780951657,2150374.288752732,0.0
146580,0.0,0.0,0.996555780951657,2151797.326046353,0.0
146640,0.0,0.0,0.996555780951657,2152579.1826460785,0.0
146700,0.0,0.0,0.996555780951657,2155234.668376329,0.0
146760,0.0,0.0,0.996555780951657,2155844.2225713558,0.0
146820,0.0,0.0,0.996555780951657,2152816.147509869,0.0
146880,0.0,0.0,0.996555780951657,2153692.597545606,0.0
146940,0.0,0.0,0.996555780951657,2151562.5115448413,0.0
147000,0.0,0.0,0.996555780951657,2153950.144989828,0.0
147060,0.0,0.0,0.996555780951657,2157639.718079306,0.0
147120,0.0,0.0,0.996555780951657,2154768.310928573,0.0
147180,0.0,0.0,0.996555780951657,2153981.565229917,0.0
147240,0.0,0.0,0.996555780951657,2151577.8565170434,0.0
147300,0.0,0.0,0.996555780951657,2153345.130391245,0.0
147360,0.0,0.0,0.996555780951657,2155742.7515125778,0.0
147420,0.0,0.0,0.996555780951657,2156009.1323315394,0.0
147480,0.0,0.0,0.996555780951657,2151959.030506788,0.0
147540,0.0,0.0,0.996555780951657,2152759.51083011,0.0
147600,0.0,0.0,0.996555780951657,2152874.8057552376,0.0
147660,0.0,0.0,0.996555780951657,2156046.1331662904,0.0
147720,0.0,0.0,0.996555780951657,2155579.9372518337,0.0
147780,0.0,0.0,0.996555780951657,2155245.673424797,0.0
147840,0.0,0.0,0.996555780951657,2149299.8173330445,0.0
147900,0.0,0.0,0.996555780951657,2152617.369618777,0.0
147960,0.0,0.0,0.996555780951657,2155655.209494865,0.0
148020,0.0,0.0,0.996555780951657,2155121.7494560787,0.0
148080,0.0,0.0,0.996555780951657,2157033.8243709863,0.0
148140,0.0,0.0,0.996555780951657,2152750.852461434,0.0
148200,0.0,0.0,0.996555780951657,2152058.6807570313,0.0
148260,0.0,0.0,0.996555780951657,2153912.71260076,0.0
148320,0.0,0.0,0.996555780951657,2155333.6719083395,0.0
148380,0.0,0.0,0.996555780951657,2154822.6867852146,0.0
148440,0.0,0.0,0.996555780951657,2154787.968687984,0.0
148500,0.0,0.0,0.996555780951657,2150029.371462488,0.0
148560,0.0,0.0,0.996555780951657,2152903.635256774,0.0
148620,0.0,0.0,0.996555780951657,2156430.4679017086,0.0
148680,0.0,0.0,0.996555780951657,2155377.469805373,0.0
148740,0.0,0.0,0.996555780951657,2155793.0896167667,0.0
148800,0.0,0.0,0.996555780951657,2148767.4654598124,0.0
148860,0.0,0.0,0.996555780951657,2152413.6737756645,0.0
148920,0.0,0.0,0.996555780951657,2154602.6420585266,0.0
148980,0.0,0.0,0.996555780951657,2157048.624570269,0.0
149040,0.0,0.0,0.996555780951657,2154791.2270350787,0.0
149100,0.0,0.0,0.996555780951657,2153881.4018288716,0.0
149160,0.0,0.0,0.996555780951657,2151640.3516009836,0.0
149220,0.0,0.0,0.996555780951657,2153354.617985411,0.0
149280,0.0,0.0,0.996555780951657,2155669.172346773,0.0
149340,0.0,0.0,0.996555780951657,2155956.8982039774,0.0
149400,0.0,0.0,0.996555780951657,2151470.483082532,0.0
149460,0.0,0.0,0.996555780951657,2152913.7912973296,0.0
149520,0.0,0.0,0.996555780951657,2153101.3324455814,0.0
149580,0.0,0.0,0.996555780951657,2154630.1971707013,0.0
149640,0.0,0.0,0.996555780951657,2157646.774518655,0.0
149700,0.0,0.0,0.996555780951657,2154092.233045869,0.0
149760,0.0,0.0,0.996555780951657,2152785.4756796644,0.0
149820,0.0,0.0,0.996555780951657,2152274.21372687,0.0
149880,0.0,0.0,0.996555780951657,2154235.367071328,0.0
149940,0.0,0.0,0.996555780951657,2155821.0281944578,0.0
150000,0.0,0.0,0.996555780951657,2155713.617927797,0.0
150060,0.0,0.0,0.996555780951657,2150810.2863214766,0.0
150120,0.0,0.0,0.996555780951657,2151300.513599915,0.0
150180,0.0,0.0,0.996555780951657,2153437.73132457,0.0
150240,0.0,0.0,0.996555780951657,2158323.2975341943,0.0
150300,0.0,0.0,0.996555780951657,2154150.7144132373,0.0
150360,0.0,0.0,0.996555780951657,2154892.858069572,0.0
150420,0.0,0.0,0.996555780951657,2149796.408953002,0.0
150480,0.0,0.0,0.996555780951657,2152993.9560734336,0.0
150540,0.0,0.0,0.996555780951657,2156648.558088987,0.0
150600,0.0,0.0,0.996555780951657,2155239.2588331476,0.0
150660,0.0,0.0,0.996555780951657,2155897.306863863,0.0
150720,0.0,0.0,0.996555780951657,2151879.1138494415,0.0
150780,0.0,0.0,0.996555780951657,2152294.374088784,0.0
150840,0.0,0.0,0.996555780951657,2154874.847787092,0.0
150900,0.0,0.0,0.996555780951657,2155839.495961638,0.0
150960,0.0,0.0,0.996555780951657,2153810.1678469256,0.0
151020,0.0,0.0,0.996555780951657,2153950.406378591,0.0
151080,0.0,0.0,0.996555780951657,2150881.31186077,0.0
151140,0.0,0.0,0.996555780951657,2153579.2048656535,0.0
151200,0.0,0.0,0.996555780951657,2157193.2484126217,0.0
151260,0.0,0.0,0.996555780951657,2154190.724994609,0.0
151320,0.0,0.0,0.996555780951657,2154225.384341043,0.0
151380,0.0,0.0,0.996555780951657,2151037.401115298,0.0
151440,0.0,0.0,0.996555780951657,2154306.52630682,0.0
151500,0.0,0.0,0.996555780951657,2154568.1725756866,0.0
151560,0.0,0.0,0.996555780951657,2157943.2211784073,0.0
151620,0.0,0.0,0.996555780951657,2153968.783046846,0.0
151680,0.0,0.0,0.996555780951657,2153005.191633378,0.0
151740,0.0,0.0,0.996555780951657,2152386.701840907,0.0
151800,0.0,0.0,0.996555780951657,2154225.7064067065,0.0
151860,0.0,0.0,0.996555780951657,2155656.7832255163,0.0
151920,0.0,0.0,0.996555780951657,2155684.138831877,0.0
151980,0.0,0.0,0.996555780951657,2150337.923019381,0.0
152040,0.0,0.0,0.996555780951657,2152480.408011233,0.0
152100,0.0,0.0,0.996555780951657,2154614.0981102935,0.0
152160,0.0,0.0,0.996555780951657,2155136.674495481,0.0
152220,0.0,0.0,0.996555780951657,2157173.661295927,0.0
152280,0.0,0.0,0.996555780951657,2153232.502471392,0.0
152340,0.0,0.0,0.996555780951657,2152037.449884655,0.0
152400,0.0,0.0,0.996555780951657,2153279.2857557284,0.0
152460,0.0,0.0,0.996555780951657,2155053.2534167347,0.0
152520,0.0,0.0,0.996555780951657,2157276.939796675,0.0
152580,0.0,0.0,0.996555780951657,2153089.3655746942,0.0
152640,0.0,0.0,0.996555780951657,2153268.766493999,0.0
152700,0.0,0.0,0.996555780951657,2152511.6553378874,0.0
152760,0.0,0.0,0.996555780951657,2154741.156139847,0.0
152820,0.0,0.0,0.996555780951657,2155901.541910302,0.0
152880,0.0,0.0,0.996555780951657,2153288.584567235,0.0
152940,0.0,0.0,0.996555780951657,2154104.6616010023,0.0
153000,0.0,0.0,0.996555780951657,2150892.5260490105,0.0
153060,0.0,0.0,0.996555780951657,2153610.2258477323,0.0
153120,0.0,0.0,0.996555780951657,2157444.702928549,0.0
153180,0.0,0.0,0.996555780951657,2155000.4213394932,0.0
153240,0.0,0.0,0.996555780951657,2154618.2231533052,0.0
153300,0.0,0.0,0.996555780951657,2151458.3269095127,0.0
153360,0.0,0.0,0.996555780951657,2152941.1979367984,0.0
153420,0.0,0.0,0.996555780951657,2155550.629224379,0.0
153480,0.0,0.0,0.996555780951657,2156035.2289596777,0.0
153540,0.0,0.0,0.996555780951657,2152596.707198855,0.0
153600,0.0,0.0,0.996555780951657,2153110.950605331,0.0
153660,0.0,0.0,0.996555780951657,2152162.8938733665,0.0
153720,0.0,0.0,0.996555780951657,2155724.823641677,0.0
153780,0.0,0.0,0.996555780951657,2155490.97402709,0.0
153840,0.0,0.0,0.996555780951657,2156015.0706198625,0.0
153900,0.0,0.0,0.996555780951657,2149436.3678935175,0.0
153960,0.0,0.0,0.996555780951657,2152614.194821763,0.0
154020,0.0,0.0,0.996555780951657,2154951.764529672,0.0
154080,0.0,0.0,0.996555780951657,2154988.0636342303,0.0
154140,0.0,0.0,0.996555780951657,2157401.975971495,0.0
154200,0.0,0.0,0.996555780951657,2153175.9226373597,0.0
154260,0.0,0.0,0.996555780951657,2152158.3741259053,0.0
154320,0.0,0.0,0.996555780951657,2153407.8293020176,0.0
154380,0.0,0.0,0.996555780951657,2155017.899797986,0.0
154440,0.0,0.0,0.996555780951657,2155201.2106053056,0.0
154500,0.0,0.0,0.996555780951657,2155128.1771890284,0.0
154560,0.0,0.0,0.996555780951657,2149893.7303060405,0.0
154620,0.0,0.0,0.996555780951657,2152661.038781587,0.0
154680,0.0,0.0,0.996555780951657,2155911.149118815,0.0
154740,0.0,0.0,0.996555780951657,2155378.854854058,0.0
154800,0.0,0.0,0.996555780951657,2156306.1894545276,0.0
154860,0.0,0.0,0.996555780951657,2152326.5348472656,0.0
154920,0.0,0.0,0.996555780951657,2151988.4775875253,0.0
154980,0.0,0.0,0.996555780951657,2156133.0106764073,0.0
155040,0.0,0.0,0.996555780951657,2155245.492058776,0.0
155100,0.0,0.0,0.996555780951657,2156605.36743671,0.0
155160,0.0,0.0,0.996555780951657,2149669.987633505,0.0
155220,0.0,0.0,0.996555780951657,2151653.8203440625,0.0
155280,0.0,0.0,0.996555780951657,2152967.916200148,0.0
155340,0.0,0.0,0.996555780951657,2155507.008618918,0.0
155400,0.0,0.0,0.996555780951657,2155929.656566315,0.0
155460,0.0,0.0,0.996555780951657,2152181.1756439437,0.0
155520,0.0,0.0,0.996555780951657,2153273.2658100645,0.0
155580,0.0,0.0,0.996555780951657,2152314.4350007484,0.0
155640,0.0,0.0,0.996555780951657,2154302.111239934,0.0
155700,0.0,0.0,0.996555780951657,2157699.2599481344,0.0
155760,0.0,0.0,0.996555780951657,2154468.30951638,0.0
155820,0.0,0.0,0.996555780951657,2153347.7085569324,0.0
155880,0.0,0.0,0.996555780951657,2151858.902101233,0.0
155940,0.0,0.0,0.996555780951657,2153784.179110548,0.0
156000,0.0,0.0,0.996555780951657,2155840.5745929964,0.0
156060,0.0,0.0,0.996555780951657,2155904.939843743,0.0
156120,0.0,0.0,0.996555780951657,2151490.8811596227,0.0
156180,0.0,0.0,0.996555780951657,2150838.920656631,0.0
156240,0.0,0.0,0.996555780951657,2153093.2599559748,0.0
156300,0.0,0.0,0.996555780951657,2158082.7748786835,0.0
156360,0.0,0.0,0.996555780951657,2154593.087005423,0.0
156420,0.0,0.0,0.996555780951657,2155246.1136409016,0.0
156480,0.0,0.0,0.996555780951657,2149516.3676745268,0.0
156540,0.0,0.0,0.996555780951657,2152782.5241640857,0.0
156600,0.0,0.0,0.996555780951657,2156103.3557953285,0.0
156660,0.0,0.0,0.996555780951657,2155242.399372572,0.0
156720,0.0,0.0,0.996555780951657,2156458.3235339224,0.0
156780,0.0,0.0,0.996555780951657,2152279.3000609176,0.0
156840,0.0,0.0,0.996555780951657,2152110.099873406,0.0
156900,0.0,0.0,0.996555780951657,2154430.908804007,0.0
156960,0.0,0.0,0.996555780951657,2155634.720673489,0.0
157020,0.0,0.0,0.996555780951657,2154355.720298175,0.0
157080,0.0,0.0,0.996555780951657,2154363.774122035,0.0
157140,0.0,0.0,0.996555780951657,2150395.211752388,0.0
157200,0.0,0.0,0.996555780951657,2153226.6535956888,0.0
157260,0.0,0.0,0.996555780951657,2156864.991199925,0.0
157320,0.0,0.0,0.996555780951657,2154825.226636102,0.0
157380,0.0,0.0,0.996555780951657,2154574.280643083,0.0
157440,0.0,0.0,0.996555780951657,2151130.119793597,0.0
157500,0.0,0.0,0.996555780951657,2153448.201695264,0.0
157560,0.0,0.0,0.996555780951657,2154276.5990994633,0.0
157620,0.0,0.0,0.996555780951657,2158031.7676783507,0.0
157680,0.0,0.0,0.996555780951657,2154310.2616543407,0.0
157740,0.0,0.0,0.996555780951657,2153532.570012008,0.0
157800,0.0,0.0,0.996555780951657,2151983.422129653,0.0
157860,0.0,0.0,0.996555780951657,2153822.6343855495,0.0
157920,0.0,0.0,0.996555780951657,2155729.796888652,0.0
157980,0.0,0.0,0.996555780951657,2155851.1380544305,0.0
158040,0.0,0.0,0.996555780951657,2150870.9687660187,0.0
158100,0.0,0.0,0.996555780951657,2152593.2175539713,0.0
158160,0.0,0.0,0.996555780951657,2153904.73350269,0.0
158220,0.0,0.0,0.996555780951657,2154932.1215591547,0.0
158280,0.0,0.0,0.996555780951657,2157439.6605944512,0.0
158340,0.0,0.0,0.996555780951657,2153661.085614063,0.0
158400,0.0,0.0,0.996555780951657,2152308.557960544,0.0
158460,0.0,0.0,0.996555780951657,2152775.052099177,0.0
158520,0.0,0.0,0.996555780951657,2154683.781102299,0.0
158580,0.0,0.0,0.996555780951657,2157721.1278514494,0.0
158640,0.0,0.0,0.996555780951657,2153574.617867932,0.0
158700,0.0,0.0,0.996555780951657,2153707.4391210442,0.0
158760,0.0,0.0,0.996555780951657,2151610.5252218884,0.0
158820,0.0,0.0,0.996555780951657,2154367.6004302935,0.0
158880,0.0,0.0,0.996555780951657,2155707.1421267777,0.0
158940,0.0,0.0,0.996555780951657,2153867.112806627,0.0
159000,0.0,0.0,0.996555780951657,2154463.4508356545,0.0
159060,0.0,0.0,0.996555780951657,2150369.7515192325,0.0
159120,0.0,0.0,0.996555780951657,2153301.2526450604,0.0
159180,0.0,0.0,0.996555780951657,2157138.776911282,0.0
159240,0.0,0.0,0.996555780951657,2155158.9734233534,0.0
159300,0.0,0.0,0.996555780951657,2155209.71396339,0.0
159360,0.0,0.0,0.996555780951657,2151534.2734634983,0.0
159420,0.0,0.0,0.996555780951657,2152599.3650856884,0.0
159480,0.0,0.0,0.996555780951657,2155280.4774807226,0.0
159540,0.0,0.0,0.996555780951657,2155990.34877628,0.0
159600,0.0,0.0,0.996555780951657,2153205.123267037,0.0
159660,0.0,0.0,0.996555780951657,2153479.516793863,0.0
159720,0.0,0.0,0.996555780951657,2151526.0198884318,0.0
159780,0.0,0.0,0.996555780951657,2155309.953557128,0.0
159840,0.0,0.0,0.996555780951657,2155349.724638859,0.0
159900,0.0,0.0,0.996555780951657,2156688.694654499,0.0
159960,0.0,0.0,0.996555780951657,2149911.7102257675,0.0
160020,0.0,0.0,0.996555780951657,2152739.6682395292,0.0
160080,0.0,0.0,0.996555780951657,2154223.390117592,0.0
160140,0.0,0.0,0.996555780951657,2154810.6012527966,0.0
160200,0.0,0.0,0.996555780951657,2157656.4910544925,0.0
160260,0.0,0.0,0.996555780951657,2153573.043430805,0.0
160320,0.0,0.0,0.996555780951657,2152407.880330609,0.0
160380,0.0,0.0,0.996555780951657,2152923.1877168273,0.0
160440,0.0,0.0,0.996555780951657,2154678.7721333206,0.0
160500,0.0,0.0,0.996555780951657,2155481.1011076444,0.0
160560,0.0,0.0,0.996555780951657,2155410.7944374993,0.0
160620,0.0,0.0,0.996555780951657,2149983.516416648,0.0
160680,0.0,0.0,0.996555780951657,2152503.1276905723,0.0
160740,0.0,0.0,0.996555780951657,2155336.2215691893,0.0
160800,0.0,0.0,0.996555780951657,2155315.5309938355,0.0
160860,0.0,0.0,0.996555780951657,2156732.137907611,0.0
160920,0.0,0.0,0.996555780951657,2152741.8077725805,0.0
160980,0.0,0.0,0.996555780951657,2151919.6421935814,0.0
161040,0.0,0.0,0.996555780951657,2155398.329153778,0.0
161100,0.0,0.0,0.996555780951657,2155119.994784021,0.0
161160,0.0,0.0,0.996555780951657,2156744.8641230618,0.0
161220,0.0,0.0,0.996555780951657,2150397.9367636624,0.0
161280,0.0,0.0,0.996555780951657,2151750.4242989495,0.0
161340,0.0,0.0,0.996555780951657,2152623.054520756,0.0
161400,0.0,0.0,0.996555780951657,2155283.8860660624,0.0
161460,0.0,0.0,0.996555780951657,2155874.9245669725,0.0
161520,0.0,0.0,0.996555780951657,2152795.838527748,0.0
161580,0.0,0.0,0.996555780951657,2153611.1663065413,0.0
161640,0.0,0.0,0.996555780951657,2151646.9358118647,0.0
161700,0.0,0.0,0.996555780951657,2153997.887661874,0.0
161760,0.0,0.0,0.996555780951657,2157621.0456509087,0.0
161820,0.0,0.0,0.996555780951657,2154753.886867185,0.0
161880,0.0,0.0,0.996555780951657,2153887.2086814353,0.0
161940,0.0,0.0,0.996555780951657,2151591.2322862893,0.0
162000,0.0,0.0,0.996555780951657,2153389.8552211393,0.0
162060,0.0,0.0,0.996555780951657,2155766.5063527245,0.0
162120,0.0,0.0,0.996555780951657,2156008.686273659,0.0
162180,0.0,0.0,0.996555780951657,2152226.854942827,0.0
162240,0.0,0.0,0.996555780951657,2150584.309561185,0.0
162300,0.0,0.0,0.996555780951657,2152825.838480273,0.0
162360,0.0,0.0,0.996555780951657,2157703.884735339,0.0
162420,0.0,0.0,0.996555780951657,2154927.6446709023,0.0
162480,0.0,0.0,0.996555780951657,2155513.58260122,0.0
162540,0.0,0.0,0.996555780951657,2149486.9156588996,0.0
162600,0.0,0.0,0.996555780951657,2152663.858979448,0.0
162660,0.0,0.0,0.996555780951657,2155526.770726166,0.0
162720,0.0,0.0,0.996555780951657,2155190.104397318,0.0
162780,0.0,0.0,0.996555780951657,2156888.947921293,0.0
162840,0.0,0.0,0.996555780951657,2152668.7667406104,0.0
162900,0.0,0.0,0.996555780951657,2152043.6636876645,0.0
162960,0.0,0.0,0.996555780951657,2153983.058436402,0.0
163020,0.0,0.0,0.996555780951657,2155398.308212187,0.0
163080,0.0,0.0,0.996555780951657,2154803.530753973,0.0
163140,0.0,0.0,0.996555780951657,2154716.3322304673,0.0
163200,0.0,0.0,0.996555780951657,2150090.8634423185,0.0
163260,0.0,0.0,0.996555780951657,2152933.420872421,0.0
163320,0.0,0.0,0.996555780951657,2156464.126790343,0.0
163380,0.0,0.0,0.996555780951657,2155393.6534158615,0.0
163440,0.0,0.0,0.996555780951657,2155693.2911052606,0.0
163500,0.0,0.0,0.996555780951657,2148859.8868853156,0.0
163560,0.0,0.0,0.996555780951657,2152425.3794128196,0.0
163620,0.0,0.0,0.996555780951657,2154666.63729718,0.0
163680,0.0,0.0,0.996555780951657,2157010.3917701314,0.0
163740,0.0,0.0,0.996555780951657,2154779.292080743,0.0
163800,0.0,0.0,0.996555780951657,2153782.187040473,0.0
163860,0.0,0.0,0.996555780951657,2151655.5520091183,0.0
163920,0.0,0.0,0.996555780951657,2153395.0860143625,0.0
163980,0.0,0.0,0.996555780951657,2155692.215208929,0.0
164040,0.0,0.0,0.996555780951657,2155958.8310731216,0.0
164100,0.0,0.0,0.996555780951657,2151472.4256161973,0.0
164160,0.0,0.0,0.996555780951657,2152859.2644262793,0.0
164220,0.0,0.0,0.996555780951657,2153149.2082175254,0.0
164280,0.0,0.0,0.996555780951657,2154664.651917639,0.0
164340,0.0,0.0,0.996555780951657,2157611.0969632906,0.0
164400,0.0,0.0,0.996555780951657,2154073.591522979,0.0
164460,0.0,0.0,0.996555780951657,2152732.65291387,0.0
164520,0.0,0.0,0.996555780951657,2152294.722143257,0.0
164580,0.0,0.0,0.996555780951657,2154268.8247548635,0.0
164640,0.0,0.0,0.996555780951657,2158044.7067620023,0.0
164700,0.0,0.0,0.996555780951657,2154025.1079403264,0.0
164760,0.0,0.0,0.996555780951657,2154193.267119224,0.0
164820,0.0,0.0,0.996555780951657,2150729.69477461,0.0
164880,0.0,0.0,0.996555780951657,2153931.514397411,0.0
164940,0.0,0.0,0.996555780951657,2155443.257457351,0.0
165000,0.0,0.0,0.996555780951657,2154390.9468870354,0.0
165060,0.0,0.0,0.996555780951657,2154814.2390196812,0.0
165120,0.0,0.0,0.996555780951657,2149963.930758723,0.0
165180,0.0,0.0,0.996555780951657,2153016.678818529,0.0
165240,0.0,0.0,0.996555780951657,2156724.883582057,0.0
165300,0.0,0.0,0.996555780951657,2155249.532781901,0.0
165360,0.0,0.0,0.996555780951657,2155795.191184113,0.0
165420,0.0,0.0,0.996555780951657,2151829.634116578,0.0
165480,0.0,0.0,0.996555780951657,2152312.329481955,0.0
165540,0.0,0.0,0.996555780951657,2154923.4243579544,0.0
165600,0.0,0.0,0.996555780951657,2155872.6523183673,0.0
165660,0.0,0.0,0.996555780951657,2153792.601191696,0.0
165720,0.0,0.0,0.996555780951657,2153879.769364795,0.0
165780,0.0,0.0,0.996555780951657,2150945.963482084,0.0
165840,0.0,0.0,0.996555780951657,2153618.968797798,0.0
165900,0.0,0.0,0.996555780951657,2157192.7386476207,0.0
165960,0.0,0.0,0.996555780951657,2154196.8038214203,0.0
166020,0.0,0.0,0.996555780951657,2154180.3377974886,0.0
166080,0.0,0.0,0.996555780951657,2151039.3281764244,0.0
166140,0.0,0.0,0.996555780951657,2154326.7992420704,0.0
166200,0.0,0.0,0.996555780951657,2154606.785071068,0.0
166260,0.0,0.0,0.996555780951657,2157892.6570548695,0.0
166320,0.0,0.0,0.996555780951657,2153948.069430074,0.0
166380,0.0,0.0,0.996555780951657,2152942.0467289323,0.0
166440,0.0,0.0,0.996555780951657,2152410.6864694306,0.0
166500,0.0,0.0,0.996555780951657,2154262.444571919,0.0
166560,0.0,0.0,0.996555780951657,2155669.018192441,0.0
166620,0.0,0.0,0.996555780951657,2155670.3637684425,0.0
166680,0.0,0.0,0.996555780951657,2150355.328598508,0.0
166740,0.0,0.0,0.996555780951657,2152458.1481491188,0.0
166800,0.0,0.0,0.996555780951657,2154635.726358384,0.0
166860,0.0,0.0,0.996555780951657,2155160.418553969,0.0
166920,0.0,0.0,0.996555780951657,2157134.3784879744,0.0
166980,0.0,0.0,0.996555780951657,2153214.6517907465,0.0
167040,0.0,0.0,0.996555780951657,2152013.6464339662,0.0
167100,0.0,0.0,0.996555780951657,2154518.866177014,0.0
167160,0.0,0.0,0.996555780951657,2154894.2415933837,0.0
167220,0.0,0.0,0.996555780951657,2156811.486072836,0.0
167280,0.0,0.0,0.996555780951657,2151257.401115131,0.0
167340,0.0,0.0,0.996555780951657,2152070.590933675,0.0
167400,0.0,0.0,0.996555780951657,2152307.736340387,0.0
167460,0.0,0.0,0.996555780951657,2154943.4506080314,0.0
167520,0.0,0.0,0.996555780951657,2155739.268710035,0.0
167580,0.0,0.0,0.996555780951657,2153424.183696109,0.0
167640,0.0,0.0,0.996555780951657,2154012.3216672307,0.0
167700,0.0,0.0,0.996555780951657,2150978.528576544,0.0
167760,0.0,0.0,0.996555780951657,2153652.764358071,0.0
167820,0.0,0.0,0.996555780951657,2157432.8508118675,0.0
167880,0.0,0.0,0.996555780951657,2154997.355681673,0.0
167940,0.0,0.0,0.996555780951657,2154516.122759386,0.0
168000,0.0,0.0,0.996555780951657,2151453.8397612213,0.0
168060,0.0,0.0,0.996555780951657,2152979.331057513,0.0
168120,0.0,0.0,0.996555780951657,2155580.6738046873,0.0
168180,0.0,0.0,0.996555780951657,2156045.292028592,0.0
168240,0.0,0.0,0.996555780951657,2153077.6752559314,0.0
168300,0.0,0.0,0.996555780951657,2150524.3226413946,0.0
168360,0.0,0.0,0.996555780951657,2152603.5300107324,0.0
168420,0.0,0.0,0.996555780951657,2157186.4426083434,0.0
168480,0.0,0.0,0.996555780951657,2155173.4805378686,0.0
168540,0.0,0.0,0.996555780951657,2155751.181393313,0.0
168600,0.0,0.0,0.996555780951657,2149701.0657379213,0.0
168660,0.0,0.0,0.996555780951657,2152650.0772675583,0.0
168720,0.0,0.0,0.996555780951657,2154850.227402355,0.0
168780,0.0,0.0,0.996555780951657,2155064.034678211,0.0
168840,0.0,0.0,0.996555780951657,2157282.166036148,0.0
168900,0.0,0.0,0.996555780951657,2153096.771216889,0.0
168960,0.0,0.0,0.996555780951657,2152115.323931271,0.0
169020,0.0,0.0,0.996555780951657,2153479.3599382187,0.0
169080,0.0,0.0,0.996555780951657,2155089.7794447322,0.0
169140,0.0,0.0,0.996555780951657,2155189.8109744326,0.0
169200,0.0,0.0,0.996555780951657,2155066.8384521487,0.0
169260,0.0,0.0,0.996555780951657,2149938.2669809447,0.0
169320,0.0,0.0,0.996555780951657,2152675.509313415,0.0
169380,0.0,0.0,0.996555780951657,2155958.5544875846,0.0
169440,0.0,0.0,0.996555780951657,2155405.2655129405,0.0
169500,0.0,0.0,0.996555780951657,2156211.899978845,0.0
169560,0.0,0.0,0.996555780951657,2148812.00354482,0.0
169620,0.0,0.0,0.996555780951657,2152253.6185090453,0.0
169680,0.0,0.0,0.996555780951657,2154134.7178764236,0.0
169740,0.0,0.0,0.996555780951657,2157276.4747746484,0.0
169800,0.0,0.0,0.996555780951657,2154991.6072613215,0.0
169860,0.0,0.0,0.996555780951657,2154407.799766359,0.0
169920,0.0,0.0,0.996555780951657,2151491.228864489,0.0
169980,0.0,0.0,0.996555780951657,2153034.715109352,0.0
170040,0.0,0.0,0.996555780951657,2155556.146007459,0.0
170100,0.0,0.0,0.996555780951657,2155987.0010058256,0.0
170160,0.0,0.0,0.996555780951657,2152096.278549158,0.0
170220,0.0,0.0,0.996555780951657,2153168.0562992115,0.0
170280,0.0,0.0,0.996555780951657,2152435.1467680275,0.0
170340,0.0,0.0,0.996555780951657,2154374.9256912507,0.0
170400,0.0,0.0,0.996555780951657,2157659.8727460285,0.0
170460,0.0,0.0,0.996555780951657,2154426.6910058255,0.0
170520,0.0,0.0,0.996555780951657,2153223.097001412,0.0
170580,0.0,0.0,0.996555780951657,2151904.041536019,0.0
170640,0.0,0.0,0.996555780951657,2153859.6415144783,0.0
170700,0.0,0.0,0.996555780951657,2158201.9399295724,0.0
170760,0.0,0.0,0.996555780951657,2154404.7537479005,0.0
170820,0.0,0.0,0.996555780951657,2154655.321514206,0.0
170880,0.0,0.0,0.996555780951657,2149970.6478273273,0.0
170940,0.0,0.0,0.996555780951657,2153487.204267724,0.0
171000,0.0,0.0,0.996555780951657,2155143.846813796,0.0
171060,0.0,0.0,0.996555780951657,2154824.4908688064,0.0
171120,0.0,0.0,0.996555780951657,2155115.228734057,0.0
171180,0.0,0.0,0.996555780951657,2149742.3990084426,0.0
171240,0.0,0.0,0.996555780951657,2152793.856953069,0.0
171300,0.0,0.0,0.996555780951657,2156233.391656313,0.0
171360,0.0,0.0,0.996555780951657,2155272.6475025495,0.0
171420,0.0,0.0,0.996555780951657,2156308.066790669,0.0
171480,0.0,0.0,0.996555780951657,2152193.33210946,0.0
171540,0.0,0.0,0.996555780951657,2152116.004260211,0.0
171600,0.0,0.0,0.996555780951657,2154517.166280126,0.0
171660,0.0,0.0,0.996555780951657,2155697.938228902,0.0
171720,0.0,0.0,0.996555780951657,2154316.8217525533,0.0
171780,0.0,0.0,0.996555780951657,2154262.902196916,0.0
171840,0.0,0.0,0.996555780951657,2150487.600210038,0.0
171900,0.0,0.0,0.996555780951657,2153282.676990078,0.0
171960,0.0,0.0,0.996555780951657,2156893.3592018993,0.0
172020,0.0,0.0,0.996555780951657,2154806.953618995,0.0
172080,0.0,0.0,0.996555780951657,2154512.855287868,0.0
172140,0.0,0.0,0.996555780951657,2151104.3585405196,0.0
172200,0.0,0.0,0.996555780951657,2153521.014035926,0.0
172260,0.0,0.0,0.996555780951657,2154337.550495457,0.0
172320,0.0,0.0,0.996555780951657,2157977.3886490585,0.0
172380,0.0,0.0,0.996555780951657,2154279.101777165,0.0
172440,0.0,0.0,0.996555780951657,2153420.1611727923,0.0
172500,0.0,0.0,0.996555780951657,2152020.780136064,0.0
172560,0.0,0.0,0.996555780951657,2153882.9405878047,0.0
172620,0.0,0.0,0.996555780951657,2155748.2168610557,0.0
172680,0.0,0.0,0.996555780951657,2155837.5919964043,0.0
172740,0.0,0.0,0.996555780951657,2150866.500268242,0.0
172800,0.0,0.0,0.996555780951657,2152540.9056927157,0.0
172860,0.0,0.0,0.996555780951657,2153965.9078509556,0.0
172920,0.0,0.0,0.996555780951657,2154973.5635719346,0.0
172980,0.0,0.0,0.996555780951657,2157386.41682443,0.0
173040,0.0,0.0,0.996555780951657,2153625.7927802824,0.0
173100,0.0,0.0,0.996555780951657,2152253.941977653,0.0
173160,0.0,0.0,0.996555780951657,2153648.0449785083,0.0
173220,0.0,0.0,0.996555780951657,2154642.2305822973,0.0
173280,0.0,0.0,0.996555780951657,2156783.894260464,0.0
173340,0.0,0.0,0.996555780951657,2152130.9692006465,0.0
173400,0.0,0.0,0.996555780951657,2152412.6464708834,0.0
173460,0.0,0.0,0.996555780951657,2152099.6545103295,0.0
173520,0.0,0.0,0.996555780951657,2154570.7491785507,0.0
173580,0.0,0.0,0.996555780951657,2155566.260083828,0.0
173640,0.0,0.0,0.996555780951657,2153970.1689820434,0.0
173700,0.0,0.0,0.996555780951657,2154362.5169208962,0.0
173760,0.0,0.0,0.996555780951657,2150464.3989435276,0.0
173820,0.0,0.0,0.996555780951657,2153349.908387505,0.0
173880,0.0,0.0,0.996555780951657,2157148.5525620193,0.0
173940,0.0,0.0,0.996555780951657,2155162.932036908,0.0
174000,0.0,0.0,0.996555780951657,2155078.519418629,0.0
174060,0.0,0.0,0.996555780951657,2151501.025699255,0.0
174120,0.0,0.0,0.996555780951657,2152640.708785553,0.0
174180,0.0,0.0,0.996555780951657,2155328.2795428196,0.0
174240,0.0,0.0,0.996555780951657,2156014.2448262474,0.0
174300,0.0,0.0,0.996555780951657,2153177.304029243,0.0
174360,0.0,0.0,0.996555780951657,2153397.617091519,0.0
174420,0.0,0.0,0.996555780951657,2151604.2066729623,0.0
174480,0.0,0.0,0.996555780951657,2155346.5924885906,0.0
174540,0.0,0.0,0.996555780951657,2155390.854863976,0.0
174600,0.0,0.0,0.996555780951657,2156580.4542740993,0.0
174660,0.0,0.0,0.996555780951657,2149943.2992916233,0.0
174720,0.0,0.0,0.996555780951657,2152682.8196056033,0.0
174780,0.0,0.0,0.996555780951657,2154281.440721271,0.0
174840,0.0,0.0,0.996555780951657,2154850.145534561,0.0
174900,0.0,0.0,0.996555780951657,2157598.6734766457,0.0
174960,0.0,0.0,0.996555780951657,2153540.5902382075,0.0
175020,0.0,0.0,0.996555780951657,2152354.283289053,0.0
175080,0.0,0.0,0.996555780951657,2152957.5943811396,0.0
175140,0.0,0.0,0.996555780951657,2154721.1672748895,0.0
175200,0.0,0.0,0.996555780951657,2155488.121293204,0.0
175260,0.0,0.0,0.996555780951657,2155384.0811568005,0.0
175320,0.0,0.0,0.996555780951657,2150006.867501314,0.0
175380,0.0,0.0,0.996555780951657,2152495.3454103926,0.0
175440,0.0,0.0,0.996555780951657,2155358.948677753,0.0
175500,0.0,0.0,0.996555780951657,2155338.4902960532,0.0
175560,0.0,0.0,0.996555780951657,2156682.5338303796,0.0
175620,0.0,0.0,0.996555780951657,2149095.809142436,0.0
175680,0.0,0.0,0.996555780951657,2152211.3754536984,0.0
175740,0.0,0.0,0.996555780951657,2153568.592874518,0.0
175800,0.0,0.0,0.996555780951657,2157396.7311118254,0.0
175860,0.0,0.0,0.996555780951657,2155142.6824679533,0.0
175920,0.0,0.0,0.996555780951657,2155067.764188753,0.0
175980,0.0,0.0,0.996555780951657,2151508.578867455,0.0
176040,0.0,0.0,0.996555780951657,2152705.108024701,0.0
176100,0.0,0.0,0.996555780951657,2155319.6184209962,0.0
176160,0.0,0.0,0.996555780951657,2155944.57729319,0.0
176220,0.0,0.0,0.996555780951657,2152734.7763054897,0.0
176280,0.0,0.0,0.996555780951657,2153530.107612193,0.0
176340,0.0,0.0,0.996555780951657,2151732.736343332,0.0
176400,0.0,0.0,0.996555780951657,2154049.707050401,0.0
176460,0.0,0.0,0.996555780951657,2157602.560545091,0.0
176520,0.0,0.0,0.996555780951657,2154735.976211966,0.0
176580,0.0,0.0,0.996555780951657,2153789.51475013,0.0
176640,0.0,0.0,0.996555780951657,2151607.733319365,0.0
176700,0.0,0.0,0.996555780951657,2153438.8863300416,0.0
176760,0.0,0.0,0.996555780951657,2155790.9472102355,0.0
176820,0.0,0.0,0.996555780951657,2156006.2332952875,0.0
176880,0.0,0.0,0.996555780951657,2152195.070337218,0.0
176940,0.0,0.0,0.996555780951657,2150611.660846697,0.0
177000,0.0,0.0,0.996555780951657,2152842.5780165642,0.0
177060,0.0,0.0,0.996555780951657,2157675.6963747973,0.0
177120,0.0,0.0,0.996555780951657,2154946.1849828092,0.0
177180,0.0,0.0,0.996555780951657,2155483.024564728,0.0
177240,0.0,0.0,0.996555780951657,2149527.5406483724,0.0
177300,0.0,0.0,0.996555780951657,2152651.610164428,0.0
177360,0.0,0.0,0.996555780951657,2155552.993780343,0.0
177420,0.0,0.0,0.996555780951657,2155214.623551053,0.0
177480,0.0,0.0,0.996555780951657,2156829.5152553082,0.0
177540,0.0,0.0,0.996555780951657,2152640.77578272,0.0
177600,0.0,0.0,0.996555780951657,2152028.8002922786,0.0
177660,0.0,0.0,0.996555780951657,2154007.749976561,0.0
177720,0.0,0.0,0.996555780951657,2155426.1567482427,0.0
177780,0.0,0.0,0.996555780951657,2154810.195851724,0.0
177840,0.0,0.0,0.996555780951657,2154684.683264114,0.0
177900,0.0,0.0,0.996555780951657,2150119.9945752616,0.0
177960,0.0,0.0,0.996555780951657,2152941.287586896,0.0
178020,0.0,0.0,0.996555780951657,2156464.9736294392,0.0
178080,0.0,0.0,0.996555780951657,2155356.7030368177,0.0
178140,0.0,0.0,0.996555780951657,2154844.812687139,0.0
178200,0.0,0.0,0.996555780951657,2151401.336621451,0.0
178260,0.0,0.0,0.996555780951657,2152616.3948578127,0.0
178320,0.0,0.0,0.996555780951657,2154009.6874334575,0.0
178380,0.0,0.0,0.996555780951657,2157964.732133824,0.0
178440,0.0,0.0,0.996555780951657,2154586.9940519617,0.0
178500,0.0,0.0,0.996555780951657,2154025.6050810437,0.0
178560,0.0,0.0,0.996555780951657,2151696.868928572,0.0
178620,0.0,0.0,0.996555780951657,2153462.929804676,0.0
178680,0.0,0.0,0.996555780951657,2155718.234820004,0.0
178740,0.0,0.0,0.996555780951657,2155950.881850318,0.0
178800,0.0,0.0,0.996555780951657,2151470.9329488035,0.0
178860,0.0,0.0,0.996555780951657,2152791.302340182,0.0
178920,0.0,0.0,0.996555780951657,2153218.5159667293,0.0
178980,0.0,0.0,0.996555780951657,2154709.2534695826,0.0
179040,0.0,0.0,0.996555780951657,2157568.0593433194,0.0
179100,0.0,0.0,0.996555780951657,2154044.1769126584,0.0
179160,0.0,0.0,0.996555780951657,2152664.441578428,0.0
179220,0.0,0.0,0.996555780951657,2152690.3189113936,0.0
179280,0.0,0.0,0.996555780951657,2154313.891604086,0.0
179340,0.0,0.0,0.996555780951657,2156666.548142305,0.0
179400,0.0,0.0,0.996555780951657,2153054.908957247,0.0
179460,0.0,0.0,0.996555780951657,2152813.178265737,0.0
179520,0.0,0.0,0.996555780951657,2151985.897222977,0.0
179580,0.0,0.0,0.996555780951657,2154112.641581005,0.0
179640,0.0,0.0,0.996555780951657,2155318.912388231,0.0
179700,0.0,0.0,0.996555780951657,2154479.2017014003,0.0
179760,0.0,0.0,0.996555780951657,2154729.7881066334,0.0
179820,0.0,0.0,0.996555780951657,2150035.6038244925,0.0
179880,0.0,0.0,0.996555780951657,2153052.9990789117,0.0
179940,0.0,0.0,0.996555780951657,2156752.483509847,0.0
180000,0.0,0.0,0.996555780951657,2155266.1486865035,0.0
180060,0.0,0.0,0.996555780951657,2155666.673289394,0.0
180120,0.0,0.0,0.996555780951657,2151770.851647838,0.0
180180,0.0,0.0,0.996555780951657,2152338.6774939303,0.0
180240,0.0,0.0,0.996555780951657,2154978.683627286,0.0
180300,0.0,0.0,0.996555780951657,2155908.5307326694,0.0
180360,0.0,0.0,0.996555780951657,2153766.289168756,0.0
180420,0.0,0.0,0.996555780951657,2153798.769004358,0.0
180480,0.0,0.0,0.996555780951657,2151020.864432096,0.0
180540,0.0,0.0,0.996555780951657,2154839.3321340363,0.0
180600,0.0,0.0,0.996555780951657,2155195.7327567586,0.0
180660,0.0,0.0,0.996555780951657,2157194.0698054503,0.0
180720,0.0,0.0,0.996555780951657,2150530.530512622,0.0
180780,0.0,0.0,0.996555780951657,2152918.1089118617,0.0
180840,0.0,0.0,0.996555780951657,2153515.7741678455,0.0
180900,0.0,0.0,0.996555780951657,2154623.657796901,0.0
180960,0.0,0.0,0.996555780951657,2157772.3798132185,0.0
181020,0.0,0.0,0.996555780951657,2153926.7040550667,0.0
181080,0.0,0.0,0.996555780951657,2152731.2925036713,0.0
181140,0.0,0.0,0.996555780951657,2152486.8689971194,0.0
181200,0.0,0.0,0.996555780951657,2154346.162834155,0.0
181260,0.0,0.0,0.996555780951657,2155678.1216095695,0.0
181320,0.0,0.0,0.996555780951657,2155629.9822833417,0.0
181380,0.0,0.0,0.996555780951657,2150341.6023817975,0.0
181440,0.0,0.0,0.996555780951657,2152425.5717097363,0.0
181500,0.0,0.0,0.996555780951657,2154723.6654091175,0.0
181560,0.0,0.0,0.996555780951657,2155211.4132526047,0.0
181620,0.0,0.0,0.996555780951657,2157045.81290277,0.0
181680,0.0,0.0,0.996555780951657,2149688.090564527,0.0
181740,0.0,0.0,0.996555780951657,2152324.896586521,0.0
181800,0.0,0.0,0.996555780951657,2153031.0241705156,0.0
181860,0.0,0.0,0.996555780951657,2157354.2922166865,0.0
181920,0.0,0.0,0.996555780951657,2155226.0785251907,0.0
181980,0.0,0.0,0.996555780951657,2155676.8683960503,0.0
182040,0.0,0.0,0.996555780951657,2151740.290010308,0.0
182100,0.0,0.0,0.996555780951657,2152446.3648575433,0.0
182160,0.0,0.0,0.996555780951657,2155012.9299059883,0.0
182220,0.0,0.0,0.996555780951657,2155841.32317678,0.0
182280,0.0,0.0,0.996555780951657,2153337.141014427,0.0
182340,0.0,0.0,0.996555780951657,2153892.336638318,0.0
182400,0.0,0.0,0.996555780951657,2151113.868817327,0.0
182460,0.0,0.0,0.996555780951657,2153727.250321487,0.0
182520,0.0,0.0,0.996555780951657,2157436.854914954,0.0
182580,0.0,0.0,0.996555780951657,2154978.934294852,0.0
182640,0.0,0.0,0.996555780951657,2154360.5880720867,0.0
182700,0.0,0.0,0.996555780951657,2151454.7519384357,0.0
182760,0.0,0.0,0.996555780951657,2153049.3589056116,0.0
182820,0.0,0.0,0.996555780951657,2155629.475451812,0.0
182880,0.0,0.0,0.996555780951657,2156055.6910099196,0.0
182940,0.0,0.0,0.996555780951657,2152989.1022021705,0.0
183000,0.0,0.0,0.996555780951657,2150539.2249173755,0.0
183060,0.0,0.0,0.996555780951657,2152616.3544695443,0.0
183120,0.0,0.0,0.996555780951657,2157187.7510649986,0.0
183180,0.0,0.0,0.996555780951657,2155193.526339828,0.0
183240,0.0,0.0,0.996555780951657,2155715.8650550917,0.0
183300,0.0,0.0,0.996555780951657,2149726.208134144,0.0
183360,0.0,0.0,0.996555780951657,2152613.700756797,0.0
183420,0.0,0.0,0.996555780951657,2154920.0567093617,0.0
183480,0.0,0.0,0.996555780951657,2155106.2547256723,0.0
183540,0.0,0.0,0.996555780951657,2157198.844604722,0.0
183600,0.0,0.0,0.996555780951657,2153046.9100369797,0.0
183660,0.0,0.0,0.996555780951657,2152075.142656807,0.0
183720,0.0,0.0,0.996555780951657,2153530.0807372127,0.0
183780,0.0,0.0,0.996555780951657,2155141.1491554845,0.0
183840,0.0,0.0,0.996555780951657,2155186.573654474,0.0
183900,0.0,0.0,0.996555780951657,2155020.0654183426,0.0
183960,0.0,0.0,0.996555780951657,2149974.7016903665,0.0
184020,0.0,0.0,0.996555780951657,2152685.7076185406,0.0
184080,0.0,0.0,0.996555780951657,2155986.5599313723,0.0
184140,0.0,0.0,0.996555780951657,2155765.3909159447,0.0
184200,0.0,0.0,0.996555780951657,2155094.420003022,0.0
184260,0.0,0.0,0.996555780951657,2151853.4660498146,0.0
184320,0.0,0.0,0.996555780951657,2151794.5041102204,0.0
184380,0.0,0.0,0.996555780951657,2153713.0098904967,0.0
184440,0.0,0.0,0.996555780951657,2157822.99605997,0.0
184500,0.0,0.0,0.996555780951657,2154815.7394984816,0.0
184560,0.0,0.0,0.996555780951657,2154586.213229849,0.0
184620,0.0,0.0,0.996555780951657,2151527.0003806804,0.0
184680,0.0,0.0,0.996555780951657,2153101.2943769996,0.0
184740,0.0,0.0,0.996555780951657,2155601.714229759,0.0
184800,0.0,0.0,0.996555780951657,2155991.4672671272,0.0
184860,0.0,0.0,0.996555780951657,2152074.0568174934,0.0
184920,0.0,0.0,0.996555780951657,2153075.378674672,0.0
184980,0.0,0.0,0.996555780951657,2152535.0379502615,0.0
185040,0.0,0.0,0.996555780951657,2154434.769044877,0.0
185100,0.0,0.0,0.996555780951657,2157622.3132746154,0.0
185160,0.0,0.0,0.996555780951657,2154392.965449951,0.0
185220,0.0,0.0,0.996555780951657,2153121.95609412,0.0
185280,0.0,0.0,0.996555780951657,2151941.132265204,0.0
185340,0.0,0.0,0.996555780951657,2153921.4240535866,0.0
185400,0.0,0.0,0.996555780951657,2158132.087643091,0.0
185460,0.0,0.0,0.996555780951657,2154395.7585974988,0.0
185520,0.0,0.0,0.996555780951657,2154566.570270701,0.0
185580,0.0,0.0,0.996555780951657,2150067.473968827,0.0
185640,0.0,0.0,0.996555780951657,2153536.028862027,0.0
185700,0.0,0.0,0.996555780951657,2155196.791912974,0.0
185760,0.0,0.0,0.996555780951657,2154826.6968117985,0.0
185820,0.0,0.0,0.996555780951657,2155073.76633447,0.0
185880,0.0,0.0,0.996555780951657,2149788.636596026,0.0
185940,0.0,0.0,0.996555780951657,2152799.947401701,0.0
186000,0.0,0.0,0.996555780951657,2156254.8172752224,0.0
186060,0.0,0.0,0.996555780951657,2155292.6107584327,0.0
186120,0.0,0.0,0.996555780951657,2156236.919325358,0.0
186180,0.0,0.0,0.996555780951657,2152159.665552268,0.0
186240,0.0,0.0,0.996555780951657,2152115.8235466126,0.0
186300,0.0,0.0,0.996555780951657,2154546.8436233625,0.0
186360,0.0,0.0,0.996555780951657,2155724.952561016,0.0
186420,0.0,0.0,0.996555780951657,2154317.5948126228,0.0
186480,0.0,0.0,0.996555780951657,2154219.914450886,0.0
186540,0.0,0.0,0.996555780951657,2150523.4598300294,0.0
186600,0.0,0.0,0.996555780951657,2154241.465033792,0.0
186660,0.0,0.0,0.996555780951657,2154939.696237227,0.0
186720,0.0,0.0,0.996555780951657,2157731.847669177,0.0
186780,0.0,0.0,0.996555780951657,2151173.807255871,0.0
186840,0.0,0.0,0.996555780951657,2153235.1190022696,0.0
186900,0.0,0.0,0.996555780951657,2152717.516802078,0.0
186960,0.0,0.0,0.996555780951657,2154349.9222986386,0.0
187020,0.0,0.0,0.996555780951657,2157845.701613797,0.0
187080,0.0,0.0,0.996555780951657,2154284.7342150207,0.0
187140,0.0,0.0,0.996555780951657,2153226.648743425,0.0
187200,0.0,0.0,0.996555780951657,2152061.433690248,0.0
187260,0.0,0.0,0.996555780951657,2153942.1478626197,0.0
187320,0.0,0.0,0.996555780951657,2155766.705851756,0.0
187380,0.0,0.0,0.996555780951657,2155821.8226780575,0.0
187440,0.0,0.0,0.996555780951657,2150856.6826327117,0.0
187500,0.0,0.0,0.996555780951657,2152490.620903828,0.0
187560,0.0,0.0,0.996555780951657,2154030.9715003115,0.0
187620,0.0,0.0,0.996555780951657,2155017.0597244874,0.0
187680,0.0,0.0,0.996555780951657,2157330.0816278644,0.0
187740,0.0,0.0,0.996555780951657,2153586.5081448844,0.0
187800,0.0,0.0,0.996555780951657,2152197.9376367102,0.0
187860,0.0,0.0,0.996555780951657,2153686.300847228,0.0
187920,0.0,0.0,0.996555780951657,2154684.3189386893,0.0
187980,0.0,0.0,0.996555780951657,2156786.135953947,0.0
188040,0.0,0.0,0.996555780951657,2152149.6874250253,0.0
188100,0.0,0.0,0.996555780951657,2152372.303129249,0.0
188160,0.0,0.0,0.996555780951657,2152102.639388488,0.0
188220,0.0,0.0,0.996555780951657,2154604.9905295684,0.0
188280,0.0,0.0,0.996555780951657,2155598.117509937,0.0
188340,0.0,0.0,0.996555780951657,2153972.792459827,0.0
188400,0.0,0.0,0.996555780951657,2154316.654210712,0.0
188460,0.0,0.0,0.996555780951657,2150508.7618690436,0.0
188520,0.0,0.0,0.996555780951657,2153369.013474207,0.0
188580,0.0,0.0,0.996555780951657,2157144.2173595526,0.0
188640,0.0,0.0,0.996555780951657,2155169.8551521897,0.0
188700,0.0,0.0,0.996555780951657,2155021.6753336303,0.0
188760,0.0,0.0,0.996555780951657,2151488.225602658,0.0
188820,0.0,0.0,0.996555780951657,2152653.9522276944,0.0
188880,0.0,0.0,0.996555780951657,2155345.5273768133,0.0
188940,0.0,0.0,0.996555780951657,2156025.8688379605,0.0
189000,0.0,0.0,0.996555780951657,2153888.7813349767,0.0
189060,0.0,0.0,0.996555780951657,2150735.4086707467,0.0
189120,0.0,0.0,0.996555780951657,2152461.9677122845,0.0
189180,0.0,0.0,0.996555780951657,2156549.36217302,0.0
189240,0.0,0.0,0.996555780951657,2155340.2091534697,0.0
189300,0.0,0.0,0.996555780951657,2155910.2048777603,0.0
189360,0.0,0.0,0.996555780951657,2150206.3232696503,0.0
189420,0.0,0.0,0.996555780951657,2152724.003993754,0.0
189480,0.0,0.0,0.996555780951657,2154179.8896675594,0.0
189540,0.0,0.0,0.996555780951657,2154916.640325344,0.0
189600,0.0,0.0,0.996555780951657,2157523.6388491625,0.0
189660,0.0,0.0,0.996555780951657,2153485.271474236,0.0
189720,0.0,0.0,0.996555780951657,2152305.246964702,0.0
189780,0.0,0.0,0.996555780951657,2153006.028545094,0.0
189840,0.0,0.0,0.996555780951657,2154778.1137864767,0.0
189900,0.0,0.0,0.996555780951657,2155490.079776073,0.0
189960,0.0,0.0,0.996555780951657,2155346.669832795,0.0
190020,0.0,0.0,0.996555780951657,2150029.646319518,0.0
190080,0.0,0.0,0.996555780951657,2152490.8582193605,0.0
190140,0.0,0.0,0.996555780951657,2155396.659925225,0.0
190200,0.0,0.0,0.996555780951657,2156071.317900442,0.0
190260,0.0,0.0,0.996555780951657,2155308.6698667556,0.0
190320,0.0,0.0,0.996555780951657,2152482.699936393,0.0
190380,0.0,0.0,0.996555780951657,2150963.2364495024,0.0
190440,0.0,0.0,0.996555780951657,2153399.353662106,0.0
190500,0.0,0.0,0.996555780951657,2157566.1079674424,0.0
190560,0.0,0.0,0.996555780951657,2154994.1634602402,0.0
190620,0.0,0.0,0.996555780951657,2155205.7181836725,0.0
190680,0.0,0.0,0.996555780951657,2151520.984975482,0.0
190740,0.0,0.0,0.996555780951657,2152747.188154943,0.0
190800,0.0,0.0,0.996555780951657,2155378.246638813,0.0
190860,0.0,0.0,0.996555780951657,2155963.6548996833,0.0
190920,0.0,0.0,0.996555780951657,2152709.487927849,0.0
190980,0.0,0.0,0.996555780951657,2153433.6826793817,0.0
191040,0.0,0.0,0.996555780951657,2151834.1412075143,0.0
191100,0.0,0.0,0.996555780951657,2154109.2174610547,0.0
191160,0.0,0.0,0.996555780951657,2157580.984703232,0.0
191220,0.0,0.0,0.996555780951657,2154712.532043405,0.0
191280,0.0,0.0,0.996555780951657,2153679.1141325077,0.0
191340,0.0,0.0,0.996555780951657,2151629.9503383874,0.0
191400,0.0,0.0,0.996555780951657,2153497.0906805038,0.0
191460,0.0,0.0,0.996555780951657,2158156.6479974985,0.0
191520,0.0,0.0,0.996555780951657,2154722.122476561,0.0
191580,0.0,0.0,0.996555780951657,2155033.3079252928,0.0
191640,0.0,0.0,0.996555780951657,2149418.1610508533,0.0
191700,0.0,0.0,0.996555780951657,2153073.8023202955,0.0
191760,0.0,0.0,0.996555780951657,2154850.445228255,0.0
191820,0.0,0.0,0.996555780951657,2155180.9240217865,0.0
191880,0.0,0.0,0.996555780951657,2155350.581149766,0.0
191940,0.0,0.0,0.996555780951657,2149750.8595062946,0.0
192000,0.0,0.0,0.996555780951657,2152633.5094747236,0.0
192060,0.0,0.0,0.996555780951657,2155685.829396559,0.0
192120,0.0,0.0,0.996555780951657,2155253.8090353515,0.0
192180,0.0,0.0,0.996555780951657,2156706.685334124,0.0
192240,0.0,0.0,0.996555780951657,2152564.1489378847,0.0
192300,0.0,0.0,0.996555780951657,2152008.7291520014,0.0
192360,0.0,0.0,0.996555780951657,2154086.6484224997,0.0
192420,0.0,0.0,0.996555780951657,2155491.2247863803,0.0
192480,0.0,0.0,0.996555780951657,2154785.0994839575,0.0
192540,0.0,0.0,0.996555780951657,2154602.6702360883,0.0
192600,0.0,0.0,0.996555780951657,2150186.5232758024,0.0
192660,0.0,0.0,0.996555780951657,2153616.8774018595,0.0
192720,0.0,0.0,0.996555780951657,2154658.757657446,0.0
192780,0.0,0.0,0.996555780951657,2158125.2248537205,0.0
192840,0.0,0.0,0.996555780951657,2151822.4207147337,0.0
192900,0.0,0.0,0.996555780951657,2153573.6717170216,0.0
192960,0.0,0.0,0.996555780951657,2151966.584761611,0.0
193020,0.0,0.0,0.996555780951657,2154065.7934327405,0.0
193080,0.0,0.0,0.996555780951657,2157802.1766900485,0.0
193140,0.0,0.0,0.996555780951657,2154583.5920289624,0.0
193200,0.0,0.0,0.996555780951657,2153763.6694198493,0.0
193260,0.0,0.0,0.996555780951657,2151738.0473156488,0.0
193320,0.0,0.0,0.996555780951657,2153552.85163191,0.0
193380,0.0,0.0,0.996555780951657,2155755.389683382,0.0
193440,0.0,0.0,0.996555780951657,2155943.9173611435,0.0
193500,0.0,0.0,0.996555780951657,2151426.433435068,0.0
193560,0.0,0.0,0.996555780951657,2152693.0554403,0.0
193620,0.0,0.0,0.996555780951657,2153339.1601146692,0.0
193680,0.0,0.0,0.996555780951657,2154780.783959257,0.0
193740,0.0,0.0,0.996555780951657,2157504.423913081,0.0
193800,0.0,0.0,0.996555780951657,2153985.7611661865,0.0
193860,0.0,0.0,0.996555780951657,2152557.0563302245,0.0
193920,0.0,0.0,0.996555780951657,2152792.940958064,0.0
193980,0.0,0.0,0.996555780951657,2154382.8185341824,0.0
194040,0.0,0.0,0.996555780951657,2156688.7653486347,0.0
194100,0.0,0.0,0.996555780951657,2153030.1651771404,0.0
194160,0.0,0.0,0.996555780951657,2152746.1118611027,0.0
194220,0.0,0.0,0.996555780951657,2151974.010227762,0.0
194280,0.0,0.0,0.996555780951657,2154176.904446816,0.0
194340,0.0,0.0,0.996555780951657,2155375.9103829763,0.0
194400,0.0,0.0,0.996555780951657,2154465.8637172375,0.0
194460,0.0,0.0,0.996555780951657,2154663.8672240805,0.0
194520,0.0,0.0,0.996555780951657,2150103.598272123,0.0
194580,0.0,0.0,0.996555780951657,2153079.93466228,0.0
194640,0.0,0.0,0.996555780951657,2156772.903874557,0.0
194700,0.0,0.0,0.996555780951657,2155278.7153385594,0.0
194760,0.0,0.0,0.996555780951657,2155572.745518316,0.0
194820,0.0,0.0,0.996555780951657,2151729.6053198352,0.0
194880,0.0,0.0,0.996555780951657,2152357.705926248,0.0
194940,0.0,0.0,0.996555780951657,2155017.04934977,0.0
195000,0.0,0.0,0.996555780951657,2155934.413596938,0.0
195060,0.0,0.0,0.996555780951657,2154702.2228379785,0.0
195120,0.0,0.0,0.996555780951657,2151147.5002864487,0.0
195180,0.0,0.0,0.996555780951657,2152418.221513237,0.0
195240,0.0,0.0,0.996555780951657,2155846.9448694866,0.0
195300,0.0,0.0,0.996555780951657,2155388.435921936,0.0
195360,0.0,0.0,0.996555780951657,2156022.1611695825,0.0
195420,0.0,0.0,0.996555780951657,2150774.024859546,0.0
195480,0.0,0.0,0.996555780951657,2152932.7069602706,0.0
195540,0.0,0.0,0.996555780951657,2153478.170190776,0.0
195600,0.0,0.0,0.996555780951657,2154705.056636951,0.0
195660,0.0,0.0,0.996555780951657,2157707.9355770075,0.0
195720,0.0,0.0,0.996555780951657,2153863.5516032465,0.0
195780,0.0,0.0,0.996555780951657,2152644.0951105244,0.0
195840,0.0,0.0,0.996555780951657,2152548.1178874425,0.0
195900,0.0,0.0,0.996555780951657,2154421.7329123663,0.0
195960,0.0,0.0,0.996555780951657,2155684.49876827,0.0
196020,0.0,0.0,0.996555780951657,2155592.979611558,0.0
196080,0.0,0.0,0.996555780951657,2150338.4651828455,0.0
196140,0.0,0.0,0.996555780951657,2152401.779244243,0.0
196200,0.0,0.0,0.996555780951657,2154790.9596594507,0.0
196260,0.0,0.0,0.996555780951657,2155253.270529918,0.0
196320,0.0,0.0,0.996555780951657,2156971.1150024757,0.0
196380,0.0,0.0,0.996555780951657,2149734.39863875,0.0
196440,0.0,0.0,0.996555780951657,2152274.026481134,0.0
196500,0.0,0.0,0.996555780951657,2153096.0666526738,0.0
196560,0.0,0.0,0.996555780951657,2157326.595931607,0.0
196620,0.0,0.0,0.996555780951657,2155240.8432740397,0.0
196680,0.0,0.0,0.996555780951657,2155573.357156223,0.0
196740,0.0,0.0,0.996555780951657,2151700.9700106964,0.0
196800,0.0,0.0,0.996555780951657,2152460.1137409816,0.0
196860,0.0,0.0,0.996555780951657,2155048.839082229,0.0
196920,0.0,0.0,0.996555780951657,2155867.753854676,0.0
196980,0.0,0.0,0.996555780951657,2153333.786123831,0.0
197040,0.0,0.0,0.996555780951657,2153835.715492491,0.0
197100,0.0,0.0,0.996555780951657,2151165.8967085457,0.0
197160,0.0,0.0,0.996555780951657,2153756.9237238327,0.0
197220,0.0,0.0,0.996555780951657,2157425.8756023133,0.0
197280,0.0,0.0,0.996555780951657,2154977.5333792837,0.0
197340,0.0,0.0,0.996555780951657,2154296.1195014543,0.0
197400,0.0,0.0,0.996555780951657,2151453.550860779,0.0
197460,0.0,0.0,0.996555780951657,2153073.873398752,0.0
197520,0.0,0.0,0.996555780951657,2158032.620364315,0.0
197580,0.0,0.0,0.996555780951657,2154976.7387669645,0.0
197640,0.0,0.0,0.996555780951657,2155487.5717848586,0.0
197700,0.0,0.0,0.996555780951657,2148916.3871437707,0.0
197760,0.0,0.0,0.996555780951657,2152618.398141233,0.0
197820,0.0,0.0,0.996555780951657,2154457.0069510005,0.0
197880,0.0,0.0,0.996555780951657,2155440.3868322563,0.0
197940,0.0,0.0,0.996555780951657,2155584.279125114,0.0
198000,0.0,0.0,0.996555780951657,2149956.070644447,0.0
198060,0.0,0.0,0.996555780951657,2152565.5311058266,0.0
198120,0.0,0.0,0.996555780951657,2155034.161333786,0.0
198180,0.0,0.0,0.996555780951657,2155144.6173640387,0.0
198240,0.0,0.0,0.996555780951657,2157115.6208497942,0.0
198300,0.0,0.0,0.996555780951657,2152995.2747801337,0.0
198360,0.0,0.0,0.996555780951657,2152034.4499472585,0.0
198420,0.0,0.0,0.996555780951657,2153584.9636557004,0.0
198480,0.0,0.0,0.996555780951657,2155194.4579165764,0.0
198540,0.0,0.0,0.996555780951657,2155180.7520437962,0.0
198600,0.0,0.0,0.996555780951657,2154968.695202212,0.0
198660,0.0,0.0,0.996555780951657,2150012.4232180538,0.0
198720,0.0,0.0,0.996555780951657,2152699.429642693,0.0
198780,0.0,0.0,0.996555780951657,2156017.3901332356,0.0
198840,0.0,0.0,0.996555780951657,2155766.694471887,0.0
198900,0.0,0.0,0.996555780951657,2155073.372265021,0.0
198960,0.0,0.0,0.996555780951657,2151808.3571395744,0.0
199020,0.0,0.0,0.996555780951657,2151842.871907802,0.0
199080,0.0,0.0,0.996555780951657,2153745.3659535963,0.0
199140,0.0,0.0,0.996555780951657,2157802.0244014747,0.0
199200,0.0,0.0,0.996555780951657,2154814.1302262302,0.0
199260,0.0,0.0,0.996555780951657,2154509.13822899,0.0
199320,0.0,0.0,0.996555780951657,2151527.349492103,0.0
199380,0.0,0.0,0.996555780951657,2153127.7395866974,0.0
199440,0.0,0.0,0.996555780951657,2155622.0132173747,0.0
199500,0.0,0.0,0.996555780951657,2155998.6455666567,0.0
199560,0.0,0.0,0.996555780951657,2152081.776342432,0.0
199620,0.0,0.0,0.996555780951657,2153030.661957949,0.0
199680,0.0,0.0,0.996555780951657,2152567.2596443733,0.0
199740,0.0,0.0,0.996555780951657,2154460.437258265,0.0
199800,0.0,0.0,0.996555780951657,2157597.834416302,0.0
199860,0.0,0.0,0.996555780951657,2154385.5095557733,0.0
199920,0.0,0.0,0.996555780951657,2153079.9849439263,0.0
199980,0.0,0.0,0.996555780951657,2151815.727256424,0.0
200040,0.0,0.0,0.996555780951657,2154003.3819052028,0.0
200100,0.0,0.0,0.996555780951657,2156488.3571205772,0.0
200160,0.0,0.0,0.996555780951657,2153946.304227465,0.0
200220,0.0,0.0,0.996555780951657,2153174.5250515398,0.0
200280,0.0,0.0,0.996555780951657,2151977.322382282,0.0
200340,0.0,0.0,0.996555780951657,2153665.4498719242,0.0
200400,0.0,0.0,0.996555780951657,2155070.4695915347,0.0
200460,0.0,0.0,0.996555780951657,2154910.3267634064,0.0
200520,0.0,0.0,0.996555780951657,2155023.356083179,0.0
200580,0.0,0.0,0.996555780951657,2149818.133124066,0.0
200640,0.0,0.0,0.996555780951657,2152814.820214159,0.0
200700,0.0,0.0,0.996555780951657,2156279.4621979897,0.0
200760,0.0,0.0,0.996555780951657,2155315.8261169656,0.0
200820,0.0,0.0,0.996555780951657,2156144.3611521986,0.0
200880,0.0,0.0,0.996555780951657,2152113.186613681,0.0
200940,0.0,0.0,0.996555780951657,2152120.990357229,0.0
201000,0.0,0.0,0.996555780951657,2154589.2450657263,0.0
201060,0.0,0.0,0.996555780951657,2155759.17727361,0.0
201120,0.0,0.0,0.996555780951657,2155539.241139417,0.0
201180,0.0,0.0,0.996555780951657,2151642.9550074176,0.0
201240,0.0,0.0,0.996555780951657,2152514.6138109784,0.0
201300,0.0,0.0,0.996555780951657,2155019.554058207,0.0
201360,0.0,0.0,0.996555780951657,2155327.0035305456,0.0
201420,0.0,0.0,0.996555780951657,2156072.2795223435,0.0
201480,0.0,0.0,0.996555780951657,2151414.995723356,0.0
201540,0.0,0.0,0.996555780951657,2153232.6552518434,0.0
201600,0.0,0.0,0.996555780951657,2152720.4100097525,0.0
201660,0.0,0.0,0.996555780951657,2154431.424566036,0.0
201720,0.0,0.0,0.996555780951657,2157810.3015793283,0.0
201780,0.0,0.0,0.996555780951657,2154232.2780724415,0.0
201840,0.0,0.0,0.996555780951657,2153121.2470157933,0.0
201900,0.0,0.0,0.996555780951657,2152112.3660093388,0.0
201960,0.0,0.0,0.996555780951657,2154016.981003665,0.0
202020,0.0,0.0,0.996555780951657,2155783.508679461,0.0
202080,0.0,0.0,0.996555780951657,2155798.7844432327,0.0
202140,0.0,0.0,0.996555780951657,2150842.5272138207,0.0
202200,0.0,0.0,0.996555780951657,2152439.7736980007,0.0
202260,0.0,0.0,0.996555780951657,2154107.623615629,0.0
202320,0.0,0.0,0.996555780951657,2155065.656196914,0.0
202380,0.0,0.0,0.996555780951657,2157266.3886395404,0.0
202440,0.0,0.0,0.996555780951657,2150427.213695116,0.0
202500,0.0,0.0,0.996555780951657,2152526.552037463,0.0
202560,0.0,0.0,0.996555780951657,2152564.236968412,0.0
202620,0.0,0.0,0.996555780951657,2157140.200288837,0.0
202680,0.0,0.0,0.996555780951657,2155267.4362286576,0.0
202740,0.0,0.0,0.996555780951657,2156164.77534476,0.0
202800,0.0,0.0,0.996555780951657,2152051.7452323595,0.0
202860,0.0,0.0,0.996555780951657,2152261.170610223,0.0
202920,0.0,0.0,0.996555780951657,2154668.723557664,0.0
202980,0.0,0.0,0.996555780951657,2155705.973909291,0.0
203040,0.0,0.0,0.996555780951657,2153904.0467878943,0.0
203100,0.0,0.0,0.996555780951657,2154214.156583464,0.0
203160,0.0,0.0,0.996555780951657,2150619.2873430448,0.0
203220,0.0,0.0,0.996555780951657,2153427.210817942,0.0
203280,0.0,0.0,0.996555780951657,2157164.5069043883,0.0
203340,0.0,0.0,0.996555780951657,2155167.16597986,0.0
203400,0.0,0.0,0.996555780951657,2154884.5983687453,0.0
203460,0.0,0.0,0.996555780951657,2151459.622392456,0.0
203520,0.0,0.0,0.996555780951657,2152704.4937174353,0.0
203580,0.0,0.0,0.996555780951657,2157752.95965128,0.0
203640,0.0,0.0,0.996555780951657,2155146.5544165643,0.0
203700,0.0,0.0,0.996555780951657,2155871.9113854715,0.0
203760,0.0,0.0,0.996555780951657,2148658.631162503,0.0
203820,0.0,0.0,0.996555780951657,2152230.6854304853,0.0
203880,0.0,0.0,0.996555780951657,2154063.1684830566,0.0
203940,0.0,0.0,0.996555780951657,2155593.616239632,0.0
204000,0.0,0.0,0.996555780951657,2155752.088209738,0.0
204060,0.0,0.0,0.996555780951657,2150410.349530294,0.0
204120,0.0,0.0,0.996555780951657,2152617.078280598,0.0
204180,0.0,0.0,0.996555780951657,2154354.9924840946,0.0
204240,0.0,0.0,0.996555780951657,2154984.841512084,0.0
204300,0.0,0.0,0.996555780951657,2157417.257780507,0.0
204360,0.0,0.0,0.996555780951657,2153407.1506884526,0.0
204420,0.0,0.0,0.996555780951657,2152208.5843478525,0.0
204480,0.0,0.0,0.996555780951657,2153094.2555820285,0.0
204540,0.0,0.0,0.996555780951657,2154866.641067231,0.0
204600,0.0,0.0,0.996555780951657,2155480.5267688674,0.0
204660,0.0,0.0,0.996555780951657,2155281.156568729,0.0
204720,0.0,0.0,0.996555780951657,2150052.1886026757,0.0
204780,0.0,0.0,0.996555780951657,2152495.8523535435,0.0
204840,0.0,0.0,0.996555780951657,2155472.4494553604,0.0
204900,0.0,0.0,0.996555780951657,2156065.195409958,0.0
204960,0.0,0.0,0.996555780951657,2155286.516883831,0.0
205020,0.0,0.0,0.996555780951657,2152381.908026159,0.0
205080,0.0,0.0,0.996555780951657,2151065.8293024255,0.0
205140,0.0,0.0,0.996555780951657,2153445.147433748,0.0
205200,0.0,0.0,0.996555780951657,2157564.520795089,0.0
205260,0.0,0.0,0.996555780951657,2154995.1599290348,0.0
205320,0.0,0.0,0.996555780951657,2155081.8007969675,0.0
205380,0.0,0.0,0.996555780951657,2151501.4776274976,0.0
205440,0.0,0.0,0.996555780951657,2152785.666486733,0.0
205500,0.0,0.0,0.996555780951657,2155417.964365297,0.0
205560,0.0,0.0,0.996555780951657,2155983.5458739703,0.0
205620,0.0,0.0,0.996555780951657,2152693.2652733093,0.0
205680,0.0,0.0,0.996555780951657,2153360.9846950704,0.0
205740,0.0,0.0,0.996555780951657,2151904.3757499103,0.0
205800,0.0,0.0,0.996555780951657,2154153.3026055475,0.0
205860,0.0,0.0,0.996555780951657,2157560.1068697786,0.0
205920,0.0,0.0,0.996555780951657,2154697.2024260084,0.0
205980,0.0,0.0,0.996555780951657,2153599.091974359,0.0
206040,0.0,0.0,0.996555780951657,2150966.3075351072,0.0
206100,0.0,0.0,0.996555780951657,2153650.168490835,0.0
206160,0.0,0.0,0.996555780951657,2156231.1310570333,0.0
206220,0.0,0.0,0.996555780951657,2154754.6984574283,0.0
206280,0.0,0.0,0.996555780951657,2153551.1449586693,0.0
206340,0.0,0.0,0.996555780951657,2152118.7459509294,0.0
206400,0.0,0.0,0.996555780951657,2153190.064895356,0.0
206460,0.0,0.0,0.996555780951657,2154763.9729231303,0.0
206520,0.0,0.0,0.996555780951657,2155244.268683214,0.0
206580,0.0,0.0,0.996555780951657,2155304.6645522406,0.0
206640,0.0,0.0,0.996555780951657,2149760.509386553,0.0
206700,0.0,0.0,0.996555780951657,2152635.8053918052,0.0
206760,0.0,0.0,0.996555780951657,2155742.7605401315,0.0
206820,0.0,0.0,0.996555780951657,2155291.1027450445,0.0
206880,0.0,0.0,0.996555780951657,2156597.2680557957,0.0
206940,0.0,0.0,0.996555780951657,2152499.677343973,0.0
207000,0.0,0.0,0.996555780951657,2151997.7900078525,0.0
207060,0.0,0.0,0.996555780951657,2154149.072049582,0.0
207120,0.0,0.0,0.996555780951657,2155543.9779867753,0.0
207180,0.0,0.0,0.996555780951657,2154767.343919059,0.0
207240,0.0,0.0,0.996555780951657,2154533.326959291,0.0
207300,0.0,0.0,0.996555780951657,2150242.2543864194,0.0
207360,0.0,0.0,0.996555780951657,2153672.229874877,0.0
207420,0.0,0.0,0.996555780951657,2154712.306659726,0.0
207480,0.0,0.0,0.996555780951657,2158029.9769651485,0.0
207540,0.0,0.0,0.996555780951657,2151835.022793212,0.0
207600,0.0,0.0,0.996555780951657,2153499.349517945,0.0
207660,0.0,0.0,0.996555780951657,2152040.744776606,0.0
207720,0.0,0.0,0.996555780951657,2154106.1107407617,0.0
207780,0.0,0.0,0.996555780951657,2157776.543192197,0.0
207840,0.0,0.0,0.996555780951657,2154570.309494396,0.0
207900,0.0,0.0,0.996555780951657,2153683.393422532,0.0
207960,0.0,0.0,0.996555780951657,2151753.679331158,0.0
208020,0.0,0.0,0.996555780951657,2153590.451705473,0.0
208080,0.0,0.0,0.996555780951657,2155773.602641024,0.0
208140,0.0,0.0,0.996555780951657,2155941.209186768,0.0
208200,0.0,0.0,0.996555780951657,2151430.70806734,0.0
208260,0.0,0.0,0.996555780951657,2152647.33262218,0.0
208320,0.0,0.0,0.996555780951657,2153376.160576872,0.0
208380,0.0,0.0,0.996555780951657,2154810.9328306303,0.0
208440,0.0,0.0,0.996555780951657,2157471.3652150016,0.0
208500,0.0,0.0,0.996555780951657,2151196.0674369354,0.0
208560,0.0,0.0,0.996555780951657,2152858.346344583,0.0
208620,0.0,0.0,0.996555780951657,2152059.9608398066,0.0
208680,0.0,0.0,0.996555780951657,2156800.974075599,0.0
208740,0.0,0.0,0.996555780951657,2155223.691280135,0.0
208800,0.0,0.0,0.996555780951657,2156721.3911138177,0.0
208860,0.0,0.0,0.996555780951657,2152452.5172449653,0.0
208920,0.0,0.0,0.996555780951657,2152161.9055815004,0.0
208980,0.0,0.0,0.996555780951657,2154220.1293110126,0.0
209040,0.0,0.0,0.996555780951657,2155476.411067809,0.0
209100,0.0,0.0,0.996555780951657,2154425.1046355665,0.0
209160,0.0,0.0,0.996555780951657,2154593.7319460893,0.0
209220,0.0,0.0,0.996555780951657,2150177.5841827523,0.0
209280,0.0,0.0,0.996555780951657,2153111.122380294,0.0
209340,0.0,0.0,0.996555780951657,2156796.448258738,0.0
209400,0.0,0.0,0.996555780951657,2155289.6435184074,0.0
209460,0.0,0.0,0.996555780951657,2155474.506208077,0.0
209520,0.0,0.0,0.996555780951657,2151686.2909103967,0.0
209580,0.0,0.0,0.996555780951657,2152380.5594554893,0.0
209640,0.0,0.0,0.996555780951657,2155058.1045556692,0.0
209700,0.0,0.0,0.996555780951657,2155960.488806596,0.0
209760,0.0,0.0,0.996555780951657,2154643.063749371,0.0
209820,0.0,0.0,0.996555780951657,2151132.6482147356,0.0
209880,0.0,0.0,0.996555780951657,2152393.174056668,0.0
209940,0.0,0.0,0.996555780951657,2155856.358780724,0.0
210000,0.0,0.0,0.996555780951657,2155415.721404309,0.0
210060,0.0,0.0,0.996555780951657,2156019.329224409,0.0
210120,0.0,0.0,0.996555780951657,2150788.3693172396,0.0
210180,0.0,0.0,0.996555780951657,2152881.1812369963,0.0
210240,0.0,0.0,0.996555780951657,2153522.0190806673,0.0
210300,0.0,0.0,0.996555780951657,2154737.1959797908,0.0
210360,0.0,0.0,0.996555780951657,2157667.0041411594,0.0
210420,0.0,0.0,0.996555780951657,2153844.9443125958,0.0
210480,0.0,0.0,0.996555780951657,2152596.5835144976,0.0
210540,0.0,0.0,0.996555780951657,2152568.0740592293,0.0
210600,0.0,0.0,0.996555780951657,2154452.7428460224,0.0
210660,0.0,0.0,0.996555780951657,2155695.101714923,0.0
210720,0.0,0.0,0.996555780951657,2155578.1069641854,0.0
210780,0.0,0.0,0.996555780951657,2150356.4342933926,0.0
210840,0.0,0.0,0.996555780951657,2152386.5003690794,0.0
210900,0.0,0.0,0.996555780951657,2154805.055152935,0.0
210960,0.0,0.0,0.996555780951657,2156248.789629895,0.0
211020,0.0,0.0,0.996555780951657,2155455.016958343,0.0
211080,0.0,0.0,0.996555780951657,2153125.567442876,0.0
211140,0.0,0.0,0.996555780951657,2150304.2171687377,0.0
211200,0.0,0.0,0.996555780951657,2153139.242307624,0.0
211260,0.0,0.0,0.996555780951657,2157198.9632091653,0.0
211320,0.0,0.0,0.996555780951657,2155116.208437252,0.0
211380,0.0,0.0,0.996555780951657,2155711.3416409013,0.0
211440,0.0,0.0,0.996555780951657,2151701.8879941734,0.0
211500,0.0,0.0,0.996555780951657,2152466.7169690942,0.0
211560,0.0,0.0,0.996555780951657,2155100.366428332,0.0
211620,0.0,0.0,0.996555780951657,2155889.701880716,0.0
211680,0.0,0.0,0.996555780951657,2153324.3492336036,0.0
211740,0.0,0.0,0.996555780951657,2153762.408385533,0.0
211800,0.0,0.0,0.996555780951657,2151236.5522302533,0.0
211860,0.0,0.0,0.996555780951657,2153798.1566566955,0.0
211920,0.0,0.0,0.996555780951657,2157416.743062526,0.0
211980,0.0,0.0,0.996555780951657,2154970.7001138646,0.0
212040,0.0,0.0,0.996555780951657,2154211.332643438,0.0
212100,0.0,0.0,0.996555780951657,2150130.0686123604,0.0
212160,0.0,0.0,0.996555780951657,2153266.6308065522,0.0
212220,0.0,0.0,0.996555780951657,2155875.78017686,0.0
212280,0.0,0.0,0.996555780951657,2155526.9690822302,0.0
212340,0.0,0.0,0.996555780951657,2153936.5513077886,0.0
212400,0.0,0.0,0.996555780951657,2152449.4286902635,0.0
212460,0.0,0.0,0.996555780951657,2152691.350400485,0.0
212520,0.0,0.0,0.996555780951657,2154398.3419890176,0.0
212580,0.0,0.0,0.996555780951657,2155495.7693722835,0.0
212640,0.0,0.0,0.996555780951657,2155561.0332470993,0.0
212700,0.0,0.0,0.996555780951657,2149926.817609481,0.0
212760,0.0,0.0,0.996555780951657,2152542.3386718812,0.0
212820,0.0,0.0,0.996555780951657,2155106.4042106094,0.0
212880,0.0,0.0,0.996555780951657,2155191.8691250295,0.0
212940,0.0,0.0,0.996555780951657,2157017.284214909,0.0
213000,0.0,0.0,0.996555780951657,2152931.8348835562,0.0
213060,0.0,0.0,0.996555780951657,2151997.932408215,0.0
213120,0.0,0.0,0.996555780951657,2153649.068897613,0.0
213180,0.0,0.0,0.996555780951657,2155254.7363769305,0.0
213240,0.0,0.0,0.996555780951657,2155169.353660745,0.0
213300,0.0,0.0,0.996555780951657,2154907.875020111,0.0
213360,0.0,0.0,0.996555780951657,2150054.070830153,0.0
213420,0.0,0.0,0.996555780951657,2153015.2925298214,0.0
213480,0.0,0.0,0.996555780951657,2154393.6413104446,0.0
213540,0.0,0.0,0.996555780951657,2158319.737008959,0.0
213600,0.0,0.0,0.996555780951657,2152479.9913890962,0.0
213660,0.0,0.0,0.996555780951657,2153872.361015002,0.0
213720,0.0,0.0,0.996555780951657,2151318.402926177,0.0
213780,0.0,0.0,0.996555780951657,2153799.9531637453,0.0
213840,0.0,0.0,0.996555780951657,2157638.435110278,0.0
213900,0.0,0.0,0.996555780951657,2154827.791936814,0.0
213960,0.0,0.0,0.996555780951657,2154268.3571334705,0.0
214020,0.0,0.0,0.996555780951657,2151535.2513544476,0.0
214080,0.0,0.0,0.996555780951657,2153200.3443236877,0.0
214140,0.0,0.0,0.996555780951657,2155666.4426140524,0.0
214200,0.0,0.0,0.996555780951657,2156007.7208500747,0.0
214260,0.0,0.0,0.996555780951657,2152040.40084904,0.0
214320,0.0,0.0,0.996555780951657,2152933.731540976,0.0
214380,0.0,0.0,0.996555780951657,2152674.8154242923,0.0
214440,0.0,0.0,0.996555780951657,2154526.7687407252,0.0
214500,0.0,0.0,0.996555780951657,2157556.502527725,0.0
214560,0.0,0.0,0.996555780951657,2151980.1136227823,0.0
214620,0.0,0.0,0.996555780951657,2153204.3106470876,0.0
214680,0.0,0.0,0.996555780951657,2151644.6770971734,0.0
214740,0.0,0.0,0.996555780951657,2156330.1361499354,0.0
214800,0.0,0.0,0.996555780951657,2155124.6658833106,0.0
214860,0.0,0.0,0.996555780951657,2157174.33571751,0.0
214920,0.0,0.0,0.996555780951657,2152852.467059229,0.0
214980,0.0,0.0,0.996555780951657,2152184.4404760925,0.0
215040,0.0,0.0,0.996555780951657,2153753.2656824896,0.0
215100,0.0,0.0,0.996555780951657,2155207.591712548,0.0
215160,0.0,0.0,0.996555780951657,2154861.1300627803,0.0
215220,0.0,0.0,0.996555780951657,2154930.3044466334,0.0
215280,0.0,0.0,0.996555780951657,2149906.1718443274,0.0
215340,0.0,0.0,0.996555780951657,2152847.156467846,0.0
215400,0.0,0.0,0.996555780951657,2156347.227121084,0.0
215460,0.0,0.0,0.996555780951657,2155342.159567473,0.0
215520,0.0,0.0,0.996555780951657,2156001.7710736194,0.0
215580,0.0,0.0,0.996555780951657,2152035.230910156,0.0
215640,0.0,0.0,0.996555780951657,2152139.76556566,0.0
215700,0.0,0.0,0.996555780951657,2154664.9489404187,0.0
215760,0.0,0.0,0.996555780951657,2155811.5090846163,0.0
215820,0.0,0.0,0.996555780951657,2155423.2820803598,0.0
215880,0.0,0.0,0.996555780951657,2151599.6277504736,0.0
215940,0.0,0.0,0.996555780951657,2152451.326875354,0.0
216000,0.0,0.0,0.996555780951657,2155081.3532240684,0.0
216060,0.0,0.0,0.996555780951657,2155370.8658765,0.0
216120,0.0,0.0,0.996555780951657,2156080.192368124,0.0
216180,0.0,0.0,0.996555780951657,2151402.7763066976,0.0
216240,0.0,0.0,0.996555780951657,2153149.047085272,0.0
216300,0.0,0.0,0.996555780951657,2152811.1339003234,0.0
216360,0.0,0.0,0.996555780951657,2154484.2353875893,0.0
216420,0.0,0.0,0.996555780951657,2157765.0720632155,0.0
216480,0.0,0.0,0.996555780951657,2154201.2166751865,0.0
216540,0.0,0.0,0.996555780951657,2153031.285586325,0.0
216600,0.0,0.0,0.996555780951657,2152148.3246845347,0.0
216660,0.0,0.0,0.996555780951657,2154071.131400692,0.0
216720,0.0,0.0,0.996555780951657,2155797.6494143503,0.0
216780,0.0,0.0,0.996555780951657,2155780.9329141355,0.0
216840,0.0,0.0,0.996555780951657,2150840.7563167755,0.0
216900,0.0,0.0,0.996555780951657,2152402.899800905,0.0
216960,0.0,0.0,0.996555780951657,2154157.355196677,0.0
217020,0.0,0.0,0.996555780951657,2156295.182038811,0.0
217080,0.0,0.0,0.996555780951657,2155548.2610339397,0.0
217140,0.0,0.0,0.996555780951657,2153848.912441408,0.0
217200,0.0,0.0,0.996555780951657,2149755.3149910998,0.0
217260,0.0,0.0,0.996555780951657,2152905.7737775575,0.0
217320,0.0,0.0,0.996555780951657,2156754.378659234,0.0
217380,0.0,0.0,0.996555780951657,2155169.2693340424,0.0
217440,0.0,0.0,0.996555780951657,2156227.0019431086,0.0
217500,0.0,0.0,0.996555780951657,2152029.0312793283,0.0
217560,0.0,0.0,0.996555780951657,2152245.1207527053,0.0
217620,0.0,0.0,0.996555780951657,2154743.5895099686,0.0
217680,0.0,0.0,0.996555780951657,2155747.533589118,0.0
217740,0.0,0.0,0.996555780951657,2153880.7434852226,0.0
217800,0.0,0.0,0.996555780951657,2154124.935039592,0.0
217860,0.0,0.0,0.996555780951657,2150708.1032728394,0.0
217920,0.0,0.0,0.996555780951657,2153476.3722128947,0.0
217980,0.0,0.0,0.996555780951657,2157173.974816208,0.0
218040,0.0,0.0,0.996555780951657,2155165.1697540265,0.0
218100,0.0,0.0,0.996555780951657,2154771.850615779,0.0
218160,0.0,0.0,0.996555780951657,2151439.878712523,0.0
218220,0.0,0.0,0.996555780951657,2152746.7704595076,0.0
218280,0.0,0.0,0.996555780951657,2157717.0637980667,0.0
218340,0.0,0.0,0.996555780951657,2155161.0026105517,0.0
218400,0.0,0.0,0.996555780951657,2155804.612794928,0.0
218460,0.0,0.0,0.996555780951657,2148749.376433475,0.0
218520,0.0,0.0,0.996555780951657,2152262.848292209,0.0
218580,0.0,0.0,0.996555780951657,2154118.968361479,0.0
218640,0.0,0.0,0.996555780951657,2155609.431826721,0.0
218700,0.0,0.0,0.996555780951657,2155739.2685177065,0.0
218760,0.0,0.0,0.996555780951657,2150420.3007079517,0.0
218820,0.0,0.0,0.996555780951657,2152578.003503165,0.0
218880,0.0,0.0,0.996555780951657,2154399.6882613,0.0
218940,0.0,0.0,0.996555780951657,2155018.395534922,0.0
219000,0.0,0.0,0.996555780951657,2157364.4835587903,0.0
219060,0.0,0.0,0.996555780951657,2153378.378140187,0.0
219120,0.0,0.0,0.996555780951657,2152168.392341664,0.0
219180,0.0,0.0,0.996555780951657,2153123.177956926,0.0
219240,0.0,0.0,0.996555780951657,2154902.5651955684,0.0
219300,0.0,0.0,0.996555780951657,2155486.7896546256,0.0
219360,0.0,0.0,0.996555780951657,2155254.5264455094,0.0
219420,0.0,0.0,0.996555780951657,2150074.425398204,0.0
219480,0.0,0.0,0.996555780951657,2152344.697304608,0.0
219540,0.0,0.0,0.996555780951657,2154042.520206184,0.0
219600,0.0,0.0,0.996555780951657,2158487.823614396,0.0
219660,0.0,0.0,0.996555780951657,2153104.5658742054,0.0
219720,0.0,0.0,0.996555780951657,2154267.775049951,0.0
219780,0.0,0.0,0.996555780951657,2150646.9270279203,0.0
219840,0.0,0.0,0.996555780951657,2153487.26219445,0.0
219900,0.0,0.0,0.996555780951657,2157388.534970956,0.0
219960,0.0,0.0,0.996555780951657,2155027.1949904584,0.0
220020,0.0,0.0,0.996555780951657,2154888.4782293304,0.0
220080,0.0,0.0,0.996555780951657,2151476.8816863154,0.0
220140,0.0,0.0,0.996555780951657,2152829.353795958,0.0
220200,0.0,0.0,0.996555780951657,2155458.3387529906,0.0
220260,0.0,0.0,0.996555780951657,2156003.9531584154,0.0
220320,0.0,0.0,0.996555780951657,2152671.092813249,0.0
220380,0.0,0.0,0.996555780951657,2153284.707555579,0.0
220440,0.0,0.0,0.996555780951657,2151979.016035491,0.0
220500,0.0,0.0,0.996555780951657,2154200.92162878,0.0
220560,0.0,0.0,0.996555780951657,2157538.366796979,0.0
220620,0.0,0.0,0.996555780951657,2154678.7765651545,0.0
220680,0.0,0.0,0.996555780951657,2153514.865915834,0.0
220740,0.0,0.0,0.996555780951657,2151037.2820938635,0.0
220800,0.0,0.0,0.996555780951657,2153689.769770199,0.0
220860,0.0,0.0,0.996555780951657,2156260.8388720467,0.0
220920,0.0,0.0,0.996555780951657,2154743.690295669,0.0
220980,0.0,0.0,0.996555780951657,2153517.755724044,0.0
221040,0.0,0.0,0.996555780951657,2152076.611491153,0.0
221100,0.0,0.0,0.996555780951657,2153224.236782588,0.0
221160,0.0,0.0,0.996555780951657,2154804.3614687785,0.0
221220,0.0,0.0,0.996555780951657,2155251.97790828,0.0
221280,0.0,0.0,0.996555780951657,2155277.0854315525,0.0
221340,0.0,0.0,0.996555780951657,2149792.6309075393,0.0
221400,0.0,0.0,0.996555780951657,2152631.37086628,0.0
221460,0.0,0.0,0.996555780951657,2155758.375559117,0.0
221520,0.0,0.0,0.996555780951657,2155311.2830021046,0.0
221580,0.0,0.0,0.996555780951657,2156546.8674281384,0.0
221640,0.0,0.0,0.996555780951657,2152476.5571737513,0.0
221700,0.0,0.0,0.996555780951657,2151988.901116149,0.0
221760,0.0,0.0,0.996555780951657,2154168.345026393,0.0
221820,0.0,0.0,0.996555780951657,2155566.4409822295,0.0
221880,0.0,0.0,0.996555780951657,2156220.849570019,0.0
221940,0.0,0.0,0.996555780951657,2152138.2176720463,0.0
222000,0.0,0.0,0.996555780951657,2152692.396680294,0.0
222060,0.0,0.0,0.996555780951657,2154173.140546397,0.0
222120,0.0,0.0,0.996555780951657,2155206.6141043324,0.0
222180,0.0,0.0,0.996555780951657,2156067.8279053946,0.0
222240,0.0,0.0,0.996555780951657,2152076.9204739993,0.0
222300,0.0,0.0,0.996555780951657,2153506.535959975,0.0
222360,0.0,0.0,0.996555780951657,2152047.040772762,0.0
222420,0.0,0.0,0.996555780951657,2154167.7474259185,0.0
222480,0.0,0.0,0.996555780951657,2157771.116649292,0.0
222540,0.0,0.0,0.996555780951657,2154539.9198132376,0.0
222600,0.0,0.0,0.996555780951657,2153599.508758549,0.0
222660,0.0,0.0,0.996555780951657,2151778.8974555894,0.0
222720,0.0,0.0,0.996555780951657,2153642.700940706,0.0
222780,0.0,0.0,0.996555780951657,2155794.803269866,0.0
222840,0.0,0.0,0.996555780951657,2155934.350109819,0.0
222900,0.0,0.0,0.996555780951657,2151423.4713853626,0.0
222960,0.0,0.0,0.996555780951657,2152590.915680319,0.0
223020,0.0,0.0,0.996555780951657,2153432.0794995725,0.0
223080,0.0,0.0,0.996555780951657,2156209.0720978538,0.0
223140,0.0,0.0,0.996555780951657,2155577.843144229,0.0
223200,0.0,0.0,0.996555780951657,2154659.3683722867,0.0
223260,0.0,0.0,0.996555780951657,2149352.5298756133,0.0
223320,0.0,0.0,0.996555780951657,2152724.149828402,0.0
223380,0.0,0.0,0.996555780951657,2156190.0558680077,0.0
223440,0.0,0.0,0.996555780951657,2155152.1591623034,0.0
223500,0.0,0.0,0.996555780951657,2156737.6096502664,0.0
223560,0.0,0.0,0.996555780951657,2152425.067693654,0.0
223620,0.0,0.0,0.996555780951657,2152106.771640246,0.0
223680,0.0,0.0,0.996555780951657,2154301.2784180716,0.0
223740,0.0,0.0,0.996555780951657,2155529.34975604,0.0
223800,0.0,0.0,0.996555780951657,2154405.799515651,0.0
223860,0.0,0.0,0.996555780951657,2154511.7496256684,0.0
223920,0.0,0.0,0.996555780951657,2150256.231242052,0.0
223980,0.0,0.0,0.996555780951657,2153150.467319056,0.0
224040,0.0,0.0,0.996555780951657,2156822.0218763566,0.0
224100,0.0,0.0,0.996555780951657,2155299.180802771,0.0
224160,0.0,0.0,0.996555780951657,2155362.8063975885,0.0
224220,0.0,0.0,0.996555780951657,2151637.0570171652,0.0
224280,0.0,0.0,0.996555780951657,2152410.619463105,0.0
224340,0.0,0.0,0.996555780951657,2157307.4929942344,0.0
224400,0.0,0.0,0.996555780951657,2155258.2332270816,0.0
224460,0.0,0.0,0.996555780951657,2156153.9753755964,0.0
224520,0.0,0.0,0.996555780951657,2148736.065621886,0.0
224580,0.0,0.0,0.996555780951657,2151936.9024808016,0.0
224640,0.0,0.0,0.996555780951657,2153705.339778458,0.0
224700,0.0,0.0,0.996555780951657,2155664.8572249403,0.0
224760,0.0,0.0,0.996555780951657,2155861.117642961,0.0
224820,0.0,0.0,0.996555780951657,2150973.9282786166,0.0
224880,0.0,0.0,0.996555780951657,2152756.6178163635,0.0
224940,0.0,0.0,0.996555780951657,2153682.247553753,0.0
225000,0.0,0.0,0.996555780951657,2154804.496251979,0.0
225060,0.0,0.0,0.996555780951657,2157587.754456414,0.0
225120,0.0,0.0,0.996555780951657,2153784.4812462768,0.0
225180,0.0,0.0,0.996555780951657,2152487.6038684067,0.0
225240,0.0,0.0,0.996555780951657,2152638.537483505,0.0
225300,0.0,0.0,0.996555780951657,2154533.5119094183,0.0
225360,0.0,0.0,0.996555780951657,2155698.4559248583,0.0
225420,0.0,0.0,0.996555780951657,2155532.666307037,0.0
225480,0.0,0.0,0.996555780951657,2150349.2950980165,0.0
225540,0.0,0.0,0.996555780951657,2151741.4158811816,0.0
225600,0.0,0.0,0.996555780951657,2153704.0462491945,0.0
225660,0.0,0.0,0.996555780951657,2158498.7468801,0.0
225720,0.0,0.0,0.996555780951657,2153666.322161702,0.0
225780,0.0,0.0,0.996555780951657,2154631.0309350705,0.0
225840,0.0,0.0,0.996555780951657,2150109.036158799,0.0
225900,0.0,0.0,0.996555780951657,2153208.3957731337,0.0
225960,0.0,0.0,0.996555780951657,2157041.7064027647,0.0
226020,0.0,0.0,0.996555780951657,2155157.390743972,0.0
226080,0.0,0.0,0.996555780951657,2155467.412795021,0.0
226140,0.0,0.0,0.996555780951657,2151617.391208815,0.0
226200,0.0,0.0,0.996555780951657,2152519.459044008,0.0
226260,0.0,0.0,0.996555780951657,2155175.1992664747,0.0
226320,0.0,0.0,0.996555780951657,2155935.0840601814,0.0
226380,0.0,0.0,0.996555780951657,2153272.663345735,0.0
226440,0.0,0.0,0.996555780951657,2153648.2894759662,0.0
226500,0.0,0.0,0.996555780951657,2151356.1781458687,0.0
226560,0.0,0.0,0.996555780951657,2153869.9570032684,0.0
226620,0.0,0.0,0.996555780951657,2157412.143777133,0.0
226680,0.0,0.0,0.996555780951657,2154948.7590390295,0.0
226740,0.0,0.0,0.996555780951657,2154073.5143027054,0.0
226800,0.0,0.0,0.996555780951657,2150262.0414105617,0.0
226860,0.0,0.0,0.996555780951657,2153326.1622592974,0.0
226920,0.0,0.0,0.996555780951657,2155939.1747614765,0.0
226980,0.0,0.0,0.996555780951657,2155475.329575993,0.0
227040,0.0,0.0,0.996555780951657,2153886.204474118,0.0
227100,0.0,0.0,0.996555780951657,2152359.6042906092,0.0
227160,0.0,0.0,0.996555780951657,2152750.351290208,0.0
227220,0.0,0.0,0.996555780951657,2154465.132636208,0.0
227280,0.0,0.0,0.996555780951657,2155501.5590736335,0.0
227340,0.0,0.0,0.996555780951657,2155526.477591793,0.0
227400,0.0,0.0,0.996555780951657,2149947.439774883,0.0
227460,0.0,0.0,0.996555780951657,2152523.720737112,0.0
227520,0.0,0.0,0.996555780951657,2155159.672197502,0.0
227580,0.0,0.0,0.996555780951657,2155227.071928122,0.0
227640,0.0,0.0,0.996555780951657,2156942.7136930195,0.0
227700,0.0,0.0,0.996555780951657,2152887.092606192,0.0
227760,0.0,0.0,0.996555780951657,2151971.6160627557,0.0
227820,0.0,0.0,0.996555780951657,2153693.0069047315,0.0
227880,0.0,0.0,0.996555780951657,2155298.444822544,0.0
227940,0.0,0.0,0.996555780951657,2156849.276839195,0.0
228000,0.0,0.0,0.996555780951657,2152640.048642918,0.0
228060,0.0,0.0,0.996555780951657,2152996.5427369694,0.0
228120,0.0,0.0,0.996555780951657,2153296.920627742,0.0
228180,0.0,0.0,0.996555780951657,2154982.0788704166,0.0
228240,0.0,0.0,0.996555780951657,2155995.1949226176,0.0
228300,0.0,0.0,0.996555780951657,2152707.5729479585,0.0
228360,0.0,0.0,0.996555780951657,2153837.479646823,0.0
228420,0.0,0.0,0.996555780951657,2151396.7935323776,0.0
228480,0.0,0.0,0.996555780951657,2153870.2774682865,0.0
228540,0.0,0.0,0.996555780951657,2157656.6882410212,0.0
228600,0.0,0.0,0.996555780951657,2154800.220000092,0.0
228660,0.0,0.0,0.996555780951657,2154147.367419217,0.0
228720,0.0,0.0,0.996555780951657,2151551.054778249,0.0
228780,0.0,0.0,0.996555780951657,2153262.840616687,0.0
228840,0.0,0.0,0.996555780951657,2155702.0936437356,0.0
228900,0.0,0.0,0.996555780951657,2156011.015786563,0.0
228960,0.0,0.0,0.996555780951657,2152013.9060125593,0.0
229020,0.0,0.0,0.996555780951657,2152853.3874936053,0.0
229080,0.0,0.0,0.996555780951657,2152759.348813287,0.0
229140,0.0,0.0,0.996555780951657,2154581.415712741,0.0
229200,0.0,0.0,0.996555780951657,2157518.968875876,0.0
229260,0.0,0.0,0.996555780951657,2151994.5636046547,0.0
229320,0.0,0.0,0.996555780951657,2153136.3701068643,0.0
229380,0.0,0.0,0.996555780951657,2151689.61734535,0.0
229440,0.0,0.0,0.996555780951657,2156329.058167966,0.0
229500,0.0,0.0,0.996555780951657,2155160.9128684625,0.0
229560,0.0,0.0,0.996555780951657,2157087.174482951,0.0
229620,0.0,0.0,0.996555780951657,2152810.4587950474,0.0
229680,0.0,0.0,0.996555780951657,2152153.6858779495,0.0
229740,0.0,0.0,0.996555780951657,2153794.370046024,0.0
229800,0.0,0.0,0.996555780951657,2155249.923219437,0.0
229860,0.0,0.0,0.996555780951657,2154862.3231962235,0.0
229920,0.0,0.0,0.996555780951657,2154888.97240776,0.0
229980,0.0,0.0,0.996555780951657,2149946.9170367843,0.0
230040,0.0,0.0,0.996555780951657,2152857.320200841,0.0
230100,0.0,0.0,0.996555780951657,2156360.5550132035,0.0
230160,0.0,0.0,0.996555780951657,2155358.152402703,0.0
230220,0.0,0.0,0.996555780951657,2155940.7091317386,0.0
230280,0.0,0.0,0.996555780951657,2152007.2040482746,0.0
230340,0.0,0.0,0.996555780951657,2152143.222744619,0.0
230400,0.0,0.0,0.996555780951657,2156753.9305176693,0.0
230460,0.0,0.0,0.996555780951657,2155268.050747901,0.0
230520,0.0,0.0,0.996555780951657,2156446.66071825,0.0
230580,0.0,0.0,0.996555780951657,2149039.6467175586,0.0
230640,0.0,0.0,0.996555780951657,2151722.2865599557,0.0
230700,0.0,0.0,0.996555780951657,2153285.4670179198,0.0
230760,0.0,0.0,0.996555780951657,2155611.5745066954,0.0
230820,0.0,0.0,0.996555780951657,2155918.8824709407,0.0
230880,0.0,0.0,0.996555780951657,2151590.151497225,0.0
230940,0.0,0.0,0.996555780951657,2153038.740047482,0.0
231000,0.0,0.0,0.996555780951657,2152932.7345512677,0.0
231060,0.0,0.0,0.996555780951657,2154537.0583315394,0.0
231120,0.0,0.0,0.996555780951657,2157715.015370051,0.0
231180,0.0,0.0,0.996555780951657,2154168.217353512,0.0
231240,0.0,0.0,0.996555780951657,2152935.227108322,0.0
231300,0.0,0.0,0.996555780951657,2152188.318312184,0.0
231360,0.0,0.0,0.996555780951657,2154128.8992105913,0.0
231420,0.0,0.0,0.996555780951657,2155811.089749272,0.0
231480,0.0,0.0,0.996555780951657,2155759.8478093813,0.0
231540,0.0,0.0,0.996555780951657,2150835.689524107,0.0
231600,0.0,0.0,0.996555780951657,2152367.463488193,0.0
231660,0.0,0.0,0.996555780951657,2154211.449844453,0.0
231720,0.0,0.0,0.996555780951657,2156303.067534379,0.0
231780,0.0,0.0,0.996555780951657,2155554.4848873485,0.0
231840,0.0,0.0,0.996555780951657,2153773.2678243066,0.0
231900,0.0,0.0,0.996555780951657,2149818.097741254,0.0
231960,0.0,0.0,0.996555780951657,2152915.1452359003,0.0
232020,0.0,0.0,0.996555780951657,2156764.024094126,0.0
232080,0.0,0.0,0.996555780951657,2155186.758702967,0.0
232140,0.0,0.0,0.996555780951657,2156153.8517104317,0.0
232200,0.0,0.0,0.996555780951657,2151997.918018227,0.0
232260,0.0,0.0,0.996555780951657,2152248.2145007136,0.0
232320,0.0,0.0,0.996555780951657,2154770.198732372,0.0
232380,0.0,0.0,0.996555780951657,2155771.620603022,0.0
232440,0.0,0.0,0.996555780951657,2153885.7156751323,0.0
232500,0.0,0.0,0.996555780951657,2154083.5214555636,0.0
232560,0.0,0.0,0.996555780951657,2150743.217187375,0.0
232620,0.0,0.0,0.996555780951657,2153494.469819371,0.0
232680,0.0,0.0,0.996555780951657,2157166.324591137,0.0
232740,0.0,0.0,0.996555780951657,2155170.690172924,0.0
232800,0.0,0.0,0.996555780951657,2154724.9254425974,0.0
232860,0.0,0.0,0.996555780951657,2149524.7117458573,0.0
232920,0.0,0.0,0.996555780951657,2152944.2256649258,0.0
232980,0.0,0.0,0.996555780951657,2155507.182264428,0.0
233040,0.0,0.0,0.996555780951657,2156159.938890077,0.0
233100,0.0,0.0,0.996555780951657,2154257.0727090673,0.0
233160,0.0,0.0,0.996555780951657,2152831.1369822305,0.0
233220,0.0,0.0,0.996555780951657,2152271.384088074,0.0
233280,0.0,0.0,0.996555780951657,2154063.817049363,0.0
233340,0.0,0.0,0.996555780951657,2155657.2696873946,0.0
233400,0.0,0.0,0.996555780951657,2155742.9506806177,0.0
233460,0.0,0.0,0.996555780951657,2150374.748968266,0.0
233520,0.0,0.0,0.996555780951657,2152539.5238954998,0.0
233580,0.0,0.0,0.996555780951657,2154455.164216863,0.0
233640,0.0,0.0,0.996555780951657,2155060.8552953126,0.0
233700,0.0,0.0,0.996555780951657,2157298.3826663815,0.0
233760,0.0,0.0,0.996555780951657,2153336.2538338294,0.0
233820,0.0,0.0,0.996555780951657,2152120.711532596,0.0
233880,0.0,0.0,0.996555780951657,2153166.3064893326,0.0
233940,0.0,0.0,0.996555780951657,2154950.491449213,0.0
234000,0.0,0.0,0.996555780951657,2157424.9268495096,0.0
234060,0.0,0.0,0.996555780951657,2153159.156452858,0.0
234120,0.0,0.0,0.996555780951657,2153412.3902956713,0.0
234180,0.0,0.0,0.996555780951657,2152347.1123219724,0.0
234240,0.0,0.0,0.996555780951657,2154655.249924495,0.0
234300,0.0,0.0,0.996555780951657,2155843.75234442,0.0
234360,0.0,0.0,0.996555780951657,2153338.6925629238,0.0
234420,0.0,0.0,0.996555780951657,2154210.1576281274,0.0
234480,0.0,0.0,0.996555780951657,2150768.0496414774,0.0
234540,0.0,0.0,0.996555780951657,2153546.8713344135,0.0
234600,0.0,0.0,0.996555780951657,2157434.039677028,0.0
234660,0.0,0.0,0.996555780951657,2155013.656844967,0.0
234720,0.0,0.0,0.996555780951657,2154761.5950921504,0.0
234780,0.0,0.0,0.996555780951657,2151465.511638085,0.0
234840,0.0,0.0,0.996555780951657,2152881.3427747595,0.0
234900,0.0,0.0,0.996555780951657,2155503.9687726554,0.0
234960,0.0,0.0,0.996555780951657,2156021.2621345413,0.0
235020,0.0,0.0,0.996555780951657,2152641.9403185314,0.0
235080,0.0,0.0,0.996555780951657,2153198.787548209,0.0
235140,0.0,0.0,0.996555780951657,2152065.76554856,0.0
235200,0.0,0.0,0.996555780951657,2154256.292376024,0.0
235260,0.0,0.0,0.996555780951657,2157514.720399452,0.0
235320,0.0,0.0,0.996555780951657,2152776.4853209,0.0
235380,0.0,0.0,0.996555780951657,2153510.5837830086,0.0
235440,0.0,0.0,0.996555780951657,2151344.7612183127,0.0
235500,0.0,0.0,0.996555780951657,2155739.7220869847,0.0
235560,0.0,0.0,0.996555780951657,2155006.2275237977,0.0
235620,0.0,0.0,0.996555780951657,2157476.062926944,0.0
235680,0.0,0.0,0.996555780951657,2153222.142020845,0.0
235740,0.0,0.0,0.996555780951657,2152305.0822729995,0.0
235800,0.0,0.0,0.996555780951657,2153301.386956199,0.0
235860,0.0,0.0,0.996555780951657,2154933.144934042,0.0
235920,0.0,0.0,0.996555780951657,2155223.195850657,0.0
235980,0.0,0.0,0.996555780951657,2155205.4514835323,0.0
236040,0.0,0.0,0.996555780951657,2149848.248192935,0.0
236100,0.0,0.0,0.996555780951657,2152640.5013446077,0.0
236160,0.0,0.0,0.996555780951657,2155831.2353046853,0.0
236220,0.0,0.0,0.996555780951657,2155346.6848778436,0.0
236280,0.0,0.0,0.996555780951657,2156429.995820024,0.0
236340,0.0,0.0,0.996555780951657,2152405.5005629505,0.0
236400,0.0,0.0,0.996555780951657,2151984.241384802,0.0
236460,0.0,0.0,0.996555780951657,2156091.367910718,0.0
236520,0.0,0.0,0.996555780951657,2155202.5901222196,0.0
236580,0.0,0.0,0.996555780951657,2156648.600484577,0.0
236640,0.0,0.0,0.996555780951657,2149649.899096339,0.0
236700,0.0,0.0,0.996555780951657,2151667.6632024217,0.0
236760,0.0,0.0,0.996555780951657,2152908.6825110842,0.0
236820,0.0,0.0,0.996555780951657,2155465.2514579613,0.0
236880,0.0,0.0,0.996555780951657,2155911.7119275467,0.0
236940,0.0,0.0,0.996555780951657,2152213.815597373,0.0
237000,0.0,0.0,0.996555780951657,2153353.801790701,0.0
237060,0.0,0.0,0.996555780951657,2152222.2075294303,0.0
237120,0.0,0.0,0.996555780951657,2154250.1633238723,0.0
237180,0.0,0.0,0.996555780951657,2157726.6199804684,0.0
237240,0.0,0.0,0.996555780951657,2154496.5892757433,0.0
237300,0.0,0.0,0.996555780951657,2153440.345899479,0.0
237360,0.0,0.0,0.996555780951657,2151827.925371278,0.0
237420,0.0,0.0,0.996555780951657,2153730.37112885,0.0
237480,0.0,0.0,0.996555780951657,2155823.6335213413,0.0
237540,0.0,0.0,0.996555780951657,2155917.2327713817,0.0
237600,0.0,0.0,0.996555780951657,2151385.7568701063,0.0
237660,0.0,0.0,0.996555780951657,2152507.3244157797,0.0
237720,0.0,0.0,0.996555780951657,2153537.085862439,0.0
237780,0.0,0.0,0.996555780951657,2156230.560779009,0.0
237840,0.0,0.0,0.996555780951657,2155597.4036601554,0.0
237900,0.0,0.0,0.996555780951657,2154521.264891445,0.0
237960,0.0,0.0,0.996555780951657,2149443.9669697545,0.0
238020,0.0,0.0,0.996555780951657,2152726.012993718,0.0
238080,0.0,0.0,0.996555780951657,2156238.5295704165,0.0
238140,0.0,0.0,0.996555780951657,2155183.62665111,0.0
238200,0.0,0.0,0.996555780951657,2156630.220212358,0.0
238260,0.0,0.0,0.996555780951657,2152368.2672627224,0.0
238320,0.0,0.0,0.996555780951657,2152100.0061779465,0.0
238380,0.0,0.0,0.996555780951657,2154354.8650652096,0.0
238440,0.0,0.0,0.996555780951657,2155575.2012667195,0.0
238500,0.0,0.0,0.996555780951657,2154393.8823693474,0.0
238560,0.0,0.0,0.996555780951657,2154449.0874345046,0.0
238620,0.0,0.0,0.996555780951657,2150314.999080258,0.0
238680,0.0,0.0,0.996555780951657,2153179.2899653027,0.0
238740,0.0,0.0,0.996555780951657,2156834.674564685,0.0
238800,0.0,0.0,0.996555780951657,2155307.835490435,0.0
238860,0.0,0.0,0.996555780951657,2155280.7529681176,0.0
238920,0.0,0.0,0.996555780951657,2149040.2712163553,0.0
238980,0.0,0.0,0.996555780951657,2152644.448046478,0.0
239040,0.0,0.0,0.996555780951657,2155067.840883192,0.0
239100,0.0,0.0,0.996555780951657,2156672.9911092115,0.0
239160,0.0,0.0,0.996555780951657,2154550.677029457,0.0
239220,0.0,0.0,0.996555780951657,2153335.4186494844,0.0
239280,0.0,0.0,0.996555780951657,2151904.7923212675,0.0
239340,0.0,0.0,0.996555780951657,2153700.9891761844,0.0
239400,0.0,0.0,0.996555780951657,2155709.3827088154,0.0
239460,0.0,0.0,0.996555780951657,2155879.586266203,0.0
239520,0.0,0.0,0.996555780951657,2150906.894229224,0.0
239580,0.0,0.0,0.996555780951657,2152681.0264781206,0.0
239640,0.0,0.0,0.996555780951657,2153773.8338399217,0.0
239700,0.0,0.0,0.996555780951657,2154863.609050665,0.0
239760,0.0,0.0,0.996555780951657,2157519.4834805964,0.0
239820,0.0,0.0,0.996555780951657,2153732.672709818,0.0
239880,0.0,0.0,0.996555780951657,2152404.931287156,0.0
239940,0.0,0.0,0.996555780951657,2152695.2418544684,0.0
240000,0.0,0.0,0.996555780951657,2154599.7876803996,0.0
240060,0.0,0.0,0.996555780951657,2155702.1421914473,0.0
240120,0.0,0.0,0.996555780951657,2155493.2023557615,0.0
240180,0.0,0.0,0.996555780951657,2150350.2125861705,0.0
240240,0.0,0.0,0.996555780951657,2151800.197604642,0.0
240300,0.0,0.0,0.996555780951657,2153752.0412194626,0.0
240360,0.0,0.0,0.996555780951657,2158433.190145668,0.0
240420,0.0,0.0,0.996555780951657,2153675.3691051854,0.0
240480,0.0,0.0,0.996555780951657,2154567.6712121773,0.0
240540,0.0,0.0,0.996555780951657,2150180.0799693987,0.0
240600,0.0,0.0,0.996555780951657,2153232.0120800156,0.0
240660,0.0,0.0,0.996555780951657,2157049.833968389,0.0
240720,0.0,0.0,0.996555780951657,2155166.664723428,0.0
240780,0.0,0.0,0.996555780951657,2155383.4105579685,0.0
240840,0.0,0.0,0.996555780951657,2151590.435013561,0.0
240900,0.0,0.0,0.996555780951657,2152537.339287802,0.0
240960,0.0,0.0,0.996555780951657,2155203.8984721676,0.0
241020,0.0,0.0,0.996555780951657,2155954.436894384,0.0
241080,0.0,0.0,0.996555780951657,2153271.662511291,0.0
241140,0.0,0.0,0.996555780951657,2153597.465886883,0.0
241200,0.0,0.0,0.996555780951657,2151398.3081900254,0.0
241260,0.0,0.0,0.996555780951657,2153897.255961157,0.0
241320,0.0,0.0,0.996555780951657,2157399.2505590315,0.0
241380,0.0,0.0,0.996555780951657,2153540.0119239613,0.0
241440,0.0,0.0,0.996555780951657,2153899.700164191,0.0
241500,0.0,0.0,0.996555780951657,2151112.67777803,0.0
241560,0.0,0.0,0.996555780951657,2155028.532688588,0.0
241620,0.0,0.0,0.996555780951657,2154790.632622351,0.0
241680,0.0,0.0,0.996555780951657,2157780.536343175,0.0
241740,0.0,0.0,0.996555780951657,2153629.9490841143,0.0
241800,0.0,0.0,0.996555780951657,2152625.0766344084,0.0
241860,0.0,0.0,0.996555780951657,2152802.6408820627,0.0
241920,0.0,0.0,0.996555780951657,2154568.453633641,0.0
241980,0.0,0.0,0.996555780951657,2155494.2909961175,0.0
242040,0.0,0.0,0.996555780951657,2155484.0064862412,0.0
242100,0.0,0.0,0.996555780951657,2149976.363990547,0.0
242160,0.0,0.0,0.996555780951657,2152508.0278456933,0.0
242220,0.0,0.0,0.996555780951657,2155218.046802966,0.0
242280,0.0,0.0,0.996555780951657,2155262.814546029,0.0
242340,0.0,0.0,0.996555780951657,2156864.2772130216,0.0
242400,0.0,0.0,0.996555780951657,2152838.5773075446,0.0
242460,0.0,0.0,0.996555780951657,2151946.949317922,0.0
242520,0.0,0.0,0.996555780951657,2153740.9081619047,0.0
242580,0.0,0.0,0.996555780951657,2155344.4238523156,0.0
242640,0.0,0.0,0.996555780951657,2156777.735843774,0.0
242700,0.0,0.0,0.996555780951657,2152620.9941633614,0.0
242760,0.0,0.0,0.996555780951657,2152927.8654388143,0.0
242820,0.0,0.0,0.996555780951657,2153342.852266601,0.0
242880,0.0,0.0,0.996555780951657,2155018.2990980493,0.0
242940,0.0,0.0,0.996555780951657,2156017.9620080558,0.0
243000,0.0,0.0,0.996555780951657,2152712.411035193,0.0
243060,0.0,0.0,0.996555780951657,2153782.663204922,0.0
243120,0.0,0.0,0.996555780951657,2151448.086508518,0.0
243180,0.0,0.0,0.996555780951657,2153898.941573906,0.0
243240,0.0,0.0,0.996555780951657,2157638.847334637,0.0
243300,0.0,0.0,0.996555780951657,2154797.3594007785,0.0
243360,0.0,0.0,0.996555780951657,2154085.6932457765,0.0
243420,0.0,0.0,0.996555780951657,2151554.3228955274,0.0
243480,0.0,0.0,0.996555780951657,2153286.6739640534,0.0
243540,0.0,0.0,0.996555780951657,2155718.2558620526,0.0
243600,0.0,0.0,0.996555780951657,2156014.295764521,0.0
243660,0.0,0.0,0.996555780951657,2152023.8441329338,0.0
243720,0.0,0.0,0.996555780951657,2152815.150931332,0.0
243780,0.0,0.0,0.996555780951657,2152782.9821561556,0.0
243840,0.0,0.0,0.996555780951657,2156014.6396913948,0.0
243900,0.0,0.0,0.996555780951657,2155565.456324099,0.0
243960,0.0,0.0,0.996555780951657,2155353.117842446,0.0
244020,0.0,0.0,0.996555780951657,2149275.8279811544,0.0
244080,0.0,0.0,0.996555780951657,2152618.411623382,0.0
244140,0.0,0.0,0.996555780951657,2155581.570352316,0.0
244200,0.0,0.0,0.996555780951657,2155101.0367100346,0.0
244260,0.0,0.0,0.996555780951657,2157096.726493945,0.0
244320,0.0,0.0,0.996555780951657,2152802.398910231,0.0
244380,0.0,0.0,0.996555780951657,2152069.2366070454,0.0
244440,0.0,0.0,0.996555780951657,2153855.550925384,0.0
244500,0.0,0.0,0.996555780951657,2155294.01865373,0.0
244560,0.0,0.0,0.996555780951657,2154858.966587828,0.0
244620,0.0,0.0,0.996555780951657,2154833.9079915397,0.0
244680,0.0,0.0,0.996555780951657,2149995.863439158,0.0
244740,0.0,0.0,0.996555780951657,2152875.6367938695,0.0
244800,0.0,0.0,0.996555780951657,2156384.487686037,0.0
244860,0.0,0.0,0.996555780951657,2155375.283491293,0.0
244920,0.0,0.0,0.996555780951657,2155860.833931913,0.0
244980,0.0,0.0,0.996555780951657,2148728.927427745,0.0
245040,0.0,0.0,0.996555780951657,2152395.866434369,0.0
245100,0.0,0.0,0.996555780951657,2154545.56537409,0.0
245160,0.0,0.0,0.996555780951657,2157084.3096254226,0.0
245220,0.0,0.0,0.996555780951657,2154811.443051412,0.0
245280,0.0,0.0,0.996555780951657,2153955.432667875,0.0
245340,0.0,0.0,0.996555780951657,2151620.125713801,0.0
245400,0.0,0.0,0.996555780951657,2153316.305849081,0.0
245460,0.0,0.0,0.996555780951657,2155655.481677198,0.0
245520,0.0,0.0,0.996555780951657,2155959.7104677297,0.0
245580,0.0,0.0,0.996555780951657,2151516.6296823504,0.0
245640,0.0,0.0,0.996555780951657,2152950.4203681154,0.0
245700,0.0,0.0,0.996555780951657,2153033.6226543146,0.0
245760,0.0,0.0,0.996555780951657,2154600.2395397206,0.0
245820,0.0,0.0,0.996555780951657,2157662.9367085276,0.0
245880,0.0,0.0,0.996555780951657,2154124.8204488116,0.0
245940,0.0,0.0,0.996555780951657,2152834.771322557,0.0
246000,0.0,0.0,0.996555780951657,2152236.9977560327,0.0
246060,0.0,0.0,0.996555780951657,2154196.026134986,0.0
246120,0.0,0.0,0.996555780951657,2155823.680096471,0.0
246180,0.0,0.0,0.996555780951657,2155732.7492229296,0.0
246240,0.0,0.0,0.996555780951657,2150851.162911313,0.0
246300,0.0,0.0,0.996555780951657,2151258.094911385,0.0
246360,0.0,0.0,0.996555780951657,2153407.8849246954,0.0
246420,0.0,0.0,0.996555780951657,2158321.819667793,0.0
246480,0.0,0.0,0.996555780951657,2154179.353289696,0.0
246540,0.0,0.0,0.996555780951657,2154925.937601881,0.0
246600,0.0,0.0,0.996555780951657,2149761.8086902956,0.0
246660,0.0,0.0,0.996555780951657,2152976.020152307,0.0
246720,0.0,0.0,0.996555780951657,2156614.0663526496,0.0
246780,0.0,0.0,0.996555780951657,2155238.940271099,0.0
246840,0.0,0.0,0.996555780951657,2155948.11602114,0.0
246900,0.0,0.0,0.996555780951657,2151908.81482875,0.0
246960,0.0,0.0,0.996555780951657,2152278.227248118,0.0
247020,0.0,0.0,0.996555780951657,2154843.50253627,0.0
247080,0.0,0.0,0.996555780951657,2155824.3829288655,0.0
247140,0.0,0.0,0.996555780951657,2153846.367262898,0.0
247200,0.0,0.0,0.996555780951657,2153984.938571185,0.0
247260,0.0,0.0,0.996555780951657,2150840.0692357672,0.0
247320,0.0,0.0,0.996555780951657,2153552.3691197755,0.0
247380,0.0,0.0,0.996555780951657,2157176.91388611,0.0
247440,0.0,0.0,0.996555780951657,2154229.388135857,0.0
247500,0.0,0.0,0.996555780951657,2154253.085783269,0.0
247560,0.0,0.0,0.996555780951657,2151037.2686791928,0.0
247620,0.0,0.0,0.996555780951657,2154254.7205795296,0.0
247680,0.0,0.0,0.996555780951657,2154546.3954679756,0.0
247740,0.0,0.0,0.996555780951657,2157958.86047012,0.0
247800,0.0,0.0,0.996555780951657,2153992.941003966,0.0
247860,0.0,0.0,0.996555780951657,2153043.0409435024,0.0
247920,0.0,0.0,0.996555780951657,2152357.540189226,0.0
247980,0.0,0.0,0.996555780951657,2154197.0814061505,0.0
248040,0.0,0.0,0.996555780951657,2155662.217719755,0.0
248100,0.0,0.0,0.996555780951657,2155697.557971416,0.0
248160,0.0,0.0,0.996555780951657,2150364.3273964734,0.0
248220,0.0,0.0,0.996555780951657,2152486.113284359,0.0
248280,0.0,0.0,0.996555780951657,2154570.341361319,0.0
248340,0.0,0.0,0.996555780951657,2155122.883122818,0.0
248400,0.0,0.0,0.996555780951657,2157197.503159405,0.0
248460,0.0,0.0,0.996555780951657,2153260.609734173,0.0
248520,0.0,0.0,0.996555780951657,2152052.02690954,0.0
248580,0.0,0.0,0.996555780951657,2153246.9966761502,0.0
248640,0.0,0.0,0.996555780951657,2155029.3476333464,0.0
248700,0.0,0.0,0.996555780951657,2157311.2815233083,0.0
248760,0.0,0.0,0.996555780951657,2153117.981179746,0.0
248820,0.0,0.0,0.996555780951657,2153298.7987737795,0.0
248880,0.0,0.0,0.996555780951657,2152457.044162888,0.0
248940,0.0,0.0,0.996555780951657,2154718.7497266196,0.0
249000,0.0,0.0,0.996555780951657,2155889.6957244193,0.0
249060,0.0,0.0,0.996555780951657,2153320.4909459637,0.0
249120,0.0,0.0,0.996555780951657,2154129.519517222,0.0
249180,0.0,0.0,0.996555780951657,2150856.5603369065,0.0
249240,0.0,0.0,0.996555780951657,2153590.6372822644,0.0
249300,0.0,0.0,0.996555780951657,2157431.9784429204,0.0
249360,0.0,0.0,0.996555780951657,2155010.320982772,0.0
249420,0.0,0.0,0.996555780951657,2154656.6604534737,0.0
249480,0.0,0.0,0.996555780951657,2151457.8477432467,0.0
249540,0.0,0.0,0.996555780951657,2152919.6985537973,0.0
249600,0.0,0.0,0.996555780951657,2155536.4467588216,0.0
249660,0.0,0.0,0.996555780951657,2156033.6879530135,0.0
249720,0.0,0.0,0.996555780951657,2152628.8637688747,0.0
249780,0.0,0.0,0.996555780951657,2153133.97480325,0.0
249840,0.0,0.0,0.996555780951657,2152124.8169985437,0.0
249900,0.0,0.0,0.996555780951657,2155704.696573786,0.0
249960,0.0,0.0,0.996555780951657,2155482.923075677,0.0
250020,0.0,0.0,0.996555780951657,2156057.296392115,0.0
250080,0.0,0.0,0.996555780951657,2149449.168288016,0.0
250140,0.0,0.0,0.996555780951657,2152619.7512603877,0.0
250200,0.0,0.0,0.996555780951657,2154913.4895789614,0.0
250260,0.0,0.0,0.996555780951657,2154977.956591298,0.0
250320,0.0,0.0,0.996555780951657,2157421.2990311505,0.0
250380,0.0,0.0,0.996555780951657,2153198.30894766,0.0
250440,0.0,0.0,0.996555780951657,2152169.69432286,0.0
250500,0.0,0.0,0.996555780951657,2153381.28128567,0.0
250560,0.0,0.0,0.996555780951657,2154999.179907674,0.0
250620,0.0,0.0,0.996555780951657,2155216.757831691,0.0
250680,0.0,0.0,0.996555780951657,2155145.410873245,0.0
250740,0.0,0.0,0.996555780951657,2149890.6626590607,0.0
250800,0.0,0.0,0.996555780951657,2152651.21415569,0.0
250860,0.0,0.0,0.996555780951657,2155883.2805767762,0.0
250920,0.0,0.0,0.996555780951657,2155375.9258773415,0.0
250980,0.0,0.0,0.996555780951657,2156332.412259591,0.0
251040,0.0,0.0,0.996555780951657,2152348.2531943624,0.0
251100,0.0,0.0,0.996555780951657,2151982.6415140354,0.0
251160,0.0,0.0,0.996555780951657,2156100.4401515103,0.0
251220,0.0,0.0,0.996555780951657,2155239.3916057767,0.0
251280,0.0,0.0,0.996555780951657,2156615.2656452674,0.0
251340,0.0,0.0,0.996555780951657,2149698.749871344,0.0
251400,0.0,0.0,0.996555780951657,2151654.6823866344,0.0
251460,0.0,0.0,0.996555780951657,2152948.905621816,0.0
251520,0.0,0.0,0.996555780951657,2155496.957313117,0.0
251580,0.0,0.0,0.996555780951657,2155927.670154069,0.0
251640,0.0,0.0,0.996555780951657,2152210.1243580044,0.0
251700,0.0,0.0,0.996555780951657,2153291.537229961,0.0
251760,0.0,0.0,0.996555780951657,2152279.6187808956,0.0
251820,0.0,0.0,0.996555780951657,2154286.514218527,0.0
251880,0.0,0.0,0.996555780951657,2157699.274184509,0.0
251940,0.0,0.0,0.996555780951657,2154483.3734305277,0.0
252000,0.0,0.0,0.996555780951657,2153375.160505044,0.0
252060,0.0,0.0,0.996555780951657,2151843.235527195,0.0
252120,0.0,0.0,0.996555780951657,2153763.997853692,0.0
252180,0.0,0.0,0.996555780951657,2155838.454466332,0.0
252240,0.0,0.0,0.996555780951657,2155911.4675258296,0.0
252300,0.0,0.0,0.996555780951657,2151523.205303986,0.0
252360,0.0,0.0,0.996555780951657,2150822.2754672244,0.0
252420,0.0,0.0,0.996555780951657,2153079.1794716557,0.0
252480,0.0,0.0,0.996555780951657,2158069.964233055,0.0
252540,0.0,0.0,0.996555780951657,2154609.352540827,0.0
252600,0.0,0.0,0.996555780951657,2155260.704280461,0.0
252660,0.0,0.0,0.996555780951657,2149508.4012478823,0.0
252720,0.0,0.0,0.996555780951657,2152775.5139997005,0.0
252780,0.0,0.0,0.996555780951657,2156077.885239116,0.0
252840,0.0,0.0,0.996555780951657,2155240.454064633,0.0
252900,0.0,0.0,0.996555780951657,2156481.850194426,0.0
252960,0.0,0.0,0.996555780951657,2152297.649420612,0.0
253020,0.0,0.0,0.996555780951657,2152104.999453744,0.0
253080,0.0,0.0,0.996555780951657,2154410.429510093,0.0
253140,0.0,0.0,0.996555780951657,2155624.0841174736,0.0
253200,0.0,0.0,0.996555780951657,2154377.152938268,0.0
253260,0.0,0.0,0.996555780951657,2154381.606396807,0.0
253320,0.0,0.0,0.996555780951657,2150377.1049646554,0.0
253380,0.0,0.0,0.996555780951657,2153212.144647921,0.0
253440,0.0,0.0,0.996555780951657,2156848.840999287,0.0
253500,0.0,0.0,0.996555780951657,2155315.1365910587,0.0
253560,0.0,0.0,0.996555780951657,2155193.7362582055,0.0
253620,0.0,0.0,0.996555780951657,2149124.0417455654,0.0
253680,0.0,0.0,0.996555780951657,2152663.4892221275,0.0
253740,0.0,0.0,0.996555780951657,2155116.141025229,0.0
253800,0.0,0.0,0.996555780951657,2156644.6921982076,0.0
253860,0.0,0.0,0.996555780951657,2154535.7918009246,0.0
253920,0.0,0.0,0.996555780951657,2153258.600163366,0.0
253980,0.0,0.0,0.996555780951657,2151924.4140719487,0.0
254040,0.0,0.0,0.996555780951657,2153737.3396753264,0.0
254100,0.0,0.0,0.996555780951657,2155726.103793098,0.0
254160,0.0,0.0,0.996555780951657,2155874.861136552,0.0
254220,0.0,0.0,0.996555780951657,2150919.4317724365,0.0
254280,0.0,0.0,0.996555780951657,2152639.467413996,0.0
254340,0.0,0.0,0.996555780951657,2153804.9394990583,0.0
254400,0.0,0.0,0.996555780951657,2154891.037182444,0.0
254460,0.0,0.0,0.996555780951657,2157482.963677449,0.0
254520,0.0,0.0,0.996555780951657,2153716.611035757,0.0
254580,0.0,0.0,0.996555780951657,2152368.1812564484,0.0
254640,0.0,0.0,0.996555780951657,2152711.270457716,0.0
254700,0.0,0.0,0.996555780951657,2154625.862232667,0.0
254760,0.0,0.0,0.996555780951657,2157785.104067068,0.0
254820,0.0,0.0,0.996555780951657,2153623.7993050446,0.0
254880,0.0,0.0,0.996555780951657,2153782.1741483943,0.0
254940,0.0,0.0,0.996555780951657,2151500.199101972,0.0
255000,0.0,0.0,0.996555780951657,2154313.3491778397,0.0
255060,0.0,0.0,0.996555780951657,2155670.916086148,0.0
255120,0.0,0.0,0.996555780951657,2153916.986505903,0.0
255180,0.0,0.0,0.996555780951657,2154515.4985960447,0.0
255240,0.0,0.0,0.996555780951657,2150306.5471659396,0.0
255300,0.0,0.0,0.996555780951657,2153265.781106383,0.0
255360,0.0,0.0,0.996555780951657,2157105.342108338,0.0
255420,0.0,0.0,0.996555780951657,2155167.01591789,0.0
255480,0.0,0.0,0.996555780951657,2155290.1616366506,0.0
255540,0.0,0.0,0.996555780951657,2151559.6978605823,0.0
255600,0.0,0.0,0.996555780951657,2152564.697402376,0.0
255660,0.0,0.0,0.996555780951657,2155242.8334920327,0.0
255720,0.0,0.0,0.996555780951657,2155976.818934945,0.0
255780,0.0,0.0,0.996555780951657,2153258.2463574796,0.0
255840,0.0,0.0,0.996555780951657,2153531.46346546,0.0
255900,0.0,0.0,0.996555780951657,2151458.0480743204,0.0
255960,0.0,0.0,0.996555780951657,2155263.8930008924,0.0
256020,0.0,0.0,0.996555780951657,2155324.9233427336,0.0
256080,0.0,0.0,0.996555780951657,2156767.6722936765,0.0
256140,0.0,0.0,0.996555780951657,2149945.684184571,0.0
256200,0.0,0.0,0.996555780951657,2152771.764796908,0.0
256260,0.0,0.0,0.996555780951657,2154149.709822907,0.0
256320,0.0,0.0,0.996555780951657,2154784.101506667,0.0
256380,0.0,0.0,0.996555780951657,2157687.7610443365,0.0
256440,0.0,0.0,0.996555780951657,2153611.3399410173,0.0
256500,0.0,0.0,0.996555780951657,2152448.1372093298,0.0
256560,0.0,0.0,0.996555780951657,2152877.4889590642,0.0
256620,0.0,0.0,0.996555780951657,2154639.8721943195,0.0
256680,0.0,0.0,0.996555780951657,2155496.5937654483,0.0
256740,0.0,0.0,0.996555780951657,2155437.4750289586,0.0
256800,0.0,0.0,0.996555780951657,2149993.9365289146,0.0
256860,0.0,0.0,0.996555780951657,2152497.4409622466,0.0
256920,0.0,0.0,0.996555780951657,2155283.365154962,0.0
256980,0.0,0.0,0.996555780951657,2155301.6260199985,0.0
257040,0.0,0.0,0.996555780951657,2156775.277853638,0.0
257100,0.0,0.0,0.996555780951657,2152781.1420858023,0.0
257160,0.0,0.0,0.996555780951657,2151923.6936443155,0.0
257220,0.0,0.0,0.996555780951657,2155341.668029212,0.0
257280,0.0,0.0,0.996555780951657,2155100.8246896835,0.0
257340,0.0,0.0,0.996555780951657,2156755.630388463,0.0
257400,0.0,0.0,0.996555780951657,2150443.16287504,0.0
257460,0.0,0.0,0.996555780951657,2151771.0568182827,0.0
257520,0.0,0.0,0.996555780951657,2152595.674079809,0.0
257580,0.0,0.0,0.996555780951657,2155258.9514919864,0.0
257640,0.0,0.0,0.996555780951657,2155864.4255704954,0.0
257700,0.0,0.0,0.996555780951657,2152837.122009275,0.0
257760,0.0,0.0,0.996555780951657,2153646.676469736,0.0
257820,0.0,0.0,0.996555780951657,2151592.805853264,0.0
257880,0.0,0.0,0.996555780951657,2153970.388851432,0.0
257940,0.0,0.0,0.996555780951657,2157615.902635398,0.0
258000,0.0,0.0,0.996555780951657,2154772.3952476913,0.0
258060,0.0,0.0,0.996555780951657,2153937.810939904,0.0
258120,0.0,0.0,0.996555780951657,2151576.3386802175,0.0
258180,0.0,0.0,0.996555780951657,2153358.07480324,0.0
258240,0.0,0.0,0.996555780951657,2155754.805605924,0.0
258300,0.0,0.0,0.996555780951657,2156013.127224128,0.0
258360,0.0,0.0,0.996555780951657,2152279.821277359,0.0
258420,0.0,0.0,0.996555780951657,2150570.2515533553,0.0
258480,0.0,0.0,0.996555780951657,2152808.536335186,0.0
258540,0.0,0.0,0.996555780951657,2157681.2147158966,0.0
258600,0.0,0.0,0.996555780951657,2154942.173292787,0.0
258660,0.0,0.0,0.996555780951657,2155533.3425386795,0.0
258720,0.0,0.0,0.996555780951657,2149485.879270768,0.0
258780,0.0,0.0,0.996555780951657,2152661.6747115897,0.0
258840,0.0,0.0,0.996555780951657,2155484.944384704,0.0
258900,0.0,0.0,0.996555780951657,2155180.9278200218,0.0
258960,0.0,0.0,0.996555780951657,2156922.836034394,0.0
259020,0.0,0.0,0.996555780951657,2152697.7284645927,0.0
259080,0.0,0.0,0.996555780951657,2152045.964915632,0.0
259140,0.0,0.0,0.996555780951657,2153950.529761429,0.0
259200,0.0,0.0,0.996555780951657,2155377.6070426526,0.0
259260,0.0,0.0,0.996555780951657,2154827.594796201,0.0
259320,0.0,0.0,0.996555780951657,2154742.2986248108,0.0
259380,0.0,0.0,0.996555780951657,2150072.408903181,0.0
259440,0.0,0.0,0.996555780951657,2152915.5368958456,0.0
259500,0.0,0.0,0.996555780951657,2156436.6703133634,0.0
259560,0.0,0.0,0.996555780951657,2155394.5941175907,0.0
259620,0.0,0.0,0.996555780951657,2155731.0580572714,0.0
259680,0.0,0.0,0.996555780951657,2148841.665249795,0.0
259740,0.0,0.0,0.996555780951657,2152412.6710072625,0.0
259800,0.0,0.0,0.996555780951657,2154633.540771732,0.0
259860,0.0,0.0,0.996555780951657,2157031.4840480722,0.0
259920,0.0,0.0,0.996555780951657,2154793.002431991,0.0
259980,0.0,0.0,0.996555780951657,2153823.4366278965,0.0
260040,0.0,0.0,0.996555780951657,2151641.8182176338,0.0
260100,0.0,0.0,0.996555780951657,2153371.764622486,0.0
260160,0.0,0.0,0.996555780951657,2155685.33088561,0.0
260220,0.0,0.0,0.996555780951657,2155961.7985506617,0.0
260280,0.0,0.0,0.996555780951657,2151504.386714045,0.0
260340,0.0,0.0,0.996555780951657,2152879.2098343377,0.0
260400,0.0,0.0,0.996555780951657,2153107.0622233446,0.0
260460,0.0,0.0,0.996555780951657,2154647.1040316336,0.0
260520,0.0,0.0,0.996555780951657,2157619.590077334,0.0
260580,0.0,0.0,0.996555780951657,2154094.8760164473,0.0
260640,0.0,0.0,0.996555780951657,2152761.3350176904,0.0
260700,0.0,0.0,0.996555780951657,2152270.4458198403,0.0
260760,0.0,0.0,0.996555780951657,2154244.548371911,0.0
260820,0.0,0.0,0.996555780951657,2158061.253881096,0.0
260880,0.0,0.0,0.996555780951657,2154046.1476074858,0.0
260940,0.0,0.0,0.996555780951657,2154222.4133381136,0.0
261000,0.0,0.0,0.996555780951657,2150683.667385178,0.0
261060,0.0,0.0,0.996555780951657,2153906.691767782,0.0
261120,0.0,0.0,0.996555780951657,2155426.2002643477,0.0
261180,0.0,0.0,0.996555780951657,2154414.107642495,0.0
261240,0.0,0.0,0.996555780951657,2154833.2168065803,0.0
261300,0.0,0.0,0.996555780951657,2149945.202226926,0.0
261360,0.0,0.0,0.996555780951657,2153003.333547154,0.0
261420,0.0,0.0,0.996555780951657,2156701.8287841626,0.0
261480,0.0,0.0,0.996555780951657,2155251.181475505,0.0
261540,0.0,0.0,0.996555780951657,2155826.7464865074,0.0
261600,0.0,0.0,0.996555780951657,2151848.6333667613,0.0
261660,0.0,0.0,0.996555780951657,2152300.0374985225,0.0
261720,0.0,0.0,0.996555780951657,2154902.85414138,0.0
261780,0.0,0.0,0.996555780951657,2155863.9187026746,0.0
261840,0.0,0.0,0.996555780951657,2153819.53984391,0.0
261900,0.0,0.0,0.996555780951657,2153901.875607797,0.0
261960,0.0,0.0,0.996555780951657,2150918.2948873257,0.0
262020,0.0,0.0,0.996555780951657,2153600.57064067,0.0
262080,0.0,0.0,0.996555780951657,2157180.7785270605,0.0
262140,0.0,0.0,0.996555780951657,2154227.058320574,0.0
262200,0.0,0.0,0.996555780951657,2154199.141671624,0.0
262260,0.0,0.0,0.996555780951657,2151038.392110962,0.0
262320,0.0,0.0,0.996555780951657,2154288.6506074565,0.0
262380,0.0,0.0,0.996555780951657,2154592.577845521,0.0
262440,0.0,0.0,0.996555780951657,2157901.8375363797,0.0
262500,0.0,0.0,0.996555780951657,2153965.7067127847,0.0
262560,0.0,0.0,0.996555780951657,2152966.476931162,0.0
262620,0.0,0.0,0.996555780951657,2152389.456408394,0.0
262680,0.0,0.0,0.996555780951657,2154242.7019951763,0.0
262740,0.0,0.0,0.996555780951657,2155674.2403572984,0.0
262800,0.0,0.0,0.996555780951657,2155680.289413301,0.0
262860,0.0,0.0,0.996555780951657,2150376.7022561925,0.0
262920,0.0,0.0,0.996555780951657,2152460.30716239,0.0
262980,0.0,0.0,0.996555780951657,2154603.6067554494,0.0
263040,0.0,0.0,0.996555780951657,2155151.461862902,0.0
263100,0.0,0.0,0.996555780951657,2157150.4319849038,0.0
263160,0.0,0.0,0.996555780951657,2153235.3552424354,0.0
263220,0.0,0.0,0.996555780951657,2152022.730310848,0.0
263280,0.0,0.0,0.996555780951657,2154479.335781076,0.0
263340,0.0,0.0,0.996555780951657,2154882.3025542125,0.0
263400,0.0,0.0,0.996555780951657,2156812.2136018956,0.0
263460,0.0,0.0,0.996555780951657,2151294.8794770637,0.0
263520,0.0,0.0,0.996555780951657,2152086.869173666,0.0
263580,0.0,0.0,0.996555780951657,2152296.058223925,0.0
263640,0.0,0.0,0.996555780951657,2154926.564748519,0.0
263700,0.0,0.0,0.996555780951657,2155731.4371918505,0.0
263760,0.0,0.0,0.996555780951657,2153449.779815287,0.0
263820,0.0,0.0,0.996555780951657,2154030.323606906,0.0
263880,0.0,0.0,0.996555780951657,2150951.296834678,0.0
263940,0.0,0.0,0.996555780951657,2153637.8343007206,0.0
264000,0.0,0.0,0.996555780951657,2157422.497492871,0.0
264060,0.0,0.0,0.996555780951657,2155006.030571395,0.0
264120,0.0,0.0,0.996555780951657,2154544.074415179,0.0
264180,0.0,0.0,0.996555780951657,2151452.2370994543,0.0
264240,0.0,0.0,0.996555780951657,2152962.4252474485,0.0
264300,0.0,0.0,0.996555780951657,2155570.3165399632,0.0
264360,0.0,0.0,0.996555780951657,2156044.9564376506,0.0
264420,0.0,0.0,0.996555780951657,2152611.487360003,0.0
264480,0.0,0.0,0.996555780951657,2153065.570835242,0.0
264540,0.0,0.0,0.996555780951657,2152188.5972833433,0.0
264600,0.0,0.0,0.996555780951657,2155726.973196074,0.0
264660,0.0,0.0,0.996555780951657,2155512.516791878,0.0
264720,0.0,0.0,0.996555780951657,2155968.1274081715,0.0
264780,0.0,0.0,0.996555780951657,2149495.067455257,0.0
264840,0.0,0.0,0.996555780951657,2152587.669532421,0.0
264900,0.0,0.0,0.996555780951657,2154949.9283490893,0.0
264960,0.0,0.0,0.996555780951657,2155008.98295822,0.0
265020,0.0,0.0,0.996555780951657,2157364.6099770605,0.0
265080,0.0,0.0,0.996555780951657,2153170.1717029177,0.0
265140,0.0,0.0,0.996555780951657,2152136.9873888893,0.0
265200,0.0,0.0,0.996555780951657,2153408.3428087365,0.0
265260,0.0,0.0,0.996555780951657,2155032.402659505,0.0
265320,0.0,0.0,0.996555780951657,2155224.394581041,0.0
265380,0.0,0.0,0.996555780951657,2155118.57459459,0.0
265440,0.0,0.0,0.996555780951657,2149918.8260944844,0.0
265500,0.0,0.0,0.996555780951657,2152650.858279933,0.0
265560,0.0,0.0,0.996555780951657,2155891.8553390186,0.0
265620,0.0,0.0,0.996555780951657,2155392.884553705,0.0
265680,0.0,0.0,0.996555780951657,2156289.6018975643,0.0
265740,0.0,0.0,0.996555780951657,2148793.58459902,0.0
265800,0.0,0.0,0.996555780951657,2152246.60757041,0.0
265860,0.0,0.0,0.996555780951657,2154061.434153847,0.0
265920,0.0,0.0,0.996555780951657,2157306.5421639592,0.0
265980,0.0,0.0,0.996555780951657,2155008.364632771,0.0
266040,0.0,0.0,0.996555780951657,2154503.015970583,0.0
266100,0.0,0.0,0.996555780951657,2151485.081060947,0.0
266160,0.0,0.0,0.996555780951657,2152991.9693890116,0.0
266220,0.0,0.0,0.996555780951657,2155528.9372823793,0.0
266280,0.0,0.0,0.996555780951657,2155981.969652726,0.0
266340,0.0,0.0,0.996555780951657,2152153.0542076877,0.0
266400,0.0,0.0,0.996555780951657,2153219.3529586387,0.0
266460,0.0,0.0,0.996555780951657,2152353.5006511393,0.0
266520,0.0,0.0,0.996555780951657,2154334.87907998,0.0
266580,0.0,0.0,0.996555780951657,2157669.037508201,0.0
266640,0.0,0.0,0.996555780951657,2154460.68938573,0.0
266700,0.0,0.0,0.996555780951657,2153292.1050374825,0.0
266760,0.0,0.0,0.996555780951657,2151868.0578300175,0.0
266820,0.0,0.0,0.996555780951657,2153811.0904976334,0.0
266880,0.0,0.0,0.996555780951657,2158227.5267905714,0.0
266940,0.0,0.0,0.996555780951657,2154433.360762902,0.0
267000,0.0,0.0,0.996555780951657,2154714.791892483,0.0
267060,0.0,0.0,0.996555780951657,2149889.793721057,0.0
267120,0.0,0.0,0.996555780951657,2153439.243105689,0.0
267180,0.0,0.0,0.996555780951657,2155104.2865334316,0.0
267240,0.0,0.0,0.996555780951657,2154853.396758286,0.0
267300,0.0,0.0,0.996555780951657,2155147.7156435414,0.0
267360,0.0,0.0,0.996555780951657,2149720.4561948385,0.0
267420,0.0,0.0,0.996555780951657,2152778.3279020763,0.0
267480,0.0,0.0,0.996555780951657,2156186.2782993643,0.0
267540,0.0,0.0,0.996555780951657,2155266.024955013,0.0
267600,0.0,0.0,0.996555780951657,2156364.584204857,0.0
267660,0.0,0.0,0.996555780951657,2152232.030684494,0.0
267720,0.0,0.0,0.996555780951657,2152105.3689286923,0.0
267780,0.0,0.0,0.996555780951657,2154475.782302524,0.0
267840,0.0,0.0,0.996555780951657,2155674.547768819,0.0
267900,0.0,0.0,0.996555780951657,2154354.159941249,0.0
267960,0.0,0.0,0.996555780951657,2154303.451563551,0.0
268020,0.0,0.0,0.996555780951657,2150447.6723130634,0.0
268080,0.0,0.0,0.996555780951657,2153252.873323114,0.0
268140,0.0,0.0,0.996555780951657,2156866.8642632975,0.0
268200,0.0,0.0,0.996555780951657,2154845.35952155,0.0
268260,0.0,0.0,0.996555780951657,2154542.98177682,0.0
268320,0.0,0.0,0.996555780951657,2151118.79649642,0.0
268380,0.0,0.0,0.996555780951657,2153457.316726784,0.0
268440,0.0,0.0,0.996555780951657,2154309.6341138547,0.0
268500,0.0,0.0,0.996555780951657,2157988.200433188,0.0
268560,0.0,0.0,0.996555780951657,2154303.6308193924,0.0
268620,0.0,0.0,0.996555780951657,2153470.9187221993,0.0
268680,0.0,0.0,0.996555780951657,2151992.744610848,0.0
268740,0.0,0.0,0.996555780951657,2153848.923545149,0.0
268800,0.0,0.0,0.996555780951657,2155746.8439066247,0.0
268860,0.0,0.0,0.996555780951657,2155848.432485279,0.0
268920,0.0,0.0,0.996555780951657,2150901.517651646,0.0
268980,0.0,0.0,0.996555780951657,2152559.584669811,0.0
269040,0.0,0.0,0.996555780951657,2153912.998976932,0.0
269100,0.0,0.0,0.996555780951657,2154953.211622071,0.0
269160,0.0,0.0,0.996555780951657,2157408.069647792,0.0
269220,0.0,0.0,0.996555780951657,2153656.7885265187,0.0
269280,0.0,0.0,0.996555780951657,2152282.793530881,0.0
269340,0.0,0.0,0.996555780951657,2153586.958813887,0.0
269400,0.0,0.0,0.996555780951657,2154618.212077355,0.0
269460,0.0,0.0,0.996555780951657,2156779.037024536,0.0
269520,0.0,0.0,0.996555780951657,2152182.301721813,0.0
269580,0.0,0.0,0.996555780951657,2152441.2884330424,0.0
269640,0.0,0.0,0.996555780951657,2152089.482928653,0.0
269700,0.0,0.0,0.996555780951657,2154540.3724905583,0.0
269760,0.0,0.0,0.996555780951657,2155548.660423084,0.0
269820,0.0,0.0,0.996555780951657,2154001.52204868,0.0
269880,0.0,0.0,0.996555780951657,2154391.105670093,0.0
269940,0.0,0.0,0.996555780951657,2150429.019597433,0.0
270000,0.0,0.0,0.996555780951657,2153328.878388662,0.0
270060,0.0,0.0,0.996555780951657,2157128.675827792,0.0
270120,0.0,0.0,0.996555780951657,2155169.916034844,0.0
270180,0.0,0.0,0.996555780951657,2155121.9102081116,0.0
270240,0.0,0.0,0.996555780951657,2151512.4827832556,0.0
270300,0.0,0.0,0.996555780951657,2152619.333396828,0.0
270360,0.0,0.0,0.996555780951657,2155307.4502832354,0.0
270420,0.0,0.0,0.996555780951657,2156008.3018491915,0.0
270480,0.0,0.0,0.996555780951657,2153211.622580876,0.0
270540,0.0,0.0,0.996555780951657,2153425.8510886473,0.0
270600,0.0,0.0,0.996555780951657,2151564.452465595,0.0
270660,0.0,0.0,0.996555780951657,2155318.7955889325,0.0
270720,0.0,0.0,0.996555780951657,2155378.177310856,0.0
270780,0.0,0.0,0.996555780951657,2156624.667970381,0.0
270840,0.0,0.0,0.996555780951657,2149969.4728422207,0.0
270900,0.0,0.0,0.996555780951657,2152697.8573988075,0.0
270960,0.0,0.0,0.996555780951657,2154236.625430999,0.0
271020,0.0,0.0,0.996555780951657,2154835.6817058753,0.0
271080,0.0,0.0,0.996555780951657,2157615.67548574,0.0
271140,0.0,0.0,0.996555780951657,2153564.530742532,0.0
271200,0.0,0.0,0.996555780951657,2152375.98213787,0.0
271260,0.0,0.0,0.996555780951657,2152928.883294835,0.0
271320,0.0,0.0,0.996555780951657,2154698.2093620724,0.0
271380,0.0,0.0,0.996555780951657,2155499.840881219,0.0
271440,0.0,0.0,0.996555780951657,2155400.7936387598,0.0
271500,0.0,0.0,0.996555780951657,2150015.534236099,0.0
271560,0.0,0.0,0.996555780951657,2152489.685762789,0.0
271620,0.0,0.0,0.996555780951657,2155324.887032862,0.0
271680,0.0,0.0,0.996555780951657,2155331.2642067107,0.0
271740,0.0,0.0,0.996555780951657,2156708.193381606,0.0
271800,0.0,0.0,0.996555780951657,2149115.479206069,0.0
271860,0.0,0.0,0.996555780951657,2152215.119784522,0.0
271920,0.0,0.0,0.996555780951657,2153537.3079670477,0.0
271980,0.0,0.0,0.996555780951657,2157400.5241972995,0.0
272040,0.0,0.0,0.996555780951657,2155147.7440139866,0.0
272100,0.0,0.0,0.996555780951657,2155105.586333941,0.0
272160,0.0,0.0,0.996555780951657,2151516.177921357,0.0
272220,0.0,0.0,0.996555780951657,2152689.3081089067,0.0
272280,0.0,0.0,0.996555780951657,2155304.0690603857,0.0
272340,0.0,0.0,0.996555780951657,2155939.569821566,0.0
272400,0.0,0.0,0.996555780951657,2152765.140615373,0.0
272460,0.0,0.0,0.996555780951657,2153551.6476312554,0.0
272520,0.0,0.0,0.996555780951657,2151697.1772496384,0.0
272580,0.0,0.0,0.996555780951657,2154031.761729476,0.0
272640,0.0,0.0,0.996555780951657,2157598.1515790382,0.0
272700,0.0,0.0,0.996555780951657,2154749.7188591026,0.0
272760,0.0,0.0,0.996555780951657,2153821.4593922715,0.0
272820,0.0,0.0,0.996555780951657,2151596.3610230987,0.0
272880,0.0,0.0,0.996555780951657,2153417.311182213,0.0
272940,0.0,0.0,0.996555780951657,2155784.011366313,0.0
273000,0.0,0.0,0.996555780951657,2156010.2243604343,0.0
273060,0.0,0.0,0.996555780951657,2152233.178133394,0.0
273120,0.0,0.0,0.996555780951657,2150601.956952523,0.0
273180,0.0,0.0,0.996555780951657,2152829.5823181462,0.0
273240,0.0,0.0,0.996555780951657,2157656.849162487,0.0
273300,0.0,0.0,0.996555780951657,2154958.9213140146,0.0
273360,0.0,0.0,0.996555780951657,2155496.8556633475,0.0
273420,0.0,0.0,0.996555780951657,2149528.96668573,0.0
273480,0.0,0.0,0.996555780951657,2152648.205571126,0.0
273540,0.0,0.0,0.996555780951657,2155522.8792310567,0.0
273600,0.0,0.0,0.996555780951657,2155209.429213528,0.0
273660,0.0,0.0,0.996555780951657,2156851.97570917,0.0
273720,0.0,0.0,0.996555780951657,2152661.373278807,0.0
273780,0.0,0.0,0.996555780951657,2152028.855984052,0.0
273840,0.0,0.0,0.996555780951657,2153984.253807244,0.0
273900,0.0,0.0,0.996555780951657,2155412.1859160764,0.0
273960,0.0,0.0,0.996555780951657,2154829.3520870665,0.0
274020,0.0,0.0,0.996555780951657,2154702.9624860426,0.0
274080,0.0,0.0,0.996555780951657,2150107.5397991175,0.0
274140,0.0,0.0,0.996555780951657,2152927.5979944775,0.0
274200,0.0,0.0,0.996555780951657,2156444.0692398124,0.0
274260,0.0,0.0,0.996555780951657,2155377.4134953357,0.0
274320,0.0,0.0,0.996555780951657,2154858.2450212645,0.0
274380,0.0,0.0,0.996555780951657,2151419.8850455335,0.0
274440,0.0,0.0,0.996555780951657,2152577.0717556174,0.0
274500,0.0,0.0,0.996555780951657,2153994.849995618,0.0
274560,0.0,0.0,0.996555780951657,2157961.891084276,0.0
274620,0.0,0.0,0.996555780951657,2154598.7794943503,0.0
274680,0.0,0.0,0.996555780951657,2154053.7061819853,0.0
274740,0.0,0.0,0.996555780951657,2151685.9354415773,0.0
274800,0.0,0.0,0.996555780951657,2153444.8768524854,0.0
274860,0.0,0.0,0.996555780951657,2155714.1774562066,0.0
274920,0.0,0.0,0.996555780951657,2155953.9717437583,0.0
274980,0.0,0.0,0.996555780951657,2151497.310346711,0.0
275040,0.0,0.0,0.996555780951657,2152804.755976029,0.0
275100,0.0,0.0,0.996555780951657,2153186.1530705094,0.0
275160,0.0,0.0,0.996555780951657,2154696.508890146,0.0
275220,0.0,0.0,0.996555780951657,2157573.8316669646,0.0
275280,0.0,0.0,0.996555780951657,2154061.2171127507,0.0
275340,0.0,0.0,0.996555780951657,2152685.0921427277,0.0
275400,0.0,0.0,0.996555780951657,2152307.850915831,0.0
275460,0.0,0.0,0.996555780951657,2154296.828797617,0.0
275520,0.0,0.0,0.996555780951657,2157994.3764005043,0.0
275580,0.0,0.0,0.996555780951657,2154037.284326062,0.0
275640,0.0,0.0,0.996555780951657,2154145.430050329,0.0
275700,0.0,0.0,0.996555780951657,2150757.1439793115,0.0
275760,0.0,0.0,0.996555780951657,2153946.37804994,0.0
275820,0.0,0.0,0.996555780951657,2155466.853049149,0.0
275880,0.0,0.0,0.996555780951657,2154419.2718428597,0.0
275940,0.0,0.0,0.996555780951657,2154792.498669647,0.0
276000,0.0,0.0,0.996555780951657,2149990.4930168386,0.0
276060,0.0,0.0,0.996555780951657,2153014.9110850743,0.0
276120,0.0,0.0,0.996555780951657,2156707.7172446507,0.0
276180,0.0,0.0,0.996555780951657,2155264.714698819,0.0
276240,0.0,0.0,0.996555780951657,2155765.7352239867,0.0
276300,0.0,0.0,0.996555780951657,2151824.047563895,0.0
276360,0.0,0.0,0.996555780951657,2152305.817659053,0.0
276420,0.0,0.0,0.996555780951657,2154923.635242342,0.0
276480,0.0,0.0,0.996555780951657,2155882.3377308245,0.0
276540,0.0,0.0,0.996555780951657,2153826.4285083176,0.0
276600,0.0,0.0,0.996555780951657,2153864.75046896,0.0
276660,0.0,0.0,0.996555780951657,2150945.966579923,0.0
276720,0.0,0.0,0.996555780951657,2154773.6270123823,0.0
276780,0.0,0.0,0.996555780951657,2155158.156371246,0.0
276840,0.0,0.0,0.996555780951657,2157283.666622388,0.0
276900,0.0,0.0,0.996555780951657,2150577.355106128,0.0
276960,0.0,0.0,0.996555780951657,2152967.9583743364,0.0
277020,0.0,0.0,0.996555780951657,2153422.106583629,0.0
277080,0.0,0.0,0.996555780951657,2154586.012876684,0.0
277140,0.0,0.0,0.996555780951657,2157800.146183859,0.0
277200,0.0,0.0,0.996555780951657,2153969.374079491,0.0
277260,0.0,0.0,0.996555780951657,2152794.9600314237,0.0
277320,0.0,0.0,0.996555780951657,2152435.9438434634,0.0
277380,0.0,0.0,0.996555780951657,2154295.9405953167,0.0
277440,0.0,0.0,0.996555780951657,2155686.203745111,0.0
277500,0.0,0.0,0.996555780951657,2155655.926594104,0.0
277560,0.0,0.0,0.996555780951657,2150378.60810191,0.0
277620,0.0,0.0,0.996555780951657,2152433.109484972,0.0
277680,0.0,0.0,0.996555780951657,2154653.9505412686,0.0
277740,0.0,0.0,0.996555780951657,2155187.1964586154,0.0
277800,0.0,0.0,0.996555780951657,2157090.5370972673,0.0
277860,0.0,0.0,0.996555780951657,2149725.4313027905,0.0
277920,0.0,0.0,0.996555780951657,2152356.319508681,0.0
277980,0.0,0.0,0.996555780951657,2152972.569023033,0.0
278040,0.0,0.0,0.996555780951657,2157352.55931173,0.0
278100,0.0,0.0,0.996555780951657,2155225.380518913,0.0
278160,0.0,0.0,0.996555780951657,2155751.0097843013,0.0
278220,0.0,0.0,0.996555780951657,2151776.1606825115,0.0
278280,0.0,0.0,0.996555780951657,2152426.1902735187,0.0
278340,0.0,0.0,0.996555780951657,2154976.457045672,0.0
278400,0.0,0.0,0.996555780951657,2155823.292254131,0.0
278460,0.0,0.0,0.996555780951657,2153382.6319720917,0.0
278520,0.0,0.0,0.996555780951657,2153935.8005520925,0.0
278580,0.0,0.0,0.996555780951657,2151055.247991954,0.0
278640,0.0,0.0,0.996555780951657,2153694.581914398,0.0
278700,0.0,0.0,0.996555780951657,2157422.784579907,0.0
278760,0.0,0.0,0.996555780951657,2154995.2202056237,0.0
278820,0.0,0.0,0.996555780951657,2154422.5695357136,0.0
278880,0.0,0.0,0.996555780951657,2151450.162973932,0.0
278940,0.0,0.0,0.996555780951657,2153014.1387702017,0.0
279000,0.0,0.0,0.996555780951657,2155608.3218340473,0.0
279060,0.0,0.0,0.996555780951657,2156054.907254149,0.0
279120,0.0,0.0,0.996555780951657,2153054.7110366398,0.0
279180,0.0,0.0,0.996555780951657,2150539.905294231,0.0
279240,0.0,0.0,0.996555780951657,2152602.200173783,0.0
279300,0.0,0.0,0.996555780951657,2157153.1714820387,0.0
279360,0.0,0.0,0.996555780951657,2155202.511605081,0.0
279420,0.0,0.0,0.996555780951657,2155734.689433446,0.0
279480,0.0,0.0,0.996555780951657,2149743.4615324438,0.0
279540,0.0,0.0,0.996555780951657,2152621.0017707306,0.0
279600,0.0,0.0,0.996555780951657,2154867.2503589615,0.0
279660,0.0,0.0,0.996555780951657,2155090.520051346,0.0
279720,0.0,0.0,0.996555780951657,2157233.166033883,0.0
279780,0.0,0.0,0.996555780951657,2153080.6615105006,0.0
279840,0.0,0.0,0.996555780951657,2152089.4289213326,0.0
279900,0.0,0.0,0.996555780951657,2153491.3558004973,0.0
279960,0.0,0.0,0.996555780951657,2155113.267106894,0.0
280020,0.0,0.0,0.996555780951657,2155207.8853947027,0.0
280080,0.0,0.0,0.996555780951657,2155047.77933414,0.0
280140,0.0,0.0,0.996555780951657,2149965.871751511,0.0
280200,0.0,0.0,0.996555780951657,2152670.029863844,0.0
280260,0.0,0.0,0.996555780951657,2155949.530487375,0.0
280320,0.0,0.0,0.996555780951657,2155786.6236100653,0.0
280380,0.0,0.0,0.996555780951657,2155111.492706841,0.0
280440,0.0,0.0,0.996555780951657,2151893.4309340334,0.0
280500,0.0,0.0,0.996555780951657,2151737.048304601,0.0
280560,0.0,0.0,0.996555780951657,2153689.6564812884,0.0
280620,0.0,0.0,0.996555780951657,2157814.1208128687,0.0
280680,0.0,0.0,0.996555780951657,2154828.1784676937,0.0
280740,0.0,0.0,0.996555780951657,2154633.682718301,0.0
280800,0.0,0.0,0.996555780951657,2151521.3913913486,0.0
280860,0.0,0.0,0.996555780951657,2153075.6718340986,0.0
280920,0.0,0.0,0.996555780951657,2155588.2928277734,0.0
280980,0.0,0.0,0.996555780951657,2155990.6741913157,0.0
281040,0.0,0.0,0.996555780951657,2152110.2594905538,0.0
281100,0.0,0.0,0.996555780951657,2153101.673190689,0.0
281160,0.0,0.0,0.996555780951657,2152488.337675375,0.0
281220,0.0,0.0,0.996555780951657,2154412.744847628,0.0
281280,0.0,0.0,0.996555780951657,2157626.3959719245,0.0
281340,0.0,0.0,0.996555780951657,2154414.2027270836,0.0
281400,0.0,0.0,0.996555780951657,2153159.1067070896,0.0
281460,0.0,0.0,0.996555780951657,2151918.6165869585,0.0
281520,0.0,0.0,0.996555780951657,2153893.393561104,0.0
281580,0.0,0.0,0.996555780951657,2158143.5239727083,0.0
281640,0.0,0.0,0.996555780951657,2154415.405982466,0.0
281700,0.0,0.0,0.996555780951657,2154599.72165081,0.0
281760,0.0,0.0,0.996555780951657,2150021.1461530365,0.0
281820,0.0,0.0,0.996555780951657,2153507.2616141993,0.0
281880,0.0,0.0,0.996555780951657,2155174.7422078084,0.0
281940,0.0,0.0,0.996555780951657,2154847.3012920977,0.0
282000,0.0,0.0,0.996555780951657,2155093.2477238583,0.0
282060,0.0,0.0,0.996555780951657,2149777.0827137213,0.0
282120,0.0,0.0,0.996555780951657,2152788.673498311,0.0
282180,0.0,0.0,0.996555780951657,2156224.925392635,0.0
282240,0.0,0.0,0.996555780951657,2155290.35630218,0.0
282300,0.0,0.0,0.996555780951657,2156269.7588372948,0.0
282360,0.0,0.0,0.996555780951657,2152183.282139519,0.0
282420,0.0,0.0,0.996555780951657,2152107.4672855963,0.0
282480,0.0,0.0,0.996555780951657,2154521.0319406423,0.0
282540,0.0,0.0,0.996555780951657,2155711.631335654,0.0
282600,0.0,0.0,0.996555780951657,2154343.700264758,0.0
282660,0.0,0.0,0.996555780951657,2154244.425620725,0.0
282720,0.0,0.0,0.996555780951657,2150498.9021918355,0.0
282780,0.0,0.0,0.996555780951657,2154208.2048841165,0.0
282840,0.0,0.0,0.996555780951657,2154923.127507043,0.0
282900,0.0,0.0,0.996555780951657,2157761.0038452884,0.0
282960,0.0,0.0,0.996555780951657,2151204.21555598,0.0
283020,0.0,0.0,0.996555780951657,2153256.0592150358,0.0
283080,0.0,0.0,0.996555780951657,2152675.1028499,0.0
283140,0.0,0.0,0.996555780951657,2154333.527850048,0.0
283200,0.0,0.0,0.996555780951657,2157848.5563650257,0.0
283260,0.0,0.0,0.996555780951657,2154301.889967912,0.0
283320,0.0,0.0,0.996555780951657,2153256.9890616555,0.0
283380,0.0,0.0,0.996555780951657,2152041.678136599,0.0
283440,0.0,0.0,0.996555780951657,2153920.165358308,0.0
283500,0.0,0.0,0.996555780951657,2155767.400628799,0.0
283560,0.0,0.0,0.996555780951657,2155829.9531875057,0.0
283620,0.0,0.0,0.996555780951657,2150882.8041174347,0.0
283680,0.0,0.0,0.996555780951657,2152499.833284476,0.0
283740,0.0,0.0,0.996555780951657,2153995.0350024556,0.0
283800,0.0,0.0,0.996555780951657,2155004.568222191,0.0
283860,0.0,0.0,0.996555780951657,2157343.5822229665,0.0
283920,0.0,0.0,0.996555780951657,2153608.129594886,0.0
283980,0.0,0.0,0.996555780951657,2152215.4093017094,0.0
284040,0.0,0.0,0.996555780951657,2153642.4091653368,0.0
284100,0.0,0.0,0.996555780951657,2154668.7280772333,0.0
284160,0.0,0.0,0.996555780951657,2156783.23054322,0.0
284220,0.0,0.0,0.996555780951657,2152190.199281008,0.0
284280,0.0,0.0,0.996555780951657,2152391.6874217903,0.0
284340,0.0,0.0,0.996555780951657,2152094.1216743807,0.0
284400,0.0,0.0,0.996555780951657,2154583.9502715534,0.0
284460,0.0,0.0,0.996555780951657,2155586.976122943,0.0
284520,0.0,0.0,0.996555780951657,2153997.3117965036,0.0
284580,0.0,0.0,0.996555780951657,2154335.9858881645,0.0
284640,0.0,0.0,0.996555780951657,2150484.315789316,0.0
284700,0.0,0.0,0.996555780951657,2153353.6657495117,0.0
284760,0.0,0.0,0.996555780951657,2157128.973461914,0.0
284820,0.0,0.0,0.996555780951657,2155176.032488843,0.0
284880,0.0,0.0,0.996555780951657,2155051.423066204,0.0
284940,0.0,0.0,0.996555780951657,2151495.570913447,0.0
285000,0.0,0.0,0.996555780951657,2152637.9347851407,0.0
285060,0.0,0.0,0.996555780951657,2155330.6620508977,0.0
285120,0.0,0.0,0.996555780951657,2156022.3419477236,0.0
285180,0.0,0.0,0.996555780951657,2153928.154328463,0.0
285240,0.0,0.0,0.996555780951657,2150751.3756148824,0.0
285300,0.0,0.0,0.996555780951657,2152458.240415588,0.0
285360,0.0,0.0,0.996555780951657,2156519.64334556,0.0
285420,0.0,0.0,0.996555780951657,2155343.4143731263,0.0
285480,0.0,0.0,0.996555780951657,2155916.9869227493,0.0
285540,0.0,0.0,0.996555780951657,2150229.7307455763,0.0
285600,0.0,0.0,0.996555780951657,2152733.34756853,0.0
285660,0.0,0.0,0.996555780951657,2154146.9020435354,0.0
285720,0.0,0.0,0.996555780951657,2154906.7203538865,0.0
285780,0.0,0.0,0.996555780951657,2157535.954553279,0.0
285840,0.0,0.0,0.996555780951657,2153503.8006074545,0.0
285900,0.0,0.0,0.996555780951657,2152319.733288982,0.0
285960,0.0,0.0,0.996555780951657,2152983.7733624717,0.0
286020,0.0,0.0,0.996555780951657,2154761.2796931914,0.0
286080,0.0,0.0,0.996555780951657,2155500.4555343944,0.0
286140,0.0,0.0,0.996555780951657,2155359.670553723,0.0
286200,0.0,0.0,0.996555780951657,2150037.2497501294,0.0
286260,0.0,0.0,0.996555780951657,2152485.0285941754,0.0
286320,0.0,0.0,0.996555780951657,2155369.930963655,0.0
286380,0.0,0.0,0.996555780951657,2155361.606514319,0.0
286440,0.0,0.0,0.996555780951657,2156636.924032103,0.0
286500,0.0,0.0,0.996555780951657,2149176.103485787,0.0
286560,0.0,0.0,0.996555780951657,2152190.6563278157,0.0
286620,0.0,0.0,0.996555780951657,2153591.107798841,0.0
286680,0.0,0.0,0.996555780951657,2157371.091196483,0.0
286740,0.0,0.0,0.996555780951657,2155155.1139927716,0.0
286800,0.0,0.0,0.996555780951657,2155018.4937727633,0.0
286860,0.0,0.0,0.996555780951657,2151499.646349695,0.0
286920,0.0,0.0,0.996555780951657,2152707.5932320007,0.0
286980,0.0,0.0,0.996555780951657,2155330.0718944906,0.0
287040,0.0,0.0,0.996555780951657,2155956.251397223,0.0
287100,0.0,0.0,0.996555780951657,2152770.089440756,0.0
287160,0.0,0.0,0.996555780951657,2153503.1847965755,0.0
287220,0.0,0.0,0.996555780951657,2151736.4542081817,0.0
287280,0.0,0.0,0.996555780951657,2154057.4338914803,0.0
287340,0.0,0.0,0.996555780951657,2157579.6002777494,0.0
287400,0.0,0.0,0.996555780951657,2154746.646670572,0.0
287460,0.0,0.0,0.996555780951657,2153771.6020566765,0.0
287520,0.0,0.0,0.996555780951657,2151600.425244039,0.0
287580,0.0,0.0,0.996555780951657,2153438.3286970505,0.0
287640,0.0,0.0,0.996555780951657,2158173.4641755857,0.0
287700,0.0,0.0,0.996555780951657,2154748.068930243,0.0
287760,0.0,0.0,0.996555780951657,2155104.6102057444,0.0
287820,0.0,0.0,0.996555780951657,2149330.9655036475,0.0
287880,0.0,0.0,0.996555780951657,2153016.1698233983,0.0
287940,0.0,0.0,0.996555780951657,2154796.966110658,0.0
288000,0.0,0.0,0.996555780951657,2155205.527076635,0.0
288060,0.0,0.0,0.996555780951657,2155384.704307015,0.0
288120,0.0,0.0,0.996555780951657,2149745.9032116607,0.0
288180,0.0,0.0,0.996555780951657,2152625.9098708727,0.0
288240,0.0,0.0,0.996555780951657,2155620.0983286384,0.0
288300,0.0,0.0,0.996555780951657,2155237.5489206575,0.0
288360,0.0,0.0,0.996555780951657,2156769.5591477454,0.0
288420,0.0,0.0,0.996555780951657,2152613.7787915384,0.0
288480,0.0,0.0,0.996555780951657,2152009.9216500986,0.0
288540,0.0,0.0,0.996555780951657,2154032.476619692,0.0
288600,0.0,0.0,0.996555780951657,2155455.9808696685,0.0
288660,0.0,0.0,0.996555780951657,2154822.4463938177,0.0
288720,0.0,0.0,0.996555780951657,2154649.8303804505,0.0
288780,0.0,0.0,0.996555780951657,2150152.00414882,0.0
288840,0.0,0.0,0.996555780951657,2153552.240545708,0.0
288900,0.0,0.0,0.996555780951657,2154621.0435041278,0.0
288960,0.0,0.0,0.996555780951657,2158177.020517048,0.0
289020,0.0,0.0,0.996555780951657,2151868.2581307855,0.0
289080,0.0,0.0,0.996555780951657,2153621.241810041,0.0
289140,0.0,0.0,0.996555780951657,2151889.7280150764,0.0
289200,0.0,0.0,0.996555780951657,2154032.457730167,0.0
289260,0.0,0.0,0.996555780951657,2157801.2364414823,0.0
289320,0.0,0.0,0.996555780951657,2154607.736205229,0.0
289380,0.0,0.0,0.996555780951657,2153829.0437758313,0.0
289440,0.0,0.0,0.996555780951657,2151713.796043259,0.0
289500,0.0,0.0,0.996555780951657,2153513.20009406,0.0
289560,0.0,0.0,0.996555780951657,2155745.3654445913,0.0
289620,0.0,0.0,0.996555780951657,2155951.057130652,0.0
289680,0.0,0.0,0.996555780951657,2151470.600345788,0.0
289740,0.0,0.0,0.996555780951657,2152725.2145448574,0.0
289800,0.0,0.0,0.996555780951657,2153275.6711766985,0.0
289860,0.0,0.0,0.996555780951657,2154752.594239015,0.0
289920,0.0,0.0,0.996555780951657,2157522.685167882,0.0
289980,0.0,0.0,0.996555780951657,2154019.471277563,0.0
290040,0.0,0.0,0.996555780951657,2152600.7578342087,0.0
290100,0.0,0.0,0.996555780951657,2152719.8061511493,0.0
290160,0.0,0.0,0.996555780951657,2154351.139033337,0.0
290220,0.0,0.0,0.996555780951657,2156676.40843709,0.0
290280,0.0,0.0,0.996555780951657,2153089.0933013223,0.0
290340,0.0,0.0,0.996555780951657,2152781.2660725596,0.0
290400,0.0,0.0,0.996555780951657,2151971.481991479,0.0
290460,0.0,0.0,0.996555780951657,2154138.0385132674,0.0
290520,0.0,0.0,0.996555780951657,2155350.9007332996,0.0
290580,0.0,0.0,0.996555780951657,2154496.6694326173,0.0
290640,0.0,0.0,0.996555780951657,2154695.979527117,0.0
290700,0.0,0.0,0.996555780951657,2150071.591346518,0.0
290760,0.0,0.0,0.996555780951657,2153058.470849889,0.0
290820,0.0,0.0,0.996555780951657,2156743.3472533342,0.0
290880,0.0,0.0,0.996555780951657,2155281.2430810006,0.0
290940,0.0,0.0,0.996555780951657,2155621.845537209,0.0
291000,0.0,0.0,0.996555780951657,2151756.789803809,0.0
291060,0.0,0.0,0.996555780951657,2152338.1515594022,0.0
291120,0.0,0.0,0.996555780951657,2154987.8422874045,0.0
291180,0.0,0.0,0.996555780951657,2155922.2361093895,0.0
291240,0.0,0.0,0.996555780951657,2154761.1970723877,0.0
291300,0.0,0.0,0.996555780951657,2151177.4061747557,0.0
291360,0.0,0.0,0.996555780951657,2152423.639861201,0.0
291420,0.0,0.0,0.996555780951657,2155799.3676906717,0.0
291480,0.0,0.0,0.996555780951657,2155383.7426383826,0.0
291540,0.0,0.0,0.996555780951657,2156027.3281255625,0.0
291600,0.0,0.0,0.996555780951657,2150808.3969626226,0.0
291660,0.0,0.0,0.996555780951657,2152956.138667204,0.0
291720,0.0,0.0,0.996555780951657,2153427.4092068602,0.0
291780,0.0,0.0,0.996555780951657,2154685.4901149473,0.0
291840,0.0,0.0,0.996555780951657,2157722.7813965925,0.0
291900,0.0,0.0,0.996555780951657,2153888.8733613286,0.0
291960,0.0,0.0,0.996555780951657,2152676.2405669065,0.0
292020,0.0,0.0,0.996555780951657,2152518.003058349,0.0
292080,0.0,0.0,0.996555780951657,2154394.0524278935,0.0
292140,0.0,0.0,0.996555780951657,2155691.655676147,0.0
292200,0.0,0.0,0.996555780951657,2155608.7968666977,0.0
292260,0.0,0.0,0.996555780951657,2150362.86740902,0.0
292320,0.0,0.0,0.996555780951657,2152402.3991009877,0.0
292380,0.0,0.0,0.996555780951657,2154749.9547507116,0.0
292440,0.0,0.0,0.996555780951657,2155241.084156288,0.0
292500,0.0,0.0,0.996555780951657,2156995.8266995656,0.0
292560,0.0,0.0,0.996555780951657,2149764.186124505,0.0
292620,0.0,0.0,0.996555780951657,2152288.44965064,0.0
292680,0.0,0.0,0.996555780951657,2153061.509409196,0.0
292740,0.0,0.0,0.996555780951657,2157323.131316368,0.0
292800,0.0,0.0,0.996555780951657,2155242.5060335523,0.0
292860,0.0,0.0,0.996555780951657,2155614.979945825,0.0
292920,0.0,0.0,0.996555780951657,2151721.704178417,0.0
292980,0.0,0.0,0.996555780951657,2152446.319023534,0.0
293040,0.0,0.0,0.996555780951657,2155027.2343434705,0.0
293100,0.0,0.0,0.996555780951657,2155858.3646547794,0.0
293160,0.0,0.0,0.996555780951657,2153365.0888209636,0.0
293220,0.0,0.0,0.996555780951657,2153860.8581386744,0.0
293280,0.0,0.0,0.996555780951657,2151130.07910894,0.0
293340,0.0,0.0,0.996555780951657,2153736.665865972,0.0
293400,0.0,0.0,0.996555780951657,2157415.7662015026,0.0
293460,0.0,0.0,0.996555780951657,2154989.1903556306,0.0
293520,0.0,0.0,0.996555780951657,2154332.9819411957,0.0
293580,0.0,0.0,0.996555780951657,2151449.4020057926,0.0
293640,0.0,0.0,0.996555780951657,2153051.2904544827,0.0
293700,0.0,0.0,0.996555780951657,2158025.698716849,0.0
293760,0.0,0.0,0.996555780951657,2154986.3807753082,0.0
293820,0.0,0.0,0.996555780951657,2155512.843014827,0.0
293880,0.0,0.0,0.996555780951657,2148891.5791488327,0.0
293940,0.0,0.0,0.996555780951657,2152595.236004098,0.0
294000,0.0,0.0,0.996555780951657,2154434.0594714424,0.0
294060,0.0,0.0,0.996555780951657,2155449.4566159304,0.0
294120,0.0,0.0,0.996555780951657,2155595.3156680823,0.0
294180,0.0,0.0,0.996555780951657,2149971.6683635605,0.0
294240,0.0,0.0,0.996555780951657,2152566.7607799512,0.0
294300,0.0,0.0,0.996555780951657,2154999.1415923545,0.0
294360,0.0,0.0,0.996555780951657,2155135.933590939,0.0
294420,0.0,0.0,0.996555780951657,2157136.6314831567,0.0
294480,0.0,0.0,0.996555780951657,2153017.8825149983,0.0
294540,0.0,0.0,0.996555780951657,2152041.17602951,0.0
294600,0.0,0.0,0.996555780951657,2153558.755041519,0.0
294660,0.0,0.0,0.996555780951657,2155176.9175993665,0.0
294720,0.0,0.0,0.996555780951657,2155197.209456336,0.0
294780,0.0,0.0,0.996555780951657,2154987.225689048,0.0
294840,0.0,0.0,0.996555780951657,2150007.4110853123,0.0
294900,0.0,0.0,0.996555780951657,2152687.3705279394,0.0
294960,0.0,0.0,0.996555780951657,2155991.4893744565,0.0
295020,0.0,0.0,0.996555780951657,2155783.3281855984,0.0
295080,0.0,0.0,0.996555780951657,2155085.7597924573,0.0
295140,0.0,0.0,0.996555780951657,2151835.3025254323,0.0
295200,0.0,0.0,0.996555780951657,2151802.206229293,0.0
295260,0.0,0.0,0.996555780951657,2153729.1649530353,0.0
295320,0.0,0.0,0.996555780951657,2157794.363904811,0.0
295380,0.0,0.0,0.996555780951657,2154824.0640955237,0.0
295440,0.0,0.0,0.996555780951657,2154540.4886816707,0.0
295500,0.0,0.0,0.996555780951657,2151522.3177214935,0.0
295560,0.0,0.0,0.996555780951657,2153109.3397994256,0.0
295620,0.0,0.0,0.996555780951657,2155613.188474654,0.0
295680,0.0,0.0,0.996555780951657,2155998.9475913243,0.0
295740,0.0,0.0,0.996555780951657,2152110.230115335,0.0
295800,0.0,0.0,0.996555780951657,2153047.908040127,0.0
295860,0.0,0.0,0.996555780951657,2152533.4449244994,0.0
295920,0.0,0.0,0.996555780951657,2154445.0618023486,0.0
295980,0.0,0.0,0.996555780951657,2157599.6670921165,0.0
296040,0.0,0.0,0.996555780951657,2154401.6955964486,0.0
296100,0.0,0.0,0.996555780951657,2153105.6883419515,0.0
296160,0.0,0.0,0.996555780951657,2151773.577021192,0.0
296220,0.0,0.0,0.996555780951657,2153985.9230420864,0.0
296280,0.0,0.0,0.996555780951657,2156477.3231447814,0.0
296340,0.0,0.0,0.996555780951657,2153984.242958421,0.0
296400,0.0,0.0,0.996555780951657,2153193.308442989,0.0
296460,0.0,0.0,0.996555780951657,2151981.6958414954,0.0
296520,0.0,0.0,0.996555780951657,2153642.5999837667,0.0
296580,0.0,0.0,0.996555780951657,2155055.707849222,0.0
296640,0.0,0.0,0.996555780951657,2154926.98399323,0.0
296700,0.0,0.0,0.996555780951657,2155038.287264676,0.0
296760,0.0,0.0,0.996555780951657,2149809.727061753,0.0
296820,0.0,0.0,0.996555780951657,2152805.0968912747,0.0
296880,0.0,0.0,0.996555780951657,2156256.303913799,0.0
296940,0.0,0.0,0.996555780951657,2155315.3550210553,0.0
297000,0.0,0.0,0.996555780951657,2156168.3234421797,0.0
297060,0.0,0.0,0.996555780951657,2152130.9803408026,0.0
297120,0.0,0.0,0.996555780951657,2152113.3337420924,0.0
297180,0.0,0.0,0.996555780951657,2154569.452173822,0.0
297240,0.0,0.0,0.996555780951657,2155749.8107559914,0.0
297300,0.0,0.0,0.996555780951657,2154329.5157791167,0.0
297360,0.0,0.0,0.996555780951657,2154180.6689151283,0.0
297420,0.0,0.0,0.996555780951657,2150553.5485467208,0.0
297480,0.0,0.0,0.996555780951657,2154246.4202936944,0.0
297540,0.0,0.0,0.996555780951657,2154966.404571614,0.0
297600,0.0,0.0,0.996555780951657,2157674.9529732116,0.0
297660,0.0,0.0,0.996555780951657,2151227.184314979,0.0
297720,0.0,0.0,0.996555780951657,2153194.1563215773,0.0
297780,0.0,0.0,0.996555780951657,2152729.839683636,0.0
297840,0.0,0.0,0.996555780951657,2154368.0326710464,0.0
297900,0.0,0.0,0.996555780951657,2157815.87278935,0.0
297960,0.0,0.0,0.996555780951657,2154287.7290235576,0.0
298020,0.0,0.0,0.996555780951657,2153195.66990993,0.0
298080,0.0,0.0,0.996555780951657,2152058.621404912,0.0
298140,0.0,0.0,0.996555780951657,2153952.209827348,0.0
298200,0.0,0.0,0.996555780951657,2155781.0298317196,0.0
298260,0.0,0.0,0.996555780951657,2155822.4680525977,0.0
298320,0.0,0.0,0.996555780951657,2150896.7030784152,0.0
298380,0.0,0.0,0.996555780951657,2152469.5857935594,0.0
298440,0.0,0.0,0.996555780951657,2154016.8156781215,0.0
298500,0.0,0.0,0.996555780951657,2155028.0976725314,0.0
298560,0.0,0.0,0.996555780951657,2157311.1147549762,0.0
298620,0.0,0.0,0.996555780951657,2150480.575353376,0.0
298680,0.0,0.0,0.996555780951657,2152576.76399334,0.0
298740,0.0,0.0,0.996555780951657,2152496.051617207,0.0
298800,0.0,0.0,0.996555780951657,2157123.5132533605,0.0
298860,0.0,0.0,0.996555780951657,2155257.871359799,0.0
298920,0.0,0.0,0.996555780951657,2156252.1339338543,0.0
298980,0.0,0.0,0.996555780951657,2152101.1615708666,0.0
299040,0.0,0.0,0.996555780951657,2152248.0261048325,0.0
299100,0.0,0.0,0.996555780951657,2154617.3321034396,0.0
299160,0.0,0.0,0.996555780951657,2155676.1684171944,0.0
299220,0.0,0.0,0.996555780951657,2153953.4243650245,0.0
299280,0.0,0.0,0.996555780951657,2154267.1486422913,0.0
299340,0.0,0.0,0.996555780951657,2150557.1413510656,0.0
299400,0.0,0.0,0.996555780951657,2153389.4478868665,0.0
299460,0.0,0.0,0.996555780951657,2157136.936965051,0.0
299520,0.0,0.0,0.996555780951657,2155178.949670891,0.0
299580,0.0,0.0,0.996555780951657,2154960.7172164577,0.0
299640,0.0,0.0,0.996555780951657,2151474.992895548,0.0
299700,0.0,0.0,0.996555780951657,2152666.9402784575,0.0
299760,0.0,0.0,0.996555780951657,2157735.6068048347,0.0
299820,0.0,0.0,0.996555780951657,2155151.887111539,0.0
299880,0.0,0.0,0.996555780951657,2155917.403665764,0.0
299940,0.0,0.0,0.996555780951657,2148623.5306714117,0.0
300000,0.0,0.0,0.996555780951657,2152195.334829328,0.0
300060,0.0,0.0,0.996555780951657,2154017.230036116,0.0
300120,0.0,0.0,0.996555780951657,2155596.5518381824,0.0
300180,0.0,0.0,0.996555780951657,2155765.6237461376,0.0
300240,0.0,0.0,0.996555780951657,2150447.5548027083,0.0
300300,0.0,0.0,0.996555780951657,2152638.2218987583,0.0
300360,0.0,0.0,0.996555780951657,2154288.946756034,0.0
300420,0.0,0.0,0.996555780951657,2154961.124008846,0.0
300480,0.0,0.0,0.996555780951657,2157450.9770269003,0.0
300540,0.0,0.0,0.996555780951657,2153445.8738111635,0.0
300600,0.0,0.0,0.996555780951657,2152240.2025316195,0.0
300660,0.0,0.0,0.996555780951657,2153049.23513336,0.0
300720,0.0,0.0,0.996555780951657,2154830.138335342,0.0
300780,0.0,0.0,0.996555780951657,2155497.8853253024,0.0
300840,0.0,0.0,0.996555780951657,2155310.28870327,0.0
300900,0.0,0.0,0.996555780951657,2150058.549506171,0.0
300960,0.0,0.0,0.996555780951657,2152484.879838817,0.0
301020,0.0,0.0,0.996555780951657,2155423.7161604925,0.0
301080,0.0,0.0,0.996555780951657,2156080.9436412686,0.0
301140,0.0,0.0,0.996555780951657,2155301.862053402,0.0
301200,0.0,0.0,0.996555780951657,2152437.9218283393,0.0
301260,0.0,0.0,0.996555780951657,2151002.6363244676,0.0
301320,0.0,0.0,0.996555780951657,2153419.154431883,0.0
301380,0.0,0.0,0.996555780951657,2157546.482935128,0.0
301440,0.0,0.0,0.996555780951657,2155004.3304069396,0.0
301500,0.0,0.0,0.996555780951657,2155137.9738691463,0.0
301560,0.0,0.0,0.996555780951657,2151509.2008993537,0.0
301620,0.0,0.0,0.996555780951657,2152759.162921707,0.0
301680,0.0,0.0,0.996555780951657,2155395.771182212,0.0
301740,0.0,0.0,0.996555780951657,2155977.1975164902,0.0
301800,0.0,0.0,0.996555780951657,2152733.899635179,0.0
301860,0.0,0.0,0.996555780951657,2153394.9132664306,0.0
301920,0.0,0.0,0.996555780951657,2151852.600880332,0.0
301980,0.0,0.0,0.996555780951657,2154126.0020207935,0.0
302040,0.0,0.0,0.996555780951657,2157557.8937638113,0.0
302100,0.0,0.0,0.996555780951657,2154717.559363737,0.0
302160,0.0,0.0,0.996555780951657,2153646.3590924884,0.0
302220,0.0,0.0,0.996555780951657,2150904.336652967,0.0
302280,0.0,0.0,0.996555780951657,2153621.835734873,0.0
302340,0.0,0.0,0.996555780951657,2156207.993909778,0.0
302400,0.0,0.0,0.996555780951657,2154804.0013605175,0.0
302460,0.0,0.0,0.996555780951657,2153579.182687003,0.0
302520,0.0,0.0,0.996555780951657,2152139.786734191,0.0
302580,0.0,0.0,0.996555780951657,2153155.3552140915,0.0
302640,0.0,0.0,0.996555780951657,2154737.5202572886,0.0
302700,0.0,0.0,0.996555780951657,2155260.6581091452,0.0
302760,0.0,0.0,0.996555780951657,2155324.9849464833,0.0
302820,0.0,0.0,0.996555780951657,2149758.5281748683,0.0
302880,0.0,0.0,0.996555780951657,2152628.180088286,0.0
302940,0.0,0.0,0.996555780951657,2155704.9960400453,0.0
303000,0.0,0.0,0.996555780951657,2155284.2399818525,0.0
303060,0.0,0.0,0.996555780951657,2156631.242711653,0.0
303120,0.0,0.0,0.996555780951657,2152527.942532877,0.0
303180,0.0,0.0,0.996555780951657,2151995.3008623687,0.0
303240,0.0,0.0,0.996555780951657,2154117.7299564546,0.0
303300,0.0,0.0,0.996555780951657,2155525.327696157,0.0
303360,0.0,0.0,0.996555780951657,2154792.0893151485,0.0
303420,0.0,0.0,0.996555780951657,2154560.1930245184,0.0
303480,0.0,0.0,0.996555780951657,2150222.7209411855,0.0
303540,0.0,0.0,0.996555780951657,2153633.1070161,0.0
303600,0.0,0.0,0.996555780951657,2154691.3351311306,0.0
303660,0.0,0.0,0.996555780951657,2158057.09240668,0.0
303720,0.0,0.0,0.996555780951657,2151868.00922954,0.0
303780,0.0,0.0,0.996555780951657,2153525.3489698293,0.0
303840,0.0,0.0,0.996555780951657,2151994.8166599744,0.0
303900,0.0,0.0,0.996555780951657,2154086.5080825794,0.0
303960,0.0,0.0,0.996555780951657,2157774.3987034014,0.0
304020,0.0,0.0,0.996555780951657,2154586.4307650975,0.0
304080,0.0,0.0,0.996555780951657,2153720.7118899547,0.0
304140,0.0,0.0,0.996555780951657,2151737.5049624452,0.0
304200,0.0,0.0,0.996555780951657,2153566.102634232,0.0
304260,0.0,0.0,0.996555780951657,2155768.7031168235,0.0
304320,0.0,0.0,0.996555780951657,2155946.619575002,0.0
304380,0.0,0.0,0.996555780951657,2151461.5356291803,0.0
304440,0.0,0.0,0.996555780951657,2152664.962580718,0.0
304500,0.0,0.0,0.996555780951657,2153335.8542282796,0.0
304560,0.0,0.0,0.996555780951657,2154794.2263832726,0.0
304620,0.0,0.0,0.996555780951657,2157481.4557019104,0.0
304680,0.0,0.0,0.996555780951657,2151232.4759263596,0.0
304740,0.0,0.0,0.996555780951657,2152879.4578668186,0.0
304800,0.0,0.0,0.996555780951657,2152034.1297150347,0.0
304860,0.0,0.0,0.996555780951657,2156781.7079601,0.0
304920,0.0,0.0,0.996555780951657,2155218.026965317,0.0
304980,0.0,0.0,0.996555780951657,2156752.009028333,0.0
305040,0.0,0.0,0.996555780951657,2152474.9475345253,0.0
305100,0.0,0.0,0.996555780951657,2152161.1838964736,0.0
305160,0.0,0.0,0.996555780951657,2154195.0529806693,0.0
305220,0.0,0.0,0.996555780951657,2155461.619541449,0.0
305280,0.0,0.0,0.996555780951657,2154448.29838664,0.0
305340,0.0,0.0,0.996555780951657,2154614.1944460035,0.0
305400,0.0,0.0,0.996555780951657,2150157.286753202,0.0
305460,0.0,0.0,0.996555780951657,2153095.8632951644,0.0
305520,0.0,0.0,0.996555780951657,2156775.9873643536,0.0
305580,0.0,0.0,0.996555780951657,2155293.009716058,0.0
305640,0.0,0.0,0.996555780951657,2155505.800544023,0.0
305700,0.0,0.0,0.996555780951657,2151703.898249354,0.0
305760,0.0,0.0,0.996555780951657,2152366.1533463346,0.0
305820,0.0,0.0,0.996555780951657,2155038.636270423,0.0
305880,0.0,0.0,0.996555780951657,2155953.452415251,0.0
305940,0.0,0.0,0.996555780951657,2154684.143938955,0.0
306000,0.0,0.0,0.996555780951657,2151154.512045431,0.0
306060,0.0,0.0,0.996555780951657,2152394.4589982606,0.0
306120,0.0,0.0,0.996555780951657,2155820.919109254,0.0
306180,0.0,0.0,0.996555780951657,2155414.213818104,0.0
306240,0.0,0.0,0.996555780951657,2156023.786704835,0.0
306300,0.0,0.0,0.996555780951657,2150815.68457967,0.0
306360,0.0,0.0,0.996555780951657,2152895.4991275854,0.0
306420,0.0,0.0,0.996555780951657,2153486.0282165096,0.0
306480,0.0,0.0,0.996555780951657,2154724.274472081,0.0
306540,0.0,0.0,0.996555780951657,2157676.1339496793,0.0
306600,0.0,0.0,0.996555780951657,2153863.5584244924,0.0
306660,0.0,0.0,0.996555780951657,2152617.7423276603,0.0
306720,0.0,0.0,0.996555780951657,2152545.91862699,0.0
306780,0.0,0.0,0.996555780951657,2154433.3768373933,0.0
306840,0.0,0.0,0.996555780951657,2155701.490646206,0.0
306900,0.0,0.0,0.996555780951657,2155589.7412055368,0.0
306960,0.0,0.0,0.996555780951657,2150376.3066869606,0.0
307020,0.0,0.0,0.996555780951657,2152385.359721735,0.0
307080,0.0,0.0,0.996555780951657,2154774.499011797,0.0
307140,0.0,0.0,0.996555780951657,2156253.3190927487,0.0
307200,0.0,0.0,0.996555780951657,2155460.5356187904,0.0
307260,0.0,0.0,0.996555780951657,2153160.2613814445,0.0
307320,0.0,0.0,0.996555780951657,2150273.616452504,0.0
307380,0.0,0.0,0.996555780951657,2153126.971073763,0.0
307440,0.0,0.0,0.996555780951657,2157180.81677089,0.0
307500,0.0,0.0,0.996555780951657,2155119.402819404,0.0
307560,0.0,0.0,0.996555780951657,2155738.7243703785,0.0
307620,0.0,0.0,0.996555780951657,2151716.7550378544,0.0
307680,0.0,0.0,0.996555780951657,2152454.6830902332,0.0
307740,0.0,0.0,0.996555780951657,2155084.5667830543,0.0
307800,0.0,0.0,0.996555780951657,2155883.6932259127,0.0
307860,0.0,0.0,0.996555780951657,2153350.171556375,0.0
307920,0.0,0.0,0.996555780951657,2153780.561536438,0.0
307980,0.0,0.0,0.996555780951657,2151209.3139350438,0.0
308040,0.0,0.0,0.996555780951657,2153782.630149407,0.0
308100,0.0,0.0,0.996555780951657,2157408.362693533,0.0
308160,0.0,0.0,0.996555780951657,2154980.703157178,0.0
308220,0.0,0.0,0.996555780951657,2154238.587631108,0.0
308280,0.0,0.0,0.996555780951657,2151450.756827229,0.0
308340,0.0,0.0,0.996555780951657,2153092.661087796,0.0
308400,0.0,0.0,0.996555780951657,2157979.7115523303,0.0
308460,0.0,0.0,0.996555780951657,2154995.108691594,0.0
308520,0.0,0.0,0.996555780951657,2155449.152853262,0.0
308580,0.0,0.0,0.996555780951657,2148974.3192864964,0.0
308640,0.0,0.0,0.996555780951657,2152626.308164555,0.0
308700,0.0,0.0,0.996555780951657,2154480.707686709,0.0
308760,0.0,0.0,0.996555780951657,2155461.9124700464,0.0
308820,0.0,0.0,0.996555780951657,2155577.5597064546,0.0
308880,0.0,0.0,0.996555780951657,2149994.5725167785,0.0
308940,0.0,0.0,0.996555780951657,2152546.1181708896,0.0
309000,0.0,0.0,0.996555780951657,2155025.707147855,0.0
309060,0.0,0.0,0.996555780951657,2155161.725046635,0.0
309120,0.0,0.0,0.996555780951657,2157086.9313149983,0.0
309180,0.0,0.0,0.996555780951657,2152994.1863002623,0.0
309240,0.0,0.0,0.996555780951657,2152018.6139634494,0.0
309300,0.0,0.0,0.996555780951657,2153580.1344002015,0.0
309360,0.0,0.0,0.996555780951657,2155204.144217983,0.0
309420,0.0,0.0,0.996555780951657,2155205.106216399,0.0
309480,0.0,0.0,0.996555780951657,2154961.794285837,0.0
309540,0.0,0.0,0.996555780951657,2150032.0316721764,0.0
309600,0.0,0.0,0.996555780951657,2152934.4129838157,0.0
309660,0.0,0.0,0.996555780951657,2154344.043225986,0.0
309720,0.0,0.0,0.996555780951657,2158371.2311424413,0.0
309780,0.0,0.0,0.996555780951657,2152532.9135399885,0.0
309840,0.0,0.0,0.996555780951657,2153933.3145939107,0.0
309900,0.0,0.0,0.996555780951657,2151228.8040591176,0.0
309960,0.0,0.0,0.996555780951657,2153758.9616024354,0.0
310020,0.0,0.0,0.996555780951657,2157625.7435632693,0.0
310080,0.0,0.0,0.996555780951657,2154849.8082487388,0.0
310140,0.0,0.0,0.996555780951657,2154352.836350511,0.0
310200,0.0,0.0,0.996555780951657,2151521.631773417,0.0
310260,0.0,0.0,0.996555780951657,2153154.6586818337,0.0
310320,0.0,0.0,0.996555780951657,2155643.9273542343,0.0
310380,0.0,0.0,0.996555780951657,2156008.192839958,0.0
310440,0.0,0.0,0.996555780951657,2152095.2818561224,0.0
310500,0.0,0.0,0.996555780951657,2152980.729041353,0.0
310560,0.0,0.0,0.996555780951657,2152597.9885346773,0.0
310620,0.0,0.0,0.996555780951657,2154488.342448147,0.0
310680,0.0,0.0,0.996555780951657,2157568.674138758,0.0
310740,0.0,0.0,0.996555780951657,2152036.109377703,0.0
310800,0.0,0.0,0.996555780951657,2153250.374700319,0.0
310860,0.0,0.0,0.996555780951657,2151604.2220461746,0.0
310920,0.0,0.0,0.996555780951657,2156289.135094953,0.0
310980,0.0,0.0,0.996555780951657,2155104.49954617,0.0
311040,0.0,0.0,0.996555780951657,2157229.6882635397,0.0
311100,0.0,0.0,0.996555780951657,2152894.7425520257,0.0
311160,0.0,0.0,0.996555780951657,2152200.973399259,0.0
311220,0.0,0.0,0.996555780951657,2153705.3011858687,0.0
311280,0.0,0.0,0.996555780951657,2155173.3460785826,0.0
311340,0.0,0.0,0.996555780951657,2154890.7436052854,0.0
311400,0.0,0.0,0.996555780951657,2154965.797942955,0.0
311460,0.0,0.0,0.996555780951657,2149881.3560588975,0.0
311520,0.0,0.0,0.996555780951657,2152826.7729245885,0.0
311580,0.0,0.0,0.996555780951657,2156305.596749371,0.0
311640,0.0,0.0,0.996555780951657,2155338.841233041,0.0
311700,0.0,0.0,0.996555780951657,2156056.8814931475,0.0
311760,0.0,0.0,0.996555780951657,2152071.65067927,0.0
311820,0.0,0.0,0.996555780951657,2152124.274942651,0.0
311880,0.0,0.0,0.996555780951657,2154625.9294783357,0.0
311940,0.0,0.0,0.996555780951657,2155791.4600509875,0.0
312000,0.0,0.0,0.996555780951657,2155489.4879429215,0.0
312060,0.0,0.0,0.996555780951657,2151637.2736774087,0.0
312120,0.0,0.0,0.996555780951657,2152469.838196367,0.0
312180,0.0,0.0,0.996555780951657,2155020.355226504,0.0
312240,0.0,0.0,0.996555780951657,2155357.6484602904,0.0
312300,0.0,0.0,0.996555780951657,2156080.6528257667,0.0
312360,0.0,0.0,0.996555780951657,2151444.238534128,0.0
312420,0.0,0.0,0.996555780951657,2153181.38457666,0.0
312480,0.0,0.0,0.996555780951657,2152751.8646836793,0.0
312540,0.0,0.0,0.996555780951657,2154458.449101657,0.0
312600,0.0,0.0,0.996555780951657,2157775.4166175923,0.0
312660,0.0,0.0,0.996555780951657,2154227.430227631,0.0
312720,0.0,0.0,0.996555780951657,2153076.1504909093,0.0
312780,0.0,0.0,0.996555780951657,2152118.258523108,0.0
312840,0.0,0.0,0.996555780951657,2154037.7720214403,0.0
312900,0.0,0.0,0.996555780951657,2155798.473433569,0.0
312960,0.0,0.0,0.996555780951657,2155794.737168105,0.0
313020,0.0,0.0,0.996555780951657,2150873.88202576,0.0
313080,0.0,0.0,0.996555780951657,2152414.549073343,0.0
313140,0.0,0.0,0.996555780951657,2154107.5639618756,0.0
313200,0.0,0.0,0.996555780951657,2156292.676746927,0.0
313260,0.0,0.0,0.996555780951657,2155550.873544278,0.0
313320,0.0,0.0,0.996555780951657,2153907.0099203256,0.0
313380,0.0,0.0,0.996555780951657,2149716.560722517,0.0
313440,0.0,0.0,0.996555780951657,2152891.8209722415,0.0
313500,0.0,0.0,0.996555780951657,2156722.416389316,0.0
313560,0.0,0.0,0.996555780951657,2155167.606487329,0.0
313620,0.0,0.0,0.996555780951657,2156269.128499849,0.0
313680,0.0,0.0,0.996555780951657,2152055.7113187336,0.0
313740,0.0,0.0,0.996555780951657,2152233.7445583856,0.0
313800,0.0,0.0,0.996555780951657,2154715.3655816894,0.0
313860,0.0,0.0,0.996555780951657,2155732.9438146353,0.0
313920,0.0,0.0,0.996555780951657,2153912.5447101477,0.0
313980,0.0,0.0,0.996555780951657,2154153.8233414455,0.0
314040,0.0,0.0,0.996555780951657,2150673.0459256275,0.0
314100,0.0,0.0,0.996555780951657,2153454.0502597033,0.0
314160,0.0,0.0,0.996555780951657,2157157.19432085,0.0
314220,0.0,0.0,0.996555780951657,2155174.1743807755,0.0
314280,0.0,0.0,0.996555780951657,2154813.7461410267,0.0
314340,0.0,0.0,0.996555780951657,2151446.256516149,0.0
314400,0.0,0.0,0.996555780951657,2152723.7452008207,0.0
314460,0.0,0.0,0.996555780951657,2157702.400743741,0.0
314520,0.0,0.0,0.996555780951657,2155166.812584951,0.0
314580,0.0,0.0,0.996555780951657,2155830.671995149,0.0
314640,0.0,0.0,0.996555780951657,2148733.3635928673,0.0
314700,0.0,0.0,0.996555780951657,2152240.552288474,0.0
314760,0.0,0.0,0.996555780951657,2154092.2102737087,0.0
314820,0.0,0.0,0.996555780951657,2155613.449094483,0.0
314880,0.0,0.0,0.996555780951657,2155748.4013654673,0.0
314940,0.0,0.0,0.996555780951657,2150446.569121251,0.0
315000,0.0,0.0,0.996555780951657,2152587.3337513315,0.0
315060,0.0,0.0,0.996555780951657,2154358.647011859,0.0
315120,0.0,0.0,0.996555780951657,2155005.302099805,0.0
315180,0.0,0.0,0.996555780951657,2157383.509016228,0.0
315240,0.0,0.0,0.996555780951657,2153402.8679246907,0.0
315300,0.0,0.0,0.996555780951657,2152185.415082347,0.0
315360,0.0,0.0,0.996555780951657,2153094.485837473,0.0
315420,0.0,0.0,0.996555780951657,2154880.685578625,0.0
315480,0.0,0.0,0.996555780951657,2155499.660362677,0.0
315540,0.0,0.0,0.996555780951657,2155272.842606693,0.0
315600,0.0,0.0,0.996555780951657,2150080.341699773,0.0
315660,0.0,0.0,0.996555780951657,2152309.649491751,0.0
315720,0.0,0.0,0.996555780951657,2154022.301446453,0.0
315780,0.0,0.0,0.996555780951657,2158496.959373437,0.0
315840,0.0,0.0,0.996555780951657,2153132.7308359877,0.0
315900,0.0,0.0,0.996555780951657,2154290.7487303945,0.0
315960,0.0,0.0,0.996555780951657,2150612.645937917,0.0
316020,0.0,0.0,0.996555780951657,2153470.85223498,0.0
316080,0.0,0.0,0.996555780951657,2157373.9364288272,0.0
316140,0.0,0.0,0.996555780951657,2155034.8761151973,0.0
316200,0.0,0.0,0.996555780951657,2154923.2748399274,0.0
316260,0.0,0.0,0.996555780951657,2151479.685005794,0.0
316320,0.0,0.0,0.996555780951657,2152811.166106117,0.0
316380,0.0,0.0,0.996555780951657,2155444.4986114744,0.0
316440,0.0,0.0,0.996555780951657,2156001.155291322,0.0
316500,0.0,0.0,0.996555780951657,2152701.094454048,0.0
316560,0.0,0.0,0.996555780951657,2153305.5961528076,0.0
316620,0.0,0.0,0.996555780951657,2151944.212335748,0.0
316680,0.0,0.0,0.996555780951657,2154182.9551018937,0.0
316740,0.0,0.0,0.996555780951657,2157535.914270022,0.0
316800,0.0,0.0,0.996555780951657,2154693.8041546894,0.0
316860,0.0,0.0,0.996555780951657,2153545.2512705754,0.0
316920,0.0,0.0,0.996555780951657,2150994.7838806217,0.0
316980,0.0,0.0,0.996555780951657,2153670.323024153,0.0
317040,0.0,0.0,0.996555780951657,2156245.539353745,0.0
317100,0.0,0.0,0.996555780951657,2154780.6997750523,0.0
317160,0.0,0.0,0.996555780951657,2153537.4894696698,0.0
317220,0.0,0.0,0.996555780951657,2152088.8181150034,0.0
317280,0.0,0.0,0.996555780951657,2153199.5970058017,0.0
317340,0.0,0.0,0.996555780951657,2154786.6941820257,0.0
317400,0.0,0.0,0.996555780951657,2155265.372340091,0.0
317460,0.0,0.0,0.996555780951657,2155291.429151838,0.0
317520,0.0,0.0,0.996555780951657,2149792.89030655,0.0
317580,0.0,0.0,0.996555780951657,2152624.509461304,0.0
317640,0.0,0.0,0.996555780951657,2155730.5875817477,0.0
317700,0.0,0.0,0.996555780951657,2155307.551064065,0.0
317760,0.0,0.0,0.996555780951657,2156569.9546629796,0.0
317820,0.0,0.0,0.996555780951657,2152496.915683524,0.0
317880,0.0,0.0,0.996555780951657,2151985.813501447,0.0
317940,0.0,0.0,0.996555780951657,2154145.395275975,0.0
318000,0.0,0.0,0.996555780951657,2155553.6772871516,0.0
318060,0.0,0.0,0.996555780951657,2156254.1573413583,0.0
318120,0.0,0.0,0.996555780951657,2152161.721349598,0.0
318180,0.0,0.0,0.996555780951657,2152706.9525814285,0.0
318240,0.0,0.0,0.996555780951657,2154132.642819985,0.0
318300,0.0,0.0,0.996555780951657,2155196.753490892,0.0
318360,0.0,0.0,0.996555780951657,2156065.197911387,0.0
318420,0.0,0.0,0.996555780951657,2152105.4086581687,0.0
318480,0.0,0.0,0.996555780951657,2153523.4871465657,0.0
318540,0.0,0.0,0.996555780951657,2152014.4754438773,0.0
318600,0.0,0.0,0.996555780951657,2154153.262591955,0.0
318660,0.0,0.0,0.996555780951657,2157769.1664964473,0.0
318720,0.0,0.0,0.996555780951657,2154553.104905144,0.0
318780,0.0,0.0,0.996555780951657,2153626.0700942255,0.0
318840,0.0,0.0,0.996555780951657,2151765.6405911488,0.0
318900,0.0,0.0,0.996555780951657,2153624.1526769893,0.0
318960,0.0,0.0,0.996555780951657,2155791.9818090736,0.0
319020,0.0,0.0,0.996555780951657,2155939.2209818205,0.0
319080,0.0,0.0,0.996555780951657,2151449.052024661,0.0
319140,0.0,0.0,0.996555780951657,2152602.8439951623,0.0
319200,0.0,0.0,0.996555780951657,2153400.694114745,0.0
319260,0.0,0.0,0.996555780951657,2154838.426436364,0.0
319320,0.0,0.0,0.996555780951657,2157437.841197967,0.0
319380,0.0,0.0,0.996555780951657,2151262.619650058,0.0
319440,0.0,0.0,0.996555780951657,2152822.3368942644,0.0
319500,0.0,0.0,0.996555780951657,2152077.2051330362,0.0
319560,0.0,0.0,0.996555780951657,2156766.987465906,0.0
319620,0.0,0.0,0.996555780951657,2155244.749073457,0.0
319680,0.0,0.0,0.996555780951657,2156672.887213317,0.0
319740,0.0,0.0,0.996555780951657,2152440.4120238395,0.0
319800,0.0,0.0,0.996555780951657,2152147.2531128204,0.0
319860,0.0,0.0,0.996555780951657,2154226.313971285,0.0
319920,0.0,0.0,0.996555780951657,2155493.4946934283,0.0
319980,0.0,0.0,0.996555780951657,2154453.12009941,0.0
320040,0.0,0.0,0.996555780951657,2154575.459147225,0.0
320100,0.0,0.0,0.996555780951657,2150194.804795815,0.0
320160,0.0,0.0,0.996555780951657,2153108.6614116444,0.0
320220,0.0,0.0,0.996555780951657,2156776.3707855768,0.0
320280,0.0,0.0,0.996555780951657,2155303.8937968644,0.0
320340,0.0,0.0,0.996555780951657,2155455.023189325,0.0
320400,0.0,0.0,0.996555780951657,2151684.5226131016,0.0
320460,0.0,0.0,0.996555780951657,2152373.0266373837,0.0
320520,0.0,0.0,0.996555780951657,2157271.750393569,0.0
320580,0.0,0.0,0.996555780951657,2155254.286414148,0.0
320640,0.0,0.0,0.996555780951657,2156202.8162963456,0.0
320700,0.0,0.0,0.996555780951657,2148720.20597836,0.0
320760,0.0,0.0,0.996555780951657,2151905.539622743,0.0
320820,0.0,0.0,0.996555780951657,2153649.0380002283,0.0
320880,0.0,0.0,0.996555780951657,2155656.6963198506,0.0
320940,0.0,0.0,0.996555780951657,2155869.664420515,0.0
321000,0.0,0.0,0.996555780951657,2151025.1556917266,0.0
321060,0.0,0.0,0.996555780951657,2152798.3600091757,0.0
321120,0.0,0.0,0.996555780951657,2153598.366345582,0.0
321180,0.0,0.0,0.996555780951657,2154769.726247103,0.0
321240,0.0,0.0,0.996555780951657,2157619.1809048885,0.0
321300,0.0,0.0,0.996555780951657,2153828.3362474274,0.0
321360,0.0,0.0,0.996555780951657,2152541.391214429,0.0
321420,0.0,0.0,0.996555780951657,2152587.4022979885,0.0
321480,0.0,0.0,0.996555780951657,2154485.6410571723,0.0
321540,0.0,0.0,0.996555780951657,2155709.2037714333,0.0
321600,0.0,0.0,0.996555780951657,2155562.0349888485,0.0
321660,0.0,0.0,0.996555780951657,2150382.0265710233,0.0
321720,0.0,0.0,0.996555780951657,2151681.6308365897,0.0
321780,0.0,0.0,0.996555780951657,2153665.3468470443,0.0
321840,0.0,0.0,0.996555780951657,2158512.077950718,0.0
321900,0.0,0.0,0.996555780951657,2153704.0183500056,0.0
321960,0.0,0.0,0.996555780951657,2154675.1922042915,0.0
322020,0.0,0.0,0.996555780951657,2150053.328372489,0.0
322080,0.0,0.0,0.996555780951657,2153182.30956234,0.0
322140,0.0,0.0,0.996555780951657,2157008.647361832,0.0
322200,0.0,0.0,0.996555780951657,2155161.8679671884,0.0
322260,0.0,0.0,0.996555780951657,2155533.90166089,0.0
322320,0.0,0.0,0.996555780951657,2151645.4385021054,0.0
322380,0.0,0.0,0.996555780951657,2152493.6396460924,0.0
322440,0.0,0.0,0.996555780951657,2155142.4138525594,0.0
322500,0.0,0.0,0.996555780951657,2155921.582600743,0.0
322560,0.0,0.0,0.996555780951657,2153317.6967926538,0.0
322620,0.0,0.0,0.996555780951657,2153690.683436083,0.0
322680,0.0,0.0,0.996555780951657,2151299.6601808197,0.0
322740,0.0,0.0,0.996555780951657,2153836.9444217742,0.0
322800,0.0,0.0,0.996555780951657,2157401.6985768415,0.0
322860,0.0,0.0,0.996555780951657,2154967.3988152454,0.0
322920,0.0,0.0,0.996555780951657,2154132.004552883,0.0
322980,0.0,0.0,0.996555780951657,2150195.1682768646,0.0
323040,0.0,0.0,0.996555780951657,2153293.7860282147,0.0
323100,0.0,0.0,0.996555780951657,2155906.391552641,0.0
323160,0.0,0.0,0.996555780951657,2155526.6761262435,0.0
323220,0.0,0.0,0.996555780951657,2153916.8381648376,0.0
323280,0.0,0.0,0.996555780951657,2152396.7645549937,0.0
323340,0.0,0.0,0.996555780951657,2152711.742597088,0.0
323400,0.0,0.0,0.996555780951657,2154431.9694800493,0.0
323460,0.0,0.0,0.996555780951657,2155513.075048786,0.0
323520,0.0,0.0,0.996555780951657,2155546.309775006,0.0
323580,0.0,0.0,0.996555780951657,2149962.003667475,0.0
323640,0.0,0.0,0.996555780951657,2152523.356503279,0.0
323700,0.0,0.0,0.996555780951657,2155111.5417731646,0.0
323760,0.0,0.0,0.996555780951657,2155213.879978445,0.0
323820,0.0,0.0,0.996555780951657,2156977.4249010035,0.0
323880,0.0,0.0,0.996555780951657,2152920.514514397,0.0
323940,0.0,0.0,0.996555780951657,2151979.3537046844,0.0
324000,0.0,0.0,0.996555780951657,2153655.34047664,0.0
324060,0.0,0.0,0.996555780951657,2155272.7369908337,0.0
324120,0.0,0.0,0.996555780951657,2156896.6506431815,0.0
324180,0.0,0.0,0.996555780951657,2152673.741537172,0.0
324240,0.0,0.0,0.996555780951657,2153029.052990875,0.0
324300,0.0,0.0,0.996555780951657,2153234.7304868605,0.0
324360,0.0,0.0,0.996555780951657,2154959.808533745,0.0
324420,0.0,0.0,0.996555780951657,2155984.83226024,0.0
324480,0.0,0.0,0.996555780951657,2152744.870570761,0.0
324540,0.0,0.0,0.996555780951657,2153867.0733926236,0.0
324600,0.0,0.0,0.996555780951657,2151350.2738241535,0.0
324660,0.0,0.0,0.996555780951657,2153847.1631022706,0.0
324720,0.0,0.0,0.996555780951657,2157649.2078197706,0.0
324780,0.0,0.0,0.996555780951657,2154814.870200416,0.0
324840,0.0,0.0,0.996555780951657,2154191.925809429,0.0
324900,0.0,0.0,0.996555780951657,2151540.8630356016,0.0
324960,0.0,0.0,0.996555780951657,2153236.239949441,0.0
325020,0.0,0.0,0.996555780951657,2155690.799132279,0.0
325080,0.0,0.0,0.996555780951657,2156013.066187255,0.0
325140,0.0,0.0,0.996555780951657,2152049.1740740743,0.0
325200,0.0,0.0,0.996555780951657,2152877.6712544705,0.0
325260,0.0,0.0,0.996555780951657,2152714.526737694,0.0
325320,0.0,0.0,0.996555780951657,2154560.0719390125,0.0
325380,0.0,0.0,0.996555780951657,2157524.946965303,0.0
325440,0.0,0.0,0.996555780951657,2152034.504257585,0.0
325500,0.0,0.0,0.996555780951657,2153161.9966369187,0.0
325560,0.0,0.0,0.996555780951657,2151664.924326698,0.0
325620,0.0,0.0,0.996555780951657,2156301.2227401966,0.0
325680,0.0,0.0,0.996555780951657,2155150.825494293,0.0
325740,0.0,0.0,0.996555780951657,2157117.8522102153,0.0
325800,0.0,0.0,0.996555780951657,2152836.036793864,0.0
325860,0.0,0.0,0.996555780951657,2152160.647907973,0.0
325920,0.0,0.0,0.996555780951657,2153764.973541698,0.0
325980,0.0,0.0,0.996555780951657,2155230.443872591,0.0
326040,0.0,0.0,0.996555780951657,2154883.2512037647,0.0
326100,0.0,0.0,0.996555780951657,2154910.38610205,0.0
326160,0.0,0.0,0.996555780951657,2149933.0215674383,0.0
326220,0.0,0.0,0.996555780951657,2152843.3184711332,0.0
326280,0.0,0.0,0.996555780951657,2156333.5482559777,0.0
326340,0.0,0.0,0.996555780951657,2155357.7551043024,0.0
326400,0.0,0.0,0.996555780951657,2155973.470965971,0.0
326460,0.0,0.0,0.996555780951657,2152029.7426990513,0.0
326520,0.0,0.0,0.996555780951657,2152132.0350698503,0.0
326580,0.0,0.0,0.996555780951657,2156724.463919983,0.0
326640,0.0,0.0,0.996555780951657,2155264.4652377837,0.0
326700,0.0,0.0,0.996555780951657,2156461.411748708,0.0
326760,0.0,0.0,0.996555780951657,2149059.5885584513,0.0
326820,0.0,0.0,0.996555780951657,2151715.5161101394,0.0
326880,0.0,0.0,0.996555780951657,2153263.020695551,0.0
326940,0.0,0.0,0.996555780951657,2155604.708681665,0.0
327000,0.0,0.0,0.996555780951657,2155919.4283666858,0.0
327060,0.0,0.0,0.996555780951657,2151620.4992435765,0.0
327120,0.0,0.0,0.996555780951657,2153057.438032622,0.0
327180,0.0,0.0,0.996555780951657,2152893.5725704543,0.0
327240,0.0,0.0,0.996555780951657,2154521.0619263113,0.0
327300,0.0,0.0,0.996555780951657,2157720.512770324,0.0
327360,0.0,0.0,0.996555780951657,2154186.6571369753,0.0
327420,0.0,0.0,0.996555780951657,2152962.6669228,0.0
327480,0.0,0.0,0.996555780951657,2152167.2071465016,0.0
327540,0.0,0.0,0.996555780951657,2154106.993010685,0.0
327600,0.0,0.0,0.996555780951657,2155813.1294599012,0.0
327660,0.0,0.0,0.996555780951657,2155769.8488097815,0.0
327720,0.0,0.0,0.996555780951657,2150860.5801194473,0.0
327780,0.0,0.0,0.996555780951657,2152372.6041273368,0.0
327840,0.0,0.0,0.996555780951657,2154177.066456079,0.0
327900,0.0,0.0,0.996555780951657,2156301.9514660374,0.0
327960,0.0,0.0,0.996555780951657,2155557.5353010846,0.0
328020,0.0,0.0,0.996555780951657,2153812.4516319796,0.0
328080,0.0,0.0,0.996555780951657,2149792.5188667215,0.0
328140,0.0,0.0,0.996555780951657,2152904.250706925,0.0
328200,0.0,0.0,0.996555780951657,2156740.590249693,0.0
328260,0.0,0.0,0.996555780951657,2155187.0139868534,0.0
328320,0.0,0.0,0.996555780951657,2156181.654273554,0.0
328380,0.0,0.0,0.996555780951657,2152016.3419665475,0.0
328440,0.0,0.0,0.996555780951657,2152238.9730411293,0.0
328500,0.0,0.0,0.996555780951657,2154750.2657614327,0.0
328560,0.0,0.0,0.996555780951657,2155762.2548655085,0.0
328620,0.0,0.0,0.996555780951657,2153910.7028449154,0.0
328680,0.0,0.0,0.996555780951657,2154103.313811577,0.0
328740,0.0,0.0,0.996555780951657,2150718.426153812,0.0
328800,0.0,0.0,0.996555780951657,2153478.139038672,0.0
328860,0.0,0.0,0.996555780951657,2157153.162334869,0.0
328920,0.0,0.0,0.996555780951657,2155178.289293645,0.0
328980,0.0,0.0,0.996555780951657,2154754.183494065,0.0
329040,0.0,0.0,0.996555780951657,2149495.437412987,0.0
329100,0.0,0.0,0.996555780951657,2152928.511254801,0.0
329160,0.0,0.0,0.996555780951657,2155486.495083795,0.0
329220,0.0,0.0,0.996555780951657,2156186.750926992,0.0
329280,0.0,0.0,0.996555780951657,2154272.1167134647,0.0
329340,0.0,0.0,0.996555780951657,2152855.2178106173,0.0
329400,0.0,0.0,0.996555780951657,2152252.1102278535,0.0
329460,0.0,0.0,0.996555780951657,2154045.83543302,0.0
329520,0.0,0.0,0.996555780951657,2155661.099056272,0.0
329580,0.0,0.0,0.996555780951657,2155750.809196875,0.0
329640,0.0,0.0,0.996555780951657,2150396.5630522636,0.0
329700,0.0,0.0,0.996555780951657,2152544.170726012,0.0
329760,0.0,0.0,0.996555780951657,2154423.7852771063,0.0
329820,0.0,0.0,0.996555780951657,2155051.9031437305,0.0
329880,0.0,0.0,0.996555780951657,2157312.027989733,0.0
329940,0.0,0.0,0.996555780951657,2153355.3455254473,0.0
330000,0.0,0.0,0.996555780951657,2152131.7710763253,0.0
330060,0.0,0.0,0.996555780951657,2153143.8339365963,0.0
330120,0.0,0.0,0.996555780951657,2154934.2608523094,0.0
330180,0.0,0.0,0.996555780951657,2155499.3348066523,0.0
330240,0.0,0.0,0.996555780951657,2155231.1880975184,0.0
330300,0.0,0.0,0.996555780951657,2150102.0563247623,0.0
330360,0.0,0.0,0.996555780951657,2152356.3763144813,0.0
330420,0.0,0.0,0.996555780951657,2154065.180286629,0.0
330480,0.0,0.0,0.996555780951657,2158428.8798162616,0.0
330540,0.0,0.0,0.996555780951657,2153147.78915925,0.0
330600,0.0,0.0,0.996555780951657,2154232.7285244097,0.0
330660,0.0,0.0,0.996555780951657,2150672.6909155813,0.0
330720,0.0,0.0,0.996555780951657,2153495.339102955,0.0
330780,0.0,0.0,0.996555780951657,2157368.1368647087,0.0
330840,0.0,0.0,0.996555780951657,2155038.9093320207,0.0
330900,0.0,0.0,0.996555780951657,2154853.6047133855,0.0
330960,0.0,0.0,0.996555780951657,2151470.6183649558,0.0
331020,0.0,0.0,0.996555780951657,2152830.3645078423,0.0
331080,0.0,0.0,0.996555780951657,2155464.8069885015,0.0
331140,0.0,0.0,0.996555780951657,2156012.420981435,0.0
331200,0.0,0.0,0.996555780951657,2152708.3376203077,0.0
331260,0.0,0.0,0.996555780951657,2153263.310885628,0.0
331320,0.0,0.0,0.996555780951657,2151973.977317382,0.0
331380,0.0,0.0,0.996555780951657,2154205.64856825,0.0
331440,0.0,0.0,0.996555780951657,2157517.375764906,0.0
331500,0.0,0.0,0.996555780951657,2152842.84745556,0.0
331560,0.0,0.0,0.996555780951657,2153568.4899443607,0.0
331620,0.0,0.0,0.996555780951657,2151307.4396608993,0.0
331680,0.0,0.0,0.996555780951657,2155677.4135074294,0.0
331740,0.0,0.0,0.996555780951657,2154974.4032397848,0.0
331800,0.0,0.0,0.996555780951657,2157534.9610521803,0.0
331860,0.0,0.0,0.996555780951657,2153272.57617923,0.0
331920,0.0,0.0,0.996555780951657,2152345.514509619,0.0
331980,0.0,0.0,0.996555780951657,2153242.5344474674,0.0
332040,0.0,0.0,0.996555780951657,2154886.1936175143,0.0
332100,0.0,0.0,0.996555780951657,2155249.331038783,0.0
332160,0.0,0.0,0.996555780951657,2155243.9515101807,0.0
332220,0.0,0.0,0.996555780951657,2149837.882231007,0.0
332280,0.0,0.0,0.996555780951657,2152625.226683784,0.0
332340,0.0,0.0,0.996555780951657,2155772.4534067153,0.0
332400,0.0,0.0,0.996555780951657,2155334.4154673885,0.0
332460,0.0,0.0,0.996555780951657,2156491.7269139276,0.0
332520,0.0,0.0,0.996555780951657,2152453.1559359566,0.0
332580,0.0,0.0,0.996555780951657,2151978.1165671637,0.0
332640,0.0,0.0,0.996555780951657,2156033.5041735005,0.0
332700,0.0,0.0,0.996555780951657,2155183.9869738044,0.0
332760,0.0,0.0,0.996555780951657,2156669.5377004687,0.0
332820,0.0,0.0,0.996555780951657,2149689.4666088163,0.0
332880,0.0,0.0,0.996555780951657,2151675.205217238,0.0
332940,0.0,0.0,0.996555780951657,2152870.592072142,0.0
333000,0.0,0.0,0.996555780951657,2155441.2653133096,0.0
333060,0.0,0.0,0.996555780951657,2155903.7682150262,0.0
333120,0.0,0.0,0.996555780951657,2152262.6372345644,0.0
333180,0.0,0.0,0.996555780951657,2153396.5388707207,0.0
333240,0.0,0.0,0.996555780951657,2152153.0056955344,0.0
333300,0.0,0.0,0.996555780951657,2154217.319799154,0.0
333360,0.0,0.0,0.996555780951657,2157730.5029128008,0.0
333420,0.0,0.0,0.996555780951657,2154523.1532241553,0.0
333480,0.0,0.0,0.996555780951657,2153499.4761971175,0.0
333540,0.0,0.0,0.996555780951657,2151800.3079437437,0.0
333600,0.0,0.0,0.996555780951657,2153690.751570061,0.0
333660,0.0,0.0,0.996555780951657,2155816.418054933,0.0
333720,0.0,0.0,0.996555780951657,2155927.982817809,0.0
333780,0.0,0.0,0.996555780951657,2151428.112104342,0.0
333840,0.0,0.0,0.996555780951657,2152535.1511714277,0.0
333900,0.0,0.0,0.996555780951657,2153477.0989445923,0.0
333960,0.0,0.0,0.996555780951657,2156218.430484851,0.0
334020,0.0,0.0,0.996555780951657,2155594.855210904,0.0
334080,0.0,0.0,0.996555780951657,2154591.0104930974,0.0
334140,0.0,0.0,0.996555780951657,2149412.7085500034,0.0
334200,0.0,0.0,0.996555780951657,2152716.1323760105,0.0
334260,0.0,0.0,0.996555780951657,2156194.962656557,0.0
334320,0.0,0.0,0.996555780951657,2155176.1179761775,0.0
334380,0.0,0.0,0.996555780951657,2156675.8971849424,0.0
334440,0.0,0.0,0.996555780951657,2152401.8845106903,0.0
334500,0.0,0.0,0.996555780951657,2152095.1599550946,0.0
334560,0.0,0.0,0.996555780951657,2154318.419963432,0.0
334620,0.0,0.0,0.996555780951657,2155553.4509485946,0.0
334680,0.0,0.0,0.996555780951657,2154425.549429962,0.0
334740,0.0,0.0,0.996555780951657,2154482.010799508,0.0
334800,0.0,0.0,0.996555780951657,2150282.705899375,0.0
334860,0.0,0.0,0.996555780951657,2153155.6037681247,0.0
334920,0.0,0.0,0.996555780951657,2156808.8357008984,0.0
334980,0.0,0.0,0.996555780951657,2155312.7560715545,0.0
335040,0.0,0.0,0.996555780951657,2155328.421083431,0.0
335100,0.0,0.0,0.996555780951657,2149002.9158995226,0.0
335160,0.0,0.0,0.996555780951657,2152624.9407872595,0.0
335220,0.0,0.0,0.996555780951657,2155031.368736936,0.0
335280,0.0,0.0,0.996555780951657,2156705.1729115425,0.0
335340,0.0,0.0,0.996555780951657,2154569.567049722,0.0
335400,0.0,0.0,0.996555780951657,2153381.3693586388,0.0
335460,0.0,0.0,0.996555780951657,2151881.975412903,0.0
335520,0.0,0.0,0.996555780951657,2153672.9040167895,0.0
335580,0.0,0.0,0.996555780951657,2155706.69045936,0.0
335640,0.0,0.0,0.996555780951657,2155886.736097118,0.0
335700,0.0,0.0,0.996555780951657,2150939.5337840654,0.0
335760,0.0,0.0,0.996555780951657,2152700.7445896887,0.0
335820,0.0,0.0,0.996555780951657,2153726.1996134813,0.0
335880,0.0,0.0,0.996555780951657,2154845.5109880054,0.0
335940,0.0,0.0,0.996555780951657,2157535.9986664257,0.0
336000,0.0,0.0,0.996555780951657,2153758.868599625,0.0
336060,0.0,0.0,0.996555780951657,2152432.380983752,0.0
336120,0.0,0.0,0.996555780951657,2152664.670070452,0.0
336180,0.0,0.0,0.996555780951657,2154573.06705697,0.0
336240,0.0,0.0,0.996555780951657,2155710.7120704665,0.0
336300,0.0,0.0,0.996555780951657,2155510.9633501624,0.0
336360,0.0,0.0,0.996555780951657,2150371.0505929864,0.0
336420,0.0,0.0,0.996555780951657,2151764.1635470972,0.0
336480,0.0,0.0,0.996555780951657,2153729.210017647,0.0
336540,0.0,0.0,0.996555780951657,2158436.8954684623,0.0
336600,0.0,0.0,0.996555780951657,2153702.6661256333,0.0
336660,0.0,0.0,0.996555780951657,2154593.0222497517,0.0
336720,0.0,0.0,0.996555780951657,2150147.9093604283,0.0
336780,0.0,0.0,0.996555780951657,2153215.2919968846,0.0
336840,0.0,0.0,0.996555780951657,2157028.5979729625,0.0
336900,0.0,0.0,0.996555780951657,2155171.2488569724,0.0
336960,0.0,0.0,0.996555780951657,2155421.70434207,0.0
337020,0.0,0.0,0.996555780951657,2151605.7375443974,0.0
337080,0.0,0.0,0.996555780951657,2152520.294841811,0.0
337140,0.0,0.0,0.996555780951657,2155184.1043720436,0.0
337200,0.0,0.0,0.996555780951657,2155947.4423267287,0.0
337260,0.0,0.0,0.996555780951657,2153302.8396092136,0.0
337320,0.0,0.0,0.996555780951657,2153622.318091624,0.0
337380,0.0,0.0,0.996555780951657,2151363.028928657,0.0
337440,0.0,0.0,0.996555780951657,2153876.6254047607,0.0
337500,0.0,0.0,0.996555780951657,2157391.3564839214,0.0
337560,0.0,0.0,0.996555780951657,2153575.1820506896,0.0
337620,0.0,0.0,0.996555780951657,2153921.6920681195,0.0
337680,0.0,0.0,0.996555780951657,2151104.216705512,0.0
337740,0.0,0.0,0.996555780951657,2154990.6858345014,0.0
337800,0.0,0.0,0.996555780951657,2154776.3866616013,0.0
337860,0.0,0.0,0.996555780951657,2157796.4882744695,0.0
337920,0.0,0.0,0.996555780951657,2153650.7991711344,0.0
337980,0.0,0.0,0.996555780951657,2152647.8692564145,0.0
338040,0.0,0.0,0.996555780951657,2152777.2269514124,0.0
338100,0.0,0.0,0.996555780951657,2154547.4563141833,0.0
338160,0.0,0.0,0.996555780951657,2155504.205907404,0.0
338220,0.0,0.0,0.996555780951657,2155497.473310819,0.0
338280,0.0,0.0,0.996555780951657,2149987.749520205,0.0
338340,0.0,0.0,0.996555780951657,2152505.2079953253,0.0
338400,0.0,0.0,0.996555780951657,2155185.4349749032,0.0
338460,0.0,0.0,0.996555780951657,2155255.547462961,0.0
338520,0.0,0.0,0.996555780951657,2156886.2135049417,0.0
338580,0.0,0.0,0.996555780951657,2152861.2211926454,0.0
338640,0.0,0.0,0.996555780951657,2151949.8865997484,0.0
338700,0.0,0.0,0.996555780951657,2153715.0740371924,0.0
338760,0.0,0.0,0.996555780951657,2155328.0243269852,0.0
338820,0.0,0.0,0.996555780951657,2156809.2699540416,0.0
338880,0.0,0.0,0.996555780951657,2152645.873207477,0.0
338940,0.0,0.0,0.996555780951657,2152947.793835632,0.0
339000,0.0,0.0,0.996555780951657,2153298.5748177445,0.0
339060,0.0,0.0,0.996555780951657,2155003.732335427,0.0
339120,0.0,0.0,0.996555780951657,2156012.031787406,0.0
339180,0.0,0.0,0.996555780951657,2152741.556994001,0.0
339240,0.0,0.0,0.996555780951657,2153802.017022879,0.0
339300,0.0,0.0,0.996555780951657,2151415.645961508,0.0
339360,0.0,0.0,0.996555780951657,2153882.7702257354,0.0
339420,0.0,0.0,0.996555780951657,2157632.334418696,0.0
339480,0.0,0.0,0.996555780951657,2154808.849786512,0.0
339540,0.0,0.0,0.996555780951657,2154115.8433208,0.0
339600,0.0,0.0,0.996555780951657,2151546.147863796,0.0
339660,0.0,0.0,0.996555780951657,2153267.429189516,0.0
339720,0.0,0.0,0.996555780951657,2155710.7433228823,0.0
339780,0.0,0.0,0.996555780951657,2156016.474094505,0.0
339840,0.0,0.0,0.996555780951657,2152051.733331773,0.0
339900,0.0,0.0,0.996555780951657,2152831.254200852,0.0
339960,0.0,0.0,0.996555780951657,2152750.0159989037,0.0
340020,0.0,0.0,0.996555780951657,2156002.1967443796,0.0
340080,0.0,0.0,0.996555780951657,2155561.959507337,0.0
340140,0.0,0.0,0.996555780951657,2155389.53534732,0.0
340200,0.0,0.0,0.996555780951657,2149274.5523084155,0.0
340260,0.0,0.0,0.996555780951657,2152616.9076979836,0.0
340320,0.0,0.0,0.996555780951657,2155551.34506085,0.0
340380,0.0,0.0,0.996555780951657,2155095.452582418,0.0
340440,0.0,0.0,0.996555780951657,2157115.75380839,0.0
340500,0.0,0.0,0.996555780951657,2152821.5831292104,0.0
340560,0.0,0.0,0.996555780951657,2152071.705209355,0.0
340620,0.0,0.0,0.996555780951657,2153833.222441484,0.0
340680,0.0,0.0,0.996555780951657,2155280.2614383614,0.0
340740,0.0,0.0,0.996555780951657,2154876.598205379,0.0
340800,0.0,0.0,0.996555780951657,2154850.0324866683,0.0
340860,0.0,0.0,0.996555780951657,2149985.8262369977,0.0
340920,0.0,0.0,0.996555780951657,2152863.9659212017,0.0
340980,0.0,0.0,0.996555780951657,2156363.2526397808,0.0
341040,0.0,0.0,0.996555780951657,2155376.1240081997,0.0
341100,0.0,0.0,0.996555780951657,2155885.156015812,0.0
341160,0.0,0.0,0.996555780951657,2151984.8483147942,0.0
341220,0.0,0.0,0.996555780951657,2152143.045240576,0.0
341280,0.0,0.0,0.996555780951657,2156711.903788978,0.0
341340,0.0,0.0,0.996555780951657,2155291.5916187563,0.0
341400,0.0,0.0,0.996555780951657,2156423.7260454725,0.0
341460,0.0,0.0,0.996555780951657,2149122.581759253,0.0
341520,0.0,0.0,0.996555780951657,2151718.3292561923,0.0
341580,0.0,0.0,0.996555780951657,2153301.0064603398,0.0
341640,0.0,0.0,0.996555780951657,2155627.7509111776,0.0
341700,0.0,0.0,0.996555780951657,2155926.308264705,0.0
341760,0.0,0.0,0.996555780951657,2151627.210488553,0.0
341820,0.0,0.0,0.996555780951657,2153006.6947671906,0.0
341880,0.0,0.0,0.996555780951657,2152934.331179921,0.0
341940,0.0,0.0,0.996555780951657,2154551.1264744066,0.0
342000,0.0,0.0,0.996555780951657,2157688.8434683536,0.0
342060,0.0,0.0,0.996555780951657,2154173.9299364933,0.0
342120,0.0,0.0,0.996555780951657,2152914.378237987,0.0
342180,0.0,0.0,0.996555780951657,2152181.5654676366,0.0
342240,0.0,0.0,0.996555780951657,2154134.449867838,0.0
342300,0.0,0.0,0.996555780951657,2155824.7149696113,0.0
342360,0.0,0.0,0.996555780951657,2155760.8615847137,0.0
342420,0.0,0.0,0.996555780951657,2150911.0977079845,0.0
342480,0.0,0.0,0.996555780951657,2151194.9465845823,0.0
342540,0.0,0.0,0.996555780951657,2153362.943550149,0.0
342600,0.0,0.0,0.996555780951657,2158324.167330429,0.0
342660,0.0,0.0,0.996555780951657,2154216.728685937,0.0
342720,0.0,0.0,0.996555780951657,2154976.7820736375,0.0
342780,0.0,0.0,0.996555780951657,2149708.5740540884,0.0
342840,0.0,0.0,0.996555780951657,2152950.9982064944,0.0
342900,0.0,0.0,0.996555780951657,2156563.4177962746,0.0
342960,0.0,0.0,0.996555780951657,2155235.808977111,0.0
343020,0.0,0.0,0.996555780951657,2156026.445383295,0.0
343080,0.0,0.0,0.996555780951657,2151954.0130796535,0.0
343140,0.0,0.0,0.996555780951657,2152256.446432152,0.0
343200,0.0,0.0,0.996555780951657,2154796.45198279,0.0
343260,0.0,0.0,0.996555780951657,2155800.038591371,0.0
343320,0.0,0.0,0.996555780951657,2153895.711482665,0.0
343380,0.0,0.0,0.996555780951657,2154037.497524577,0.0
343440,0.0,0.0,0.996555780951657,2150779.6581375333,0.0
343500,0.0,0.0,0.996555780951657,2153513.2589078224,0.0
343560,0.0,0.0,0.996555780951657,2157154.117408538,0.0
343620,0.0,0.0,0.996555780951657,2154279.667996573,0.0
343680,0.0,0.0,0.996555780951657,2154293.7098844205,0.0
343740,0.0,0.0,0.996555780951657,2151038.720987456,0.0
343800,0.0,0.0,0.996555780951657,2154183.2421558276,0.0
343860,0.0,0.0,0.996555780951657,2154513.5447841543,0.0
343920,0.0,0.0,0.996555780951657,2157983.5560782305,0.0
343980,0.0,0.0,0.996555780951657,2154026.4937934405,0.0
344040,0.0,0.0,0.996555780951657,2153100.404805722,0.0
344100,0.0,0.0,0.996555780951657,2152317.107077371,0.0
344160,0.0,0.0,0.996555780951657,2154155.5343976426,0.0
344220,0.0,0.0,0.996555780951657,2155667.523886894,0.0
344280,0.0,0.0,0.996555780951657,2155715.9654921195,0.0
344340,0.0,0.0,0.996555780951657,2150398.294480047,0.0
344400,0.0,0.0,0.996555780951657,2152497.243930037,0.0
344460,0.0,0.0,0.996555780951657,2154509.757243615,0.0
344520,0.0,0.0,0.996555780951657,2155101.8858322273,0.0
344580,0.0,0.0,0.996555780951657,2157232.274123413,0.0
344640,0.0,0.0,0.996555780951657,2153299.423471332,0.0
344700,0.0,0.0,0.996555780951657,2152075.09720008,0.0
344760,0.0,0.0,0.996555780951657,2153202.7508769785,0.0
344820,0.0,0.0,0.996555780951657,2154995.1138473824,0.0
344880,0.0,0.0,0.996555780951657,2157359.6494236165,0.0
344940,0.0,0.0,0.996555780951657,2153155.1981865186,0.0
345000,0.0,0.0,0.996555780951657,2153342.7171984916,0.0
345060,0.0,0.0,0.996555780951657,2152383.6427384806,0.0
345120,0.0,0.0,0.996555780951657,2154687.2327203825,0.0
345180,0.0,0.0,0.996555780951657,2155872.0496549606,0.0
345240,0.0,0.0,0.996555780951657,2153360.249214002,0.0
345300,0.0,0.0,0.996555780951657,2154164.7324405536,0.0
345360,0.0,0.0,0.996555780951657,2150807.6876025237,0.0
345420,0.0,0.0,0.996555780951657,2153564.192074081,0.0
345480,0.0,0.0,0.996555780951657,2157416.0898046386,0.0
345540,0.0,0.0,0.996555780951657,2155022.2144459784,0.0
345600,0.0,0.0,0.996555780951657,2154709.982236251,0.0
345660,0.0,0.0,0.996555780951657,2151458.6685009273,0.0
345720,0.0,0.0,0.996555780951657,2152891.3963532574,0.0
345780,0.0,0.0,0.996555780951657,2155516.783994345,0.0
345840,0.0,0.0,0.996555780951657,2156030.668849997,0.0
345900,0.0,0.0,0.996555780951657,2152668.762298523,0.0
345960,0.0,0.0,0.996555780951657,2153166.21051394,0.0
346020,0.0,0.0,0.996555780951657,2152074.9540499365,0.0
346080,0.0,0.0,0.996555780951657,2155678.5514512323,0.0
346140,0.0,0.0,0.996555780951657,2155471.0364501434,0.0
346200,0.0,0.0,0.996555780951657,2156113.7612199793,0.0
346260,0.0,0.0,0.996555780951657,2149463.1378095234,0.0
346320,0.0,0.0,0.996555780951657,2152629.243829439,0.0
346380,0.0,0.0,0.996555780951657,2154864.668324137,0.0
346440,0.0,0.0,0.996555780951657,2154963.612518291,0.0
346500,0.0,0.0,0.996555780951657,2157447.739324291,0.0
346560,0.0,0.0,0.996555780951657,2153226.992148322,0.0
346620,0.0,0.0,0.996555780951657,2152186.183117799,0.0
346680,0.0,0.0,0.996555780951657,2153347.567525341,0.0
346740,0.0,0.0,0.996555780951657,2154974.371279871,0.0
346800,0.0,0.0,0.996555780951657,2155234.741857636,0.0
346860,0.0,0.0,0.996555780951657,2155167.6227611923,0.0
346920,0.0,0.0,0.996555780951657,2149885.9857816286,0.0
346980,0.0,0.0,0.996555780951657,2152639.770501121,0.0
347040,0.0,0.0,0.996555780951657,2155848.7761843917,0.0
347100,0.0,0.0,0.996555780951657,2155371.0778856655,0.0
347160,0.0,0.0,0.996555780951657,2156366.4712412944,0.0
347220,0.0,0.0,0.996555780951657,2152375.7270247466,0.0
347280,0.0,0.0,0.996555780951657,2151976.4123041923,0.0
347340,0.0,0.0,0.996555780951657,2156062.27102824,0.0
347400,0.0,0.0,0.996555780951657,2155230.5712425285,0.0
347460,0.0,0.0,0.996555780951657,2156627.793991269,0.0
347520,0.0,0.0,0.996555780951657,2149730.1647061966,0.0
347580,0.0,0.0,0.996555780951657,2151656.8395137824,0.0
347640,0.0,0.0,0.996555780951657,2152925.4897425184,0.0
347700,0.0,0.0,0.996555780951657,2155483.7833292033,0.0
347760,0.0,0.0,0.996555780951657,2155924.489492399,0.0
347820,0.0,0.0,0.996555780951657,2152243.5400547013,0.0
347880,0.0,0.0,0.996555780951657,2153315.2969163917,0.0
347940,0.0,0.0,0.996555780951657,2152237.249840495,0.0
348000,0.0,0.0,0.996555780951657,2154266.983966165,0.0
348060,0.0,0.0,0.996555780951657,2157700.13282895,0.0
348120,0.0,0.0,0.996555780951657,2154501.072247399,0.0
348180,0.0,0.0,0.996555780951657,2153409.652718535,0.0
348240,0.0,0.0,0.996555780951657,2151824.903942874,0.0
348300,0.0,0.0,0.996555780951657,2153739.394910461,0.0
348360,0.0,0.0,0.996555780951657,2155835.10773583,0.0
348420,0.0,0.0,0.996555780951657,2155919.001031724,0.0
348480,0.0,0.0,0.996555780951657,2151560.6457602056,0.0
348540,0.0,0.0,0.996555780951657,2150802.6450647353,0.0
348600,0.0,0.0,0.996555780951657,2153062.5777467475,0.0
348660,0.0,0.0,0.996555780951657,2158056.6261874787,0.0
348720,0.0,0.0,0.996555780951657,2154626.798600895,0.0
348780,0.0,0.0,0.996555780951657,2155278.3449873137,0.0
348840,0.0,0.0,0.996555780951657,2149498.1997285043,0.0
348900,0.0,0.0,0.996555780951657,2152767.94140978,0.0
348960,0.0,0.0,0.996555780951657,2156048.312320759,0.0
349020,0.0,0.0,0.996555780951657,2155237.338419296,0.0
349080,0.0,0.0,0.996555780951657,2156510.457981853,0.0
349140,0.0,0.0,0.996555780951657,2152319.3885655855,0.0
349200,0.0,0.0,0.996555780951657,2152099.7753374903,0.0
349260,0.0,0.0,0.996555780951657,2154386.4044781905,0.0
349320,0.0,0.0,0.996555780951657,2155611.056794031,0.0
349380,0.0,0.0,0.996555780951657,2154400.865048898,0.0
349440,0.0,0.0,0.996555780951657,2154402.8862186847,0.0
349500,0.0,0.0,0.996555780951657,2150355.956602249,0.0
349560,0.0,0.0,0.996555780951657,2153195.468736209,0.0
349620,0.0,0.0,0.996555780951657,2156830.5747369207,0.0
349680,0.0,0.0,0.996555780951657,2155320.0119771254,0.0
349740,0.0,0.0,0.996555780951657,2155224.713774847,0.0
349800,0.0,0.0,0.996555780951657,2149100.997901715,0.0
349860,0.0,0.0,0.996555780951657,2152648.9959448706,0.0
349920,0.0,0.0,0.996555780951657,2155091.5540848826,0.0
349980,0.0,0.0,0.996555780951657,2156667.4828278013,0.0
350040,0.0,0.0,0.996555780951657,2154549.8682081793,0.0
350100,0.0,0.0,0.996555780951657,2153288.3604672165,0.0
350160,0.0,0.0,0.996555780951657,2151907.5931148697,0.0
350220,0.0,0.0,0.996555780951657,2153717.8349632495,0.0
350280,0.0,0.0,0.996555780951657,2155725.386555143,0.0
350340,0.0,0.0,0.996555780951657,2155880.5874926914,0.0
350400,0.0,0.0,0.996555780951657,2150945.34075174,0.0
350460,0.0,0.0,0.996555780951657,2152651.5444413642,0.0
350520,0.0,0.0,0.996555780951657,2153770.4466608353,0.0
350580,0.0,0.0,0.996555780951657,2154878.9395907996,0.0
350640,0.0,0.0,0.996555780951657,2157493.599490558,0.0
350700,0.0,0.0,0.996555780951657,2153736.0224203225,0.0
350760,0.0,0.0,0.996555780951657,2152386.517386813,0.0
350820,0.0,0.0,0.996555780951657,2152688.547068121,0.0
350880,0.0,0.0,0.996555780951657,2154606.9244390912,0.0
350940,0.0,0.0,0.996555780951657,2157803.404648939,0.0
351000,0.0,0.0,0.996555780951657,2153644.40894724,0.0
351060,0.0,0.0,0.996555780951657,2153804.9836654896,0.0
351120,0.0,0.0,0.996555780951657,2151459.152561888,0.0
351180,0.0,0.0,0.996555780951657,2154294.127017131,0.0
351240,0.0,0.0,0.996555780951657,2155659.4068892775,0.0
351300,0.0,0.0,0.996555780951657,2153940.685561711,0.0
351360,0.0,0.0,0.996555780951657,2154532.261295626,0.0
351420,0.0,0.0,0.996555780951657,2150285.235922397,0.0
351480,0.0,0.0,0.996555780951657,2153252.4093259904,0.0
351540,0.0,0.0,0.996555780951657,2157089.0464953394,0.0
351600,0.0,0.0,0.996555780951657,2155171.7866451847,0.0
351660,0.0,0.0,0.996555780951657,2155317.718318705,0.0
351720,0.0,0.0,0.996555780951657,2151569.7765099076,0.0
351780,0.0,0.0,0.996555780951657,2152550.8645075504,0.0
351840,0.0,0.0,0.996555780951657,2155228.1016538325,0.0
351900,0.0,0.0,0.996555780951657,2155972.4273073464,0.0
351960,0.0,0.0,0.996555780951657,2153284.0902434564,0.0
352020,0.0,0.0,0.996555780951657,2153549.5874713864,0.0
352080,0.0,0.0,0.996555780951657,2151430.818563516,0.0
352140,0.0,0.0,0.996555780951657,2153920.0582666853,0.0
352200,0.0,0.0,0.996555780951657,2157380.9363148385,0.0
352260,0.0,0.0,0.996555780951657,2153585.012872174,0.0
352320,0.0,0.0,0.996555780951657,2153871.4260375164,0.0
352380,0.0,0.0,0.996555780951657,2151118.2995139197,0.0
352440,0.0,0.0,0.996555780951657,2155002.1832935098,0.0
352500,0.0,0.0,0.996555780951657,2154814.047959556,0.0
352560,0.0,0.0,0.996555780951657,2157738.15107044,0.0
352620,0.0,0.0,0.996555780951657,2153625.4061427996,0.0
352680,0.0,0.0,0.996555780951657,2152593.0215219962,0.0
352740,0.0,0.0,0.996555780951657,2152804.791756323,0.0
352800,0.0,0.0,0.996555780951657,2154584.797912192,0.0
352860,0.0,0.0,0.996555780951657,2155514.262140674,0.0
352920,0.0,0.0,0.996555780951657,2155477.4578894456,0.0
352980,0.0,0.0,0.996555780951657,2150011.2164409854,0.0
353040,0.0,0.0,0.996555780951657,2152492.780104048,0.0
353100,0.0,0.0,0.996555780951657,2155202.82611611,0.0
353160,0.0,0.0,0.996555780951657,2155277.2232465385,0.0
353220,0.0,0.0,0.996555780951657,2156843.3738477784,0.0
353280,0.0,0.0,0.996555780951657,2152841.500517441,0.0
353340,0.0,0.0,0.996555780951657,2151934.1324632145,0.0
353400,0.0,0.0,0.996555780951657,2155259.684365858,0.0
353460,0.0,0.0,0.996555780951657,2155068.9013409847,0.0
353520,0.0,0.0,0.996555780951657,2156771.3700465458,0.0
353580,0.0,0.0,0.996555780951657,2150502.525206007,0.0
353640,0.0,0.0,0.996555780951657,2151806.6302820807,0.0
353700,0.0,0.0,0.996555780951657,2152555.755101394,0.0
353760,0.0,0.0,0.996555780951657,2155219.7967963675,0.0
353820,0.0,0.0,0.996555780951657,2155846.3314548596,0.0
353880,0.0,0.0,0.996555780951657,2152894.1820191476,0.0
353940,0.0,0.0,0.996555780951657,2153702.3482812494,0.0
354000,0.0,0.0,0.996555780951657,2151512.3251174935,0.0
354060,0.0,0.0,0.996555780951657,2153928.973614826,0.0
354120,0.0,0.0,0.996555780951657,2157609.6325914203,0.0
354180,0.0,0.0,0.996555780951657,2154797.7801652136,0.0
354240,0.0,0.0,0.996555780951657,2154015.297412171,0.0
354300,0.0,0.0,0.996555780951657,2151556.6436319323,0.0
354360,0.0,0.0,0.996555780951657,2153311.505218127,0.0
354420,0.0,0.0,0.996555780951657,2155735.9448243575,0.0
354480,0.0,0.0,0.996555780951657,2156018.2057744768,0.0
354540,0.0,0.0,0.996555780951657,2152354.1833824185,0.0
354600,0.0,0.0,0.996555780951657,2150550.6361347763,0.0
354660,0.0,0.0,0.996555780951657,2152784.9867620287,0.0
354720,0.0,0.0,0.996555780951657,2157652.7655995684,0.0
354780,0.0,0.0,0.996555780951657,2154958.870290581,0.0
354840,0.0,0.0,0.996555780951657,2155561.6968723373,0.0
354900,0.0,0.0,0.996555780951657,2149482.288555496,0.0
354960,0.0,0.0,0.996555780951657,2152661.35322045,0.0
355020,0.0,0.0,0.996555780951657,2155426.1527679646,0.0
355080,0.0,0.0,0.996555780951657,2155165.821421134,0.0
355140,0.0,0.0,0.996555780951657,2156972.9827471315,0.0
355200,0.0,0.0,0.996555780951657,2152738.847534576,0.0
355260,0.0,0.0,0.996555780951657,2152051.8253460554,0.0
355320,0.0,0.0,0.996555780951657,2153904.842819878,0.0
355380,0.0,0.0,0.996555780951657,2155347.0265392554,0.0
355440,0.0,0.0,0.996555780951657,2154858.352508021,0.0
355500,0.0,0.0,0.996555780951657,2154779.373618356,0.0
355560,0.0,0.0,0.996555780951657,2150046.115996207,0.0
355620,0.0,0.0,0.996555780951657,2152891.6679439484,0.0
355680,0.0,0.0,0.996555780951657,2156399.501887753,0.0
355740,0.0,0.0,0.996555780951657,2155394.1027180576,0.0
355800,0.0,0.0,0.996555780951657,2155784.8467361014,0.0
355860,0.0,0.0,0.996555780951657,2148813.6431747423,0.0
355920,0.0,0.0,0.996555780951657,2152396.7430400755,0.0
355980,0.0,0.0,0.996555780951657,2154587.608322077,0.0
356040,0.0,0.0,0.996555780951657,2157059.887540501,0.0
356100,0.0,0.0,0.996555780951657,2154810.4813681454,0.0
356160,0.0,0.0,0.996555780951657,2153882.0915440535,0.0
356220,0.0,0.0,0.996555780951657,2151624.480661528,0.0
356280,0.0,0.0,0.996555780951657,2153340.088702961,0.0
356340,0.0,0.0,0.996555780951657,2155674.6393317645,0.0
356400,0.0,0.0,0.996555780951657,2155964.8937165802,0.0
356460,0.0,0.0,0.996555780951657,2151544.1806158405,0.0
356520,0.0,0.0,0.996555780951657,2152908.241068569,0.0
356580,0.0,0.0,0.996555780951657,2153051.175731483,0.0
356640,0.0,0.0,0.996555780951657,2154622.664266754,0.0
356700,0.0,0.0,0.996555780951657,2157632.1282047746,0.0
356760,0.0,0.0,0.996555780951657,2154122.4084287463,0.0
356820,0.0,0.0,0.996555780951657,2152801.2611117344,0.0
356880,0.0,0.0,0.996555780951657,2152239.1554215266,0.0
356940,0.0,0.0,0.996555780951657,2154211.934800132,0.0
357000,0.0,0.0,0.996555780951657,2158084.938636063,0.0
357060,0.0,0.0,0.996555780951657,2154071.8264919454,0.0
357120,0.0,0.0,0.996555780951657,2154262.3889164035,0.0
357180,0.0,0.0,0.996555780951657,2150623.613127651,0.0
357240,0.0,0.0,0.996555780951657,2153874.1591184307,0.0
357300,0.0,0.0,0.996555780951657,2155402.8224752056,0.0
357360,0.0,0.0,0.996555780951657,2154441.480287262,0.0
357420,0.0,0.0,0.996555780951657,2154858.408083797,0.0
357480,0.0,0.0,0.996555780951657,2149920.3655636525,0.0
357540,0.0,0.0,0.996555780951657,2152986.8308667974,0.0
357600,0.0,0.0,0.996555780951657,2156673.1909242547,0.0
357660,0.0,0.0,0.996555780951657,2155252.0373634896,0.0
357720,0.0,0.0,0.996555780951657,2155868.4563401244,0.0
357780,0.0,0.0,0.996555780951657,2151873.306708582,0.0
357840,0.0,0.0,0.996555780951657,2152285.2429484637,0.0
357900,0.0,0.0,0.996555780951657,2154876.5035699666,0.0
357960,0.0,0.0,0.996555780951657,2155851.9565814477,0.0
358020,0.0,0.0,0.996555780951657,2153851.490097153,0.0
358080,0.0,0.0,0.996555780951657,2153930.8068165183,0.0
358140,0.0,0.0,0.996555780951657,2150883.494332608,0.0
358200,0.0,0.0,0.996555780951657,2153577.4252761966,0.0
358260,0.0,0.0,0.996555780951657,2157166.533225524,0.0
358320,0.0,0.0,0.996555780951657,2154261.7367746443,0.0
358380,0.0,0.0,0.996555780951657,2154222.9497358357,0.0
358440,0.0,0.0,0.996555780951657,2151037.826791418,0.0
358500,0.0,0.0,0.996555780951657,2154243.158313335,0.0
358560,0.0,0.0,0.996555780951657,2154574.1809468777,0.0
358620,0.0,0.0,0.996555780951657,2157914.469216613,0.0
358680,0.0,0.0,0.996555780951657,2153986.9933595327,0.0
358740,0.0,0.0,0.996555780951657,2152998.1016611173,0.0
358800,0.0,0.0,0.996555780951657,2152363.9014732344,0.0
358860,0.0,0.0,0.996555780951657,2154218.037584673,0.0
358920,0.0,0.0,0.996555780951657,2155679.4340636446,0.0
358980,0.0,0.0,0.996555780951657,2155692.2331428546,0.0
359040,0.0,0.0,0.996555780951657,2150400.999116528,0.0
359100,0.0,0.0,0.996555780951657,2152464.3297047997,0.0
359160,0.0,0.0,0.996555780951657,2154565.1570882136,0.0
359220,0.0,0.0,0.996555780951657,2155139.774421479,0.0
359280,0.0,0.0,0.996555780951657,2157170.6233846326,0.0
359340,0.0,0.0,0.996555780951657,2153260.1740599456,0.0
359400,0.0,0.0,0.996555780951657,2152034.9440015676,0.0
359460,0.0,0.0,0.996555780951657,2154433.7098811036,0.0
359520,0.0,0.0,0.996555780951657,2154867.2515851217,0.0
359580,0.0,0.0,0.996555780951657,2156813.0127008436,0.0
359640,0.0,0.0,0.996555780951657,2151336.101660129,0.0
359700,0.0,0.0,0.996555780951657,2152106.7178195324,0.0
359760,0.0,0.0,0.996555780951657,2152282.6979576247,0.0
359820,0.0,0.0,0.996555780951657,2154906.2137957425,0.0
359880,0.0,0.0,0.996555780951657,2155721.4619473047,0.0
359940,0.0,0.0,0.996555780951657,2153478.3643219625,0.0
360000,0.0,0.0,0.996555780951657,2154052.3386221505,0.0
360060,0.0,0.0,0.996555780951657,2150919.229133036,0.0
360120,0.0,0.0,0.996555780951657,2153620.2400773405,0.0
360180,0.0,0.0,0.996555780951657,2157410.9719047835,0.0
360240,0.0,0.0,0.996555780951657,2155015.5232324214,0.0
360300,0.0,0.0,0.996555780951657,2154577.582304065,0.0
360360,0.0,0.0,0.996555780951657,2151451.0572730415,0.0
360420,0.0,0.0,0.996555780951657,2152942.876760221,0.0
360480,0.0,0.0,0.996555780951657,2155557.876054652,0.0
360540,0.0,0.0,0.996555780951657,2156044.1236223513,0.0
360600,0.0,0.0,0.996555780951657,2152641.1249083662,0.0
360660,0.0,0.0,0.996555780951657,2153085.6417965945,0.0
360720,0.0,0.0,0.996555780951657,2152154.494422875,0.0
360780,0.0,0.0,0.996555780951657,2155708.639298167,0.0
360840,0.0,0.0,0.996555780951657,2155505.7842971543,0.0
360900,0.0,0.0,0.996555780951657,2156005.4442195846,0.0
360960,0.0,0.0,0.996555780951657,2149508.3431962254,0.0
361020,0.0,0.0,0.996555780951657,2152591.6613861946,0.0
361080,0.0,0.0,0.996555780951657,2154915.17230409,0.0
361140,0.0,0.0,0.996555780951657,2155000.172144327,0.0
361200,0.0,0.0,0.996555780951657,2157381.613521728,0.0
361260,0.0,0.0,0.996555780951657,2153190.6578434003,0.0
361320,0.0,0.0,0.996555780951657,2152146.6249153716,0.0
361380,0.0,0.0,0.996555780951657,2153384.017772791,0.0
361440,0.0,0.0,0.996555780951657,2155015.546000641,0.0
361500,0.0,0.0,0.996555780951657,2155238.9567172164,0.0
361560,0.0,0.0,0.996555780951657,2155134.347652239,0.0
361620,0.0,0.0,0.996555780951657,2149916.849606899,0.0
361680,0.0,0.0,0.996555780951657,2152641.467159503,0.0
361740,0.0,0.0,0.996555780951657,2155866.0344458763,0.0
361800,0.0,0.0,0.996555780951657,2155390.4630020857,0.0
361860,0.0,0.0,0.996555780951657,2156313.22846477,0.0
361920,0.0,0.0,0.996555780951657,2148797.742431362,0.0
361980,0.0,0.0,0.996555780951657,2152242.8364172997,0.0
362040,0.0,0.0,0.996555780951657,2154035.648180703,0.0
362100,0.0,0.0,0.996555780951657,2157315.2303144094,0.0
362160,0.0,0.0,0.996555780951657,2155015.8672156767,0.0
362220,0.0,0.0,0.996555780951657,2154533.9369029724,0.0
362280,0.0,0.0,0.996555780951657,2151482.7130795554,0.0
362340,0.0,0.0,0.996555780951657,2152976.337357381,0.0
362400,0.0,0.0,0.996555780951657,2155519.568866606,0.0
362460,0.0,0.0,0.996555780951657,2155980.8980834545,0.0
362520,0.0,0.0,0.996555780951657,2152180.591811337,0.0
362580,0.0,0.0,0.996555780951657,2153235.7833469454,0.0
362640,0.0,0.0,0.996555780951657,2152321.4061708604,0.0
362700,0.0,0.0,0.996555780951657,2154320.459232978,0.0
362760,0.0,0.0,0.996555780951657,2157668.991837472,0.0
362820,0.0,0.0,0.996555780951657,2154475.1012891675,0.0
362880,0.0,0.0,0.996555780951657,2153317.104588497,0.0
362940,0.0,0.0,0.996555780951657,2151853.1166364406,0.0
363000,0.0,0.0,0.996555780951657,2153792.2172305887,0.0
363060,0.0,0.0,0.996555780951657,2155853.835589637,0.0
363120,0.0,0.0,0.996555780951657,2155907.415472553,0.0
363180,0.0,0.0,0.996555780951657,2151539.110306141,0.0
363240,0.0,0.0,0.996555780951657,2150838.7673901394,0.0
363300,0.0,0.0,0.996555780951657,2153087.9714604686,0.0
363360,0.0,0.0,0.996555780951657,2158018.1614514906,0.0
363420,0.0,0.0,0.996555780951657,2154643.5139519265,0.0
363480,0.0,0.0,0.996555780951657,2155240.2178954966,0.0
363540,0.0,0.0,0.996555780951657,2149546.2451578984,0.0
363600,0.0,0.0,0.996555780951657,2152766.535094131,0.0
363660,0.0,0.0,0.996555780951657,2156067.9358772147,0.0
363720,0.0,0.0,0.996555780951657,2155257.9948857864,0.0
363780,0.0,0.0,0.996555780951657,2156447.067344911,0.0
363840,0.0,0.0,0.996555780951657,2152290.7923313817,0.0
363900,0.0,0.0,0.996555780951657,2152094.293408398,0.0
363960,0.0,0.0,0.996555780951657,2154410.8803996756,0.0
364020,0.0,0.0,0.996555780951657,2155636.2250075364,0.0
364080,0.0,0.0,0.996555780951657,2154406.991651093,0.0
364140,0.0,0.0,0.996555780951657,2154367.3365031625,0.0
364200,0.0,0.0,0.996555780951657,2150386.494652216,0.0
364260,0.0,0.0,0.996555780951657,2153208.1703408263,0.0
364320,0.0,0.0,0.996555780951657,2156827.107981646,0.0
364380,0.0,0.0,0.996555780951657,2154897.8739443095,0.0
364440,0.0,0.0,0.996555780951657,2154588.612338684,0.0
364500,0.0,0.0,0.996555780951657,2151143.4694661214,0.0
364560,0.0,0.0,0.996555780951657,2153363.9664159515,0.0
364620,0.0,0.0,0.996555780951657,2154266.1104327403,0.0
364680,0.0,0.0,0.996555780951657,2158006.646637905,0.0
364740,0.0,0.0,0.996555780951657,2154338.745806508,0.0
364800,0.0,0.0,0.996555780951657,2153550.979020215,0.0
364860,0.0,0.0,0.996555780951657,2151952.702348699,0.0
364920,0.0,0.0,0.996555780951657,2153797.5831202026,0.0
364980,0.0,0.0,0.996555780951657,2155742.176884408,0.0
365040,0.0,0.0,0.996555780951657,2155863.2890807977,0.0
365100,0.0,0.0,0.996555780951657,2150949.4226986975,0.0
365160,0.0,0.0,0.996555780951657,2152591.9949882426,0.0
365220,0.0,0.0,0.996555780951657,2153835.720281634,0.0
365280,0.0,0.0,0.996555780951657,2154921.391928861,0.0
365340,0.0,0.0,0.996555780951657,2157441.317471667,0.0
365400,0.0,0.0,0.996555780951657,2153701.34205387,0.0
365460,0.0,0.0,0.996555780951657,2152328.223925912,0.0
365520,0.0,0.0,0.996555780951657,2153501.327612634,0.0
365580,0.0,0.0,0.996555780951657,2154581.844123465,0.0
365640,0.0,0.0,0.996555780951657,2156771.271712126,0.0
365700,0.0,0.0,0.996555780951657,2152248.9506117133,0.0
365760,0.0,0.0,0.996555780951657,2152483.398822792,0.0
365820,0.0,0.0,0.996555780951657,2152077.0431308737,0.0
365880,0.0,0.0,0.996555780951657,2154496.308673445,0.0
365940,0.0,0.0,0.996555780951657,2155521.627159607,0.0
366000,0.0,0.0,0.996555780951657,2154042.4338150327,0.0
366060,0.0,0.0,0.996555780951657,2154433.132716742,0.0
366120,0.0,0.0,0.996555780951657,2150378.4471004554,0.0
366180,0.0,0.0,0.996555780951657,2153299.6023028106,0.0
366240,0.0,0.0,0.996555780951657,2157101.857896787,0.0
366300,0.0,0.0,0.996555780951657,2155177.8856652263,0.0
366360,0.0,0.0,0.996555780951657,2155184.8976406795,0.0
366420,0.0,0.0,0.996555780951657,2151530.676223431,0.0
366480,0.0,0.0,0.996555780951657,2152590.325952748,0.0
366540,0.0,0.0,0.996555780951657,2155277.6620536335,0.0
366600,0.0,0.0,0.996555780951657,2155998.679652175,0.0
366660,0.0,0.0,0.996555780951657,2153256.146819798,0.0
366720,0.0,0.0,0.996555780951657,2153466.8997956053,0.0
366780,0.0,0.0,0.996555780951657,2151509.762389282,0.0
366840,0.0,0.0,0.996555780951657,2155281.098314216,0.0
366900,0.0,0.0,0.996555780951657,2155359.1064108615,0.0
366960,0.0,0.0,0.996555780951657,2156687.0638757134,0.0
367020,0.0,0.0,0.996555780951657,2150000.250636095,0.0
367080,0.0,0.0,0.996555780951657,2152721.7573074726,0.0
367140,0.0,0.0,0.996555780951657,2154176.4489703123,0.0
367200,0.0,0.0,0.996555780951657,2154814.629132076,0.0
367260,0.0,0.0,0.996555780951657,2157640.3509119917,0.0
367320,0.0,0.0,0.996555780951657,2153596.4145892733,0.0
367380,0.0,0.0,0.996555780951657,2152407.5989089888,0.0
367440,0.0,0.0,0.996555780951657,2152890.8945912546,0.0
367500,0.0,0.0,0.996555780951657,2154666.5035944968,0.0
367560,0.0,0.0,0.996555780951657,2155513.4647248234,0.0
367620,0.0,0.0,0.996555780951657,2155423.115874592,0.0
367680,0.0,0.0,0.996555780951657,2150025.8408420784,0.0
367740,0.0,0.0,0.996555780951657,2152483.8564412217,0.0
367800,0.0,0.0,0.996555780951657,2155280.5566104357,0.0
367860,0.0,0.0,0.996555780951657,2155320.3042720524,0.0
367920,0.0,0.0,0.996555780951657,2156743.248127383,0.0
367980,0.0,0.0,0.996555780951657,2149136.9212038233,0.0
368040,0.0,0.0,0.996555780951657,2152222.071163913,0.0
368100,0.0,0.0,0.996555780951657,2153496.1837917427,0.0
368160,0.0,0.0,0.996555780951657,2157406.4298665435,0.0
368220,0.0,0.0,0.996555780951657,2155153.0529532596,0.0
368280,0.0,0.0,0.996555780951657,2155156.6654072898,0.0
368340,0.0,0.0,0.996555780951657,2151527.4087766167,0.0
368400,0.0,0.0,0.996555780951657,2152669.4503109218,0.0
368460,0.0,0.0,0.996555780951657,2155283.3632316384,0.0
368520,0.0,0.0,0.996555780951657,2155932.157582456,0.0
368580,0.0,0.0,0.996555780951657,2152801.453868604,0.0
368640,0.0,0.0,0.996555780951657,2153580.6835902412,0.0
368700,0.0,0.0,0.996555780951657,2151651.9538205126,0.0
368760,0.0,0.0,0.996555780951657,2154008.5197763206,0.0
368820,0.0,0.0,0.996555780951657,2157593.523147031,0.0
368880,0.0,0.0,0.996555780951657,2154766.243488285,0.0
368940,0.0,0.0,0.996555780951657,2153863.2493427885,0.0
369000,0.0,0.0,0.996555780951657,2151582.9127792423,0.0
369060,0.0,0.0,0.996555780951657,2153390.0695239794,0.0
369120,0.0,0.0,0.996555780951657,2155774.495756587,0.0
369180,0.0,0.0,0.996555780951657,2156014.687756859,0.0
369240,0.0,0.0,0.996555780951657,2152279.189026394,0.0
369300,0.0,0.0,0.996555780951657,2150590.094976835,0.0
369360,0.0,0.0,0.996555780951657,2152813.9704658175,0.0
369420,0.0,0.0,0.996555780951657,2157635.816545323,0.0
369480,0.0,0.0,0.996555780951657,2154972.56390369,0.0
369540,0.0,0.0,0.996555780951657,2155514.1232810603,0.0
369600,0.0,0.0,0.996555780951657,2149529.5074568484,0.0
369660,0.0,0.0,0.996555780951657,2152645.2228886164,0.0
369720,0.0,0.0,0.996555780951657,2155486.4574207896,0.0
369780,0.0,0.0,0.996555780951657,2155202.0431703283,0.0
369840,0.0,0.0,0.996555780951657,2156880.5715242485,0.0
369900,0.0,0.0,0.996555780951657,2152686.611320628,0.0
369960,0.0,0.0,0.996555780951657,2152030.0810270617,0.0
370020,0.0,0.0,0.996555780951657,2153955.7529248823,0.0
370080,0.0,0.0,0.996555780951657,2155394.499791394,0.0
370140,0.0,0.0,0.996555780951657,2154851.0589601668,0.0
370200,0.0,0.0,0.996555780951657,2154725.5430771764,0.0
370260,0.0,0.0,0.996555780951657,2150092.2067367644,0.0
370320,0.0,0.0,0.996555780951657,2152911.5302288905,0.0
370380,0.0,0.0,0.996555780951657,2156419.486347558,0.0
370440,0.0,0.0,0.996555780951657,2155400.3841268024,0.0
370500,0.0,0.0,0.996555780951657,2154874.238351768,0.0
370560,0.0,0.0,0.996555780951657,2151442.4504239564,0.0
370620,0.0,0.0,0.996555780951657,2152531.3344509406,0.0
370680,0.0,0.0,0.996555780951657,2153976.863602537,0.0
370740,0.0,0.0,0.996555780951657,2157959.479043658,0.0
370800,0.0,0.0,0.996555780951657,2154612.140853393,0.0
370860,0.0,0.0,0.996555780951657,2154088.141329089,0.0
370920,0.0,0.0,0.996555780951657,2151673.6506916992,0.0
370980,0.0,0.0,0.996555780951657,2153423.517590484,0.0
371040,0.0,0.0,0.996555780951657,2155708.717900922,0.0
371100,0.0,0.0,0.996555780951657,2155957.207641335,0.0
371160,0.0,0.0,0.996555780951657,2151526.6871225126,0.0
371220,0.0,0.0,0.996555780951657,2152821.5959038506,0.0
371280,0.0,0.0,0.996555780951657,2153148.667673505,0.0
371340,0.0,0.0,0.996555780951657,2154681.142534934,0.0
371400,0.0,0.0,0.996555780951657,2157581.1268297285,0.0
371460,0.0,0.0,0.996555780951657,2154080.6694518924,0.0
371520,0.0,0.0,0.996555780951657,2152709.9399361606,0.0
371580,0.0,0.0,0.996555780951657,2152285.754103774,0.0
371640,0.0,0.0,0.996555780951657,2154275.156263738,0.0
371700,0.0,0.0,0.996555780951657,2158008.2170247156,0.0
371760,0.0,0.0,0.996555780951657,2154056.8871830683,0.0
371820,0.0,0.0,0.996555780951657,2154171.157214186,0.0
371880,0.0,0.0,0.996555780951657,2150716.2008620645,0.0
371940,0.0,0.0,0.996555780951657,2153923.913894797,0.0
372000,0.0,0.0,0.996555780951657,2155451.8419751935,0.0
372060,0.0,0.0,0.996555780951657,2154440.930186217,0.0
372120,0.0,0.0,0.996555780951657,2154809.6861986746,0.0
372180,0.0,0.0,0.996555780951657,2149974.113308541,0.0
372240,0.0,0.0,0.996555780951657,2153002.384418191,0.0
372300,0.0,0.0,0.996555780951657,2156686.430315767,0.0
372360,0.0,0.0,0.996555780951657,2155266.5985433334,0.0
372420,0.0,0.0,0.996555780951657,2155793.988337955,0.0
372480,0.0,0.0,0.996555780951657,2151841.345947131,0.0
372540,0.0,0.0,0.996555780951657,2152294.2614499955,0.0
372600,0.0,0.0,0.996555780951657,2154904.726524809,0.0
372660,0.0,0.0,0.996555780951657,2155874.586460774,0.0
372720,0.0,0.0,0.996555780951657,2153851.639633907,0.0
372780,0.0,0.0,0.996555780951657,2153884.8143193666,0.0
372840,0.0,0.0,0.996555780951657,2150920.8946981546,0.0
372900,0.0,0.0,0.996555780951657,2154747.9355535414,0.0
372960,0.0,0.0,0.996555780951657,2155146.737080187,0.0
373020,0.0,0.0,0.996555780951657,2157311.118728164,0.0
373080,0.0,0.0,0.996555780951657,2150603.8348210743,0.0
373140,0.0,0.0,0.996555780951657,2152982.3617868638,0.0
373200,0.0,0.0,0.996555780951657,2153386.177835778,0.0
373260,0.0,0.0,0.996555780951657,2154573.8014800237,0.0
373320,0.0,0.0,0.996555780951657,2157806.157534146,0.0
373380,0.0,0.0,0.996555780951657,2153985.993324367,0.0
373440,0.0,0.0,0.996555780951657,2152816.4849110954,0.0
373500,0.0,0.0,0.996555780951657,2152415.8685916434,0.0
373560,0.0,0.0,0.996555780951657,2154277.7918817103,0.0
373620,0.0,0.0,0.996555780951657,2155691.428439329,0.0
373680,0.0,0.0,0.996555780951657,2155665.5292733605,0.0
373740,0.0,0.0,0.996555780951657,2150398.968159227,0.0
373800,0.0,0.0,0.996555780951657,2152434.1878037206,0.0
373860,0.0,0.0,0.996555780951657,2154624.073072746,0.0
373920,0.0,0.0,0.996555780951657,2155179.1639622296,0.0
373980,0.0,0.0,0.996555780951657,2157105.3300309875,0.0
374040,0.0,0.0,0.996555780951657,2153216.9108042405,0.0
374100,0.0,0.0,0.996555780951657,2151995.2728511654,0.0
374160,0.0,0.0,0.996555780951657,2154460.5519507094,0.0
374220,0.0,0.0,0.996555780951657,2154907.391827742,0.0
374280,0.0,0.0,0.996555780951657,2156806.2423749105,0.0
374340,0.0,0.0,0.996555780951657,2151364.89291437,0.0
374400,0.0,0.0,0.996555780951657,2152067.7965425,0.0
374460,0.0,0.0,0.996555780951657,2152296.005112717,0.0
374520,0.0,0.0,0.996555780951657,2154938.6624146295,0.0
374580,0.0,0.0,0.996555780951657,2155748.7961622626,0.0
374640,0.0,0.0,0.996555780951657,2153480.6948596155,0.0
374700,0.0,0.0,0.996555780951657,2154002.997403985,0.0
374760,0.0,0.0,0.996555780951657,2150964.5243403846,0.0
374820,0.0,0.0,0.996555780951657,2153643.6761993277,0.0
374880,0.0,0.0,0.996555780951657,2157400.3737079366,0.0
374940,0.0,0.0,0.996555780951657,2155017.950234622,0.0
375000,0.0,0.0,0.996555780951657,2154520.7727042795,0.0
375060,0.0,0.0,0.996555780951657,2151446.658168359,0.0
375120,0.0,0.0,0.996555780951657,2152960.812609352,0.0
375180,0.0,0.0,0.996555780951657,2155573.971133962,0.0
375240,0.0,0.0,0.996555780951657,2156051.521718864,0.0
375300,0.0,0.0,0.996555780951657,2153152.2311045304,0.0
375360,0.0,0.0,0.996555780951657,2150542.4643888404,0.0
375420,0.0,0.0,0.996555780951657,2152583.584542859,0.0
375480,0.0,0.0,0.996555780951657,2157105.1696714284,0.0
375540,0.0,0.0,0.996555780951657,2155211.4809759385,0.0
375600,0.0,0.0,0.996555780951657,2155762.2805550746,0.0
375660,0.0,0.0,0.996555780951657,2149767.0069753267,0.0
375720,0.0,0.0,0.996555780951657,2152636.5286648013,0.0
375780,0.0,0.0,0.996555780951657,2154788.8243540456,0.0
375840,0.0,0.0,0.996555780951657,2155064.591893555,0.0
375900,0.0,0.0,0.996555780951657,2157286.3954318995,0.0
375960,0.0,0.0,0.996555780951657,2153130.5543555776,0.0
376020,0.0,0.0,0.996555780951657,2152114.6599131953,0.0
376080,0.0,0.0,0.996555780951657,2153434.5401117685,0.0
376140,0.0,0.0,0.996555780951657,2155070.3989210664,0.0
376200,0.0,0.0,0.996555780951657,2155235.9073353796,0.0
376260,0.0,0.0,0.996555780951657,2155088.8264103727,0.0
376320,0.0,0.0,0.996555780951657,2149952.215395853,0.0
376380,0.0,0.0,0.996555780951657,2152649.1173020266,0.0
376440,0.0,0.0,0.996555780951657,2155896.37960393,0.0
376500,0.0,0.0,0.996555780951657,2155813.8945131106,0.0
376560,0.0,0.0,0.996555780951657,2155135.3577549104,0.0
376620,0.0,0.0,0.996555780951657,2151952.430015189,0.0
376680,0.0,0.0,0.996555780951657,2151655.873899712,0.0
376740,0.0,0.0,0.996555780951657,2153655.869696191,0.0
376800,0.0,0.0,0.996555780951657,2157803.2609384004,0.0
376860,0.0,0.0,0.996555780951657,2154844.142056676,0.0
376920,0.0,0.0,0.996555780951657,2154704.3820349798,0.0
376980,0.0,0.0,0.996555780951657,2151515.454974861,0.0
377040,0.0,0.0,0.996555780951657,2153039.6146526053,0.0
377100,0.0,0.0,0.996555780951657,2155567.8531671157,0.0
377160,0.0,0.0,0.996555780951657,2155988.1844584537,0.0
377220,0.0,0.0,0.996555780951657,2152157.5895113307,0.0
377280,0.0,0.0,0.996555780951657,2153141.196862786,0.0
377340,0.0,0.0,0.996555780951657,2152423.2651966754,0.0
377400,0.0,0.0,0.996555780951657,2154380.951520888,0.0
377460,0.0,0.0,0.996555780951657,2157633.3779495764,0.0
377520,0.0,0.0,0.996555780951657,2154442.617935179,0.0
377580,0.0,0.0,0.996555780951657,2153212.9707664447,0.0
377640,0.0,0.0,0.996555780951657,2151888.6311211735,0.0
377700,0.0,0.0,0.996555780951657,2153854.1701717195,0.0
377760,0.0,0.0,0.996555780951657,2158161.979130534,0.0
377820,0.0,0.0,0.996555780951657,2154440.0628283885,0.0
377880,0.0,0.0,0.996555780951657,2154647.154815975,0.0
377940,0.0,0.0,0.996555780951657,2149957.0149244964,0.0
378000,0.0,0.0,0.996555780951657,2153468.0199834104,0.0
378060,0.0,0.0,0.996555780951657,2155143.2873519966,0.0
378120,0.0,0.0,0.996555780951657,2154872.3449428948,0.0
378180,0.0,0.0,0.996555780951657,2155120.0842002067,0.0
378240,0.0,0.0,0.996555780951657,2149760.3981225546,0.0
378300,0.0,0.0,0.996555780951657,2152774.7604492656,0.0
378360,0.0,0.0,0.996555780951657,2156185.7202055897,0.0
378420,0.0,0.0,0.996555780951657,2155285.7378674415,0.0
378480,0.0,0.0,0.996555780951657,2156315.3499603313,0.0
378540,0.0,0.0,0.996555780951657,2152215.20724339,0.0
378600,0.0,0.0,0.996555780951657,2152097.738830584,0.0
378660,0.0,0.0,0.996555780951657,2154486.604109013,0.0
378720,0.0,0.0,0.996555780951657,2155692.804588417,0.0
378780,0.0,0.0,0.996555780951657,2154375.833047373,0.0
378840,0.0,0.0,0.996555780951657,2154277.8351714434,0.0
378900,0.0,0.0,0.996555780951657,2150466.3686085725,0.0
378960,0.0,0.0,0.996555780951657,2154165.3988215583,0.0
379020,0.0,0.0,0.996555780951657,2154900.2556015006,0.0
379080,0.0,0.0,0.996555780951657,2157801.2193717854,0.0
379140,0.0,0.0,0.996555780951657,2151239.585640185,0.0
379200,0.0,0.0,0.996555780951657,2153285.3566230787,0.0
379260,0.0,0.0,0.996555780951657,2152620.419223253,0.0
379320,0.0,0.0,0.996555780951657,2154311.5444292193,0.0
379380,0.0,0.0,0.996555780951657,2157853.53060463,0.0
379440,0.0,0.0,0.996555780951657,2154323.234835714,0.0
379500,0.0,0.0,0.996555780951657,2153297.7550302683,0.0
379560,0.0,0.0,0.996555780951657,2152017.151551853,0.0
379620,0.0,0.0,0.996555780951657,2153891.6747536883,0.0
379680,0.0,0.0,0.996555780951657,2155767.0317184865,0.0
379740,0.0,0.0,0.996555780951657,2155839.905669712,0.0
379800,0.0,0.0,0.996555780951657,2150913.747021339,0.0
379860,0.0,0.0,0.996555780951657,2152513.5423425334,0.0
379920,0.0,0.0,0.996555780951657,2153950.152705862,0.0
379980,0.0,0.0,0.996555780951657,2154987.8551236074,0.0
380040,0.0,0.0,0.996555780951657,2157361.511427399,0.0
380100,0.0,0.0,0.996555780951657,2153634.9492487954,0.0
380160,0.0,0.0,0.996555780951657,2152238.7964457814,0.0
380220,0.0,0.0,0.996555780951657,2153589.4618888395,0.0
380280,0.0,0.0,0.996555780951657,2154648.5120321005,0.0
380340,0.0,0.0,0.996555780951657,2156779.429441366,0.0
380400,0.0,0.0,0.996555780951657,2152236.5185622666,0.0
380460,0.0,0.0,0.996555780951657,2152416.1611400163,0.0
380520,0.0,0.0,0.996555780951657,2152084.481803666,0.0
380580,0.0,0.0,0.996555780951657,2154557.760190091,0.0
380640,0.0,0.0,0.996555780951657,2155572.360539044,0.0
380700,0.0,0.0,0.996555780951657,2154025.485166601,0.0
380760,0.0,0.0,0.996555780951657,2154360.495443329,0.0
380820,0.0,0.0,0.996555780951657,2150454.21286514,0.0
380880,0.0,0.0,0.996555780951657,2153335.0736141335,0.0
380940,0.0,0.0,0.996555780951657,2157111.145664591,0.0
381000,0.0,0.0,0.996555780951657,2155182.6492196377,0.0
381060,0.0,0.0,0.996555780951657,2155088.556756081,0.0
381120,0.0,0.0,0.996555780951657,2151505.396371908,0.0
381180,0.0,0.0,0.996555780951657,2152618.925273313,0.0
381240,0.0,0.0,0.996555780951657,2155312.375162353,0.0
381300,0.0,0.0,0.996555780951657,2156017.4739526673,0.0
381360,0.0,0.0,0.996555780951657,2153974.3926481795,0.0
381420,0.0,0.0,0.996555780951657,2150770.478425511,0.0
381480,0.0,0.0,0.996555780951657,2152454.794998207,0.0
381540,0.0,0.0,0.996555780951657,2156486.0061266497,0.0
381600,0.0,0.0,0.996555780951657,2155345.8605345027,0.0
381660,0.0,0.0,0.996555780951657,2155924.8036870807,0.0
381720,0.0,0.0,0.996555780951657,2150255.5486514694,0.0
381780,0.0,0.0,0.996555780951657,2152745.949580883,0.0
381840,0.0,0.0,0.996555780951657,2154108.2677499545,0.0
381900,0.0,0.0,0.996555780951657,2154894.3171581086,0.0
381960,0.0,0.0,0.996555780951657,2157551.268010288,0.0
382020,0.0,0.0,0.996555780951657,2153525.3782515577,0.0
382080,0.0,0.0,0.996555780951657,2152337.8429920715,0.0
382140,0.0,0.0,0.996555780951657,2152957.99688804,0.0
382200,0.0,0.0,0.996555780951657,2154741.1436012033,0.0
382260,0.0,0.0,0.996555780951657,2155511.555880618,0.0
382320,0.0,0.0,0.996555780951657,2155374.8740109378,0.0
382380,0.0,0.0,0.996555780951657,2150045.58162041,0.0
382440,0.0,0.0,0.996555780951657,2152479.0152535546,0.0
382500,0.0,0.0,0.996555780951657,2155339.342525461,0.0
382560,0.0,0.0,0.996555780951657,2155355.6417011973,0.0
382620,0.0,0.0,0.996555780951657,2156659.567207652,0.0
382680,0.0,0.0,0.996555780951657,2149196.1054079416,0.0
382740,0.0,0.0,0.996555780951657,2152193.0748402164,0.0
382800,0.0,0.0,0.996555780951657,2153562.966886227,0.0
382860,0.0,0.0,0.996555780951657,2157373.7407613653,0.0
382920,0.0,0.0,0.996555780951657,2155160.1996606155,0.0
382980,0.0,0.0,0.996555780951657,2155051.962704678,0.0
383040,0.0,0.0,0.996555780951657,2151506.143497829,0.0
383100,0.0,0.0,0.996555780951657,2152692.9119747,0.0
383160,0.0,0.0,0.996555780951657,2155316.006248796,0.0
383220,0.0,0.0,0.996555780951657,2155952.0681705154,0.0
383280,0.0,0.0,0.996555780951657,2152798.4917451334,0.0
383340,0.0,0.0,0.996555780951657,2153522.455595472,0.0
383400,0.0,0.0,0.996555780951657,2151704.204744277,0.0
383460,0.0,0.0,0.996555780951657,2154041.023185791,0.0
383520,0.0,0.0,0.996555780951657,2157575.144277219,0.0
383580,0.0,0.0,0.996555780951657,2154759.516313809,0.0
383640,0.0,0.0,0.996555780951657,2153800.4345747964,0.0
383700,0.0,0.0,0.996555780951657,2151589.9204153707,0.0
383760,0.0,0.0,0.996555780951657,2153418.4576168247,0.0
383820,0.0,0.0,0.996555780951657,2158172.128860787,0.0
383880,0.0,0.0,0.996555780951657,2154760.226660579,0.0
383940,0.0,0.0,0.996555780951657,2155126.6745133013,0.0
384000,0.0,0.0,0.996555780951657,2149303.7705205968,0.0
384060,0.0,0.0,0.996555780951657,2152995.0470748506,0.0
384120,0.0,0.0,0.996555780951657,2154779.178204035,0.0
384180,0.0,0.0,0.996555780951657,2155218.1496399967,0.0
384240,0.0,0.0,0.996555780951657,2155396.270254791,0.0
384300,0.0,0.0,0.996555780951657,2149749.554392806,0.0
384360,0.0,0.0,0.996555780951657,2152621.5489184996,0.0
384420,0.0,0.0,0.996555780951657,2155592.3402961935,0.0
384480,0.0,0.0,0.996555780951657,2155233.2431602874,0.0
384540,0.0,0.0,0.996555780951657,2156790.0164738516,0.0
384600,0.0,0.0,0.996555780951657,2152632.9415424364,0.0
384660,0.0,0.0,0.996555780951657,2152009.125275019,0.0
384720,0.0,0.0,0.996555780951657,2154010.5736391973,0.0
384780,0.0,0.0,0.996555780951657,2155443.3078222503,0.0
384840,0.0,0.0,0.996555780951657,2154840.7410539538,0.0
384900,0.0,0.0,0.996555780951657,2154666.932542187,0.0
384960,0.0,0.0,0.996555780951657,2150140.6231137267,0.0
385020,0.0,0.0,0.996555780951657,2152935.185722632,0.0
385080,0.0,0.0,0.996555780951657,2156441.694533158,0.0
385140,0.0,0.0,0.996555780951657,2155401.823267845,0.0
385200,0.0,0.0,0.996555780951657,2154845.4443245814,0.0
385260,0.0,0.0,0.996555780951657,2151409.4284711913,0.0
385320,0.0,0.0,0.996555780951657,2152572.183074465,0.0
385380,0.0,0.0,0.996555780951657,2154012.685707419,0.0
385440,0.0,0.0,0.996555780951657,2157929.4862268697,0.0
385500,0.0,0.0,0.996555780951657,2154604.644133305,0.0
385560,0.0,0.0,0.996555780951657,2154013.06012228,0.0
385620,0.0,0.0,0.996555780951657,2151682.9969583056,0.0
385680,0.0,0.0,0.996555780951657,2153454.336347268,0.0
385740,0.0,0.0,0.996555780951657,2155726.661840412,0.0
385800,0.0,0.0,0.996555780951657,2155958.4527546535,0.0
385860,0.0,0.0,0.996555780951657,2151536.47833733,0.0
385920,0.0,0.0,0.996555780951657,2152779.130571458,0.0
385980,0.0,0.0,0.996555780951657,2153178.4745423957,0.0
386040,0.0,0.0,0.996555780951657,2154707.146959947,0.0
386100,0.0,0.0,0.996555780951657,2157551.9659139765,0.0
386160,0.0,0.0,0.996555780951657,2154069.687501496,0.0
386220,0.0,0.0,0.996555780951657,2152671.584090006,0.0
386280,0.0,0.0,0.996555780951657,2152610.888882206,0.0
386340,0.0,0.0,0.996555780951657,2154301.5530073573,0.0
386400,0.0,0.0,0.996555780951657,2156656.3152587875,0.0
386460,0.0,0.0,0.996555780951657,2153170.7646447197,0.0
386520,0.0,0.0,0.996555780951657,2152835.0018156753,0.0
386580,0.0,0.0,0.996555780951657,2151971.304089662,0.0
386640,0.0,0.0,0.996555780951657,2154079.279487834,0.0
386700,0.0,0.0,0.996555780951657,2155311.099114983,0.0
386760,0.0,0.0,0.996555780951657,2154538.4821604816,0.0
386820,0.0,0.0,0.996555780951657,2154744.909983869,0.0
386880,0.0,0.0,0.996555780951657,2150023.3515325203,0.0
386940,0.0,0.0,0.996555780951657,2153027.9350329344,0.0
387000,0.0,0.0,0.996555780951657,2156700.645954089,0.0
387060,0.0,0.0,0.996555780951657,2155282.511654968,0.0
387120,0.0,0.0,0.996555780951657,2155696.5251440024,0.0
387180,0.0,0.0,0.996555780951657,2151797.884092851,0.0
387240,0.0,0.0,0.996555780951657,2152311.1796529796,0.0
387300,0.0,0.0,0.996555780951657,2154944.389935865,0.0
387360,0.0,0.0,0.996555780951657,2155902.5811358597,0.0
387420,0.0,0.0,0.996555780951657,2154845.563171088,0.0
387480,0.0,0.0,0.996555780951657,2151219.0145788435,0.0
387540,0.0,0.0,0.996555780951657,2152435.1268147505,0.0
387600,0.0,0.0,0.996555780951657,2155734.2605581908,0.0
387660,0.0,0.0,0.996555780951657,2155374.0477658776,0.0
387720,0.0,0.0,0.996555780951657,2156033.497978112,0.0
387780,0.0,0.0,0.996555780951657,2150853.02015742,0.0
387840,0.0,0.0,0.996555780951657,2152992.8517963015,0.0
387900,0.0,0.0,0.996555780951657,2153355.45906433,0.0
387960,0.0,0.0,0.996555780951657,2154656.157469766,0.0
388020,0.0,0.0,0.996555780951657,2157745.590253645,0.0
388080,0.0,0.0,0.996555780951657,2153923.848551557,0.0
388140,0.0,0.0,0.996555780951657,2152724.5020130756,0.0
388200,0.0,0.0,0.996555780951657,2152476.5607066895,0.0
388260,0.0,0.0,0.996555780951657,2154354.2524736454,0.0
388320,0.0,0.0,0.996555780951657,2155699.4661412775,0.0
388380,0.0,0.0,0.996555780951657,2155630.5708890883,0.0
388440,0.0,0.0,0.996555780951657,2150394.146499443,0.0
388500,0.0,0.0,0.996555780951657,2152405.888597381,0.0
388560,0.0,0.0,0.996555780951657,2154693.792475057,0.0
388620,0.0,0.0,0.996555780951657,2155222.542529973,0.0
388680,0.0,0.0,0.996555780951657,2157031.3105979306,0.0
388740,0.0,0.0,0.996555780951657,2149798.5820567966,0.0
388800,0.0,0.0,0.996555780951657,2152311.3550337753,0.0
388860,0.0,0.0,0.996555780951657,2153014.033888259,0.0
388920,0.0,0.0,0.996555780951657,2157320.079286316,0.0
388980,0.0,0.0,0.996555780951657,2155243.0750661497,0.0
389040,0.0,0.0,0.996555780951657,2155673.9473815276,0.0
389100,0.0,0.0,0.996555780951657,2151750.6305237,0.0
389160,0.0,0.0,0.996555780951657,2152428.7458401425,0.0
389220,0.0,0.0,0.996555780951657,2154997.4587211013,0.0
389280,0.0,0.0,0.996555780951657,2155844.4015663275,0.0
389340,0.0,0.0,0.996555780951657,2153404.0931524956,0.0
389400,0.0,0.0,0.996555780951657,2153896.122935766,0.0
389460,0.0,0.0,0.996555780951657,2151082.1747423853,0.0
389520,0.0,0.0,0.996555780951657,2153709.4573646206,0.0
389580,0.0,0.0,0.996555780951657,2157403.3965461897,0.0
389640,0.0,0.0,0.996555780951657,2155003.406410393,0.0
389700,0.0,0.0,0.996555780951657,2154383.472435317,0.0
389760,0.0,0.0,0.996555780951657,2151445.2231141888,0.0
389820,0.0,0.0,0.996555780951657,2153021.6953730183,0.0
389880,0.0,0.0,0.996555780951657,2158019.627876128,0.0
389940,0.0,0.0,0.996555780951657,2154997.1046630125,0.0
390000,0.0,0.0,0.996555780951657,2155547.036312304,0.0
390060,0.0,0.0,0.996555780951657,2148857.110985138,0.0
390120,0.0,0.0,0.996555780951657,2152565.592334383,0.0
390180,0.0,0.0,0.996555780951657,2154403.389268483,0.0
390240,0.0,0.0,0.996555780951657,2155459.2484095157,0.0
390300,0.0,0.0,0.996555780951657,2155609.390966385,0.0
390360,0.0,0.0,0.996555780951657,2149990.16613385,0.0
390420,0.0,0.0,0.996555780951657,2152570.1761071435,0.0
390480,0.0,0.0,0.996555780951657,2154954.923008171,0.0
390540,0.0,0.0,0.996555780951657,2155123.6211600276,0.0
390600,0.0,0.0,0.996555780951657,2157164.7209879295,0.0
390660,0.0,0.0,0.996555780951657,2153046.598194068,0.0
390720,0.0,0.0,0.996555780951657,2152051.388378498,0.0
390780,0.0,0.0,0.996555780951657,2153525.772649462,0.0
390840,0.0,0.0,0.996555780951657,2155153.8860492464,0.0
390900,0.0,0.0,0.996555780951657,2155216.298996701,0.0
390960,0.0,0.0,0.996555780951657,2155010.950704428,0.0
391020,0.0,0.0,0.996555780951657,2150000.5440106513,0.0
391080,0.0,0.0,0.996555780951657,2152673.0370057425,0.0
391140,0.0,0.0,0.996555780951657,2155959.687480243,0.0
391200,0.0,0.0,0.996555780951657,2155802.2588917124,0.0
391260,0.0,0.0,0.996555780951657,2155100.8996012476,0.0
391320,0.0,0.0,0.996555780951657,2151869.178423358,0.0
391380,0.0,0.0,0.996555780951657,2151752.7866623104,0.0
391440,0.0,0.0,0.996555780951657,2153708.902439193,0.0
391500,0.0,0.0,0.996555780951657,2157786.0445813145,0.0
391560,0.0,0.0,0.996555780951657,2154835.4430999993,0.0
391620,0.0,0.0,0.996555780951657,2154580.511889964,0.0
391680,0.0,0.0,0.996555780951657,2151517.02003251,0.0
391740,0.0,0.0,0.996555780951657,2153086.8805842106,0.0
391800,0.0,0.0,0.996555780951657,2155601.7191707743,0.0
391860,0.0,0.0,0.996555780951657,2155998.7199635142,0.0
391920,0.0,0.0,0.996555780951657,2152142.9400435416,0.0
391980,0.0,0.0,0.996555780951657,2153070.1637441893,0.0
392040,0.0,0.0,0.996555780951657,2152492.728203248,0.0
392100,0.0,0.0,0.996555780951657,2154425.937140635,0.0
392160,0.0,0.0,0.996555780951657,2157602.6033144584,0.0
392220,0.0,0.0,0.996555780951657,2154420.665920793,0.0
392280,0.0,0.0,0.996555780951657,2153137.6955675706,0.0
392340,0.0,0.0,0.996555780951657,2151723.904807609,0.0
392400,0.0,0.0,0.996555780951657,2153964.7239022637,0.0
392460,0.0,0.0,0.996555780951657,2156463.852205736,0.0
392520,0.0,0.0,0.996555780951657,2154026.9286982366,0.0
392580,0.0,0.0,0.996555780951657,2153215.743401728,0.0
392640,0.0,0.0,0.996555780951657,2151988.071152092,0.0
392700,0.0,0.0,0.996555780951657,2153615.583052667,0.0
392760,0.0,0.0,0.996555780951657,2155037.578360841,0.0
392820,0.0,0.0,0.996555780951657,2154945.2921688757,0.0
392880,0.0,0.0,0.996555780951657,2155056.1747400044,0.0
392940,0.0,0.0,0.996555780951657,2149799.3802111065,0.0
393000,0.0,0.0,0.996555780951657,2152794.2296563536,0.0
393060,0.0,0.0,0.996555780951657,2156229.68163262,0.0
393120,0.0,0.0,0.996555780951657,2155314.038535538,0.0
393180,0.0,0.0,0.996555780951657,2156197.0660803583,0.0
393240,0.0,0.0,0.996555780951657,2152151.922784154,0.0
393300,0.0,0.0,0.996555780951657,2152105.051964257,0.0
393360,0.0,0.0,0.996555780951657,2154546.387025297,0.0
393420,0.0,0.0,0.996555780951657,2155738.396353808,0.0
393480,0.0,0.0,0.996555780951657,2154353.6323213764,0.0
393540,0.0,0.0,0.996555780951657,2154202.4912047004,0.0
393600,0.0,0.0,0.996555780951657,2150531.7775429636,0.0
393660,0.0,0.0,0.996555780951657,2154216.2356828735,0.0
393720,0.0,0.0,0.996555780951657,2154951.8281442737,0.0
393780,0.0,0.0,0.996555780951657,2157700.2302716817,0.0
393840,0.0,0.0,0.996555780951657,2151256.005087314,0.0
393900,0.0,0.0,0.996555780951657,2153212.45367064,0.0
393960,0.0,0.0,0.996555780951657,2152691.5848720903,0.0
394020,0.0,0.0,0.996555780951657,2154353.2870361977,0.0
394080,0.0,0.0,0.996555780951657,2157818.022044697,0.0
394140,0.0,0.0,0.996555780951657,2154303.6406579693,0.0
394200,0.0,0.0,0.996555780951657,2153222.6559834825,0.0
394260,0.0,0.0,0.996555780951657,2152040.4374067155,0.0
394320,0.0,0.0,0.996555780951657,2153932.1826014332,0.0
394380,0.0,0.0,0.996555780951657,2155781.8329590783,0.0
394440,0.0,0.0,0.996555780951657,2155830.0963949696,0.0
394500,0.0,0.0,0.996555780951657,2150921.4237898905,0.0
394560,0.0,0.0,0.996555780951657,2152477.406525837,0.0
394620,0.0,0.0,0.996555780951657,2153983.769006549,0.0
394680,0.0,0.0,0.996555780951657,2155016.8058701404,0.0
394740,0.0,0.0,0.996555780951657,2157323.0547055295,0.0
394800,0.0,0.0,0.996555780951657,2150511.953929861,0.0
394860,0.0,0.0,0.996555780951657,2152591.835320648,0.0
394920,0.0,0.0,0.996555780951657,2152472.1142232497,0.0
394980,0.0,0.0,0.996555780951657,2157111.868413356,0.0
395040,0.0,0.0,0.996555780951657,2155256.4173493003,0.0
395100,0.0,0.0,0.996555780951657,2156279.4998185607,0.0
395160,0.0,0.0,0.996555780951657,2152118.931890219,0.0
395220,0.0,0.0,0.996555780951657,2152242.1074634846,0.0
395280,0.0,0.0,0.996555780951657,2154597.9461192754,0.0
395340,0.0,0.0,0.996555780951657,2155666.393103963,0.0
395400,0.0,0.0,0.996555780951657,2153976.9129468203,0.0
395460,0.0,0.0,0.996555780951657,2154284.9447814072,0.0
395520,0.0,0.0,0.996555780951657,2150534.7451302563,0.0
395580,0.0,0.0,0.996555780951657,2153374.8794342624,0.0
395640,0.0,0.0,0.996555780951657,2157122.768737914,0.0
395700,0.0,0.0,0.996555780951657,2155185.173761835,0.0
395760,0.0,0.0,0.996555780951657,2154988.02548341,0.0
395820,0.0,0.0,0.996555780951657,2151481.272607545,0.0
395880,0.0,0.0,0.996555780951657,2152651.6508121053,0.0
395940,0.0,0.0,0.996555780951657,2155349.2403924563,0.0
396000,0.0,0.0,0.996555780951657,2156035.805205812,0.0
396060,0.0,0.0,0.996555780951657,2153921.885656018,0.0
396120,0.0,0.0,0.996555780951657,2150762.4783014692,0.0
396180,0.0,0.0,0.996555780951657,2152444.00108233,0.0
396240,0.0,0.0,0.996555780951657,2156484.1696050153,0.0
396300,0.0,0.0,0.996555780951657,2155370.3285898273,0.0
396360,0.0,0.0,0.996555780951657,2155913.761183935,0.0
396420,0.0,0.0,0.996555780951657,2150274.874731281,0.0
396480,0.0,0.0,0.996555780951657,2152701.4550659982,0.0
396540,0.0,0.0,0.996555780951657,2154147.840455838,0.0
396600,0.0,0.0,0.996555780951657,2154925.2308447114,0.0
396660,0.0,0.0,0.996555780951657,2157504.2419806486,0.0
396720,0.0,0.0,0.996555780951657,2153503.0745872045,0.0
396780,0.0,0.0,0.996555780951657,2152297.9460917376,0.0
396840,0.0,0.0,0.996555780951657,2152980.373199911,0.0
396900,0.0,0.0,0.996555780951657,2154772.2442299314,0.0
396960,0.0,0.0,0.996555780951657,2155520.732493089,0.0
397020,0.0,0.0,0.996555780951657,2155354.7062941412,0.0
397080,0.0,0.0,0.996555780951657,2150067.9047691277,0.0
397140,0.0,0.0,0.996555780951657,2152471.6101529575,0.0
397200,0.0,0.0,0.996555780951657,2155349.845760859,0.0
397260,0.0,0.0,0.996555780951657,2156101.468887058,0.0
397320,0.0,0.0,0.996555780951657,2155323.488346508,0.0
397380,0.0,0.0,0.996555780951657,2152524.4969299035,0.0
397440,0.0,0.0,0.996555780951657,2150908.0576101616,0.0
397500,0.0,0.0,0.996555780951657,2153380.482909016,0.0
397560,0.0,0.0,0.996555780951657,2157521.0191302677,0.0
397620,0.0,0.0,0.996555780951657,2155015.528393009,0.0
397680,0.0,0.0,0.996555780951657,2155225.4393650307,0.0
397740,0.0,0.0,0.996555780951657,2151524.0715816454,0.0
397800,0.0,0.0,0.996555780951657,2152720.766016056,0.0
397860,0.0,0.0,0.996555780951657,2155361.2956100036,0.0
397920,0.0,0.0,0.996555780951657,2155965.771418617,0.0
397980,0.0,0.0,0.996555780951657,2152789.745396041,0.0
398040,0.0,0.0,0.996555780951657,2153447.733530627,0.0
398100,0.0,0.0,0.996555780951657,2151776.632118576,0.0
398160,0.0,0.0,0.996555780951657,2154085.108583085,0.0
398220,0.0,0.0,0.996555780951657,2157555.87180266,0.0
398280,0.0,0.0,0.996555780951657,2154745.577257446,0.0
398340,0.0,0.0,0.996555780951657,2153717.9940580307,0.0
398400,0.0,0.0,0.996555780951657,2150814.9572744253,0.0
398460,0.0,0.0,0.996555780951657,2153580.5746320933,0.0
398520,0.0,0.0,0.996555780951657,2156173.4490435333,0.0
398580,0.0,0.0,0.996555780951657,2154870.376264078,0.0
398640,0.0,0.0,0.996555780951657,2153619.2510568784,0.0
398700,0.0,0.0,0.996555780951657,2152173.9149744795,0.0
398760,0.0,0.0,0.996555780951657,2153106.11738641,0.0
398820,0.0,0.0,0.996555780951657,2154698.2705183094,0.0
398880,0.0,0.0,0.996555780951657,2155280.965307429,0.0
398940,0.0,0.0,0.996555780951657,2155353.939059424,0.0
399000,0.0,0.0,0.996555780951657,2149754.2942923903,0.0
399060,0.0,0.0,0.996555780951657,2152619.585681832,0.0
399120,0.0,0.0,0.996555780951657,2155652.7046909053,0.0
399180,0.0,0.0,0.996555780951657,2155272.6425636183,0.0
399240,0.0,0.0,0.996555780951657,2156680.686886507,0.0
399300,0.0,0.0,0.996555780951657,2152567.7297644527,0.0
399360,0.0,0.0,0.996555780951657,2151994.020709292,0.0
399420,0.0,0.0,0.996555780951657,2154074.123581913,0.0
399480,0.0,0.0,0.996555780951657,2155497.986843492,0.0
399540,0.0,0.0,0.996555780951657,2154823.696354177,0.0
399600,0.0,0.0,0.996555780951657,2154598.2829778125,0.0
399660,0.0,0.0,0.996555780951657,2150195.383191969,0.0
399720,0.0,0.0,0.996555780951657,2153580.310846462,0.0
399780,0.0,0.0,0.996555780951657,2154661.2753764023,0.0
399840,0.0,0.0,0.996555780951657,2158096.9849722437,0.0
399900,0.0,0.0,0.996555780951657,2151908.1660150983,0.0
399960,0.0,0.0,0.996555780951657,2153563.092080315,0.0
400020,0.0,0.0,0.996555780951657,2151932.5083993888,0.0
400080,0.0,0.0,0.996555780951657,2154059.257890716,0.0
400140,0.0,0.0,0.996555780951657,2157772.898020425,0.0
400200,0.0,0.0,0.996555780951657,2154607.052806519,0.0
400260,0.0,0.0,0.996555780951657,2153773.110410457,0.0
400320,0.0,0.0,0.996555780951657,2151716.9614634877,0.0
400380,0.0,0.0,0.996555780951657,2153533.2727087084,0.0
400440,0.0,0.0,0.996555780951657,2155760.8448943775,0.0
400500,0.0,0.0,0.996555780951657,2155953.107261307,0.0
400560,0.0,0.0,0.996555780951657,2151499.771796426,0.0
400620,0.0,0.0,0.996555780951657,2152690.553721171,0.0
400680,0.0,0.0,0.996555780951657,2153283.0112621346,0.0
400740,0.0,0.0,0.996555780951657,2154771.1122103604,0.0
400800,0.0,0.0,0.996555780951657,2157495.836962589,0.0
400860,0.0,0.0,0.996555780951657,2151274.7260718565,0.0
400920,0.0,0.0,0.996555780951657,2152908.6277121007,0.0
400980,0.0,0.0,0.996555780951657,2152000.586050698,0.0
401040,0.0,0.0,0.996555780951657,2156758.824305695,0.0
401100,0.0,0.0,0.996555780951657,2155209.2346725455,0.0
401160,0.0,0.0,0.996555780951657,2156793.6062532985,0.0
401220,0.0,0.0,0.996555780951657,2152504.2168508326,0.0
401280,0.0,0.0,0.996555780951657,2152161.8237741166,0.0
401340,0.0,0.0,0.996555780951657,2154162.698008922,0.0
401400,0.0,0.0,0.996555780951657,2155441.5498440764,0.0
401460,0.0,0.0,0.996555780951657,2154475.758115689,0.0
401520,0.0,0.0,0.996555780951657,2154641.1101998985,0.0
401580,0.0,0.0,0.996555780951657,2150130.9742123075,0.0
401640,0.0,0.0,0.996555780951657,2153076.897922422,0.0
401700,0.0,0.0,0.996555780951657,2156750.851042896,0.0
401760,0.0,0.0,0.996555780951657,2155296.1145181386,0.0
401820,0.0,0.0,0.996555780951657,2155546.591212561,0.0
401880,0.0,0.0,0.996555780951657,2151726.6028231233,0.0
401940,0.0,0.0,0.996555780951657,2152348.6775388666,0.0
402000,0.0,0.0,0.996555780951657,2155013.895194362,0.0
402060,0.0,0.0,0.996555780951657,2155943.803358833,0.0
402120,0.0,0.0,0.996555780951657,2154734.559953281,0.0
402180,0.0,0.0,0.996555780951657,2151180.7797335344,0.0
402240,0.0,0.0,0.996555780951657,2152397.6205718624,0.0
402300,0.0,0.0,0.996555780951657,2155778.9771460737,0.0
402360,0.0,0.0,0.996555780951657,2155410.8899569996,0.0
402420,0.0,0.0,0.996555780951657,2156028.830939492,0.0
402480,0.0,0.0,0.996555780951657,2150846.915578045,0.0
402540,0.0,0.0,0.996555780951657,2152914.7508162945,0.0
402600,0.0,0.0,0.996555780951657,2153442.1371918954,0.0
402660,0.0,0.0,0.996555780951657,2154707.64848173,0.0
402720,0.0,0.0,0.996555780951657,2157688.297911355,0.0
402780,0.0,0.0,0.996555780951657,2153885.9051321424,0.0
402840,0.0,0.0,0.996555780951657,2152644.8833343936,0.0
402900,0.0,0.0,0.996555780951657,2152519.4300369374,0.0
402960,0.0,0.0,0.996555780951657,2154409.390680045,0.0
403020,0.0,0.0,0.996555780951657,2155708.12774468,0.0
403080,0.0,0.0,0.996555780951657,2155603.7343922867,0.0
403140,0.0,0.0,0.996555780951657,2150398.8923845035,0.0
403200,0.0,0.0,0.996555780951657,2152385.17538835,0.0
403260,0.0,0.0,0.996555780951657,2154738.2099768594,0.0
403320,0.0,0.0,0.996555780951657,2156257.9107038593,0.0
403380,0.0,0.0,0.996555780951657,2155466.5965073435,0.0
403440,0.0,0.0,0.996555780951657,2153201.984103026,0.0
403500,0.0,0.0,0.996555780951657,2150237.2636354077,0.0
403560,0.0,0.0,0.996555780951657,2153112.6780103985,0.0
403620,0.0,0.0,0.996555780951657,2157160.0897348416,0.0
403680,0.0,0.0,0.996555780951657,2155122.3628353556,0.0
403740,0.0,0.0,0.996555780951657,2155772.1969148605,0.0
403800,0.0,0.0,0.996555780951657,2151734.69259411,0.0
403860,0.0,0.0,0.996555780951657,2152440.9573850767,0.0
403920,0.0,0.0,0.996555780951657,2155065.705450011,0.0
403980,0.0,0.0,0.996555780951657,2155876.037878504,0.0
404040,0.0,0.0,0.996555780951657,2153378.9252900938,0.0
404100,0.0,0.0,0.996555780951657,2153802.573341992,0.0
404160,0.0,0.0,0.996555780951657,2151177.5878479546,0.0
404220,0.0,0.0,0.996555780951657,2153764.4136210484,0.0
404280,0.0,0.0,0.996555780951657,2157399.138862668,0.0
404340,0.0,0.0,0.996555780951657,2154991.722390147,0.0
404400,0.0,0.0,0.996555780951657,2154270.9537408147,0.0
404460,0.0,0.0,0.996555780951657,2151446.4782129694,0.0
404520,0.0,0.0,0.996555780951657,2153072.1427561105,0.0
404580,0.0,0.0,0.996555780951657,2157972.26656885,0.0
404640,0.0,0.0,0.996555780951657,2155004.429840084,0.0
404700,0.0,0.0,0.996555780951657,2155471.7065397785,0.0
404760,0.0,0.0,0.996555780951657,2148953.3915579594,0.0
404820,0.0,0.0,0.996555780951657,2152605.146838821,0.0
404880,0.0,0.0,0.996555780951657,2154460.1519462205,0.0
404940,0.0,0.0,0.996555780951657,2155470.570340241,0.0
405000,0.0,0.0,0.996555780951657,2155587.8116645925,0.0
405060,0.0,0.0,0.996555780951657,2150009.826905734,0.0
405120,0.0,0.0,0.996555780951657,2152546.4832116524,0.0
405180,0.0,0.0,0.996555780951657,2154993.6789011657,0.0
405240,0.0,0.0,0.996555780951657,2155154.116263746,0.0
405300,0.0,0.0,0.996555780951657,2157105.5937519707,0.0
405360,0.0,0.0,0.996555780951657,2153014.948742383,0.0
405420,0.0,0.0,0.996555780951657,2152024.2910435153,0.0
405480,0.0,0.0,0.996555780951657,2153556.007935748,0.0
405540,0.0,0.0,0.996555780951657,2155188.2568712034,0.0
405600,0.0,0.0,0.996555780951657,2155220.4998130836,0.0
405660,0.0,0.0,0.996555780951657,2154978.7695732974,0.0
405720,0.0,0.0,0.996555780951657,2150028.207979545,0.0
405780,0.0,0.0,0.996555780951657,2152903.84570214,0.0
405840,0.0,0.0,0.996555780951657,2154327.921574308,0.0
405900,0.0,0.0,0.996555780951657,2158382.8313514832,0.0
405960,0.0,0.0,0.996555780951657,2152560.1062474158,0.0
406020,0.0,0.0,0.996555780951657,2153952.028331166,0.0
406080,0.0,0.0,0.996555780951657,2151196.6872012476,0.0
406140,0.0,0.0,0.996555780951657,2153744.5613840427,0.0
406200,0.0,0.0,0.996555780951657,2157617.0390145956,0.0
406260,0.0,0.0,0.996555780951657,2154859.460426929,0.0
406320,0.0,0.0,0.996555780951657,2154381.465334964,0.0
406380,0.0,0.0,0.996555780951657,2151516.190090425,0.0
406440,0.0,0.0,0.996555780951657,2153137.4250528314,0.0
406500,0.0,0.0,0.996555780951657,2155635.975441866,0.0
406560,0.0,0.0,0.996555780951657,2156008.9609935256,0.0
406620,0.0,0.0,0.996555780951657,2152122.3045747806,0.0
406680,0.0,0.0,0.996555780951657,2152996.2993552145,0.0
406740,0.0,0.0,0.996555780951657,2152566.584780485,0.0
406800,0.0,0.0,0.996555780951657,2154474.1030464876,0.0
406860,0.0,0.0,0.996555780951657,2157570.2731020036,0.0
406920,0.0,0.0,0.996555780951657,2154395.242305515,0.0
406980,0.0,0.0,0.996555780951657,2153058.8070565187,0.0
407040,0.0,0.0,0.996555780951657,2151786.691230332,0.0
407100,0.0,0.0,0.996555780951657,2154006.7024025354,0.0
407160,0.0,0.0,0.996555780951657,2156486.1951405476,0.0
407220,0.0,0.0,0.996555780951657,2154023.6331766583,0.0
407280,0.0,0.0,0.996555780951657,2153178.734872786,0.0
407340,0.0,0.0,0.996555780951657,2151960.734589384,0.0
407400,0.0,0.0,0.996555780951657,2153650.979485917,0.0
407460,0.0,0.0,0.996555780951657,2155076.6650866955,0.0
407520,0.0,0.0,0.996555780951657,2154950.9528510096,0.0
407580,0.0,0.0,0.996555780951657,2155022.448980837,0.0
407640,0.0,0.0,0.996555780951657,2149836.6424918566,0.0
407700,0.0,0.0,0.996555780951657,2152798.152626921,0.0
407760,0.0,0.0,0.996555780951657,2156239.7641340727,0.0
407820,0.0,0.0,0.996555780951657,2155330.791038375,0.0
407880,0.0,0.0,0.996555780951657,2156143.8453224367,0.0
407940,0.0,0.0,0.996555780951657,2152128.6770819887,0.0
408000,0.0,0.0,0.996555780951657,2152103.613659009,0.0
408060,0.0,0.0,0.996555780951657,2154565.4697322273,0.0
408120,0.0,0.0,0.996555780951657,2155758.3341930727,0.0
408180,0.0,0.0,0.996555780951657,2155589.6070575053,0.0
408240,0.0,0.0,0.996555780951657,2151692.355554231,0.0
408300,0.0,0.0,0.996555780951657,2152503.5939404974,0.0
408360,0.0,0.0,0.996555780951657,2154931.2712107557,0.0
408420,0.0,0.0,0.996555780951657,2155334.558971308,0.0
408480,0.0,0.0,0.996555780951657,2156079.2931078984,0.0
408540,0.0,0.0,0.996555780951657,2151501.21903006,0.0
408600,0.0,0.0,0.996555780951657,2153233.506900099,0.0
408660,0.0,0.0,0.996555780951657,2152663.375016491,0.0
408720,0.0,0.0,0.996555780951657,2154418.4806986987,0.0
408780,0.0,0.0,0.996555780951657,2157792.4927267875,0.0
408840,0.0,0.0,0.996555780951657,2154264.8977919267,0.0
408900,0.0,0.0,0.996555780951657,2153146.135776894,0.0
408960,0.0,0.0,0.996555780951657,2152075.402137536,0.0
409020,0.0,0.0,0.996555780951657,2153987.8121137726,0.0
409080,0.0,0.0,0.996555780951657,2155797.2432324616,0.0
409140,0.0,0.0,0.996555780951657,2155814.0704312054,0.0
409200,0.0,0.0,0.996555780951657,2150919.0010866052,0.0
409260,0.0,0.0,0.996555780951657,2152435.723111776,0.0
409320,0.0,0.0,0.996555780951657,2154035.6137698228,0.0
409380,0.0,0.0,0.996555780951657,2156287.6324442914,0.0
409440,0.0,0.0,0.996555780951657,2155552.8252256354,0.0
409500,0.0,0.0,0.996555780951657,2153992.2576577878,0.0
409560,0.0,0.0,0.996555780951657,2149659.811958114,0.0
409620,0.0,0.0,0.996555780951657,2152873.4365590285,0.0
409680,0.0,0.0,0.996555780951657,2156678.010294268,0.0
409740,0.0,0.0,0.996555780951657,2155163.0294821523,0.0
409800,0.0,0.0,0.996555780951657,2156331.7649978036,0.0
409860,0.0,0.0,0.996555780951657,2152094.448982655,0.0
409920,0.0,0.0,0.996555780951657,2152219.4392697318,0.0
409980,0.0,0.0,0.996555780951657,2154674.9328444707,0.0
410040,0.0,0.0,0.996555780951657,2155710.664409518,0.0
410100,0.0,0.0,0.996555780951657,2153953.8855250487,0.0
410160,0.0,0.0,0.996555780951657,2154195.918016418,0.0
410220,0.0,0.0,0.996555780951657,2150623.7348502525,0.0
410280,0.0,0.0,0.996555780951657,2153423.0310350177,0.0
410340,0.0,0.0,0.996555780951657,2157134.887091365,0.0
410400,0.0,0.0,0.996555780951657,2155185.0035699066,0.0
410460,0.0,0.0,0.996555780951657,2154873.813621629,0.0
410520,0.0,0.0,0.996555780951657,2151457.012546069,0.0
410580,0.0,0.0,0.996555780951657,2152692.5258477894,0.0
410640,0.0,0.0,0.996555780951657,2157685.888576739,0.0
410700,0.0,0.0,0.996555780951657,2155172.506345948,0.0
410760,0.0,0.0,0.996555780951657,2155867.455367875,0.0
410820,0.0,0.0,0.996555780951657,2148708.161759241,0.0
410880,0.0,0.0,0.996555780951657,2152211.052582833,0.0
410940,0.0,0.0,0.996555780951657,2154054.9589042673,0.0
411000,0.0,0.0,0.996555780951657,2155616.796734431,0.0
411060,0.0,0.0,0.996555780951657,2155760.2192047834,0.0
411120,0.0,0.0,0.996555780951657,2150478.9880751832,0.0
411180,0.0,0.0,0.996555780951657,2152602.7125366707,0.0
411240,0.0,0.0,0.996555780951657,2154304.1550117354,0.0
411300,0.0,0.0,0.996555780951657,2154986.3544316962,0.0
411360,0.0,0.0,0.996555780951657,2157410.406669523,0.0
411420,0.0,0.0,0.996555780951657,2153435.2224603267,0.0
411480,0.0,0.0,0.996555780951657,2152210.425997079,0.0
411540,0.0,0.0,0.996555780951657,2153056.855229347,0.0
411600,0.0,0.0,0.996555780951657,2154850.7480255053,0.0
411660,0.0,0.0,0.996555780951657,2155514.797942456,0.0
411720,0.0,0.0,0.996555780951657,2155297.1905477787,0.0
411780,0.0,0.0,0.996555780951657,2150087.203610195,0.0
411840,0.0,0.0,0.996555780951657,2152264.517153346,0.0
411900,0.0,0.0,0.996555780951657,2153995.271199567,0.0
411960,0.0,0.0,0.996555780951657,2158511.704261735,0.0
412020,0.0,0.0,0.996555780951657,2153165.6234494275,0.0
412080,0.0,0.0,0.996555780951657,2154321.9518169467,0.0
412140,0.0,0.0,0.996555780951657,2150567.8331744196,0.0
412200,0.0,0.0,0.996555780951657,2153449.7105036364,0.0
412260,0.0,0.0,0.996555780951657,2157356.172132927,0.0
412320,0.0,0.0,0.996555780951657,2155043.5912630465,0.0
412380,0.0,0.0,0.996555780951657,2154969.594164067,0.0
412440,0.0,0.0,0.996555780951657,2151484.491904161,0.0
412500,0.0,0.0,0.996555780951657,2152788.286131811,0.0
412560,0.0,0.0,0.996555780951657,2155426.2170634223,0.0
412620,0.0,0.0,0.996555780951657,2155996.759898072,0.0
412680,0.0,0.0,0.996555780951657,2152736.8498794837,0.0
412740,0.0,0.0,0.996555780951657,2153333.511265866,0.0
412800,0.0,0.0,0.996555780951657,2151900.4681951255,0.0
412860,0.0,0.0,0.996555780951657,2154159.8366698693,0.0
412920,0.0,0.0,0.996555780951657,2157533.6745341076,0.0
412980,0.0,0.0,0.996555780951657,2154711.877416043,0.0
413040,0.0,0.0,0.996555780951657,2153584.6035849163,0.0
413100,0.0,0.0,0.996555780951657,2150942.2682612636,0.0
413160,0.0,0.0,0.996555780951657,2153645.9248543344,0.0
413220,0.0,0.0,0.996555780951657,2156226.117767275,0.0
413280,0.0,0.0,0.996555780951657,2154824.057580077,0.0
413340,0.0,0.0,0.996555780951657,2153561.862924747,0.0
413400,0.0,0.0,0.996555780951657,2152105.59901484,0.0
413460,0.0,0.0,0.996555780951657,2153169.443091455,0.0
413520,0.0,0.0,0.996555780951657,2154764.2023254707,0.0
413580,0.0,0.0,0.996555780951657,2155280.285018181,0.0
413640,0.0,0.0,0.996555780951657,2155309.179735222,0.0
413700,0.0,0.0,0.996555780951657,2149792.3875178923,0.0
413760,0.0,0.0,0.996555780951657,2152617.0888797897,0.0
413820,0.0,0.0,0.996555780951657,2155697.3564653913,0.0
413880,0.0,0.0,0.996555780951657,2155302.0597742833,0.0
413940,0.0,0.0,0.996555780951657,2156598.8885596474,0.0
414000,0.0,0.0,0.996555780951657,2152521.678294102,0.0
414060,0.0,0.0,0.996555780951657,2151983.0643228767,0.0
414120,0.0,0.0,0.996555780951657,2154117.764528096,0.0
414180,0.0,0.0,0.996555780951657,2155537.632214245,0.0
414240,0.0,0.0,0.996555780951657,2156294.004844026,0.0
414300,0.0,0.0,0.996555780951657,2152188.876036727,0.0
414360,0.0,0.0,0.996555780951657,2152725.842212863,0.0
414420,0.0,0.0,0.996555780951657,2154085.6396615976,0.0
414480,0.0,0.0,0.996555780951657,2155184.201458745,0.0
414540,0.0,0.0,0.996555780951657,2156061.4464034988,0.0
414600,0.0,0.0,0.996555780951657,2152137.194236289,0.0
414660,0.0,0.0,0.996555780951657,2153544.640177834,0.0
414720,0.0,0.0,0.996555780951657,2151976.097037851,0.0
414780,0.0,0.0,0.996555780951657,2154135.8218594906,0.0
414840,0.0,0.0,0.996555780951657,2157767.59596299,0.0
414900,0.0,0.0,0.996555780951657,2154568.0632700436,0.0
414960,0.0,0.0,0.996555780951657,2153658.2208255487,0.0
415020,0.0,0.0,0.996555780951657,2151750.680462079,0.0
415080,0.0,0.0,0.996555780951657,2153602.347916021,0.0
415140,0.0,0.0,0.996555780951657,2155788.042946713,0.0
415200,0.0,0.0,0.996555780951657,2155944.5813710326,0.0
415260,0.0,0.0,0.996555780951657,2151477.4759877548,0.0
415320,0.0,0.0,0.996555780951657,2152617.7475468316,0.0
415380,0.0,0.0,0.996555780951657,2153364.609105193,0.0
415440,0.0,0.0,0.996555780951657,2154823.7355033695,0.0
415500,0.0,0.0,0.996555780951657,2157446.6015785234,0.0
415560,0.0,0.0,0.996555780951657,2151297.0811653044,0.0
415620,0.0,0.0,0.996555780951657,2152840.9184611356,0.0
415680,0.0,0.0,0.996555780951657,2152053.800049764,0.0
415740,0.0,0.0,0.996555780951657,2156748.6267480846,0.0
415800,0.0,0.0,0.996555780951657,2155240.1096163574,0.0
415860,0.0,0.0,0.996555780951657,2156699.9084800784,0.0
415920,0.0,0.0,0.996555780951657,2152460.748973323,0.0
415980,0.0,0.0,0.996555780951657,2152145.9416004377,0.0
416040,0.0,0.0,0.996555780951657,2154203.454471421,0.0
416100,0.0,0.0,0.996555780951657,2155480.365234664,0.0
416160,0.0,0.0,0.996555780951657,2154474.791256915,0.0
416220,0.0,0.0,0.996555780951657,2154594.016363869,0.0
416280,0.0,0.0,0.996555780951657,2150176.839805385,0.0
416340,0.0,0.0,0.996555780951657,2153094.441649195,0.0
416400,0.0,0.0,0.996555780951657,2156757.3182865893,0.0
416460,0.0,0.0,0.996555780951657,2155307.291942323,0.0
416520,0.0,0.0,0.996555780951657,2155483.235154923,0.0
416580,0.0,0.0,0.996555780951657,2151700.6480554827,0.0
416640,0.0,0.0,0.996555780951657,2152359.5743524963,0.0
416700,0.0,0.0,0.996555780951657,2157250.6048925137,0.0
416760,0.0,0.0,0.996555780951657,2155255.4527415223,0.0
416820,0.0,0.0,0.996555780951657,2156217.8109051553,0.0
416880,0.0,0.0,0.996555780951657,2148725.502688069,0.0
416940,0.0,0.0,0.996555780951657,2151893.780788478,0.0
417000,0.0,0.0,0.996555780951657,2153629.5709092095,0.0
417060,0.0,0.0,0.996555780951657,2155655.5766638694,0.0
417120,0.0,0.0,0.996555780951657,2155873.1625332823,0.0
417180,0.0,0.0,0.996555780951657,2151050.8676664294,0.0
417240,0.0,0.0,0.996555780951657,2152810.7969542462,0.0
417300,0.0,0.0,0.996555780951657,2153564.978922081,0.0
417360,0.0,0.0,0.996555780951657,2154758.0447858977,0.0
417420,0.0,0.0,0.996555780951657,2157627.4170176387,0.0
417480,0.0,0.0,0.996555780951657,2153845.930061154,0.0
417540,0.0,0.0,0.996555780951657,2152560.284139701,0.0
417600,0.0,0.0,0.996555780951657,2152566.5450165076,0.0
417660,0.0,0.0,0.996555780951657,2154467.729485669,0.0
417720,0.0,0.0,0.996555780951657,2155715.4910002262,0.0
417780,0.0,0.0,0.996555780951657,2155573.164872416,0.0
417840,0.0,0.0,0.996555780951657,2150401.01379965,0.0
417900,0.0,0.0,0.996555780951657,2152366.7143298467,0.0
417960,0.0,0.0,0.996555780951657,2154786.637596925,0.0
418020,0.0,0.0,0.996555780951657,2156262.842018458,0.0
418080,0.0,0.0,0.996555780951657,2155464.919039126,0.0
418140,0.0,0.0,0.996555780951657,2153133.565281185,0.0
418200,0.0,0.0,0.996555780951657,2150298.1933137835,0.0
418260,0.0,0.0,0.996555780951657,2153130.6615142617,0.0
418320,0.0,0.0,0.996555780951657,2157160.923864744,0.0
418380,0.0,0.0,0.996555780951657,2155134.590155057,0.0
418440,0.0,0.0,0.996555780951657,2155696.3615297,0.0
418500,0.0,0.0,0.996555780951657,2151705.899898222,0.0
418560,0.0,0.0,0.996555780951657,2152452.25369958,0.0
418620,0.0,0.0,0.996555780951657,2155090.8733601794,0.0
418680,0.0,0.0,0.996555780951657,2155895.819782967,0.0
418740,0.0,0.0,0.996555780951657,2153384.064228991,0.0
418800,0.0,0.0,0.996555780951657,2153758.7001715647,0.0
418860,0.0,0.0,0.996555780951657,2151212.7816960677,0.0
418920,0.0,0.0,0.996555780951657,2153785.817987374,0.0
418980,0.0,0.0,0.996555780951657,2157386.493959702,0.0
419040,0.0,0.0,0.996555780951657,2154993.421066795,0.0
419100,0.0,0.0,0.996555780951657,2154224.4109802884,0.0
419160,0.0,0.0,0.996555780951657,2150092.887878549,0.0
419220,0.0,0.0,0.996555780951657,2153245.070423985,0.0
419280,0.0,0.0,0.996555780951657,2155855.16191319,0.0
419340,0.0,0.0,0.996555780951657,2155600.1318272916,0.0
419400,0.0,0.0,0.996555780951657,2153962.210058617,0.0
419460,0.0,0.0,0.996555780951657,2152457.4106999002,0.0
419520,0.0,0.0,0.996555780951657,2152654.743798868,0.0
419580,0.0,0.0,0.996555780951657,2154380.8022936634,0.0
419640,0.0,0.0,0.996555780951657,2155526.900382976,0.0
419700,0.0,0.0,0.996555780951657,2155575.3285670145,0.0
419760,0.0,0.0,0.996555780951657,2149982.0204071505,0.0
419820,0.0,0.0,0.996555780951657,2152526.4728025356,0.0
419880,0.0,0.0,0.996555780951657,2155041.0788051155,0.0
419940,0.0,0.0,0.996555780951657,2155192.046378344,0.0
420000,0.0,0.0,0.996555780951657,2157030.417083094,0.0
420060,0.0,0.0,0.996555780951657,2152969.5525345313,0.0
420120,0.0,0.0,0.996555780951657,2151994.171241639,0.0
420180,0.0,0.0,0.996555780951657,2153600.553540811,0.0
420240,0.0,0.0,0.996555780951657,2155233.50938764,0.0
420300,0.0,0.0,0.996555780951657,2156966.2729535005,0.0
420360,0.0,0.0,0.996555780951657,2152720.1169139342,0.0
420420,0.0,0.0,0.996555780951657,2153079.8113714685,0.0
420480,0.0,0.0,0.996555780951657,2153146.99601326,0.0
420540,0.0,0.0,0.996555780951657,2154926.1129565616,0.0
420600,0.0,0.0,0.996555780951657,2155967.9989575446,0.0
420660,0.0,0.0,0.996555780951657,2152793.726351164,0.0
420720,0.0,0.0,0.996555780951657,2153911.557603378,0.0
420780,0.0,0.0,0.996555780951657,2151283.8200979284,0.0
420840,0.0,0.0,0.996555780951657,2153813.9117257334,0.0
420900,0.0,0.0,0.996555780951657,2157640.058737212,0.0
420960,0.0,0.0,0.996555780951657,2154833.961051497,0.0
421020,0.0,0.0,0.996555780951657,2154257.2954246392,0.0
421080,0.0,0.0,0.996555780951657,2151528.2804036955,0.0
421140,0.0,0.0,0.996555780951657,2153199.0123597863,0.0
421200,0.0,0.0,0.996555780951657,2155673.6311557335,0.0
421260,0.0,0.0,0.996555780951657,2156014.781791329,0.0
421320,0.0,0.0,0.996555780951657,2152095.0749129164,0.0
421380,0.0,0.0,0.996555780951657,2152913.974308791,0.0
421440,0.0,0.0,0.996555780951657,2152652.7812818107,0.0
421500,0.0,0.0,0.996555780951657,2154529.459321397,0.0
421560,0.0,0.0,0.996555780951657,2157534.3492753543,0.0
421620,0.0,0.0,0.996555780951657,2152083.297641771,0.0
421680,0.0,0.0,0.996555780951657,2153198.7632472054,0.0
421740,0.0,0.0,0.996555780951657,2151631.589950323,0.0
421800,0.0,0.0,0.996555780951657,2156265.978660809,0.0
421860,0.0,0.0,0.996555780951657,2155135.344107376,0.0
421920,0.0,0.0,0.996555780951657,2157161.723593111,0.0
421980,0.0,0.0,0.996555780951657,2152870.7896371065,0.0
422040,0.0,0.0,0.996555780951657,2152172.4588752454,0.0
422100,0.0,0.0,0.996555780951657,2153725.425624347,0.0
422160,0.0,0.0,0.996555780951657,2155202.9472514107,0.0
422220,0.0,0.0,0.996555780951657,2154908.8039171216,0.0
422280,0.0,0.0,0.996555780951657,2154939.6738664852,0.0
422340,0.0,0.0,0.996555780951657,2149913.700496921,0.0
422400,0.0,0.0,0.996555780951657,2152825.6237837267,0.0
422460,0.0,0.0,0.996555780951657,2156298.532949314,0.0
422520,0.0,0.0,0.996555780951657,2155355.7352078278,0.0
422580,0.0,0.0,0.996555780951657,2156018.2982638427,0.0
422640,0.0,0.0,0.996555780951657,2152059.971909504,0.0
422700,0.0,0.0,0.996555780951657,2152118.4454495353,0.0
422760,0.0,0.0,0.996555780951657,2156689.0953703015,0.0
422820,0.0,0.0,0.996555780951657,2155258.0839133305,0.0
422880,0.0,0.0,0.996555780951657,2156481.1225295886,0.0
422940,0.0,0.0,0.996555780951657,2149081.104778618,0.0
423000,0.0,0.0,0.996555780951657,2151707.915927007,0.0
423060,0.0,0.0,0.996555780951657,2153233.746104577,0.0
423120,0.0,0.0,0.996555780951657,2155594.59714261,0.0
423180,0.0,0.0,0.996555780951657,2155919.2962906286,0.0
423240,0.0,0.0,0.996555780951657,2151656.8454287765,0.0
423300,0.0,0.0,0.996555780951657,2153083.3556395173,0.0
423360,0.0,0.0,0.996555780951657,2152843.713049074,0.0
423420,0.0,0.0,0.996555780951657,2154499.7958289376,0.0
423480,0.0,0.0,0.996555780951657,2157728.6568599865,0.0
423540,0.0,0.0,0.996555780951657,2154209.497518123,0.0
423600,0.0,0.0,0.996555780951657,2152999.134932782,0.0
423660,0.0,0.0,0.996555780951657,2152141.1352874143,0.0
423720,0.0,0.0,0.996555780951657,2154078.840596992,0.0
423780,0.0,0.0,0.996555780951657,2155814.5289179916,0.0
423840,0.0,0.0,0.996555780951657,2155782.1765480414,0.0
423900,0.0,0.0,0.996555780951657,2150889.978804882,0.0
423960,0.0,0.0,0.996555780951657,2152380.8249931415,0.0
424020,0.0,0.0,0.996555780951657,2154134.499360471,0.0
424080,0.0,0.0,0.996555780951657,2156299.9071354065,0.0
424140,0.0,0.0,0.996555780951657,2155560.530289296,0.0
424200,0.0,0.0,0.996555780951657,2153861.602865481,0.0
424260,0.0,0.0,0.996555780951657,2149760.4050476328,0.0
424320,0.0,0.0,0.996555780951657,2152891.4299352015,0.0
424380,0.0,0.0,0.996555780951657,2156712.5897436286,0.0
424440,0.0,0.0,0.996555780951657,2155186.2584656086,0.0
424500,0.0,0.0,0.996555780951657,2156217.16628723,0.0
424560,0.0,0.0,0.996555780951657,2152039.31807692,0.0
424620,0.0,0.0,0.996555780951657,2152228.4410771932,0.0
424680,0.0,0.0,0.996555780951657,2154725.7098665237,0.0
424740,0.0,0.0,0.996555780951657,2155750.048551494,0.0
424800,0.0,0.0,0.996555780951657,2153939.3304785285,0.0
424860,0.0,0.0,0.996555780951657,2154128.1826276155,0.0
424920,0.0,0.0,0.996555780951657,2150688.3117640517,0.0
424980,0.0,0.0,0.996555780951657,2153458.4167710403,0.0
425040,0.0,0.0,0.996555780951657,2157137.9176990455,0.0
425100,0.0,0.0,0.996555780951657,2155186.629214147,0.0
425160,0.0,0.0,0.996555780951657,2154790.3131942647,0.0
425220,0.0,0.0,0.996555780951657,2149459.824724489,0.0
425280,0.0,0.0,0.996555780951657,2152909.9997703517,0.0
425340,0.0,0.0,0.996555780951657,2155461.449772958,0.0
425400,0.0,0.0,0.996555780951657,2156217.5547824097,0.0
425460,0.0,0.0,0.996555780951657,2154289.6603184384,0.0
425520,0.0,0.0,0.996555780951657,2152885.1278181165,0.0
425580,0.0,0.0,0.996555780951657,2152229.6886870232,0.0
425640,0.0,0.0,0.996555780951657,2154024.194465344,0.0
425700,0.0,0.0,0.996555780951657,2155664.6444473914,0.0
425760,0.0,0.0,0.996555780951657,2155759.8793724417,0.0
425820,0.0,0.0,0.996555780951657,2150420.7011936316,0.0
425880,0.0,0.0,0.996555780951657,2152550.8802924184,0.0
425940,0.0,0.0,0.996555780951657,2154387.4058912247,0.0
426000,0.0,0.0,0.996555780951657,2155040.7525162487,0.0
426060,0.0,0.0,0.996555780951657,2157328.6379474164,0.0
426120,0.0,0.0,0.996555780951657,2153377.4527924354,0.0
426180,0.0,0.0,0.996555780951657,2152145.753031185,0.0
426240,0.0,0.0,0.996555780951657,2153117.961743006,0.0
426300,0.0,0.0,0.996555780951657,2154914.980807342,0.0
426360,0.0,0.0,0.996555780951657,2155511.4220898654,0.0
426420,0.0,0.0,0.996555780951657,2155247.8086709403,0.0
426480,0.0,0.0,0.996555780951657,2150107.939700871,0.0
426540,0.0,0.0,0.996555780951657,2152324.7174876127,0.0
426600,0.0,0.0,0.996555780951657,2154046.993471254,0.0
426660,0.0,0.0,0.996555780951657,2158435.969513483,0.0
426720,0.0,0.0,0.996555780951657,2153174.340125451,0.0
426780,0.0,0.0,0.996555780951657,2154253.2410222967,0.0
426840,0.0,0.0,0.996555780951657,2150642.121829456,0.0
426900,0.0,0.0,0.996555780951657,2153480.2398425625,0.0
426960,0.0,0.0,0.996555780951657,2157354.5512662404,0.0
427020,0.0,0.0,0.996555780951657,2155046.304698667,0.0
427080,0.0,0.0,0.996555780951657,2154884.6700553983,0.0
427140,0.0,0.0,0.996555780951657,2151472.964904318,0.0
427200,0.0,0.0,0.996555780951657,2152813.553113156,0.0
427260,0.0,0.0,0.996555780951657,2155452.1777532264,0.0
427320,0.0,0.0,0.996555780951657,2156010.145819507,0.0
427380,0.0,0.0,0.996555780951657,2152736.458771542,0.0
427440,0.0,0.0,0.996555780951657,2153282.086224912,0.0
427500,0.0,0.0,0.996555780951657,2151942.2204481126,0.0
427560,0.0,0.0,0.996555780951657,2154189.1695278175,0.0
427620,0.0,0.0,0.996555780951657,2157514.6920406516,0.0
427680,0.0,0.0,0.996555780951657,2152876.195608253,0.0
427740,0.0,0.0,0.996555780951657,2153586.8319384437,0.0
427800,0.0,0.0,0.996555780951657,2151294.6380252247,0.0
427860,0.0,0.0,0.996555780951657,2155648.2128796633,0.0
427920,0.0,0.0,0.996555780951657,2154964.908684174,0.0
427980,0.0,0.0,0.996555780951657,2157551.563832731,0.0
428040,0.0,0.0,0.996555780951657,2153291.298339194,0.0
428100,0.0,0.0,0.996555780951657,2152358.33630284,0.0
428160,0.0,0.0,0.996555780951657,2153219.8923436846,0.0
428220,0.0,0.0,0.996555780951657,2154869.963938765,0.0
428280,0.0,0.0,0.996555780951657,2155262.439408115,0.0
428340,0.0,0.0,0.996555780951657,2155257.4455832792,0.0
428400,0.0,0.0,0.996555780951657,2149838.494637031,0.0
428460,0.0,0.0,0.996555780951657,2152618.091745433,0.0
428520,0.0,0.0,0.996555780951657,2155746.6624182737,0.0
428580,0.0,0.0,0.996555780951657,2155331.373074107,0.0
428640,0.0,0.0,0.996555780951657,2156512.96987868,0.0
428700,0.0,0.0,0.996555780951657,2152472.1459037093,0.0
428760,0.0,0.0,0.996555780951657,2151974.592935398,0.0
428820,0.0,0.0,0.996555780951657,2154165.102598332,0.0
428880,0.0,0.0,0.996555780951657,2155578.978539385,0.0
428940,0.0,0.0,0.996555780951657,2156224.3701382685,0.0
429000,0.0,0.0,0.996555780951657,2152169.239832268,0.0
429060,0.0,0.0,0.996555780951657,2152665.1311077895,0.0
429120,0.0,0.0,0.996555780951657,2154121.3942168104,0.0
429180,0.0,0.0,0.996555780951657,2155218.092884107,0.0
429240,0.0,0.0,0.996555780951657,2156077.2703416413,0.0
429300,0.0,0.0,0.996555780951657,2152143.697419713,0.0
429360,0.0,0.0,0.996555780951657,2153488.5709740953,0.0
429420,0.0,0.0,0.996555780951657,2152026.4581853733,0.0
429480,0.0,0.0,0.996555780951657,2154166.825272075,0.0
429540,0.0,0.0,0.996555780951657,2157742.733659833,0.0
429600,0.0,0.0,0.996555780951657,2154560.271704924,0.0
429660,0.0,0.0,0.996555780951657,2153598.976033063,0.0
429720,0.0,0.0,0.996555780951657,2151760.377310981,0.0
429780,0.0,0.0,0.996555780951657,2153629.4152210616,0.0
429840,0.0,0.0,0.996555780951657,2155802.5450597685,0.0
429900,0.0,0.0,0.996555780951657,2155942.665301326,0.0
429960,0.0,0.0,0.996555780951657,2151489.223320155,0.0
430020,0.0,0.0,0.996555780951657,2152582.165229832,0.0
430080,0.0,0.0,0.996555780951657,2153385.9347607833,0.0
430140,0.0,0.0,0.996555780951657,2156198.733945134,0.0
430200,0.0,0.0,0.996555780951657,2155588.375675251,0.0
430260,0.0,0.0,0.996555780951657,2154698.5857273005,0.0
430320,0.0,0.0,0.996555780951657,2149363.7348632417,0.0
430380,0.0,0.0,0.996555780951657,2152704.350449668,0.0
430440,0.0,0.0,0.996555780951657,2156130.5860969787,0.0
430500,0.0,0.0,0.996555780951657,2155162.0725353584,0.0
430560,0.0,0.0,0.996555780951657,2156746.955815073,0.0
430620,0.0,0.0,0.996555780951657,2152452.6897058273,0.0
430680,0.0,0.0,0.996555780951657,2152091.0626200824,0.0
430740,0.0,0.0,0.996555780951657,2154263.9519777894,0.0
430800,0.0,0.0,0.996555780951657,2155519.0911348956,0.0
430860,0.0,0.0,0.996555780951657,2154468.4568250575,0.0
430920,0.0,0.0,0.996555780951657,2154531.8325529043,0.0
430980,0.0,0.0,0.996555780951657,2150234.844526599,0.0
431040,0.0,0.0,0.996555780951657,2153121.719332726,0.0
431100,0.0,0.0,0.996555780951657,2156771.972392339,0.0
431160,0.0,0.0,0.996555780951657,2155317.657374716,0.0
431220,0.0,0.0,0.996555780951657,2155400.0719402093,0.0
431280,0.0,0.0,0.996555780951657,2148946.0447474727,0.0
431340,0.0,0.0,0.996555780951657,2152598.2268698076,0.0
431400,0.0,0.0,0.996555780951657,2154977.6786658666,0.0
431460,0.0,0.0,0.996555780951657,2156750.1140422183,0.0
431520,0.0,0.0,0.996555780951657,2154595.3813414294,0.0
431580,0.0,0.0,0.996555780951657,2153450.7471005404,0.0
431640,0.0,0.0,0.996555780951657,2151850.79089898,0.0
431700,0.0,0.0,0.996555780951657,2153632.360059227,0.0
431760,0.0,0.0,0.996555780951657,2155700.739749744,0.0
431820,0.0,0.0,0.996555780951657,2155895.879793081,0.0
431880,0.0,0.0,0.996555780951657,2150982.0173327723,0.0
431940,0.0,0.0,0.996555780951657,2152731.6794003365,0.0
432000,0.0,0.0,0.996555780951657,2153659.6726860404,0.0
432060,0.0,0.0,0.996555780951657,2154818.550036956,0.0
432120,0.0,0.0,0.996555780951657,2157560.6790664657,0.0
432180,0.0,0.0,0.996555780951657,2153794.8252838827,0.0
432240,0.0,0.0,0.996555780951657,2152473.3403856033,0.0
432300,0.0,0.0,0.996555780951657,2152622.911238463,0.0
432360,0.0,0.0,0.996555780951657,2154534.973921874,0.0
432420,0.0,0.0,0.996555780951657,2155720.530258009,0.0
432480,0.0,0.0,0.996555780951657,2155535.386990787,0.0
432540,0.0,0.0,0.996555780951657,2150398.5649729767,0.0
432600,0.0,0.0,0.996555780951657,2151715.517255179,0.0
432660,0.0,0.0,0.996555780951657,2153697.536393018,0.0
432720,0.0,0.0,0.996555780951657,2158445.3858469054,0.0
432780,0.0,0.0,0.996555780951657,2153735.683044792,0.0
432840,0.0,0.0,0.996555780951657,2154628.835337949,0.0
432900,0.0,0.0,0.996555780951657,2150103.464617076,0.0
432960,0.0,0.0,0.996555780951657,2153193.1566799814,0.0
433020,0.0,0.0,0.996555780951657,2157001.002209395,0.0
433080,0.0,0.0,0.996555780951657,2155175.8657739223,0.0
433140,0.0,0.0,0.996555780951657,2155475.166416989,0.0
433200,0.0,0.0,0.996555780951657,2151628.049034769,0.0
433260,0.0,0.0,0.996555780951657,2152498.281987653,0.0
433320,0.0,0.0,0.996555780951657,2155157.09100008,0.0
433380,0.0,0.0,0.996555780951657,2155936.963776015,0.0
433440,0.0,0.0,0.996555780951657,2153341.548894527,0.0
433500,0.0,0.0,0.996555780951657,2153656.8689494813,0.0
433560,0.0,0.0,0.996555780951657,2151316.448044605,0.0
433620,0.0,0.0,0.996555780951657,2153849.070755542,0.0
433680,0.0,0.0,0.996555780951657,2157381.912442689,0.0
433740,0.0,0.0,0.996555780951657,2153616.8931837967,0.0
433800,0.0,0.0,0.996555780951657,2153951.2080798587,0.0
433860,0.0,0.0,0.996555780951657,2151093.8471809146,0.0
433920,0.0,0.0,0.996555780951657,2154943.8468992775,0.0
433980,0.0,0.0,0.996555780951657,2154756.6893261983,0.0
434040,0.0,0.0,0.996555780951657,2157818.899184984,0.0
434100,0.0,0.0,0.996555780951657,2153677.372580022,0.0
434160,0.0,0.0,0.996555780951657,2152679.3709022654,0.0
434220,0.0,0.0,0.996555780951657,2152744.9938256918,0.0
434280,0.0,0.0,0.996555780951657,2154519.7153054825,0.0
434340,0.0,0.0,0.996555780951657,2155515.1983996136,0.0
434400,0.0,0.0,0.996555780951657,2155514.6627488085,0.0
434460,0.0,0.0,0.996555780951657,2150001.0246182405,0.0
434520,0.0,0.0,0.996555780951657,2152503.117854714,0.0
434580,0.0,0.0,0.996555780951657,2155144.7070595766,0.0
434640,0.0,0.0,0.996555780951657,2155245.1946362043,0.0
434700,0.0,0.0,0.996555780951657,2156915.029307572,0.0
434760,0.0,0.0,0.996555780951657,2152889.767563873,0.0
434820,0.0,0.0,0.996555780951657,2151955.0263924543,0.0
434880,0.0,0.0,0.996555780951657,2153682.8151165773,0.0
434940,0.0,0.0,0.996555780951657,2155306.6586941695,0.0
435000,0.0,0.0,0.996555780951657,2156848.9343172354,0.0
435060,0.0,0.0,0.996555780951657,2152675.5999871134,0.0
435120,0.0,0.0,0.996555780951657,2152974.4052737784,0.0
435180,0.0,0.0,0.996555780951657,2153244.8809000365,0.0
435240,0.0,0.0,0.996555780951657,2154984.898699502,0.0
435300,0.0,0.0,0.996555780951657,2156003.835469046,0.0
435360,0.0,0.0,0.996555780951657,2152775.110668528,0.0
435420,0.0,0.0,0.996555780951657,2153827.053056953,0.0
435480,0.0,0.0,0.996555780951657,2151375.773450461,0.0
435540,0.0,0.0,0.996555780951657,2153862.676192811,0.0
435600,0.0,0.0,0.996555780951657,2157625.2404237585,0.0
435660,0.0,0.0,0.996555780951657,2154822.1076611187,0.0
435720,0.0,0.0,0.996555780951657,2154153.7986933254,0.0
435780,0.0,0.0,0.996555780951657,2151536.9899536427,0.0
435840,0.0,0.0,0.996555780951657,2153244.0745177898,0.0
435900,0.0,0.0,0.996555780951657,2155700.994645855,0.0
435960,0.0,0.0,0.996555780951657,2156018.61060541,0.0
436020,0.0,0.0,0.996555780951657,2152083.699060188,0.0
436080,0.0,0.0,0.996555780951657,2152851.91708039,0.0
436140,0.0,0.0,0.996555780951657,2152710.666120775,0.0
436200,0.0,0.0,0.996555780951657,2155987.262483729,0.0
436260,0.0,0.0,0.996555780951657,2155556.9720613603,0.0
436320,0.0,0.0,0.996555780951657,2155433.6418274697,0.0
436380,0.0,0.0,0.996555780951657,2149271.8164095315,0.0
436440,0.0,0.0,0.996555780951657,2152616.229830136,0.0
436500,0.0,0.0,0.996555780951657,2155516.082175554,0.0
436560,0.0,0.0,0.996555780951657,2155087.9979131026,0.0
436620,0.0,0.0,0.996555780951657,2157139.2207327653,0.0
436680,0.0,0.0,0.996555780951657,2152844.2641045037,0.0
436740,0.0,0.0,0.996555780951657,2152075.6462764884,0.0
436800,0.0,0.0,0.996555780951657,2153807.055997494,0.0
436860,0.0,0.0,0.996555780951657,2155263.521489214,0.0
436920,0.0,0.0,0.996555780951657,2154895.989171504,0.0
436980,0.0,0.0,0.996555780951657,2154869.2145671695,0.0
437040,0.0,0.0,0.996555780951657,2149973.827011139,0.0
437100,0.0,0.0,0.996555780951657,2152850.787664526,0.0
437160,0.0,0.0,0.996555780951657,2156339.017738542,0.0
437220,0.0,0.0,0.996555780951657,2155376.3832789045,0.0
437280,0.0,0.0,0.996555780951657,2155914.0103778406,0.0
437340,0.0,0.0,0.996555780951657,2152004.925312279,0.0
437400,0.0,0.0,0.996555780951657,2152132.3566972516,0.0
437460,0.0,0.0,0.996555780951657,2156684.320576517,0.0
437520,0.0,0.0,0.996555780951657,2155288.8855484026,0.0
437580,0.0,0.0,0.996555780951657,2156437.063092298,0.0
437640,0.0,0.0,0.996555780951657,2149142.9509629533,0.0
437700,0.0,0.0,0.996555780951657,2151711.7708238224,0.0
437760,0.0,0.0,0.996555780951657,2153280.5799926855,0.0
437820,0.0,0.0,0.996555780951657,2155621.7529392294,0.0
437880,0.0,0.0,0.996555780951657,2155927.201306226,0.0
437940,0.0,0.0,0.996555780951657,2151655.654080854,0.0
438000,0.0,0.0,0.996555780951657,2153023.14410949,0.0
438060,0.0,0.0,0.996555780951657,2152898.7414964116,0.0
438120,0.0,0.0,0.996555780951657,2154536.6749071367,0.0
438180,0.0,0.0,0.996555780951657,2157693.3998639053,0.0
438240,0.0,0.0,0.996555780951657,2154191.0303693376,0.0
438300,0.0,0.0,0.996555780951657,2152938.9920222135,0.0
438360,0.0,0.0,0.996555780951657,2152162.1065155785,0.0
438420,0.0,0.0,0.996555780951657,2154114.4171520094,0.0
438480,0.0,0.0,0.996555780951657,2155826.6981503298,0.0
438540,0.0,0.0,0.996555780951657,2155770.1642342242,0.0
438600,0.0,0.0,0.996555780951657,2150938.269620232,0.0
438660,0.0,0.0,0.996555780951657,2151172.6584506696,0.0
438720,0.0,0.0,0.996555780951657,2153347.399070523,0.0
438780,0.0,0.0,0.996555780951657,2158316.9010874163,0.0
438840,0.0,0.0,0.996555780951657,2154236.296493819,0.0
438900,0.0,0.0,0.996555780951657,2154993.04332967,0.0
438960,0.0,0.0,0.996555780951657,2149692.9154870003,0.0
439020,0.0,0.0,0.996555780951657,2152941.0833415184,0.0
439080,0.0,0.0,0.996555780951657,2156541.242145985,0.0
439140,0.0,0.0,0.996555780951657,2155236.519055678,0.0
439200,0.0,0.0,0.996555780951657,2156052.251134115,0.0
439260,0.0,0.0,0.996555780951657,2151970.897984638,0.0
439320,0.0,0.0,0.996555780951657,2152247.32644483,0.0
439380,0.0,0.0,0.996555780951657,2154778.027434698,0.0
439440,0.0,0.0,0.996555780951657,2155791.7853947463,0.0
439500,0.0,0.0,0.996555780951657,2153919.490622328,0.0
439560,0.0,0.0,0.996555780951657,2154055.8014935623,0.0
439620,0.0,0.0,0.996555780951657,2150756.7377722356,0.0
439680,0.0,0.0,0.996555780951657,2153497.8170190495,0.0
439740,0.0,0.0,0.996555780951657,2157141.7793456344,0.0
439800,0.0,0.0,0.996555780951657,2155186.333284558,0.0
439860,0.0,0.0,0.996555780951657,2154701.8898970517,0.0
439920,0.0,0.0,0.996555780951657,2149542.7931733564,0.0
439980,0.0,0.0,0.996555780951657,2152937.250790913,0.0
440040,0.0,0.0,0.996555780951657,2155505.478192518,0.0
440100,0.0,0.0,0.996555780951657,2156192.748936067,0.0
440160,0.0,0.0,0.996555780951657,2154268.622955914,0.0
440220,0.0,0.0,0.996555780951657,2152815.605035315,0.0
440280,0.0,0.0,0.996555780951657,2152255.4918876383,0.0
440340,0.0,0.0,0.996555780951657,2154063.1465953663,0.0
440400,0.0,0.0,0.996555780951657,2155678.5143773304,0.0
440460,0.0,0.0,0.996555780951657,2155748.3451970806,0.0
440520,0.0,0.0,0.996555780951657,2150437.1183920354,0.0
440580,0.0,0.0,0.996555780951657,2152521.3553510015,0.0
440640,0.0,0.0,0.996555780951657,2154414.596923645,0.0
440700,0.0,0.0,0.996555780951657,2155066.8682732275,0.0
440760,0.0,0.0,0.996555780951657,2157287.470815974,0.0
440820,0.0,0.0,0.996555780951657,2153358.4588326868,0.0
440880,0.0,0.0,0.996555780951657,2152116.057520784,0.0
440940,0.0,0.0,0.996555780951657,2153135.684443889,0.0
441000,0.0,0.0,0.996555780951657,2154940.8486637115,0.0
441060,0.0,0.0,0.996555780951657,2157434.903903151,0.0
441120,0.0,0.0,0.996555780951657,2153208.6728477683,0.0
441180,0.0,0.0,0.996555780951657,2153413.5681718295,0.0
441240,0.0,0.0,0.996555780951657,2152273.843554042,0.0
441300,0.0,0.0,0.996555780951657,2154638.0593625475,0.0
441360,0.0,0.0,0.996555780951657,2155842.866129963,0.0
441420,0.0,0.0,0.996555780951657,2153414.8192890785,0.0
441480,0.0,0.0,0.996555780951657,2154219.564175532,0.0
441540,0.0,0.0,0.996555780951657,2150734.2378722588,0.0
441600,0.0,0.0,0.996555780951657,2153524.907164845,0.0
441660,0.0,0.0,0.996555780951657,2157393.741426761,0.0
441720,0.0,0.0,0.996555780951657,2155037.565647154,0.0
441780,0.0,0.0,0.996555780951657,2154791.835145133,0.0
441840,0.0,0.0,0.996555780951657,2151462.696371834,0.0
441900,0.0,0.0,0.996555780951657,2152850.419666223,0.0
441960,0.0,0.0,0.996555780951657,2155486.4564564563,0.0
442020,0.0,0.0,0.996555780951657,2156024.484899004,0.0
442080,0.0,0.0,0.996555780951657,2152723.3534789127,0.0
442140,0.0,0.0,0.996555780951657,2153216.092591099,0.0
442200,0.0,0.0,0.996555780951657,2152002.613298667,0.0
442260,0.0,0.0,0.996555780951657,2155640.781470357,0.0
442320,0.0,0.0,0.996555780951657,2155451.6293849275,0.0
442380,0.0,0.0,0.996555780951657,2156197.4787508054,0.0
442440,0.0,0.0,0.996555780951657,2149479.6261886903,0.0
442500,0.0,0.0,0.996555780951657,2152646.816462839,0.0
442560,0.0,0.0,0.996555780951657,2154795.571336243,0.0
442620,0.0,0.0,0.996555780951657,2154941.1127007883,0.0
442680,0.0,0.0,0.996555780951657,2157487.561722232,0.0
442740,0.0,0.0,0.996555780951657,2153267.5460934076,0.0
442800,0.0,0.0,0.996555780951657,2152212.9556602472,0.0
442860,0.0,0.0,0.996555780951657,2153300.2853658,0.0
442920,0.0,0.0,0.996555780951657,2154937.943221566,0.0
442980,0.0,0.0,0.996555780951657,2155257.2439838853,0.0
443040,0.0,0.0,0.996555780951657,2155199.113605705,0.0
443100,0.0,0.0,0.996555780951657,2149878.3955537137,0.0
443160,0.0,0.0,0.996555780951657,2152625.5123288957,0.0
443220,0.0,0.0,0.996555780951657,2155801.5592651675,0.0
443280,0.0,0.0,0.996555780951657,2155362.482290431,0.0
443340,0.0,0.0,0.996555780951657,2156415.340327266,0.0
443400,0.0,0.0,0.996555780951657,2152414.106834891,0.0
443460,0.0,0.0,0.996555780951657,2151969.672994791,0.0
443520,0.0,0.0,0.996555780951657,2156013.4171365513,0.0
443580,0.0,0.0,0.996555780951657,2155216.5350806145,0.0
443640,0.0,0.0,0.996555780951657,2156645.170158592,0.0
443700,0.0,0.0,0.996555780951657,2149766.5713028237,0.0
443760,0.0,0.0,0.996555780951657,2151661.6595875127,0.0
443820,0.0,0.0,0.996555780951657,2152893.842855592,0.0
443880,0.0,0.0,0.996555780951657,2155464.668216389,0.0
443940,0.0,0.0,0.996555780951657,2155918.9473489905,0.0
444000,0.0,0.0,0.996555780951657,2152285.3881733995,0.0
444060,0.0,0.0,0.996555780951657,2153349.4396481407,0.0
444120,0.0,0.0,0.996555780951657,2152180.5539950905,0.0
444180,0.0,0.0,0.996555780951657,2154240.0483161984,0.0
444240,0.0,0.0,0.996555780951657,2157702.5414471463,0.0
444300,0.0,0.0,0.996555780951657,2154523.688650538,0.0
444360,0.0,0.0,0.996555780951657,2153457.499690742,0.0
444420,0.0,0.0,0.996555780951657,2151801.5932269106,0.0
444480,0.0,0.0,0.996555780951657,2153706.476236946,0.0
444540,0.0,0.0,0.996555780951657,2155829.4413976213,0.0
444600,0.0,0.0,0.996555780951657,2155928.3686623503,0.0
444660,0.0,0.0,0.996555780951657,2151607.758997638,0.0
444720,0.0,0.0,0.996555780951657,2150777.351938895,0.0
444780,0.0,0.0,0.996555780951657,2153041.289469712,0.0
444840,0.0,0.0,0.996555780951657,2158042.321123023,0.0
444900,0.0,0.0,0.996555780951657,2154646.4827599935,0.0
444960,0.0,0.0,0.996555780951657,2155301.6834204253,0.0
445020,0.0,0.0,0.996555780951657,2149483.6957472274,0.0
445080,0.0,0.0,0.996555780951657,2152759.37943995,0.0
445140,0.0,0.0,0.996555780951657,2156010.9880803027,0.0
445200,0.0,0.0,0.996555780951657,2155232.0119258887,0.0
445260,0.0,0.0,0.996555780951657,2156548.6637589005,0.0
445320,0.0,0.0,0.996555780951657,2152347.496235651,0.0
445380,0.0,0.0,0.996555780951657,2152094.3510390217,0.0
445440,0.0,0.0,0.996555780951657,2154355.722648418,0.0
445500,0.0,0.0,0.996555780951657,2155593.5268886206,0.0
445560,0.0,0.0,0.996555780951657,2154428.895400548,0.0
445620,0.0,0.0,0.996555780951657,2154430.63475295,0.0
445680,0.0,0.0,0.996555780951657,2150329.0001286,0.0
445740,0.0,0.0,0.996555780951657,2153174.741793134,0.0
445800,0.0,0.0,0.996555780951657,2156808.346811453,0.0
445860,0.0,0.0,0.996555780951657,2155325.0560444095,0.0
445920,0.0,0.0,0.996555780951657,2155264.6244650004,0.0
445980,0.0,0.0,0.996555780951657,2149070.952954326,0.0
446040,0.0,0.0,0.996555780951657,2152631.5594336637,0.0
446100,0.0,0.0,0.996555780951657,2155060.59601047,0.0
446160,0.0,0.0,0.996555780951657,2156694.9344473653,0.0
446220,0.0,0.0,0.996555780951657,2154566.7008943493,0.0
446280,0.0,0.0,0.996555780951657,2153326.7342133657,0.0
446340,0.0,0.0,0.996555780951657,2151887.50266808,0.0
446400,0.0,0.0,0.996555780951657,2153693.54205743,0.0
446460,0.0,0.0,0.996555780951657,2155723.4690718157,0.0
446520,0.0,0.0,0.996555780951657,2155887.2140030204,0.0
446580,0.0,0.0,0.996555780951657,2150975.0246672807,0.0
446640,0.0,0.0,0.996555780951657,2152667.786518794,0.0
446700,0.0,0.0,0.996555780951657,2153728.867726703,0.0
446760,0.0,0.0,0.996555780951657,2154863.471665094,0.0
446820,0.0,0.0,0.996555780951657,2157507.333431614,0.0
446880,0.0,0.0,0.996555780951657,2153759.1981777903,0.0
446940,0.0,0.0,0.996555780951657,2152409.9056359995,0.0
447000,0.0,0.0,0.996555780951657,2152661.5468266243,0.0
447060,0.0,0.0,0.996555780951657,2154583.644449049,0.0
447120,0.0,0.0,0.996555780951657,2157826.2599474,0.0
447180,0.0,0.0,0.996555780951657,2153667.9228843693,0.0
447240,0.0,0.0,0.996555780951657,2153833.5265428377,0.0
447300,0.0,0.0,0.996555780951657,2151410.605894381,0.0
447360,0.0,0.0,0.996555780951657,2154270.9493336887,0.0
447420,0.0,0.0,0.996555780951657,2155644.9605828873,0.0
447480,0.0,0.0,0.996555780951657,2153967.0200126637,0.0
447540,0.0,0.0,0.996555780951657,2154552.706975285,0.0
447600,0.0,0.0,0.996555780951657,2150259.8051181906,0.0
447660,0.0,0.0,0.996555780951657,2153236.8313012533,0.0
447720,0.0,0.0,0.996555780951657,2157070.494392618,0.0
447780,0.0,0.0,0.996555780951657,2155176.642854955,0.0
447840,0.0,0.0,0.996555780951657,2155350.921844846,0.0
447900,0.0,0.0,0.996555780951657,2151582.385783327,0.0
447960,0.0,0.0,0.996555780951657,2152535.048239278,0.0
448020,0.0,0.0,0.996555780951657,2155210.6382635613,0.0
448080,0.0,0.0,0.996555780951657,2155966.7814325485,0.0
448140,0.0,0.0,0.996555780951657,2153312.802294015,0.0
448200,0.0,0.0,0.996555780951657,2153571.406710225,0.0
448260,0.0,0.0,0.996555780951657,2151399.3785134163,0.0
448320,0.0,0.0,0.996555780951657,2153901.4890975673,0.0
448380,0.0,0.0,0.996555780951657,2157373.626513397,0.0
448440,0.0,0.0,0.996555780951657,2153617.827714054,0.0
448500,0.0,0.0,0.996555780951657,2153891.1893912014,0.0
448560,0.0,0.0,0.996555780951657,2151110.406009871,0.0
448620,0.0,0.0,0.996555780951657,2154967.2548105265,0.0
448680,0.0,0.0,0.996555780951657,2154801.4736308637,0.0
448740,0.0,0.0,0.996555780951657,2157751.9888742208,0.0
448800,0.0,0.0,0.996555780951657,2153644.5468851477,0.0
448860,0.0,0.0,0.996555780951657,2152612.959452493,0.0
448920,0.0,0.0,0.996555780951657,2152781.525516629,0.0
448980,0.0,0.0,0.996555780951657,2154565.859524051,0.0
449040,0.0,0.0,0.996555780951657,2155523.625197143,0.0
449100,0.0,0.0,0.996555780951657,2155489.8703136123,0.0
449160,0.0,0.0,0.996555780951657,2150022.653745684,0.0
449220,0.0,0.0,0.996555780951657,2152489.649464577,0.0
449280,0.0,0.0,0.996555780951657,2155172.7933176397,0.0
449340,0.0,0.0,0.996555780951657,2155270.8306569173,0.0
449400,0.0,0.0,0.996555780951657,2156863.004309653,0.0
449460,0.0,0.0,0.996555780951657,2152862.3685496817,0.0
449520,0.0,0.0,0.996555780951657,2151936.495497111,0.0
449580,0.0,0.0,0.996555780951657,2155223.1499657617,0.0
449640,0.0,0.0,0.996555780951657,2155059.5356267183,0.0
449700,0.0,0.0,0.996555780951657,2156775.5916473893,0.0
449760,0.0,0.0,0.996555780951657,2150537.0231555915,0.0
449820,0.0,0.0,0.996555780951657,2151819.3502838635,0.0
449880,0.0,0.0,0.996555780951657,2152541.1387642915,0.0
449940,0.0,0.0,0.996555780951657,2155205.92999122,0.0
450000,0.0,0.0,0.996555780951657,2155840.9630668117,0.0
450060,0.0,0.0,0.996555780951657,2152921.1574804485,0.0
450120,0.0,0.0,0.996555780951657,2153720.1729510934,0.0
450180,0.0,0.0,0.996555780951657,2151482.0786729073,0.0
450240,0.0,0.0,0.996555780951657,2153913.9348601964,0.0
450300,0.0,0.0,0.996555780951657,2157603.486354584,0.0
450360,0.0,0.0,0.996555780951657,2154808.921909892,0.0
450420,0.0,0.0,0.996555780951657,2154042.7880660538,0.0
450480,0.0,0.0,0.996555780951657,2151548.5517179123,0.0
450540,0.0,0.0,0.996555780951657,2153293.4079239257,0.0
450600,0.0,0.0,0.996555780951657,2155729.144151724,0.0
450660,0.0,0.0,0.996555780951657,2156020.630544187,0.0
450720,0.0,0.0,0.996555780951657,2152068.130903247,0.0
450780,0.0,0.0,0.996555780951657,2152787.0074242074,0.0
450840,0.0,0.0,0.996555780951657,2152773.323843697,0.0
450900,0.0,0.0,0.996555780951657,2156004.8189535574,0.0
450960,0.0,0.0,0.996555780951657,2155580.472930118,0.0
451020,0.0,0.0,0.996555780951657,2155346.675906022,0.0
451080,0.0,0.0,0.996555780951657,2149327.1226263167,0.0
451140,0.0,0.0,0.996555780951657,2152598.2987181623,0.0
451200,0.0,0.0,0.996555780951657,2155545.3254655995,0.0
451260,0.0,0.0,0.996555780951657,2155115.9099485083,0.0
451320,0.0,0.0,0.996555780951657,2157076.696138525,0.0
451380,0.0,0.0,0.996555780951657,2152813.7825624994,0.0
451440,0.0,0.0,0.996555780951657,2152054.6620772257,0.0
451500,0.0,0.0,0.996555780951657,2153834.8587472257,0.0
451560,0.0,0.0,0.996555780951657,2155295.0393232056,0.0
451620,0.0,0.0,0.996555780951657,2154902.3940656013,0.0
451680,0.0,0.0,0.996555780951657,2154837.3313611904,0.0
451740,0.0,0.0,0.996555780951657,2150005.170567349,0.0
451800,0.0,0.0,0.996555780951657,2152857.0304890363,0.0
451860,0.0,0.0,0.996555780951657,2156343.0352465804,0.0
451920,0.0,0.0,0.996555780951657,2155390.3527774685,0.0
451980,0.0,0.0,0.996555780951657,2155869.2218366223,0.0
452040,0.0,0.0,0.996555780951657,2148767.1064370084,0.0
452100,0.0,0.0,0.996555780951657,2152375.4723157045,0.0
452160,0.0,0.0,0.996555780951657,2154516.8861675477,0.0
452220,0.0,0.0,0.996555780951657,2157102.165262201,0.0
452280,0.0,0.0,0.996555780951657,2154834.7390113347,0.0
452340,0.0,0.0,0.996555780951657,2153974.440215815,0.0
452400,0.0,0.0,0.996555780951657,2151600.937557057,0.0
452460,0.0,0.0,0.996555780951657,2153292.717071524,0.0
452520,0.0,0.0,0.996555780951657,2155656.3586936924,0.0
452580,0.0,0.0,0.996555780951657,2155967.7787048775,0.0
452640,0.0,0.0,0.996555780951657,2151598.9470603713,0.0
452700,0.0,0.0,0.996555780951657,2152954.8784366623,0.0
452760,0.0,0.0,0.996555780951657,2152968.9150221944,0.0
452820,0.0,0.0,0.996555780951657,2154585.0145485755,0.0
452880,0.0,0.0,0.996555780951657,2157652.076982907,0.0
452940,0.0,0.0,0.996555780951657,2154161.618133857,0.0
453000,0.0,0.0,0.996555780951657,2152863.0077508665,0.0
453060,0.0,0.0,0.996555780951657,2152194.7441256307,0.0
453120,0.0,0.0,0.996555780951657,2154163.4487605756,0.0
453180,0.0,0.0,0.996555780951657,2158122.2178289215,0.0
453240,0.0,0.0,0.996555780951657,2154106.1365684313,0.0
453300,0.0,0.0,0.996555780951657,2154322.9784790725,0.0
453360,0.0,0.0,0.996555780951657,2150536.6612435346,0.0
453420,0.0,0.0,0.996555780951657,2153826.9564106,0.0
453480,0.0,0.0,0.996555780951657,2155367.264518554,0.0
453540,0.0,0.0,0.996555780951657,2154476.733603497,0.0
453600,0.0,0.0,0.996555780951657,2154895.2155047674,0.0
453660,0.0,0.0,0.996555780951657,2149884.0371583123,0.0
453720,0.0,0.0,0.996555780951657,2152964.59451163,0.0
453780,0.0,0.0,0.996555780951657,2156633.7540923045,0.0
453840,0.0,0.0,0.996555780951657,2155251.228404952,0.0
453900,0.0,0.0,0.996555780951657,2155929.4269123073,0.0
453960,0.0,0.0,0.996555780951657,2151908.8132043188,0.0
454020,0.0,0.0,0.996555780951657,2152265.9465819667,0.0
454080,0.0,0.0,0.996555780951657,2154839.135828626,0.0
454140,0.0,0.0,0.996555780951657,2155833.733613764,0.0
454200,0.0,0.0,0.996555780951657,2153892.885149484,0.0
454260,0.0,0.0,0.996555780951657,2153972.6242378927,0.0
454320,0.0,0.0,0.996555780951657,2150835.192819694,0.0
454380,0.0,0.0,0.996555780951657,2153545.3756891605,0.0
454440,0.0,0.0,0.996555780951657,2157147.8428282747,0.0
454500,0.0,0.0,0.996555780951657,2154304.7869184194,0.0
454560,0.0,0.0,0.996555780951657,2154256.1372445887,0.0
454620,0.0,0.0,0.996555780951657,2151038.14476368,0.0
454680,0.0,0.0,0.996555780951657,2154183.688516002,0.0
454740,0.0,0.0,0.996555780951657,2154547.858805209,0.0
454800,0.0,0.0,0.996555780951657,2157933.568854795,0.0
454860,0.0,0.0,0.996555780951657,2154015.1066246117,0.0
454920,0.0,0.0,0.996555780951657,2153043.4499574173,0.0
454980,0.0,0.0,0.996555780951657,2152330.228417057,0.0
455040,0.0,0.0,0.996555780951657,2154184.0884116706,0.0
455100,0.0,0.0,0.996555780951657,2155684.550387947,0.0
455160,0.0,0.0,0.996555780951657,2155707.8981734407,0.0
455220,0.0,0.0,0.996555780951657,2150430.8098669583,0.0
455280,0.0,0.0,0.996555780951657,2152472.031128739,0.0
455340,0.0,0.0,0.996555780951657,2154514.7023646077,0.0
455400,0.0,0.0,0.996555780951657,2155122.9134544963,0.0
455460,0.0,0.0,0.996555780951657,2157198.615992458,0.0
455520,0.0,0.0,0.996555780951657,2153292.7290351912,0.0
455580,0.0,0.0,0.996555780951657,2152053.1726740394,0.0
455640,0.0,0.0,0.996555780951657,2154376.528307341,0.0
455700,0.0,0.0,0.996555780951657,2154846.3363448777,0.0
455760,0.0,0.0,0.996555780951657,2156813.899609887,0.0
455820,0.0,0.0,0.996555780951657,2151384.3843099773,0.0
455880,0.0,0.0,0.996555780951657,2152133.2929558847,0.0
455940,0.0,0.0,0.996555780951657,2152266.2294144765,0.0
456000,0.0,0.0,0.996555780951657,2154879.3485993273,0.0
456060,0.0,0.0,0.996555780951657,2155707.4243313437,0.0
456120,0.0,0.0,0.996555780951657,2153512.5903405473,0.0
456180,0.0,0.0,0.996555780951657,2154081.8889974505,0.0
456240,0.0,0.0,0.996555780951657,2150877.9867039495,0.0
456300,0.0,0.0,0.996555780951657,2153597.6635385584,0.0
456360,0.0,0.0,0.996555780951657,2157397.249341644,0.0
456420,0.0,0.0,0.996555780951657,2155026.5475999974,0.0
456480,0.0,0.0,0.996555780951657,2154621.572658243,0.0
456540,0.0,0.0,0.996555780951657,2151450.6456568725,0.0
456600,0.0,0.0,0.996555780951657,2152918.3742373926,0.0
456660,0.0,0.0,0.996555780951657,2155541.5526331277,0.0
456720,0.0,0.0,0.996555780951657,2156042.3508263426,0.0
456780,0.0,0.0,0.996555780951657,2152676.328564947,0.0
456840,0.0,0.0,0.996555780951657,2153112.2723024013,0.0
456900,0.0,0.0,0.996555780951657,2152112.046128215,0.0
456960,0.0,0.0,0.996555780951657,2155685.9793429347,0.0
457020,0.0,0.0,0.996555780951657,2155496.361456527,0.0
457080,0.0,0.0,0.996555780951657,2156052.7778497534,0.0
457140,0.0,0.0,0.996555780951657,2149522.7593637975,0.0
457200,0.0,0.0,0.996555780951657,2152598.3133149403,0.0
457260,0.0,0.0,0.996555780951657,2154872.913965875,0.0
457320,0.0,0.0,0.996555780951657,2154988.315132474,0.0
457380,0.0,0.0,0.996555780951657,2157403.6864113268,0.0
457440,0.0,0.0,0.996555780951657,2153215.6970357066,0.0
457500,0.0,0.0,0.996555780951657,2152159.920682415,0.0
457560,0.0,0.0,0.996555780951657,2153354.531063461,0.0
457620,0.0,0.0,0.996555780951657,2154994.302179291,0.0
457680,0.0,0.0,0.996555780951657,2155255.245880329,0.0
457740,0.0,0.0,0.996555780951657,2155153.7450525737,0.0
457800,0.0,0.0,0.996555780951657,2149913.8725915262,0.0
457860,0.0,0.0,0.996555780951657,2152630.8714977573,0.0
457920,0.0,0.0,0.996555780951657,2155835.4163083117,0.0
457980,0.0,0.0,0.996555780951657,2155386.6404472687,0.0
458040,0.0,0.0,0.996555780951657,2156342.46057735,0.0
458100,0.0,0.0,0.996555780951657,2148800.553474329,0.0
458160,0.0,0.0,0.996555780951657,2152239.3302667253,0.0
458220,0.0,0.0,0.996555780951657,2154004.638087152,0.0
458280,0.0,0.0,0.996555780951657,2157325.790641638,0.0
458340,0.0,0.0,0.996555780951657,2155024.082823561,0.0
458400,0.0,0.0,0.996555780951657,2154571.908548894,0.0
458460,0.0,0.0,0.996555780951657,2151480.664073479,0.0
458520,0.0,0.0,0.996555780951657,2152957.982026008,0.0
458580,0.0,0.0,0.996555780951657,2155507.950059561,0.0
458640,0.0,0.0,0.996555780951657,2155979.102069522,0.0
458700,0.0,0.0,0.996555780951657,2152211.325444413,0.0
458760,0.0,0.0,0.996555780951657,2153256.1124950005,0.0
458820,0.0,0.0,0.996555780951657,2152283.9998093005,0.0
458880,0.0,0.0,0.996555780951657,2154303.206380197,0.0
458940,0.0,0.0,0.996555780951657,2157669.5467260643,0.0
459000,0.0,0.0,0.996555780951657,2154491.428861083,0.0
459060,0.0,0.0,0.996555780951657,2153347.0855487636,0.0
459120,0.0,0.0,0.996555780951657,2151836.2611654103,0.0
459180,0.0,0.0,0.996555780951657,2153770.158362281,0.0
459240,0.0,0.0,0.996555780951657,2155851.1862506494,0.0
459300,0.0,0.0,0.996555780951657,2155914.5992902042,0.0
459360,0.0,0.0,0.996555780951657,2151573.352842408,0.0
459420,0.0,0.0,0.996555780951657,2150821.1944464133,0.0
459480,0.0,0.0,0.996555780951657,2153072.612172113,0.0
459540,0.0,0.0,0.996555780951657,2158005.0314119766,0.0
459600,0.0,0.0,0.996555780951657,2154660.089364969,0.0
459660,0.0,0.0,0.996555780951657,2155256.261792554,0.0
459720,0.0,0.0,0.996555780951657,2149537.8961236267,0.0
459780,0.0,0.0,0.996555780951657,2152759.044455358,0.0
459840,0.0,0.0,0.996555780951657,2156040.8884154153,0.0
459900,0.0,0.0,0.996555780951657,2155255.5624722173,0.0
459960,0.0,0.0,0.996555780951657,2156472.5404016585,0.0
460020,0.0,0.0,0.996555780951657,2152310.602217718,0.0
460080,0.0,0.0,0.996555780951657,2152089.072821641,0.0
460140,0.0,0.0,0.996555780951657,2154388.842238272,0.0
460200,0.0,0.0,0.996555780951657,2155624.5806524702,0.0
460260,0.0,0.0,0.996555780951657,2154429.158237333,0.0
460320,0.0,0.0,0.996555780951657,2154386.6856682836,0.0
460380,0.0,0.0,0.996555780951657,2150367.6120516052,0.0
460440,0.0,0.0,0.996555780951657,2153192.668086763,0.0
460500,0.0,0.0,0.996555780951657,2156809.9686672916,0.0
460560,0.0,0.0,0.996555780951657,2154922.5474134306,0.0
460620,0.0,0.0,0.996555780951657,2154603.8330951496,0.0
460680,0.0,0.0,0.996555780951657,2151153.3774264646,0.0
460740,0.0,0.0,0.996555780951657,2153325.17173231,0.0
460800,0.0,0.0,0.996555780951657,2154251.7669602996,0.0
460860,0.0,0.0,0.996555780951657,2158008.456444999,0.0
460920,0.0,0.0,0.996555780951657,2154352.673462408,0.0
460980,0.0,0.0,0.996555780951657,2153577.4054481736,0.0
461040,0.0,0.0,0.996555780951657,2151937.1779035977,0.0
461100,0.0,0.0,0.996555780951657,2153779.1107690353,0.0
461160,0.0,0.0,0.996555780951657,2155742.044841279,0.0
461220,0.0,0.0,0.996555780951657,2155869.0099026943,0.0
461280,0.0,0.0,0.996555780951657,2150974.0185079076,0.0
461340,0.0,0.0,0.996555780951657,2152602.0960167293,0.0
461400,0.0,0.0,0.996555780951657,2153803.7265804666,0.0
461460,0.0,0.0,0.996555780951657,2154910.393357428,0.0
461520,0.0,0.0,0.996555780951657,2157451.0694477735,0.0
461580,0.0,0.0,0.996555780951657,2153719.690205141,0.0
461640,0.0,0.0,0.996555780951657,2152344.6933543794,0.0
461700,0.0,0.0,0.996555780951657,2152704.3067093226,0.0
461760,0.0,0.0,0.996555780951657,2154635.7237918717,0.0
461820,0.0,0.0,0.996555780951657,2157756.2377529256,0.0
461880,0.0,0.0,0.996555780951657,2153654.9928566916,0.0
461940,0.0,0.0,0.996555780951657,2153756.317232099,0.0
462000,0.0,0.0,0.996555780951657,2151477.4434407093,0.0
462060,0.0,0.0,0.996555780951657,2154310.556560254,0.0
462120,0.0,0.0,0.996555780951657,2155681.432523346,0.0
462180,0.0,0.0,0.996555780951657,2153971.222241389,0.0
462240,0.0,0.0,0.996555780951657,2154506.5717491265,0.0
462300,0.0,0.0,0.996555780951657,2150308.433606441,0.0
462360,0.0,0.0,0.996555780951657,2153254.9491345766,0.0
462420,0.0,0.0,0.996555780951657,2157069.5682847877,0.0
462480,0.0,0.0,0.996555780951657,2155185.592885952,0.0
462540,0.0,0.0,0.996555780951657,2155288.429118664,0.0
462600,0.0,0.0,0.996555780951657,2151563.953441767,0.0
462660,0.0,0.0,0.996555780951657,2152547.2470267806,0.0
462720,0.0,0.0,0.996555780951657,2155230.3318557623,0.0
462780,0.0,0.0,0.996555780951657,2155981.28185497,0.0
462840,0.0,0.0,0.996555780951657,2153320.116682003,0.0
462900,0.0,0.0,0.996555780951657,2153532.5701790755,0.0
462960,0.0,0.0,0.996555780951657,2151426.531942235,0.0
463020,0.0,0.0,0.996555780951657,2155224.0583737623,0.0
463080,0.0,0.0,0.996555780951657,2155327.4325695527,0.0
463140,0.0,0.0,0.996555780951657,2156784.400900455,0.0
463200,0.0,0.0,0.996555780951657,2150039.944664064,0.0
463260,0.0,0.0,0.996555780951657,2152763.063767074,0.0
463320,0.0,0.0,0.996555780951657,2154086.5342342183,0.0
463380,0.0,0.0,0.996555780951657,2154780.817486498,0.0
463440,0.0,0.0,0.996555780951657,2157679.344950089,0.0
463500,0.0,0.0,0.996555780951657,2153643.2510584877,0.0
463560,0.0,0.0,0.996555780951657,2152458.8510767748,0.0
463620,0.0,0.0,0.996555780951657,2152835.3418041025,0.0
463680,0.0,0.0,0.996555780951657,2154618.023387675,0.0
463740,0.0,0.0,0.996555780951657,2155530.451708878,0.0
463800,0.0,0.0,0.996555780951657,2155455.7894669557,0.0
463860,0.0,0.0,0.996555780951657,2150039.774195051,0.0
463920,0.0,0.0,0.996555780951657,2152478.3024553424,0.0
463980,0.0,0.0,0.996555780951657,2155216.401298587,0.0
464040,0.0,0.0,0.996555780951657,2155302.0122503433,0.0
464100,0.0,0.0,0.996555780951657,2156796.044468998,0.0
464160,0.0,0.0,0.996555780951657,2149162.0130567816,0.0
464220,0.0,0.0,0.996555780951657,2152235.7815052746,0.0
464280,0.0,0.0,0.996555780951657,2153436.3351786826,0.0
464340,0.0,0.0,0.996555780951657,2157416.3226485914,0.0
464400,0.0,0.0,0.996555780951657,2155158.597338866,0.0
464460,0.0,0.0,0.996555780951657,2155233.050979834,0.0
464520,0.0,0.0,0.996555780951657,2151546.092636885,0.0
464580,0.0,0.0,0.996555780951657,2152642.149380116,0.0
464640,0.0,0.0,0.996555780951657,2155252.752454646,0.0
464700,0.0,0.0,0.996555780951657,2155919.97179699,0.0
464760,0.0,0.0,0.996555780951657,2152849.0151778725,0.0
464820,0.0,0.0,0.996555780951657,2153623.939863943,0.0
464880,0.0,0.0,0.996555780951657,2151588.3579519163,0.0
464940,0.0,0.0,0.996555780951657,2153975.288891251,0.0
465000,0.0,0.0,0.996555780951657,2157588.3244200875,0.0
465060,0.0,0.0,0.996555780951657,2154787.901747211,0.0
465120,0.0,0.0,0.996555780951657,2153923.8069553836,0.0
465180,0.0,0.0,0.996555780951657,2151565.735960156,0.0
465240,0.0,0.0,0.996555780951657,2153352.1723104254,0.0
465300,0.0,0.0,0.996555780951657,2155760.0153257768,0.0
465360,0.0,0.0,0.996555780951657,2156019.8934026742,0.0
465420,0.0,0.0,0.996555780951657,2152340.27395935,0.0
465480,0.0,0.0,0.996555780951657,2150574.252170452,0.0
465540,0.0,0.0,0.996555780951657,2152793.57830856,0.0
465600,0.0,0.0,0.996555780951657,2157610.5876320787,0.0
465660,0.0,0.0,0.996555780951657,2154987.8702810104,0.0
465720,0.0,0.0,0.996555780951657,2155537.7653267914,0.0
465780,0.0,0.0,0.996555780951657,2149528.398446958,0.0
465840,0.0,0.0,0.996555780951657,2152643.236339561,0.0
465900,0.0,0.0,0.996555780951657,2155438.0279070814,0.0
465960,0.0,0.0,0.996555780951657,2155190.4669317906,0.0
466020,0.0,0.0,0.996555780951657,2156920.749099359,0.0
466080,0.0,0.0,0.996555780951657,2152720.5955456393,0.0
466140,0.0,0.0,0.996555780951657,2152033.6615696666,0.0
466200,0.0,0.0,0.996555780951657,2153917.8057902255,0.0
466260,0.0,0.0,0.996555780951657,2155369.764281816,0.0
466320,0.0,0.0,0.996555780951657,2154877.57269093,0.0
466380,0.0,0.0,0.996555780951657,2154756.188895874,0.0
466440,0.0,0.0,0.996555780951657,2150071.4089653534,0.0
466500,0.0,0.0,0.996555780951657,2152891.053400596,0.0
466560,0.0,0.0,0.996555780951657,2156387.9275367185,0.0
466620,0.0,0.0,0.996555780951657,2155427.666083993,0.0
466680,0.0,0.0,0.996555780951657,2154895.006745502,0.0
466740,0.0,0.0,0.996555780951657,2151472.6137598003,0.0
466800,0.0,0.0,0.996555780951657,2152473.426907677,0.0
466860,0.0,0.0,0.996555780951657,2153952.9768765266,0.0
466920,0.0,0.0,0.996555780951657,2157957.8729725024,0.0
466980,0.0,0.0,0.996555780951657,2154628.444534579,0.0
467040,0.0,0.0,0.996555780951657,2154134.544987465,0.0
467100,0.0,0.0,0.996555780951657,2151658.827167971,0.0
467160,0.0,0.0,0.996555780951657,2153395.9583721007,0.0
467220,0.0,0.0,0.996555780951657,2155700.647944483,0.0
467280,0.0,0.0,0.996555780951657,2155960.693296177,0.0
467340,0.0,0.0,0.996555780951657,2151561.6958919745,0.0
467400,0.0,0.0,0.996555780951657,2152844.807949291,0.0
467460,0.0,0.0,0.996555780951657,2153101.5057187616,0.0
467520,0.0,0.0,0.996555780951657,2154660.862417241,0.0
467580,0.0,0.0,0.996555780951657,2157591.3195088757,0.0
467640,0.0,0.0,0.996555780951657,2154104.6521330355,0.0
467700,0.0,0.0,0.996555780951657,2152742.678516252,0.0
467760,0.0,0.0,0.996555780951657,2152258.6101679555,0.0
467820,0.0,0.0,0.996555780951657,2154247.513724815,0.0
467880,0.0,0.0,0.996555780951657,2158026.9636339657,0.0
467940,0.0,0.0,0.996555780951657,2154079.857885963,0.0
468000,0.0,0.0,0.996555780951657,2154204.623725496,0.0
468060,0.0,0.0,0.996555780951657,2150665.413557049,0.0
468120,0.0,0.0,0.996555780951657,2153895.9115657886,0.0
468180,0.0,0.0,0.996555780951657,2155432.3384819794,0.0
468240,0.0,0.0,0.996555780951657,2154465.6100246958,0.0
468300,0.0,0.0,0.996555780951657,2154831.4015474706,0.0
468360,0.0,0.0,0.996555780951657,2149953.4783798377,0.0
468420,0.0,0.0,0.996555780951657,2152987.514330275,0.0
468480,0.0,0.0,0.996555780951657,2156661.1284273323,0.0
468540,0.0,0.0,0.996555780951657,2155267.9192290553,0.0
468600,0.0,0.0,0.996555780951657,2155829.4982500183,0.0
468660,0.0,0.0,0.996555780951657,2151862.746526034,0.0
468720,0.0,0.0,0.996555780951657,2152280.8716437984,0.0
468780,0.0,0.0,0.996555780951657,2154881.6229672595,0.0
468840,0.0,0.0,0.996555780951657,2155864.511998544,0.0
468900,0.0,0.0,0.996555780951657,2153880.4543418754,0.0
468960,0.0,0.0,0.996555780951657,2153909.827194861,0.0
469020,0.0,0.0,0.996555780951657,2150890.76759316,0.0
469080,0.0,0.0,0.996555780951657,2154717.612320986,0.0
469140,0.0,0.0,0.996555780951657,2155132.2762772683,0.0
469200,0.0,0.0,0.996555780951657,2157345.033270337,0.0
469260,0.0,0.0,0.996555780951657,2150632.6925481893,0.0
469320,0.0,0.0,0.996555780951657,2153000.871504359,0.0
469380,0.0,0.0,0.996555780951657,2153343.8716219156,0.0
469440,0.0,0.0,0.996555780951657,2154558.7214247435,0.0
469500,0.0,0.0,0.996555780951657,2157814.108114144,0.0
469560,0.0,0.0,0.996555780951657,2154005.258962791,0.0
469620,0.0,0.0,0.996555780951657,2152842.975978104,0.0
469680,0.0,0.0,0.996555780951657,2152392.6733462005,0.0
469740,0.0,0.0,0.996555780951657,2154256.1329662907,0.0
469800,0.0,0.0,0.996555780951657,2155696.6326003256,0.0
469860,0.0,0.0,0.996555780951657,2155676.638920251,0.0
469920,0.0,0.0,0.996555780951657,2150421.4637712464,0.0
469980,0.0,0.0,0.996555780951657,2152436.4998627375,0.0
470040,0.0,0.0,0.996555780951657,2154589.7013826286,0.0
470100,0.0,0.0,0.996555780951657,2155169.1792981056,0.0
470160,0.0,0.0,0.996555780951657,2157123.0544486283,0.0
470220,0.0,0.0,0.996555780951657,2153239.367893003,0.0
470280,0.0,0.0,0.996555780951657,2152005.2493428574,0.0
470340,0.0,0.0,0.996555780951657,2154418.9016099926,0.0
470400,0.0,0.0,0.996555780951657,2154894.1471798955,0.0
470460,0.0,0.0,0.996555780951657,2156807.1782940226,0.0
470520,0.0,0.0,0.996555780951657,2151403.7314862506,0.0
470580,0.0,0.0,0.996555780951657,2152085.539317191,0.0
470640,0.0,0.0,0.996555780951657,2152283.428020961,0.0
470700,0.0,0.0,0.996555780951657,2154920.2627655724,0.0
470760,0.0,0.0,0.996555780951657,2155740.165885144,0.0
470820,0.0,0.0,0.996555780951657,2153507.3748355946,0.0
470880,0.0,0.0,0.996555780951657,2154022.7553183064,0.0
470940,0.0,0.0,0.996555780951657,2150935.6834842702,0.0
471000,0.0,0.0,0.996555780951657,2153627.5068234913,0.0
471060,0.0,0.0,0.996555780951657,2157389.4709030287,0.0
471120,0.0,0.0,0.996555780951657,2155026.960565278,0.0
471180,0.0,0.0,0.996555780951657,2154550.9170615026,0.0
471240,0.0,0.0,0.996555780951657,2151445.492500296,0.0
471300,0.0,0.0,0.996555780951657,2152942.7523887595,0.0
471360,0.0,0.0,0.996555780951657,2155562.5289879814,0.0
471420,0.0,0.0,0.996555780951657,2156050.965892589,0.0
471480,0.0,0.0,0.996555780951657,2153191.07674855,0.0
471540,0.0,0.0,0.996555780951657,2150546.5261382107,0.0
471600,0.0,0.0,0.996555780951657,2152575.888493513,0.0
471660,0.0,0.0,0.996555780951657,2157079.9638487385,0.0
471720,0.0,0.0,0.996555780951657,2155218.688279669,0.0
471780,0.0,0.0,0.996555780951657,2155771.6202065023,0.0
471840,0.0,0.0,0.996555780951657,2149783.5752469474,0.0
471900,0.0,0.0,0.996555780951657,2152639.9575747107,0.0
471960,0.0,0.0,0.996555780951657,2154757.351253859,0.0
472020,0.0,0.0,0.996555780951657,2155056.763644569,0.0
472080,0.0,0.0,0.996555780951657,2157302.454924953,0.0
472140,0.0,0.0,0.996555780951657,2153149.714607626,0.0
472200,0.0,0.0,0.996555780951657,2152122.686547044,0.0
472260,0.0,0.0,0.996555780951657,2153411.8476775954,0.0
472320,0.0,0.0,0.996555780951657,2155055.008875175,0.0
472380,0.0,0.0,0.996555780951657,2155249.9059914765,0.0
472440,0.0,0.0,0.996555780951657,2155103.686866198,0.0
472500,0.0,0.0,0.996555780951657,2149950.671278416,0.0
472560,0.0,0.0,0.996555780951657,2152639.777368847,0.0
472620,0.0,0.0,0.996555780951657,2155872.273570056,0.0
472680,0.0,0.0,0.996555780951657,2155410.8960156036,0.0
472740,0.0,0.0,0.996555780951657,2156265.0382574964,0.0
472800,0.0,0.0,0.996555780951657,2148872.765677998,0.0
472860,0.0,0.0,0.996555780951657,2152230.298804444,0.0
472920,0.0,0.0,0.996555780951657,2154058.385932118,0.0
472980,0.0,0.0,0.996555780951657,2157294.956163135,0.0
473040,0.0,0.0,0.996555780951657,2155024.940150182,0.0
473100,0.0,0.0,0.996555780951657,2154485.694095074,0.0
473160,0.0,0.0,0.996555780951657,2151477.4466394754,0.0
473220,0.0,0.0,0.996555780951657,2152983.062115435,0.0
473280,0.0,0.0,0.996555780951657,2155531.4393290514,0.0
473340,0.0,0.0,0.996555780951657,2155989.9501592205,0.0
473400,0.0,0.0,0.996555780951657,2152217.651255524,0.0
473460,0.0,0.0,0.996555780951657,2153207.5803461694,0.0
473520,0.0,0.0,0.996555780951657,2152321.7943300954,0.0
473580,0.0,0.0,0.996555780951657,2154330.469946404,0.0
473640,0.0,0.0,0.996555780951657,2157645.481266994,0.0
473700,0.0,0.0,0.996555780951657,2154484.2342505218,0.0
473760,0.0,0.0,0.996555780951657,2153299.660106194,0.0
473820,0.0,0.0,0.996555780951657,2151844.9676051293,0.0
473880,0.0,0.0,0.996555780951657,2153793.604938736,0.0
473940,0.0,0.0,0.996555780951657,2158193.7011238937,0.0
474000,0.0,0.0,0.996555780951657,2154473.913937551,0.0
474060,0.0,0.0,0.996555780951657,2154721.827073615,0.0
474120,0.0,0.0,0.996555780951657,2149858.596867233,0.0
474180,0.0,0.0,0.996555780951657,2153408.7869693465,0.0
474240,0.0,0.0,0.996555780951657,2155093.609347299,0.0
474300,0.0,0.0,0.996555780951657,2154905.554403255,0.0
474360,0.0,0.0,0.996555780951657,2155160.5766645744,0.0
474420,0.0,0.0,0.996555780951657,2149734.337318738,0.0
474480,0.0,0.0,0.996555780951657,2152756.4111359785,0.0
474540,0.0,0.0,0.996555780951657,2156128.3436189624,0.0
474600,0.0,0.0,0.996555780951657,2155276.298471713,0.0
474660,0.0,0.0,0.996555780951657,2156385.169551298,0.0
474720,0.0,0.0,0.996555780951657,2152263.0503144707,0.0
474780,0.0,0.0,0.996555780951657,2152085.966287159,0.0
474840,0.0,0.0,0.996555780951657,2154435.6477542617,0.0
474900,0.0,0.0,0.996555780951657,2155663.225705161,0.0
474960,0.0,0.0,0.996555780951657,2154419.2813289496,0.0
475020,0.0,0.0,0.996555780951657,2154328.053162243,0.0
475080,0.0,0.0,0.996555780951657,2150418.8119304786,0.0
475140,0.0,0.0,0.996555780951657,2154104.2974348133,0.0
475200,0.0,0.0,0.996555780951657,2154865.297495606,0.0
475260,0.0,0.0,0.996555780951657,2157862.515070921,0.0
475320,0.0,0.0,0.996555780951657,2151284.324632835,0.0
475380,0.0,0.0,0.996555780951657,2153330.6420004577,0.0
475440,0.0,0.0,0.996555780951657,2152542.2709949277,0.0
475500,0.0,0.0,0.996555780951657,2154278.962834004,0.0
475560,0.0,0.0,0.996555780951657,2157862.3276788536,0.0
475620,0.0,0.0,0.996555780951657,2154352.367366276,0.0
475680,0.0,0.0,0.996555780951657,2153358.535569479,0.0
475740,0.0,0.0,0.996555780951657,2151983.7542262636,0.0
475800,0.0,0.0,0.996555780951657,2153850.887079543,0.0
475860,0.0,0.0,0.996555780951657,2155764.5308810845,0.0
475920,0.0,0.0,0.996555780951657,2155853.118087226,0.0
475980,0.0,0.0,0.996555780951657,2150953.861856359,0.0
476040,0.0,0.0,0.996555780951657,2152536.17857509,0.0
476100,0.0,0.0,0.996555780951657,2153888.215784033,0.0
476160,0.0,0.0,0.996555780951657,2154963.0884274864,0.0
476220,0.0,0.0,0.996555780951657,2157387.740037937,0.0
476280,0.0,0.0,0.996555780951657,2153671.5386481946,0.0
476340,0.0,0.0,0.996555780951657,2152273.5868889596,0.0
476400,0.0,0.0,0.996555780951657,2153519.2320455485,0.0
476460,0.0,0.0,0.996555780951657,2154619.5229722904,0.0
476520,0.0,0.0,0.996555780951657,2156773.797048802,0.0
476580,0.0,0.0,0.996555780951657,2152293.8704201,0.0
476640,0.0,0.0,0.996555780951657,2152450.2619532417,0.0
476700,0.0,0.0,0.996555780951657,2152072.903306215,0.0
476760,0.0,0.0,0.996555780951657,2154521.8156307037,0.0
476820,0.0,0.0,0.996555780951657,2155551.1090730755,0.0
476880,0.0,0.0,0.996555780951657,2154060.5429713377,0.0
476940,0.0,0.0,0.996555780951657,2154394.732746364,0.0
477000,0.0,0.0,0.996555780951657,2150413.3895083917,0.0
477060,0.0,0.0,0.996555780951657,2153310.4339361815,0.0
477120,0.0,0.0,0.996555780951657,2157088.3794534737,0.0
477180,0.0,0.0,0.996555780951657,2155190.038161007,0.0
477240,0.0,0.0,0.996555780951657,2155139.6644850224,0.0
477300,0.0,0.0,0.996555780951657,2151520.0083930586,0.0
477360,0.0,0.0,0.996555780951657,2152594.3397319657,0.0
477420,0.0,0.0,0.996555780951657,2155287.628570426,0.0
477480,0.0,0.0,0.996555780951657,2156010.0224388735,0.0
477540,0.0,0.0,0.996555780951657,2154033.662567599,0.0
477600,0.0,0.0,0.996555780951657,2150795.495867367,0.0
477660,0.0,0.0,0.996555780951657,2152451.9826614605,0.0
477720,0.0,0.0,0.996555780951657,2156444.960536046,0.0
477780,0.0,0.0,0.996555780951657,2155346.89285043,0.0
477840,0.0,0.0,0.996555780951657,2155934.5154329897,0.0
477900,0.0,0.0,0.996555780951657,2150285.881068074,0.0
477960,0.0,0.0,0.996555780951657,2152764.7767445953,0.0
478020,0.0,0.0,0.996555780951657,2154058.9569969373,0.0
478080,0.0,0.0,0.996555780951657,2154877.2459332403,0.0
478140,0.0,0.0,0.996555780951657,2157572.248927258,0.0
478200,0.0,0.0,0.996555780951657,2153552.677721668,0.0
478260,0.0,0.0,0.996555780951657,2152362.784150414,0.0
478320,0.0,0.0,0.996555780951657,2152925.5952147027,0.0
478380,0.0,0.0,0.996555780951657,2154714.8016949883,0.0
478440,0.0,0.0,0.996555780951657,2155524.0585150463,0.0
478500,0.0,0.0,0.996555780951657,2155394.203633527,0.0
478560,0.0,0.0,0.996555780951657,2150055.159149255,0.0
478620,0.0,0.0,0.996555780951657,2152472.6784554995,0.0
478680,0.0,0.0,0.996555780951657,2155301.492924728,0.0
478740,0.0,0.0,0.996555780951657,2155347.054679405,0.0
478800,0.0,0.0,0.996555780951657,2156688.8914128984,0.0
478860,0.0,0.0,0.996555780951657,2149217.74664993,0.0
478920,0.0,0.0,0.996555780951657,2152197.625318289,0.0
478980,0.0,0.0,0.996555780951657,2153527.7988320626,0.0
479040,0.0,0.0,0.996555780951657,2157377.750485854,0.0
479100,0.0,0.0,0.996555780951657,2155165.515006226,0.0
479160,0.0,0.0,0.996555780951657,2155094.83916346,0.0
479220,0.0,0.0,0.996555780951657,2151515.216775225,0.0
479280,0.0,0.0,0.996555780951657,2152675.2463263506,0.0
479340,0.0,0.0,0.996555780951657,2155298.215691023,0.0
479400,0.0,0.0,0.996555780951657,2155946.1958704805,0.0
479460,0.0,0.0,0.996555780951657,2152831.188773414,0.0
479520,0.0,0.0,0.996555780951657,2153547.1436219835,0.0
479580,0.0,0.0,0.996555780951657,2151665.0754969884,0.0
479640,0.0,0.0,0.996555780951657,2154020.7594667105,0.0
479700,0.0,0.0,0.996555780951657,2157570.491332293,0.0
479760,0.0,0.0,0.996555780951657,2154774.3986887406,0.0
479820,0.0,0.0,0.996555780951657,2153836.3389837453,0.0
479880,0.0,0.0,0.996555780951657,2151577.962159214,0.0
479940,0.0,0.0,0.996555780951657,2153394.477077545,0.0
480000,0.0,0.0,0.996555780951657,2158172.243375552,0.0
480060,0.0,0.0,0.996555780951657,2154773.568428699,0.0
480120,0.0,0.0,0.996555780951657,2155153.9197637998,0.0
480180,0.0,0.0,0.996555780951657,2149270.522558474,0.0
480240,0.0,0.0,0.996555780951657,2152970.075257534,0.0
480300,0.0,0.0,0.996555780951657,2154757.399544083,0.0
480360,0.0,0.0,0.996555780951657,2155231.7405662336,0.0
480420,0.0,0.0,0.996555780951657,2155410.019976053,0.0
480480,0.0,0.0,0.996555780951657,2149753.1075370214,0.0
480540,0.0,0.0,0.996555780951657,2152617.2935111644,0.0
480600,0.0,0.0,0.996555780951657,2155560.1773667317,0.0
480660,0.0,0.0,0.996555780951657,2155227.404256946,0.0
480720,0.0,0.0,0.996555780951657,2156814.7955624647,0.0
480780,0.0,0.0,0.996555780951657,2152655.4320332953,0.0
480840,0.0,0.0,0.996555780951657,2152009.0693693804,0.0
480900,0.0,0.0,0.996555780951657,2153985.0898664133,0.0
480960,0.0,0.0,0.996555780951657,2155427.998621177,0.0
481020,0.0,0.0,0.996555780951657,2154860.85808164,0.0
481080,0.0,0.0,0.996555780951657,2154687.148263842,0.0
481140,0.0,0.0,0.996555780951657,2150127.267355183,0.0
481200,0.0,0.0,0.996555780951657,2152920.251735177,0.0
481260,0.0,0.0,0.996555780951657,2156419.4712546123,0.0
481320,0.0,0.0,0.996555780951657,2155423.0907466095,0.0
481380,0.0,0.0,0.996555780951657,2154860.1328124916,0.0
481440,0.0,0.0,0.996555780951657,2151429.5375002166,0.0
481500,0.0,0.0,0.996555780951657,2152530.6998214875,0.0
481560,0.0,0.0,0.996555780951657,2153996.4170256746,0.0
481620,0.0,0.0,0.996555780951657,2157926.8140395833,0.0
481680,0.0,0.0,0.996555780951657,2154617.163469907,0.0
481740,0.0,0.0,0.996555780951657,2154043.607968038,0.0
481800,0.0,0.0,0.996555780951657,2151671.5849212697,0.0
481860,0.0,0.0,0.996555780951657,2153434.8186671534,0.0
481920,0.0,0.0,0.996555780951657,2155721.826819003,0.0
481980,0.0,0.0,0.996555780951657,2155961.6878523203,0.0
482040,0.0,0.0,0.996555780951657,2151564.1058295737,0.0
482100,0.0,0.0,0.996555780951657,2152794.0175745175,0.0
482160,0.0,0.0,0.996555780951657,2153144.1837046873,0.0
482220,0.0,0.0,0.996555780951657,2154693.200581356,0.0
482280,0.0,0.0,0.996555780951657,2157558.1960712587,0.0
482340,0.0,0.0,0.996555780951657,2154087.7420149576,0.0
482400,0.0,0.0,0.996555780951657,2152694.0410393355,0.0
482460,0.0,0.0,0.996555780951657,2152568.1236082036,0.0
482520,0.0,0.0,0.996555780951657,2154285.0939375516,0.0
482580,0.0,0.0,0.996555780951657,2156648.628572386,0.0
482640,0.0,0.0,0.996555780951657,2153209.9703572695,0.0
482700,0.0,0.0,0.996555780951657,2152853.807734305,0.0
482760,0.0,0.0,0.996555780951657,2151969.93023471,0.0
482820,0.0,0.0,0.996555780951657,2154057.3605669895,0.0
482880,0.0,0.0,0.996555780951657,2155298.073217584,0.0
482940,0.0,0.0,0.996555780951657,2154558.325434305,0.0
483000,0.0,0.0,0.996555780951657,2154761.2558969706,0.0
483060,0.0,0.0,0.996555780951657,2150007.941125412,0.0
483120,0.0,0.0,0.996555780951657,2153015.8297241004,0.0
483180,0.0,0.0,0.996555780951657,2156680.9048357476,0.0
483240,0.0,0.0,0.996555780951657,2155284.7645705263,0.0
483300,0.0,0.0,0.996555780951657,2155722.448203374,0.0
483360,0.0,0.0,0.996555780951657,2151813.7968352847,0.0
483420,0.0,0.0,0.996555780951657,2152299.907430528,0.0
483480,0.0,0.0,0.996555780951657,2154926.8221032755,0.0
483540,0.0,0.0,0.996555780951657,2155895.73605688,0.0
483600,0.0,0.0,0.996555780951657,2153863.9971628897,0.0
483660,0.0,0.0,0.996555780951657,2153842.434972536,0.0
483720,0.0,0.0,0.996555780951657,2150950.3482045894,0.0
483780,0.0,0.0,0.996555780951657,2154751.462550845,0.0
483840,0.0,0.0,0.996555780951657,2155172.8242118256,0.0
483900,0.0,0.0,0.996555780951657,2157256.4184369138,0.0
483960,0.0,0.0,0.996555780951657,2150660.1937426217,0.0
484020,0.0,0.0,0.996555780951657,2152942.3205762585,0.0
484080,0.0,0.0,0.996555780951657,2153394.3828103743,0.0
484140,0.0,0.0,0.996555780951657,2154593.4708348657,0.0
484200,0.0,0.0,0.996555780951657,2157773.8712988473,0.0
484260,0.0,0.0,0.996555780951657,2153986.2701755986,0.0
484320,0.0,0.0,0.996555780951657,2152787.5819051564,0.0
484380,0.0,0.0,0.996555780951657,2152413.9879344925,0.0
484440,0.0,0.0,0.996555780951657,2154289.69603289,0.0
484500,0.0,0.0,0.996555780951657,2155708.301363152,0.0
484560,0.0,0.0,0.996555780951657,2155663.312308568,0.0
484620,0.0,0.0,0.996555780951657,2150438.5080942707,0.0
484680,0.0,0.0,0.996555780951657,2152416.2197350804,0.0
484740,0.0,0.0,0.996555780951657,2154608.049726079,0.0
484800,0.0,0.0,0.996555780951657,2155191.4482602505,0.0
484860,0.0,0.0,0.996555780951657,2157087.0621271012,0.0
484920,0.0,0.0,0.996555780951657,2149841.90113207,0.0
484980,0.0,0.0,0.996555780951657,2152351.9671214693,0.0
485040,0.0,0.0,0.996555780951657,2152941.9303573314,0.0
485100,0.0,0.0,0.996555780951657,2157317.565599872,0.0
485160,0.0,0.0,0.996555780951657,2155241.1251050406,0.0
485220,0.0,0.0,0.996555780951657,2155766.1387918456,0.0
485280,0.0,0.0,0.996555780951657,2151795.462754016,0.0
485340,0.0,0.0,0.996555780951657,2152404.560717033,0.0
485400,0.0,0.0,0.996555780951657,2154951.856839506,0.0
485460,0.0,0.0,0.996555780951657,2155821.326295862,0.0
485520,0.0,0.0,0.996555780951657,2153457.651398497,0.0
485580,0.0,0.0,0.996555780951657,2153950.6243405347,0.0
485640,0.0,0.0,0.996555780951657,2151011.264548492,0.0
485700,0.0,0.0,0.996555780951657,2153669.160930479,0.0
485760,0.0,0.0,0.996555780951657,2157386.369677192,0.0
485820,0.0,0.0,0.996555780951657,2155022.1999686384,0.0
485880,0.0,0.0,0.996555780951657,2154460.0660737283,0.0
485940,0.0,0.0,0.996555780951657,2151441.5642283405,0.0
486000,0.0,0.0,0.996555780951657,2152978.967401542,0.0
486060,0.0,0.0,0.996555780951657,2158015.074333025,0.0
486120,0.0,0.0,0.996555780951657,2155009.6523676226,0.0
486180,0.0,0.0,0.996555780951657,2155598.029005838,0.0
486240,0.0,0.0,0.996555780951657,2148804.2016198556,0.0
486300,0.0,0.0,0.996555780951657,2152523.7970432607,0.0
486360,0.0,0.0,0.996555780951657,2154358.0206410517,0.0
486420,0.0,0.0,0.996555780951657,2155470.2540140566,0.0
486480,0.0,0.0,0.996555780951657,2155628.9872428295,0.0
486540,0.0,0.0,0.996555780951657,2150014.4589775857,0.0
486600,0.0,0.0,0.996555780951657,2152578.1908599976,0.0
486660,0.0,0.0,0.996555780951657,2154893.0735510867,0.0
486720,0.0,0.0,0.996555780951657,2155104.3181676404,0.0
486780,0.0,0.0,0.996555780951657,2157206.1460702047,0.0
486840,0.0,0.0,0.996555780951657,2153086.842491926,0.0
486900,0.0,0.0,0.996555780951657,2152068.5839528902,0.0
486960,0.0,0.0,0.996555780951657,2153479.9632511144,0.0
487020,0.0,0.0,0.996555780951657,2155120.374390714,0.0
487080,0.0,0.0,0.996555780951657,2155240.2946219137,0.0
487140,0.0,0.0,0.996555780951657,2155044.3904367737,0.0
487200,0.0,0.0,0.996555780951657,2149990.265169004,0.0
487260,0.0,0.0,0.996555780951657,2152654.5957565266,0.0
487320,0.0,0.0,0.996555780951657,2155916.5982395103,0.0
487380,0.0,0.0,0.996555780951657,2155825.525851217,0.0
487440,0.0,0.0,0.996555780951657,2155121.1187682077,0.0
487500,0.0,0.0,0.996555780951657,2151916.329743656,0.0
487560,0.0,0.0,0.996555780951657,2151686.6872588163,0.0
487620,0.0,0.0,0.996555780951657,2153681.034937891,0.0
487680,0.0,0.0,0.996555780951657,2157776.388992862,0.0
487740,0.0,0.0,0.996555780951657,2154849.468099465,0.0
487800,0.0,0.0,0.996555780951657,2154636.9884054665,0.0
487860,0.0,0.0,0.996555780951657,2151511.351442789,0.0
487920,0.0,0.0,0.996555780951657,2153056.8263996234,0.0
487980,0.0,0.0,0.996555780951657,2155585.232100032,0.0
488040,0.0,0.0,0.996555780951657,2155997.4066112596,0.0
488100,0.0,0.0,0.996555780951657,2152183.6803127956,0.0
488160,0.0,0.0,0.996555780951657,2153101.898962103,0.0
488220,0.0,0.0,0.996555780951657,2152438.931668927,0.0
488280,0.0,0.0,0.996555780951657,2154399.7516687997,0.0
488340,0.0,0.0,0.996555780951657,2157607.5966352075,0.0
488400,0.0,0.0,0.996555780951657,2154444.845359646,0.0
488460,0.0,0.0,0.996555780951657,2153181.6463182718,0.0
488520,0.0,0.0,0.996555780951657,2151659.9240578352,0.0
488580,0.0,0.0,0.996555780951657,2153936.4982986534,0.0
488640,0.0,0.0,0.996555780951657,2156445.7442854447,0.0
488700,0.0,0.0,0.996555780951657,2154078.6408327017,0.0
488760,0.0,0.0,0.996555780951657,2153245.0338126277,0.0
488820,0.0,0.0,0.996555780951657,2151998.2985956515,0.0
488880,0.0,0.0,0.996555780951657,2153580.7248001494,0.0
488940,0.0,0.0,0.996555780951657,2155013.1013879273,0.0
489000,0.0,0.0,0.996555780951657,2154966.7338532466,0.0
489060,0.0,0.0,0.996555780951657,2155079.595232772,0.0
489120,0.0,0.0,0.996555780951657,2149785.2863092106,0.0
489180,0.0,0.0,0.996555780951657,2152781.25438666,0.0
489240,0.0,0.0,0.996555780951657,2156196.5320964553,0.0
489300,0.0,0.0,0.996555780951657,2155311.13221172,0.0
489360,0.0,0.0,0.996555780951657,2156234.837324808,0.0
489420,0.0,0.0,0.996555780951657,2152178.7742543635,0.0
489480,0.0,0.0,0.996555780951657,2152095.6089895256,0.0
489540,0.0,0.0,0.996555780951657,2154517.187541042,0.0
489600,0.0,0.0,0.996555780951657,2155723.1328674555,0.0
489660,0.0,0.0,0.996555780951657,2154382.082862225,0.0
489720,0.0,0.0,0.996555780951657,2154230.724594226,0.0
489780,0.0,0.0,0.996555780951657,2150504.392676479,0.0
489840,0.0,0.0,0.996555780951657,2154179.234662096,0.0
489900,0.0,0.0,0.996555780951657,2154932.7483598944,0.0
489960,0.0,0.0,0.996555780951657,2157733.2420017836,0.0
490020,0.0,0.0,0.996555780951657,2151288.4870242616,0.0
490080,0.0,0.0,0.996555780951657,2153236.731301243,0.0
490140,0.0,0.0,0.996555780951657,2152644.624333385,0.0
490200,0.0,0.0,0.996555780951657,2154334.492002478,0.0
490260,0.0,0.0,0.996555780951657,2157821.6698398334,0.0
490320,0.0,0.0,0.996555780951657,2154322.59474545,0.0
490380,0.0,0.0,0.996555780951657,2153257.083429556,0.0
490440,0.0,0.0,0.996555780951657,2152018.829245354,0.0
490500,0.0,0.0,0.996555780951657,2153907.4454044406,0.0
490560,0.0,0.0,0.996555780951657,2155781.8346916176,0.0
490620,0.0,0.0,0.996555780951657,2155839.0709569105,0.0
490680,0.0,0.0,0.996555780951657,2150949.6769281104,0.0
490740,0.0,0.0,0.996555780951657,2152488.444181644,0.0
490800,0.0,0.0,0.996555780951657,2153944.291738496,0.0
490860,0.0,0.0,0.996555780951657,2155002.4417021256,0.0
490920,0.0,0.0,0.996555780951657,2157338.1361656818,0.0
490980,0.0,0.0,0.996555780951657,2150545.978461456,0.0
491040,0.0,0.0,0.996555780951657,2152610.937824333,0.0
491100,0.0,0.0,0.996555780951657,2152443.5630080276,0.0
491160,0.0,0.0,0.996555780951657,2157099.1802005516,0.0
491220,0.0,0.0,0.996555780951657,2155253.8048936687,0.0
491280,0.0,0.0,0.996555780951657,2156313.176981393,0.0
491340,0.0,0.0,0.996555780951657,2152140.256689648,0.0
491400,0.0,0.0,0.996555780951657,2152235.8677151734,0.0
491460,0.0,0.0,0.996555780951657,2154574.9051464116,0.0
491520,0.0,0.0,0.996555780951657,2155654.208945107,0.0
491580,0.0,0.0,0.996555780951657,2154003.024927898,0.0
491640,0.0,0.0,0.996555780951657,2154306.460536309,0.0
491700,0.0,0.0,0.996555780951657,2150508.4097068566,0.0
491760,0.0,0.0,0.996555780951657,2153357.9330687462,0.0
491820,0.0,0.0,0.996555780951657,2157106.7703622184,0.0
491880,0.0,0.0,0.996555780951657,2155191.7417044262,0.0
491940,0.0,0.0,0.996555780951657,2155020.5678585344,0.0
492000,0.0,0.0,0.996555780951657,2151489.307836603,0.0
492060,0.0,0.0,0.996555780951657,2152634.1779740923,0.0
492120,0.0,0.0,0.996555780951657,2155332.9891459765,0.0
492180,0.0,0.0,0.996555780951657,2156031.9465199285,0.0
492240,0.0,0.0,0.996555780951657,2153963.582056887,0.0
492300,0.0,0.0,0.996555780951657,2150779.909159874,0.0
492360,0.0,0.0,0.996555780951657,2152440.021406073,0.0
492420,0.0,0.0,0.996555780951657,2156452.995175929,0.0
492480,0.0,0.0,0.996555780951657,2155373.0589087466,0.0
492540,0.0,0.0,0.996555780951657,2155921.183743532,0.0
492600,0.0,0.0,0.996555780951657,2150299.3346530576,0.0
492660,0.0,0.0,0.996555780951657,2152711.847478362,0.0
492720,0.0,0.0,0.996555780951657,2154112.736526553,0.0
492780,0.0,0.0,0.996555780951657,2154914.2247036574,0.0
492840,0.0,0.0,0.996555780951657,2157517.670526776,0.0
492900,0.0,0.0,0.996555780951657,2153522.9250394665,0.0
492960,0.0,0.0,0.996555780951657,2152313.9282652815,0.0
493020,0.0,0.0,0.996555780951657,2152956.6825087136,0.0
493080,0.0,0.0,0.996555780951657,2154753.98456736,0.0
493140,0.0,0.0,0.996555780951657,2155531.151701352,0.0
493200,0.0,0.0,0.996555780951657,2155368.6905894177,0.0
493260,0.0,0.0,0.996555780951657,2150076.53594788,0.0
493320,0.0,0.0,0.996555780951657,2152465.6781402617,0.0
493380,0.0,0.0,0.996555780951657,2155321.511155453,0.0
493440,0.0,0.0,0.996555780951657,2156111.032540291,0.0
493500,0.0,0.0,0.996555780951657,2155331.546039706,0.0
493560,0.0,0.0,0.996555780951657,2152556.1090446273,0.0
493620,0.0,0.0,0.996555780951657,2150873.0133534246,0.0
493680,0.0,0.0,0.996555780951657,2153366.702087843,0.0
493740,0.0,0.0,0.996555780951657,2157507.175379051,0.0
493800,0.0,0.0,0.996555780951657,2155021.3719756734,0.0
493860,0.0,0.0,0.996555780951657,2155253.9589209217,0.0
493920,0.0,0.0,0.996555780951657,2151529.68199714,0.0
493980,0.0,0.0,0.996555780951657,2152706.16427676,0.0
494040,0.0,0.0,0.996555780951657,2155348.563589025,0.0
494100,0.0,0.0,0.996555780951657,2155962.3868860183,0.0
494160,0.0,0.0,0.996555780951657,2152816.675137506,0.0
494220,0.0,0.0,0.996555780951657,2153465.3054264807,0.0
494280,0.0,0.0,0.996555780951657,2151746.764901106,0.0
494340,0.0,0.0,0.996555780951657,2154069.8127440307,0.0
494400,0.0,0.0,0.996555780951657,2157551.6450853352,0.0
494460,0.0,0.0,0.996555780951657,2154757.9771072613,0.0
494520,0.0,0.0,0.996555780951657,2153744.4300234215,0.0
494580,0.0,0.0,0.996555780951657,2151593.0683463225,0.0
494640,0.0,0.0,0.996555780951657,2153440.9963583825,0.0
494700,0.0,0.0,0.996555780951657,2158118.5988527257,0.0
494760,0.0,0.0,0.996555780951657,2154776.7575190347,0.0
494820,0.0,0.0,0.996555780951657,2155084.6289886227,0.0
494880,0.0,0.0,0.996555780951657,2149353.0436444054,0.0
494940,0.0,0.0,0.996555780951657,2153005.3592580934,0.0
495000,0.0,0.0,0.996555780951657,2154803.7100865995,0.0
495060,0.0,0.0,0.996555780951657,2155241.533000113,0.0
495120,0.0,0.0,0.996555780951657,2155385.0485661216,0.0
495180,0.0,0.0,0.996555780951657,2149784.448215487,0.0
495240,0.0,0.0,0.996555780951657,2152607.7363023376,0.0
495300,0.0,0.0,0.996555780951657,2155581.192620925,0.0
495360,0.0,0.0,0.996555780951657,2155250.2685199943,0.0
495420,0.0,0.0,0.996555780951657,2156760.904444067,0.0
495480,0.0,0.0,0.996555780951657,2152630.142622026,0.0
495540,0.0,0.0,0.996555780951657,2151995.8211663533,0.0
495600,0.0,0.0,0.996555780951657,2154006.9129768577,0.0
495660,0.0,0.0,0.996555780951657,2155453.447572818,0.0
495720,0.0,0.0,0.996555780951657,2154868.1098004086,0.0
495780,0.0,0.0,0.996555780951657,2154657.5473997244,0.0
495840,0.0,0.0,0.996555780951657,2150153.6055686036,0.0
495900,0.0,0.0,0.996555780951657,2153501.1190220634,0.0
495960,0.0,0.0,0.996555780951657,2154613.717811275,0.0
496020,0.0,0.0,0.996555780951657,2158161.2423170363,0.0
496080,0.0,0.0,0.996555780951657,2151961.924343111,0.0
496140,0.0,0.0,0.996555780951657,2153623.361073286,0.0
496200,0.0,0.0,0.996555780951657,2151838.729366637,0.0
496260,0.0,0.0,0.996555780951657,2154017.4931556885,0.0
496320,0.0,0.0,0.996555780951657,2157772.179658566,0.0
496380,0.0,0.0,0.996555780951657,2154635.920228858,0.0
496440,0.0,0.0,0.996555780951657,2153854.633934814,0.0
496500,0.0,0.0,0.996555780951657,2151688.5919593982,0.0
496560,0.0,0.0,0.996555780951657,2153484.425881781,0.0
496620,0.0,0.0,0.996555780951657,2155747.072686007,0.0
496680,0.0,0.0,0.996555780951657,2155961.2591526,0.0
496740,0.0,0.0,0.996555780951657,2151552.1655044286,0.0
496800,0.0,0.0,0.996555780951657,2152731.6178685674,0.0
496860,0.0,0.0,0.996555780951657,2153206.140151739,0.0
496920,0.0,0.0,0.996555780951657,2154735.7057456244,0.0
496980,0.0,0.0,0.996555780951657,2157518.1388885127,0.0
497040,0.0,0.0,0.996555780951657,2151328.0629374958,0.0
497100,0.0,0.0,0.996555780951657,2152953.1885344037,0.0
497160,0.0,0.0,0.996555780951657,2151952.558809919,0.0
497220,0.0,0.0,0.996555780951657,2156728.949011804,0.0
497280,0.0,0.0,0.996555780951657,2155194.315525032,0.0
497340,0.0,0.0,0.996555780951657,2156856.0229407893,0.0
497400,0.0,0.0,0.996555780951657,2152546.4690082814,0.0
497460,0.0,0.0,0.996555780951657,2152165.4839083953,0.0
497520,0.0,0.0,0.996555780951657,2154116.486009479,0.0
497580,0.0,0.0,0.996555780951657,2155411.326935396,0.0
497640,0.0,0.0,0.996555780951657,2154511.2181250965,0.0
497700,0.0,0.0,0.996555780951657,2154680.137961544,0.0
497760,0.0,0.0,0.996555780951657,2150093.3232370955,0.0
497820,0.0,0.0,0.996555780951657,2153051.094620898,0.0
497880,0.0,0.0,0.996555780951657,2156716.6882945695,0.0
497940,0.0,0.0,0.996555780951657,2155298.584361563,0.0
498000,0.0,0.0,0.996555780951657,2155605.388339882,0.0
498060,0.0,0.0,0.996555780951657,2151759.0431915,0.0
498120,0.0,0.0,0.996555780951657,2152325.575325239,0.0
498180,0.0,0.0,0.996555780951657,2154979.1155959144,0.0
498240,0.0,0.0,0.996555780951657,2155929.079077026,0.0
498300,0.0,0.0,0.996555780951657,2154802.770374442,0.0
498360,0.0,0.0,0.996555780951657,2151215.402918215,0.0
498420,0.0,0.0,0.996555780951657,2152404.604533242,0.0
498480,0.0,0.0,0.996555780951657,2155724.6205283054,0.0
498540,0.0,0.0,0.996555780951657,2155404.083014991,0.0
498600,0.0,0.0,0.996555780951657,2156034.8486069,0.0
498660,0.0,0.0,0.996555780951657,2150885.5519992006,0.0
498720,0.0,0.0,0.996555780951657,2152943.398572477,0.0
498780,0.0,0.0,0.996555780951657,2153383.2402706854,0.0
498840,0.0,0.0,0.996555780951657,2154684.016549245,0.0
498900,0.0,0.0,0.996555780951657,2157706.153209063,0.0
498960,0.0,0.0,0.996555780951657,2153915.247552903,0.0
499020,0.0,0.0,0.996555780951657,2152683.421583638,0.0
499080,0.0,0.0,0.996555780951657,2152484.7936999486,0.0
499140,0.0,0.0,0.996555780951657,2154376.6876885467,0.0
499200,0.0,0.0,0.996555780951657,2155715.2232342665,0.0
499260,0.0,0.0,0.996555780951657,2155622.109320004,0.0
499320,0.0,0.0,0.996555780951657,2150426.5075040585,0.0
499380,0.0,0.0,0.996555780951657,2152386.916262456,0.0
499440,0.0,0.0,0.996555780951657,2154691.063329109,0.0
499500,0.0,0.0,0.996555780951657,2156262.6644129804,0.0
499560,0.0,0.0,0.996555780951657,2155473.6261426182,0.0
499620,0.0,0.0,0.996555780951657,2153257.0290790843,0.0
499680,0.0,0.0,0.996555780951657,2150189.932181387,0.0
499740,0.0,0.0,0.996555780951657,2153094.6401295266,0.0
499800,0.0,0.0,0.996555780951657,2157134.477867843,0.0
499860,0.0,0.0,0.996555780951657,2155124.862014948,0.0
499920,0.0,0.0,0.996555780951657,2155817.171634346,0.0
499980,0.0,0.0,0.996555780951657,2151758.4000328477,0.0
500040,0.0,0.0,0.996555780951657,2152424.085431281,0.0
500100,0.0,0.0,0.996555780951657,2155041.101324215,0.0
500160,0.0,0.0,0.996555780951657,2155865.2676302674,0.0
500220,0.0,0.0,0.996555780951657,2153413.212125561,0.0
500280,0.0,0.0,0.996555780951657,2153831.831199307,0.0
500340,0.0,0.0,0.996555780951657,2151137.3513582707,0.0
500400,0.0,0.0,0.996555780951657,2153741.1620637462,0.0
500460,0.0,0.0,0.996555780951657,2157388.3508640784,0.0
500520,0.0,0.0,0.996555780951657,2155004.653524852,0.0
500580,0.0,0.0,0.996555780951657,2154312.953192926,0.0
500640,0.0,0.0,0.996555780951657,2151442.084905153,0.0
500700,0.0,0.0,0.996555780951657,2153046.5398365767,0.0
500760,0.0,0.0,0.996555780951657,2157965.267292272,0.0
500820,0.0,0.0,0.996555780951657,2155014.5685367757,0.0
500880,0.0,0.0,0.996555780951657,2155500.6833788943,0.0
500940,0.0,0.0,0.996555780951657,2148925.842987461,0.0
501000,0.0,0.0,0.996555780951657,2152579.317011101,0.0
501060,0.0,0.0,0.996555780951657,2154434.0529588107,0.0
501120,0.0,0.0,0.996555780951657,2155479.7344139507,0.0
501180,0.0,0.0,0.996555780951657,2155600.319861121,0.0
501240,0.0,0.0,0.996555780951657,2150027.3401825414,0.0
501300,0.0,0.0,0.996555780951657,2152548.3275458924,0.0
501360,0.0,0.0,0.996555780951657,2154955.0637334543,0.0
501420,0.0,0.0,0.996555780951657,2155143.886280656,0.0
501480,0.0,0.0,0.996555780951657,2157129.3011795324,0.0
501540,0.0,0.0,0.996555780951657,2153040.130710077,0.0
501600,0.0,0.0,0.996555780951657,2152032.4632113054,0.0
501660,0.0,0.0,0.996555780951657,2153526.9906329224,0.0
501720,0.0,0.0,0.996555780951657,2155168.400567231,0.0
501780,0.0,0.0,0.996555780951657,2155237.7569843307,0.0
501840,0.0,0.0,0.996555780951657,2154999.5175841064,0.0
501900,0.0,0.0,0.996555780951657,2150023.2012727764,0.0
501960,0.0,0.0,0.996555780951657,2152867.8052229136,0.0
502020,0.0,0.0,0.996555780951657,2154308.126155452,0.0
502080,0.0,0.0,0.996555780951657,2158398.3067360884,0.0
502140,0.0,0.0,0.996555780951657,2152589.9948353767,0.0
502200,0.0,0.0,0.996555780951657,2153975.3007343877,0.0
502260,0.0,0.0,0.996555780951657,2151158.52675864,0.0
502320,0.0,0.0,0.996555780951657,2153727.3512504133,0.0
502380,0.0,0.0,0.996555780951657,2157607.465002642,0.0
502440,0.0,0.0,0.996555780951657,2154870.19106944,0.0
502500,0.0,0.0,0.996555780951657,2154416.216037919,0.0
502560,0.0,0.0,0.996555780951657,2151510.477658967,0.0
502620,0.0,0.0,0.996555780951657,2153117.263828495,0.0
502680,0.0,0.0,0.996555780951657,2155626.135372104,0.0
502740,0.0,0.0,0.996555780951657,2156009.4120397135,0.0
502800,0.0,0.0,0.996555780951657,2152152.3921897053,0.0
502860,0.0,0.0,0.996555780951657,2153015.4398489217,0.0
502920,0.0,0.0,0.996555780951657,2152530.2975107036,0.0
502980,0.0,0.0,0.996555780951657,2154457.1615361352,0.0
503040,0.0,0.0,0.996555780951657,2157572.6431223196,0.0
503100,0.0,0.0,0.996555780951657,2154412.706267962,0.0
503160,0.0,0.0,0.996555780951657,2153086.8292198987,0.0
503220,0.0,0.0,0.996555780951657,2151742.1528037516,0.0
503280,0.0,0.0,0.996555780951657,2153987.616108432,0.0
503340,0.0,0.0,0.996555780951657,2156474.333709623,0.0
503400,0.0,0.0,0.996555780951657,2154062.991062894,0.0
503460,0.0,0.0,0.996555780951657,2153199.110576395,0.0
503520,0.0,0.0,0.996555780951657,2151965.6815515934,0.0
503580,0.0,0.0,0.996555780951657,2153626.3939008946,0.0
503640,0.0,0.0,0.996555780951657,2155060.519038888,0.0
503700,0.0,0.0,0.996555780951657,2154968.0919996155,0.0
503760,0.0,0.0,0.996555780951657,2155038.7411677684,0.0
503820,0.0,0.0,0.996555780951657,2149827.974308753,0.0
503880,0.0,0.0,0.996555780951657,2152787.8047533943,0.0
503940,0.0,0.0,0.996555780951657,2156215.195026822,0.0
504000,0.0,0.0,0.996555780951657,2155329.923750898,0.0
504060,0.0,0.0,0.996555780951657,2156169.6312653474,0.0
504120,0.0,0.0,0.996555780951657,2152147.856938285,0.0
504180,0.0,0.0,0.996555780951657,2152095.7009263756,0.0
504240,0.0,0.0,0.996555780951657,2154544.196729684,0.0
504300,0.0,0.0,0.996555780951657,2155748.065457693,0.0
504360,0.0,0.0,0.996555780951657,2155625.8135479614,0.0
504420,0.0,0.0,0.996555780951657,2151715.212303796,0.0
504480,0.0,0.0,0.996555780951657,2152512.941611817,0.0
504540,0.0,0.0,0.996555780951657,2154893.0635908567,0.0
504600,0.0,0.0,0.996555780951657,2155328.3193257716,0.0
504660,0.0,0.0,0.996555780951657,2156079.467091728,0.0
504720,0.0,0.0,0.996555780951657,2151529.3977501774,0.0
504780,0.0,0.0,0.996555780951657,2153249.243420299,0.0
504840,0.0,0.0,0.996555780951657,2152629.6910930616,0.0
504900,0.0,0.0,0.996555780951657,2154404.848442731,0.0
504960,0.0,0.0,0.996555780951657,2157794.8746007173,0.0
505020,0.0,0.0,0.996555780951657,2154280.080206089,0.0
505080,0.0,0.0,0.996555780951657,2153170.433007455,0.0
505140,0.0,0.0,0.996555780951657,2152058.1744683958,0.0
505200,0.0,0.0,0.996555780951657,2153969.186483534,0.0
505260,0.0,0.0,0.996555780951657,2155798.319052643,0.0
505320,0.0,0.0,0.996555780951657,2155821.5430103973,0.0
505380,0.0,0.0,0.996555780951657,2150942.5351623446,0.0
505440,0.0,0.0,0.996555780951657,2152442.051315666,0.0
505500,0.0,0.0,0.996555780951657,2154004.8112748493,0.0
505560,0.0,0.0,0.996555780951657,2155043.8645811775,0.0
505620,0.0,0.0,0.996555780951657,2157285.5429372,0.0
505680,0.0,0.0,0.996555780951657,2150584.0357822967,0.0
505740,0.0,0.0,0.996555780951657,2152556.0508279796,0.0
505800,0.0,0.0,0.996555780951657,2152491.6133118076,0.0
505860,0.0,0.0,0.996555780951657,2157078.672938242,0.0
505920,0.0,0.0,0.996555780951657,2155275.489954752,0.0
505980,0.0,0.0,0.996555780951657,2156230.144753255,0.0
506040,0.0,0.0,0.996555780951657,2152105.8319993154,0.0
506100,0.0,0.0,0.996555780951657,2152232.8229438574,0.0
506160,0.0,0.0,0.996555780951657,2154605.317572523,0.0
506220,0.0,0.0,0.996555780951657,2155682.496380933,0.0
506280,0.0,0.0,0.996555780951657,2154007.222237223,0.0
506340,0.0,0.0,0.996555780951657,2154263.615657661,0.0
506400,0.0,0.0,0.996555780951657,2150547.618683423,0.0
506460,0.0,0.0,0.996555780951657,2153375.756146878,0.0
506520,0.0,0.0,0.996555780951657,2157101.666116189,0.0
506580,0.0,0.0,0.996555780951657,2155198.6851741476,0.0
506640,0.0,0.0,0.996555780951657,2154968.9970338717,0.0
506700,0.0,0.0,0.996555780951657,2151477.550208834,0.0
506760,0.0,0.0,0.996555780951657,2152646.1329776873,0.0
506820,0.0,0.0,0.996555780951657,2157665.479348345,0.0
506880,0.0,0.0,0.996555780951657,2155177.5227198685,0.0
506940,0.0,0.0,0.996555780951657,2155924.3646442667,0.0
507000,0.0,0.0,0.996555780951657,2148665.579876589,0.0
507060,0.0,0.0,0.996555780951657,2152168.2547405832,0.0
507120,0.0,0.0,0.996555780951657,2153997.695814113,0.0
507180,0.0,0.0,0.996555780951657,2155618.4985327874,0.0
507240,0.0,0.0,0.996555780951657,2155776.6734719095,0.0
507300,0.0,0.0,0.996555780951657,2150523.3180204425,0.0
507360,0.0,0.0,0.996555780951657,2152630.6405277587,0.0
507420,0.0,0.0,0.996555780951657,2154223.6993188737,0.0
507480,0.0,0.0,0.996555780951657,2154956.0551080573,0.0
507540,0.0,0.0,0.996555780951657,2157452.0587064866,0.0
507600,0.0,0.0,0.996555780951657,2153482.416200187,0.0
507660,0.0,0.0,0.996555780951657,2152251.0940476996,0.0
507720,0.0,0.0,0.996555780951657,2153002.281337127,0.0
507780,0.0,0.0,0.996555780951657,2154805.3493205314,0.0
507840,0.0,0.0,0.996555780951657,2155534.0256495406,0.0
507900,0.0,0.0,0.996555780951657,2155332.7424577754,0.0
507960,0.0,0.0,0.996555780951657,2150096.2837528368,0.0
508020,0.0,0.0,0.996555780951657,2152200.192344434,0.0
508080,0.0,0.0,0.996555780951657,2153955.366994974,0.0
508140,0.0,0.0,0.996555780951657,2158537.0444868966,0.0
508200,0.0,0.0,0.996555780951657,2153207.370914865,0.0
508260,0.0,0.0,0.996555780951657,2154368.681800504,0.0
508320,0.0,0.0,0.996555780951657,2150502.995941116,0.0
508380,0.0,0.0,0.996555780951657,2153419.765493717,0.0
508440,0.0,0.0,0.996555780951657,2157332.1657808097,0.0
508500,0.0,0.0,0.996555780951657,2155054.0816884534,0.0
508560,0.0,0.0,0.996555780951657,2155037.8577101715,0.0
508620,0.0,0.0,0.996555780951657,2151493.5039693443,0.0
508680,0.0,0.0,0.996555780951657,2152756.6904770876,0.0
508740,0.0,0.0,0.996555780951657,2155399.4167404496,0.0
508800,0.0,0.0,0.996555780951657,2155989.1543459753,0.0
508860,0.0,0.0,0.996555780951657,2152783.484670145,0.0
508920,0.0,0.0,0.996555780951657,2153374.770158547,0.0
508980,0.0,0.0,0.996555780951657,2151839.7415576717,0.0
509040,0.0,0.0,0.996555780951657,2154126.988727627,0.0
509100,0.0,0.0,0.996555780951657,2157531.7154768435,0.0
509160,0.0,0.0,0.996555780951657,2154735.60195299,0.0
509220,0.0,0.0,0.996555780951657,2153641.036067649,0.0
509280,0.0,0.0,0.996555780951657,2150870.6284005623,0.0
509340,0.0,0.0,0.996555780951657,2153612.2115593674,0.0
509400,0.0,0.0,0.996555780951657,2156198.780455456,0.0
509460,0.0,0.0,0.996555780951657,2154879.5075221886,0.0
509520,0.0,0.0,0.996555780951657,2153594.94534335,0.0
509580,0.0,0.0,0.996555780951657,2152131.289912806,0.0
509640,0.0,0.0,0.996555780951657,2153128.8878334635,0.0
509700,0.0,0.0,0.996555780951657,2154732.57536283,0.0
509760,0.0,0.0,0.996555780951657,2155298.0369409593,0.0
509820,0.0,0.0,0.996555780951657,2155333.2742522145,0.0
509880,0.0,0.0,0.996555780951657,2149790.4464850994,0.0
509940,0.0,0.0,0.996555780951657,2152608.7559446576,0.0
510000,0.0,0.0,0.996555780951657,2155653.781925728,0.0
510060,0.0,0.0,0.996555780951657,2155293.2064317027,0.0
510120,0.0,0.0,0.996555780951657,2156638.861544906,0.0
510180,0.0,0.0,0.996555780951657,2152554.7410154627,0.0
510240,0.0,0.0,0.996555780951657,2151981.0624533338,0.0
510300,0.0,0.0,0.996555780951657,2154081.305362131,0.0
510360,0.0,0.0,0.996555780951657,2155515.365705373,0.0
510420,0.0,0.0,0.996555780951657,2156346.2970535825,0.0
510480,0.0,0.0,0.996555780951657,2152222.899786906,0.0
510540,0.0,0.0,0.996555780951657,2152752.9585442706,0.0
510600,0.0,0.0,0.996555780951657,2154026.2984284023,0.0
510660,0.0,0.0,0.996555780951657,2155166.592802747,0.0
510720,0.0,0.0,0.996555780951657,2156055.534820598,0.0
510780,0.0,0.0,0.996555780951657,2152175.194294498,0.0
510840,0.0,0.0,0.996555780951657,2153573.697748487,0.0
510900,0.0,0.0,0.996555780951657,2151926.7118120687,0.0
510960,0.0,0.0,0.996555780951657,2154112.841007532,0.0
511020,0.0,0.0,0.996555780951657,2157766.751461056,0.0
511080,0.0,0.0,0.996555780951657,2154586.344222504,0.0
511140,0.0,0.0,0.996555780951657,2153700.9177423017,0.0
511200,0.0,0.0,0.996555780951657,2151732.503488757,0.0
511260,0.0,0.0,0.996555780951657,2153574.4329820885,0.0
511320,0.0,0.0,0.996555780951657,2155782.0394098912,0.0
511380,0.0,0.0,0.996555780951657,2155950.8489247607,0.0
511440,0.0,0.0,0.996555780951657,2151511.2302774377,0.0
511500,0.0,0.0,0.996555780951657,2152638.240385701,0.0
511560,0.0,0.0,0.996555780951657,2153319.6559544904,0.0
511620,0.0,0.0,0.996555780951657,2154804.467894131,0.0
511680,0.0,0.0,0.996555780951657,2157458.424386472,0.0
511740,0.0,0.0,0.996555780951657,2151335.8503282103,0.0
511800,0.0,0.0,0.996555780951657,2152865.2670599325,0.0
511860,0.0,0.0,0.996555780951657,2152024.8585128053,0.0
511920,0.0,0.0,0.996555780951657,2156727.555651249,0.0
511980,0.0,0.0,0.996555780951657,2155233.255133857,0.0
512040,0.0,0.0,0.996555780951657,2156734.726435541,0.0
512100,0.0,0.0,0.996555780951657,2152486.012370995,0.0
512160,0.0,0.0,0.996555780951657,2152145.5211093416,0.0
512220,0.0,0.0,0.996555780951657,2154175.352140463,0.0
512280,0.0,0.0,0.996555780951657,2155463.456374163,0.0
512340,0.0,0.0,0.996555780951657,2154499.5193503993,0.0
512400,0.0,0.0,0.996555780951657,2154617.260776317,0.0
512460,0.0,0.0,0.996555780951657,2150154.6693778215,0.0
512520,0.0,0.0,0.996555780951657,2153077.504574653,0.0
512580,0.0,0.0,0.996555780951657,2156734.8768799286,0.0
512640,0.0,0.0,0.996555780951657,2155310.497382941,0.0
512700,0.0,0.0,0.996555780951657,2155518.2502441024,0.0
512760,0.0,0.0,0.996555780951657,2151720.4742321055,0.0
512820,0.0,0.0,0.996555780951657,2152343.894308068,0.0
512880,0.0,0.0,0.996555780951657,2157227.348363324,0.0
512940,0.0,0.0,0.996555780951657,2155255.730305422,0.0
513000,0.0,0.0,0.996555780951657,2156236.150316292,0.0
513060,0.0,0.0,0.996555780951657,2148729.5460187593,0.0
513120,0.0,0.0,0.996555780951657,2151880.393466614,0.0
513180,0.0,0.0,0.996555780951657,2153606.1824784377,0.0
513240,0.0,0.0,0.996555780951657,2155653.331622719,0.0
513300,0.0,0.0,0.996555780951657,2155876.9038162013,0.0
513360,0.0,0.0,0.996555780951657,2151079.53751394,0.0
513420,0.0,0.0,0.996555780951657,2152826.6918382454,0.0
513480,0.0,0.0,0.996555780951657,2153526.0204677903,0.0
513540,0.0,0.0,0.996555780951657,2154743.7227434088,0.0
513600,0.0,0.0,0.996555780951657,2157637.7826822135,0.0
513660,0.0,0.0,0.996555780951657,2153866.222593969,0.0
513720,0.0,0.0,0.996555780951657,2152583.376501283,0.0
513780,0.0,0.0,0.996555780951657,2152542.581809392,0.0
513840,0.0,0.0,0.996555780951657,2154446.5086547215,0.0
513900,0.0,0.0,0.996555780951657,2155721.946855284,0.0
513960,0.0,0.0,0.996555780951657,2155586.027386455,0.0
514020,0.0,0.0,0.996555780951657,2150422.0172215784,0.0
514080,0.0,0.0,0.996555780951657,2152365.526205045,0.0
514140,0.0,0.0,0.996555780951657,2154753.9846609137,0.0
514200,0.0,0.0,0.996555780951657,2156267.0969916265,0.0
514260,0.0,0.0,0.996555780951657,2155470.8676774176,0.0
514320,0.0,0.0,0.996555780951657,2153170.79060219,0.0
514380,0.0,0.0,0.996555780951657,2150265.9975039926,0.0
514440,0.0,0.0,0.996555780951657,2153117.314888411,0.0
514500,0.0,0.0,0.996555780951657,2157141.81320032,0.0
514560,0.0,0.0,0.996555780951657,2155137.73964596,0.0
514620,0.0,0.0,0.996555780951657,2155726.102068778,0.0
514680,0.0,0.0,0.996555780951657,2151722.057498777,0.0
514740,0.0,0.0,0.996555780951657,2152439.397082008,0.0
514800,0.0,0.0,0.996555780951657,2155073.676718807,0.0
514860,0.0,0.0,0.996555780951657,2155889.1662281696,0.0
514920,0.0,0.0,0.996555780951657,2153410.9528351896,0.0
514980,0.0,0.0,0.996555780951657,2153778.536631295,0.0
515040,0.0,0.0,0.996555780951657,2151184.0463173953,0.0
515100,0.0,0.0,0.996555780951657,2153769.0566121154,0.0
515160,0.0,0.0,0.996555780951657,2157377.633321829,0.0
515220,0.0,0.0,0.996555780951657,2155003.80844128,0.0
515280,0.0,0.0,0.996555780951657,2154253.7180966237,0.0
515340,0.0,0.0,0.996555780951657,2150057.927653543,0.0
515400,0.0,0.0,0.996555780951657,2153227.9164801445,0.0
515460,0.0,0.0,0.996555780951657,2155836.946538576,0.0
515520,0.0,0.0,0.996555780951657,2155631.1475392496,0.0
515580,0.0,0.0,0.996555780951657,2153978.8551982897,0.0
515640,0.0,0.0,0.996555780951657,2152477.0424829605,0.0
515700,0.0,0.0,0.996555780951657,2152633.206923168,0.0
515760,0.0,0.0,0.996555780951657,2154363.270774292,0.0
515820,0.0,0.0,0.996555780951657,2155534.694611427,0.0
515880,0.0,0.0,0.996555780951657,2155585.552288871,0.0
515940,0.0,0.0,0.996555780951657,2149996.053133167,0.0
516000,0.0,0.0,0.996555780951657,2152525.818721262,0.0
516060,0.0,0.0,0.996555780951657,2155011.466758734,0.0
516120,0.0,0.0,0.996555780951657,2155185.3773773215,0.0
516180,0.0,0.0,0.996555780951657,2157047.5751631404,0.0
516240,0.0,0.0,0.996555780951657,2152988.9945426597,0.0
516300,0.0,0.0,0.996555780951657,2151998.640966172,0.0
516360,0.0,0.0,0.996555780951657,2153577.963975087,0.0
516420,0.0,0.0,0.996555780951657,2155218.948327137,0.0
516480,0.0,0.0,0.996555780951657,2155232.564220487,0.0
516540,0.0,0.0,0.996555780951657,2154950.145304102,0.0
516600,0.0,0.0,0.996555780951657,2150057.3422042765,0.0
516660,0.0,0.0,0.996555780951657,2152913.4399361787,0.0
516720,0.0,0.0,0.996555780951657,2154352.786563818,0.0
516780,0.0,0.0,0.996555780951657,2158323.5691789277,0.0
516840,0.0,0.0,0.996555780951657,2152606.2536794636,0.0
516900,0.0,0.0,0.996555780951657,2153914.0483799004,0.0
516960,0.0,0.0,0.996555780951657,2151218.6179794036,0.0
517020,0.0,0.0,0.996555780951657,2153756.3417160884,0.0
517080,0.0,0.0,0.996555780951657,2157593.7313165856,0.0
517140,0.0,0.0,0.996555780951657,2154868.802305646,0.0
517200,0.0,0.0,0.996555780951657,2154347.271505593,0.0
517260,0.0,0.0,0.996555780951657,2151511.0387406144,0.0
517320,0.0,0.0,0.996555780951657,2153141.478878244,0.0
517380,0.0,0.0,0.996555780951657,2155644.5884247413,0.0
517440,0.0,0.0,0.996555780951657,2156015.5036553442,0.0
517500,0.0,0.0,0.996555780951657,2152160.9679207276,0.0
517560,0.0,0.0,0.996555780951657,2152973.7866416527,0.0
517620,0.0,0.0,0.996555780951657,2152558.380039511,0.0
517680,0.0,0.0,0.996555780951657,2154480.9872044767,0.0
517740,0.0,0.0,0.996555780951657,2157549.7886223937,0.0
517800,0.0,0.0,0.996555780951657,2152148.984362003,0.0
517860,0.0,0.0,0.996555780951657,2153256.8650639835,0.0
517920,0.0,0.0,0.996555780951657,2151582.2029956873,0.0
517980,0.0,0.0,0.996555780951657,2156216.1956326757,0.0
518040,0.0,0.0,0.996555780951657,2155109.2445816523,0.0
518100,0.0,0.0,0.996555780951657,2157230.610285075,0.0
518160,0.0,0.0,0.996555780951657,2152922.9777255966,0.0
518220,0.0,0.0,0.996555780951657,2152194.491686503,0.0
518280,0.0,0.0,0.996555780951657,2153666.4723071074,0.0
518340,0.0,0.0,0.996555780951657,2155159.928462584,0.0
518400,0.0,0.0,0.996555780951657,2154942.9270305536,0.0
518460,0.0,0.0,0.996555780951657,2154983.685331274,0.0
518520,0.0,0.0,0.996555780951657,2149884.363392649,0.0
518580,0.0,0.0,0.996555780951657,2152801.344840451,0.0
518640,0.0,0.0,0.996555780951657,2156247.92107999,0.0
518700,0.0,0.0,0.996555780951657,2155350.341491576,0.0
518760,0.0,0.0,0.996555780951657,2156086.0476601333,0.0
518820,0.0,0.0,0.996555780951657,2152104.9481712845,0.0
518880,0.0,0.0,0.996555780951657,2152100.7433735295,0.0
518940,0.0,0.0,0.996555780951657,2156642.2904378907,0.0
519000,0.0,0.0,0.996555780951657,2155246.175435341,0.0
519060,0.0,0.0,0.996555780951657,2156509.9843477546,0.0
519120,0.0,0.0,0.996555780951657,2149105.8186051482,0.0
519180,0.0,0.0,0.996555780951657,2151699.1821371117,0.0
519240,0.0,0.0,0.996555780951657,2153191.6545769437,0.0
519300,0.0,0.0,0.996555780951657,2155578.1636614343,0.0
519360,0.0,0.0,0.996555780951657,2155917.6263895896,0.0
519420,0.0,0.0,0.996555780951657,2151704.5802909485,0.0
519480,0.0,0.0,0.996555780951657,2153123.085827601,0.0
519540,0.0,0.0,0.996555780951657,2152773.4456834155,0.0
519600,0.0,0.0,0.996555780951657,2154468.5220804387,0.0
519660,0.0,0.0,0.996555780951657,2157741.6691712947,0.0
519720,0.0,0.0,0.996555780951657,2154240.5527464533,0.0
519780,0.0,0.0,0.996555780951657,2153052.918516964,0.0
519840,0.0,0.0,0.996555780951657,2152105.791328285,0.0
519900,0.0,0.0,0.996555780951657,2154038.8729021363,0.0
519960,0.0,0.0,0.996555780951657,2155814.6230811547,0.0
520020,0.0,0.0,0.996555780951657,2155798.7494160295,0.0
520080,0.0,0.0,0.996555780951657,2150927.944558912,0.0
520140,0.0,0.0,0.996555780951657,2152395.2051731856,0.0
520200,0.0,0.0,0.996555780951657,2154076.349414797,0.0
520260,0.0,0.0,0.996555780951657,2156296.075861131,0.0
520320,0.0,0.0,0.996555780951657,2155563.290690343,0.0
520380,0.0,0.0,0.996555780951657,2153929.758138677,0.0
520440,0.0,0.0,0.996555780951657,2149715.828851075,0.0
520500,0.0,0.0,0.996555780951657,2152875.133748524,0.0
520560,0.0,0.0,0.996555780951657,2156675.8469838914,0.0
520620,0.0,0.0,0.996555780951657,2155183.5190867223,0.0
520680,0.0,0.0,0.996555780951657,2156267.2569131837,0.0
520740,0.0,0.0,0.996555780951657,2152070.9110297863,0.0
520800,0.0,0.0,0.996555780951657,2152215.606280462,0.0
520860,0.0,0.0,0.996555780951657,2154692.410645267,0.0
520920,0.0,0.0,0.996555780951657,2155732.4163764794,0.0
520980,0.0,0.0,0.996555780951657,2153974.82224637,0.0
521040,0.0,0.0,0.996555780951657,2154162.598576805,0.0
521100,0.0,0.0,0.996555780951657,2150648.109665524,0.0
521160,0.0,0.0,0.996555780951657,2153432.352254094,0.0
521220,0.0,0.0,0.996555780951657,2157118.7048250334,0.0
521280,0.0,0.0,0.996555780951657,2155196.3218993084,0.0
521340,0.0,0.0,0.996555780951657,2154839.436363583,0.0
521400,0.0,0.0,0.996555780951657,2149412.0901742023,0.0
521460,0.0,0.0,0.996555780951657,2152886.270354677,0.0
521520,0.0,0.0,0.996555780951657,2155428.157979122,0.0
521580,0.0,0.0,0.996555780951657,2156255.995011245,0.0
521640,0.0,0.0,0.996555780951657,2154311.8776855012,0.0
521700,0.0,0.0,0.996555780951657,2152926.0788471103,0.0
521760,0.0,0.0,0.996555780951657,2152201.3476732518,0.0
521820,0.0,0.0,0.996555780951657,2153995.6797843524,0.0
521880,0.0,0.0,0.996555780951657,2155667.681168866,0.0
521940,0.0,0.0,0.996555780951657,2155771.1956518665,0.0
522000,0.0,0.0,0.996555780951657,2150449.179508323,0.0
522060,0.0,0.0,0.996555780951657,2152561.526400444,0.0
522120,0.0,0.0,0.996555780951657,2154341.58706618,0.0
522180,0.0,0.0,0.996555780951657,2155025.475978101,0.0
522240,0.0,0.0,0.996555780951657,2157350.85867089,0.0
522300,0.0,0.0,0.996555780951657,2153405.221216693,0.0
522360,0.0,0.0,0.996555780951657,2152165.234878838,0.0
522420,0.0,0.0,0.996555780951657,2153085.695667496,0.0
522480,0.0,0.0,0.996555780951657,2154889.974848645,0.0
522540,0.0,0.0,0.996555780951657,2155525.1534108305,0.0
522600,0.0,0.0,0.996555780951657,2155268.834775842,0.0
522660,0.0,0.0,0.996555780951657,2150114.5915292646,0.0
522720,0.0,0.0,0.996555780951657,2152285.8935512784,0.0
522780,0.0,0.0,0.996555780951657,2154023.8818567568,0.0
522840,0.0,0.0,0.996555780951657,2158446.916067694,0.0
522900,0.0,0.0,0.996555780951657,2153204.33997312,0.0
522960,0.0,0.0,0.996555780951657,2154279.705640657,0.0
523020,0.0,0.0,0.996555780951657,2150604.125754502,0.0
523080,0.0,0.0,0.996555780951657,2153461.671203272,0.0
523140,0.0,0.0,0.996555780951657,2157338.6901694965,0.0
523200,0.0,0.0,0.996555780951657,2155054.4676710158,0.0
523260,0.0,0.0,0.996555780951657,2154923.96155417,0.0
523320,0.0,0.0,0.996555780951657,2151476.7724671676,0.0
523380,0.0,0.0,0.996555780951657,2152793.3240695125,0.0
523440,0.0,0.0,0.996555780951657,2155436.3183389036,0.0
523500,0.0,0.0,0.996555780951657,2156006.7410925343,0.0
523560,0.0,0.0,0.996555780951657,2152768.7390068276,0.0
523620,0.0,0.0,0.996555780951657,2153305.9471305506,0.0
523680,0.0,0.0,0.996555780951657,2151904.0794121576,0.0
523740,0.0,0.0,0.996555780951657,2154168.9406353934,0.0
523800,0.0,0.0,0.996555780951657,2157512.11247302,0.0
523860,0.0,0.0,0.996555780951657,2152913.0740504535,0.0
523920,0.0,0.0,0.996555780951657,2153609.413810484,0.0
523980,0.0,0.0,0.996555780951657,2151279.6835703664,0.0
524040,0.0,0.0,0.996555780951657,2155615.00057942,0.0
524100,0.0,0.0,0.996555780951657,2154952.800228012,0.0
524160,0.0,0.0,0.996555780951657,2157572.375882061,0.0
524220,0.0,0.0,0.996555780951657,2153313.3620689036,0.0
524280,0.0,0.0,0.996555780951657,2152374.792094707,0.0
524340,0.0,0.0,0.996555780951657,2153193.3730879463,0.0
524400,0.0,0.0,0.996555780951657,2154850.2826768826,0.0
524460,0.0,0.0,0.996555780951657,2155276.653230324,0.0
524520,0.0,0.0,0.996555780951657,2155273.42111038,0.0
524580,0.0,0.0,0.996555780951657,2149838.6730951634,0.0
524640,0.0,0.0,0.996555780951657,2152610.457258998,0.0
524700,0.0,0.0,0.996555780951657,2155717.0159269464,0.0
524760,0.0,0.0,0.996555780951657,2155327.090290903,0.0
524820,0.0,0.0,0.996555780951657,2156538.356174241,0.0
524880,0.0,0.0,0.996555780951657,2152494.2991813277,0.0
524940,0.0,0.0,0.996555780951657,2151971.256174422,0.0
525000,0.0,0.0,0.996555780951657,2154140.267423526,0.0
525060,0.0,0.0,0.996555780951657,2155565.0121801132,0.0
525120,0.0,0.0,0.996555780951657,2156259.752845949,0.0
525180,0.0,0.0,0.996555780951657,2152194.2408588557,0.0
525240,0.0,0.0,0.996555780951657,2152681.216910085,0.0
525300,0.0,0.0,0.996555780951657,2154078.649755954,0.0
525360,0.0,0.0,0.996555780951657,2155207.006173381,0.0
525420,0.0,0.0,0.996555780951657,2156074.358251512,0.0
525480,0.0,0.0,0.996555780951657,2152173.441110023,0.0
525540,0.0,0.0,0.996555780951657,2153507.3035708335,0.0
525600,0.0,0.0,0.996555780951657,2151991.8144392855,0.0
525660,0.0,0.0,0.996555780951657,2154151.0003363295,0.0
525720,0.0,0.0,0.996555780951657,2157740.867996587,0.0
525780,0.0,0.0,0.996555780951657,2154574.2301217453,0.0
525840,0.0,0.0,0.996555780951657,2153627.7575403387,0.0
525900,0.0,0.0,0.996555780951657,2151746.55961496,0.0
525960,0.0,0.0,0.996555780951657,2153609.4401845946,0.0
526020,0.0,0.0,0.996555780951657,2155799.0199538083,0.0
526080,0.0,0.0,0.996555780951657,2155947.7738724803,0.0
526140,0.0,0.0,0.996555780951657,2151516.030936685,0.0
526200,0.0,0.0,0.996555780951657,2152595.3992215404,0.0
526260,0.0,0.0,0.996555780951657,2153352.744448074,0.0
526320,0.0,0.0,0.996555780951657,2156191.0952623845,0.0
526380,0.0,0.0,0.996555780951657,2155587.510864882,0.0
526440,0.0,0.0,0.996555780951657,2154735.7740386752,0.0
526500,0.0,0.0,0.996555780951657,2149351.3664881974,0.0
526560,0.0,0.0,0.996555780951657,2152698.7081471845,0.0
526620,0.0,0.0,0.996555780951657,2156103.388582804,0.0
526680,0.0,0.0,0.996555780951657,2155158.947770003,0.0
526740,0.0,0.0,0.996555780951657,2156769.0540291527,0.0
526800,0.0,0.0,0.996555780951657,2152471.432452607,0.0
526860,0.0,0.0,0.996555780951657,2152088.2856447687,0.0
526920,0.0,0.0,0.996555780951657,2154242.7906907727,0.0
526980,0.0,0.0,0.996555780951657,2155507.350675861,0.0
527040,0.0,0.0,0.996555780951657,2154489.0854972024,0.0
527100,0.0,0.0,0.996555780951657,2154549.118050919,0.0
527160,0.0,0.0,0.996555780951657,2150218.3310316186,0.0
527220,0.0,0.0,0.996555780951657,2153108.093366978,0.0
527280,0.0,0.0,0.996555780951657,2156754.206907309,0.0
527340,0.0,0.0,0.996555780951657,2155321.2668530275,0.0
527400,0.0,0.0,0.996555780951657,2155426.0712760463,0.0
527460,0.0,0.0,0.996555780951657,2151679.6034044228,0.0
527520,0.0,0.0,0.996555780951657,2152365.918710575,0.0
527580,0.0,0.0,0.996555780951657,2157204.000143038,0.0
527640,0.0,0.0,0.996555780951657,2155277.740955327,0.0
527700,0.0,0.0,0.996555780951657,2156189.9875896154,0.0
527760,0.0,0.0,0.996555780951657,2148802.0394097874,0.0
527820,0.0,0.0,0.996555780951657,2151894.030531762,0.0
527880,0.0,0.0,0.996555780951657,2153648.34059183,0.0
527940,0.0,0.0,0.996555780951657,2155673.170756845,0.0
528000,0.0,0.0,0.996555780951657,2155876.7436981746,0.0
528060,0.0,0.0,0.996555780951657,2151089.3362409505,0.0
528120,0.0,0.0,0.996555780951657,2152779.4972420176,0.0
528180,0.0,0.0,0.996555780951657,2153563.4742967845,0.0
528240,0.0,0.0,0.996555780951657,2154773.550185047,0.0
528300,0.0,0.0,0.996555780951657,2157600.341181345,0.0
528360,0.0,0.0,0.996555780951657,2153849.59196811,0.0
528420,0.0,0.0,0.996555780951657,2152540.4492439884,0.0
528480,0.0,0.0,0.996555780951657,2152560.0261100014,0.0
528540,0.0,0.0,0.996555780951657,2154474.877360151,0.0
528600,0.0,0.0,0.996555780951657,2155732.271148831,0.0
528660,0.0,0.0,0.996555780951657,2155572.019793532,0.0
528720,0.0,0.0,0.996555780951657,2150439.716930703,0.0
528780,0.0,0.0,0.996555780951657,2151642.8803330213,0.0
528840,0.0,0.0,0.996555780951657,2153649.190719512,0.0
528900,0.0,0.0,0.996555780951657,2158462.7484049117,0.0
528960,0.0,0.0,0.996555780951657,2153779.3606449575,0.0
529020,0.0,0.0,0.996555780951657,2154684.362199705,0.0
529080,0.0,0.0,0.996555780951657,2150035.716447386,0.0
529140,0.0,0.0,0.996555780951657,2153161.1201084834,0.0
529200,0.0,0.0,0.996555780951657,2156960.789137573,0.0
529260,0.0,0.0,0.996555780951657,2155180.176114862,0.0
529320,0.0,0.0,0.996555780951657,2155557.624434045,0.0
529380,0.0,0.0,0.996555780951657,2151664.7603682615,0.0
529440,0.0,0.0,0.996555780951657,2152467.238868758,0.0
529500,0.0,0.0,0.996555780951657,2155116.1103102798,0.0
529560,0.0,0.0,0.996555780951657,2155919.499701689,0.0
529620,0.0,0.0,0.996555780951657,2153394.502727596,0.0
529680,0.0,0.0,0.996555780951657,2153709.8847361,0.0
529740,0.0,0.0,0.996555780951657,2151248.370154516,0.0
529800,0.0,0.0,0.996555780951657,2153808.435738463,0.0
529860,0.0,0.0,0.996555780951657,2157369.22279028,0.0
529920,0.0,0.0,0.996555780951657,2153670.9800881282,0.0
529980,0.0,0.0,0.996555780951657,2153994.891954976,0.0
530040,0.0,0.0,0.996555780951657,2151080.255415877,0.0
530100,0.0,0.0,0.996555780951657,2154879.728286235,0.0
530160,0.0,0.0,0.996555780951657,2154726.5611892166,0.0
530220,0.0,0.0,0.996555780951657,2157853.4197008703,0.0
530280,0.0,0.0,0.996555780951657,2153714.681112479,0.0
530340,0.0,0.0,0.996555780951657,2152727.7721153023,0.0
530400,0.0,0.0,0.996555780951657,2152699.910276105,0.0
530460,0.0,0.0,0.996555780951657,2154479.1520574456,0.0
530520,0.0,0.0,0.996555780951657,2155528.1111911293,0.0
530580,0.0,0.0,0.996555780951657,2155538.7149487142,0.0
530640,0.0,0.0,0.996555780951657,2150018.097969268,0.0
530700,0.0,0.0,0.996555780951657,2152502.757408552,0.0
530760,0.0,0.0,0.996555780951657,2155088.451144423,0.0
530820,0.0,0.0,0.996555780951657,2155228.8935524533,0.0
530880,0.0,0.0,0.996555780951657,2156956.8161404827,0.0
530940,0.0,0.0,0.996555780951657,2152929.462370328,0.0
531000,0.0,0.0,0.996555780951657,2151964.63817531,0.0
531060,0.0,0.0,0.996555780951657,2153638.392350561,0.0
531120,0.0,0.0,0.996555780951657,2155275.8161727237,0.0
531180,0.0,0.0,0.996555780951657,2156904.092209292,0.0
531240,0.0,0.0,0.996555780951657,2152714.4600604605,0.0
531300,0.0,0.0,0.996555780951657,2153013.7836852935,0.0
531360,0.0,0.0,0.996555780951657,2153173.2238036087,0.0
531420,0.0,0.0,0.996555780951657,2154957.9632733534,0.0
531480,0.0,0.0,0.996555780951657,2155991.2372947433,0.0
531540,0.0,0.0,0.996555780951657,2152816.984141117,0.0
531600,0.0,0.0,0.996555780951657,2153862.80261478,0.0
531660,0.0,0.0,0.996555780951657,2151321.8051860877,0.0
531720,0.0,0.0,0.996555780951657,2153835.2217240385,0.0
531780,0.0,0.0,0.996555780951657,2157616.986078028,0.0
531840,0.0,0.0,0.996555780951657,2154838.6365656215,0.0
531900,0.0,0.0,0.996555780951657,2154206.550504705,0.0
531960,0.0,0.0,0.996555780951657,2151526.060851096,0.0
532020,0.0,0.0,0.996555780951657,2153213.012952507,0.0
532080,0.0,0.0,0.996555780951657,2155687.014992836,0.0
532140,0.0,0.0,0.996555780951657,2156020.599415092,0.0
532200,0.0,0.0,0.996555780951657,2152123.3507280657,0.0
532260,0.0,0.0,0.996555780951657,2152881.20726757,0.0
532320,0.0,0.0,0.996555780951657,2152659.229019136,0.0
532380,0.0,0.0,0.996555780951657,2155967.655007875,0.0
532440,0.0,0.0,0.996555780951657,2155549.1347289346,0.0
532500,0.0,0.0,0.996555780951657,2155492.337574388,0.0
532560,0.0,0.0,0.996555780951657,2149266.1691612066,0.0
532620,0.0,0.0,0.996555780951657,2152617.204734819,0.0
532680,0.0,0.0,0.996555780951657,2155471.285604279,0.0
532740,0.0,0.0,0.996555780951657,2155077.014736397,0.0
532800,0.0,0.0,0.996555780951657,2157171.0718559944,0.0
532860,0.0,0.0,0.996555780951657,2152873.5134354113,0.0
532920,0.0,0.0,0.996555780951657,2152082.4048522892,0.0
532980,0.0,0.0,0.996555780951657,2153773.674462133,0.0
533040,0.0,0.0,0.996555780951657,2155241.1652681795,0.0
533100,0.0,0.0,0.996555780951657,2154918.722960764,0.0
533160,0.0,0.0,0.996555780951657,2154894.1282227985,0.0
533220,0.0,0.0,0.996555780951657,2149958.038131961,0.0
533280,0.0,0.0,0.996555780951657,2152834.8034057133,0.0
533340,0.0,0.0,0.996555780951657,2156309.145586826,0.0
533400,0.0,0.0,0.996555780951657,2155375.557427045,0.0
533460,0.0,0.0,0.996555780951657,2155951.4229991017,0.0
533520,0.0,0.0,0.996555780951657,2152030.484614421,0.0
533580,0.0,0.0,0.996555780951657,2152119.8198388843,0.0
533640,0.0,0.0,0.996555780951657,2156652.43255338,0.0
533700,0.0,0.0,0.996555780951657,2155284.206869992,0.0
533760,0.0,0.0,0.996555780951657,2156454.017048064,0.0
533820,0.0,0.0,0.996555780951657,2149164.819182698,0.0
533880,0.0,0.0,0.996555780951657,2151704.570511214,0.0
533940,0.0,0.0,0.996555780951657,2153255.203247948,0.0
534000,0.0,0.0,0.996555780951657,2155613.4118241076,0.0
534060,0.0,0.0,0.996555780951657,2155927.6709569045,0.0
534120,0.0,0.0,0.996555780951657,2151688.448902422,0.0
534180,0.0,0.0,0.996555780951657,2153044.7814095872,0.0
534240,0.0,0.0,0.996555780951657,2152855.5205982914,0.0
534300,0.0,0.0,0.996555780951657,2154518.4013836076,0.0
534360,0.0,0.0,0.996555780951657,2157699.820209927,0.0
534420,0.0,0.0,0.996555780951657,2154211.318158514,0.0
534480,0.0,0.0,0.996555780951657,2152970.0865507685,0.0
534540,0.0,0.0,0.996555780951657,2152139.0901868744,0.0
534600,0.0,0.0,0.996555780951657,2154089.8600202175,0.0
534660,0.0,0.0,0.996555780951657,2155828.174850215,0.0
534720,0.0,0.0,0.996555780951657,2155781.1637285086,0.0
534780,0.0,0.0,0.996555780951657,2150969.604332195,0.0
534840,0.0,0.0,0.996555780951657,2151146.35834897,0.0
534900,0.0,0.0,0.996555780951657,2153328.8444328737,0.0
534960,0.0,0.0,0.996555780951657,2158310.14915986,0.0
535020,0.0,0.0,0.996555780951657,2154257.5248847045,0.0
535080,0.0,0.0,0.996555780951657,2155012.8427628805,0.0
535140,0.0,0.0,0.996555780951657,2149673.7696988685,0.0
535200,0.0,0.0,0.996555780951657,2152929.8478119513,0.0
535260,0.0,0.0,0.996555780951657,2156515.607953436,0.0
535320,0.0,0.0,0.996555780951657,2155236.5435750433,0.0
535380,0.0,0.0,0.996555780951657,2156083.572006666,0.0
535440,0.0,0.0,0.996555780951657,2151991.0149334744,0.0
535500,0.0,0.0,0.996555780951657,2152237.2226201715,0.0
535560,0.0,0.0,0.996555780951657,2154756.3032438247,0.0
535620,0.0,0.0,0.996555780951657,2155781.5458615106,0.0
535680,0.0,0.0,0.996555780951657,2153945.879279706,0.0
535740,0.0,0.0,0.996555780951657,2154077.760624369,0.0
535800,0.0,0.0,0.996555780951657,2150730.083628418,0.0
535860,0.0,0.0,0.996555780951657,2153479.9049893375,0.0
535920,0.0,0.0,0.996555780951657,2157127.946135171,0.0
535980,0.0,0.0,0.996555780951657,2155194.389576895,0.0
536040,0.0,0.0,0.996555780951657,2154733.7709990973,0.0
536100,0.0,0.0,0.996555780951657,2149511.837863736,0.0
536160,0.0,0.0,0.996555780951657,2152920.202209309,0.0
536220,0.0,0.0,0.996555780951657,2155483.1410454954,0.0
536280,0.0,0.0,0.996555780951657,2156220.5504176533,0.0
536340,0.0,0.0,0.996555780951657,2154284.825297684,0.0
536400,0.0,0.0,0.996555780951657,2152841.847433634,0.0
536460,0.0,0.0,0.996555780951657,2152234.949725288,0.0
536520,0.0,0.0,0.996555780951657,2154043.5772804026,0.0
536580,0.0,0.0,0.996555780951657,2155682.032123412,0.0
536640,0.0,0.0,0.996555780951657,2155756.8401395986,0.0
536700,0.0,0.0,0.996555780951657,2150460.0166466176,0.0
536760,0.0,0.0,0.996555780951657,2152526.7218279624,0.0
536820,0.0,0.0,0.996555780951657,2154381.284319577,0.0
536880,0.0,0.0,0.996555780951657,2155056.919030119,0.0
536940,0.0,0.0,0.996555780951657,2157302.17906638,0.0
537000,0.0,0.0,0.996555780951657,2153378.8494224786,0.0
537060,0.0,0.0,0.996555780951657,2152128.4543693885,0.0
537120,0.0,0.0,0.996555780951657,2153111.81583933,0.0
537180,0.0,0.0,0.996555780951657,2154923.277157096,0.0
537240,0.0,0.0,0.996555780951657,2157458.288985189,0.0
537300,0.0,0.0,0.996555780951657,2153230.844753925,0.0
537360,0.0,0.0,0.996555780951657,2153435.007504694,0.0
537420,0.0,0.0,0.996555780951657,2152231.65230967,0.0
537480,0.0,0.0,0.996555780951657,2154620.98235371,0.0
537540,0.0,0.0,0.996555780951657,2155833.786821057,0.0
537600,0.0,0.0,0.996555780951657,2153440.7384888157,0.0
537660,0.0,0.0,0.996555780951657,2154236.9990497166,0.0
537720,0.0,0.0,0.996555780951657,2150708.326846613,0.0
537780,0.0,0.0,0.996555780951657,2153510.487513773,0.0
537840,0.0,0.0,0.996555780951657,2157381.4933305625,0.0
537900,0.0,0.0,0.996555780951657,2155044.9838325963,0.0
537960,0.0,0.0,0.996555780951657,2154820.072430061,0.0
538020,0.0,0.0,0.996555780951657,2151464.2211430455,0.0
538080,0.0,0.0,0.996555780951657,2152834.4219182534,0.0
538140,0.0,0.0,0.996555780951657,2155474.8868564917,0.0
538200,0.0,0.0,0.996555780951657,2156022.8061306267,0.0
538260,0.0,0.0,0.996555780951657,2152750.0799116367,0.0
538320,0.0,0.0,0.996555780951657,2153233.247879455,0.0
538380,0.0,0.0,0.996555780951657,2151973.0786493323,0.0
538440,0.0,0.0,0.996555780951657,2154214.3948712586,0.0
538500,0.0,0.0,0.996555780951657,2157491.731328768,0.0
538560,0.0,0.0,0.996555780951657,2152927.703524524,0.0
538620,0.0,0.0,0.996555780951657,2153555.180641798,0.0
538680,0.0,0.0,0.996555780951657,2151304.255834584,0.0
538740,0.0,0.0,0.996555780951657,2155618.0194498478,0.0
538800,0.0,0.0,0.996555780951657,2154988.4000092247,0.0
538860,0.0,0.0,0.996555780951657,2157506.916858869,0.0
538920,0.0,0.0,0.996555780951657,2153284.038143048,0.0
538980,0.0,0.0,0.996555780951657,2152330.4159171083,0.0
539040,0.0,0.0,0.996555780951657,2153223.2689486314,0.0
539100,0.0,0.0,0.996555780951657,2154887.184782214,0.0
539160,0.0,0.0,0.996555780951657,2155284.7637042715,0.0
539220,0.0,0.0,0.996555780951657,2155247.3767937194,0.0
539280,0.0,0.0,0.996555780951657,2149867.6723903483,0.0
539340,0.0,0.0,0.996555780951657,2152606.7590448754,0.0
539400,0.0,0.0,0.996555780951657,2155729.7721611345,0.0
539460,0.0,0.0,0.996555780951657,2155346.134552038,0.0
539520,0.0,0.0,0.996555780951657,2156492.4537333217,0.0
539580,0.0,0.0,0.996555780951657,2152473.4872670104,0.0
539640,0.0,0.0,0.996555780951657,2151962.952891435,0.0
539700,0.0,0.0,0.996555780951657,2155943.620349296,0.0
539760,0.0,0.0,0.996555780951657,2155192.132804787,0.0
539820,0.0,0.0,0.996555780951657,2156671.2620173385,0.0
539880,0.0,0.0,0.996555780951657,2149812.6940139486,0.0
539940,0.0,0.0,0.996555780951657,2151672.6837545084,0.0
540000,0.0,0.0,0.996555780951657,2152846.861911809,0.0
540060,0.0,0.0,0.996555780951657,2155433.874260253,0.0
540120,0.0,0.0,0.996555780951657,2155908.4248899324,0.0
540180,0.0,0.0,0.996555780951657,2152343.2873130203,0.0
540240,0.0,0.0,0.996555780951657,2153403.5133591173,0.0
540300,0.0,0.0,0.996555780951657,2152096.4064684175,0.0
540360,0.0,0.0,0.996555780951657,2154199.012689756,0.0
540420,0.0,0.0,0.996555780951657,2157707.548387155,0.0
540480,0.0,0.0,0.996555780951657,2154555.393203281,0.0
540540,0.0,0.0,0.996555780951657,2153531.1173468973,0.0
540600,0.0,0.0,0.996555780951657,2151769.184879878,0.0
540660,0.0,0.0,0.996555780951657,2153657.8127943357,0.0
540720,0.0,0.0,0.996555780951657,2155819.121504926,0.0
540780,0.0,0.0,0.996555780951657,2155940.891248918,0.0
540840,0.0,0.0,0.996555780951657,2151673.5555561865,0.0
540900,0.0,0.0,0.996555780951657,2150741.534368429,0.0
540960,0.0,0.0,0.996555780951657,2153011.385494098,0.0
541020,0.0,0.0,0.996555780951657,2158026.0009586914,0.0
541080,0.0,0.0,0.996555780951657,2154670.2481858158,0.0
541140,0.0,0.0,0.996555780951657,2155335.603488275,0.0
541200,0.0,0.0,0.996555780951657,2149461.1925856136,0.0
541260,0.0,0.0,0.996555780951657,2152749.320781967,0.0
541320,0.0,0.0,0.996555780951657,2155958.7263822444,0.0
541380,0.0,0.0,0.996555780951657,2155222.332657027,0.0
541440,0.0,0.0,0.996555780951657,2156605.0393849537,0.0
541500,0.0,0.0,0.996555780951657,2152387.700971567,0.0
541560,0.0,0.0,0.996555780951657,2152088.876216222,0.0
541620,0.0,0.0,0.996555780951657,2154312.376615175,0.0
541680,0.0,0.0,0.996555780951657,2155567.3336948236,0.0
541740,0.0,0.0,0.996555780951657,2154465.039173488,0.0
541800,0.0,0.0,0.996555780951657,2154470.550427625,0.0
541860,0.0,0.0,0.996555780951657,2150291.0850915858,0.0
541920,0.0,0.0,0.996555780951657,2153146.4823523867,0.0
541980,0.0,0.0,0.996555780951657,2156778.482934661,0.0
542040,0.0,0.0,0.996555780951657,2155330.2980913003,0.0
542100,0.0,0.0,0.996555780951657,2155321.4676699997,0.0
542160,0.0,0.0,0.996555780951657,2149027.529158811,0.0
542220,0.0,0.0,0.996555780951657,2152608.7099779435,0.0
542280,0.0,0.0,0.996555780951657,2155017.5113504566,0.0
542340,0.0,0.0,0.996555780951657,2156731.2850915845,0.0
542400,0.0,0.0,0.996555780951657,2154588.647092774,0.0
542460,0.0,0.0,0.996555780951657,2153381.531265421,0.0
542520,0.0,0.0,0.996555780951657,2151861.3262939854,0.0
542580,0.0,0.0,0.996555780951657,2153660.2477485756,0.0
542640,0.0,0.0,0.996555780951657,2155719.250522278,0.0
542700,0.0,0.0,0.996555780951657,2155895.4388425294,0.0
542760,0.0,0.0,0.996555780951657,2151011.836163517,0.0
542820,0.0,0.0,0.996555780951657,2152691.9698790233,0.0
542880,0.0,0.0,0.996555780951657,2153673.846175966,0.0
542940,0.0,0.0,0.996555780951657,2154841.631994972,0.0
543000,0.0,0.0,0.996555780951657,2157526.893962167,0.0
543060,0.0,0.0,0.996555780951657,2153789.437767516,0.0
543120,0.0,0.0,0.996555780951657,2152442.9038233683,0.0
543180,0.0,0.0,0.996555780951657,2152626.4984162957,0.0
543240,0.0,0.0,0.996555780951657,2154552.1731931353,0.0
543300,0.0,0.0,0.996555780951657,2157857.8121817624,0.0
543360,0.0,0.0,0.996555780951657,2153696.892180343,0.0
543420,0.0,0.0,0.996555780951657,2153872.891526808,0.0
543480,0.0,0.0,0.996555780951657,2151347.7960722726,0.0
543540,0.0,0.0,0.996555780951657,2154240.3315011864,0.0
543600,0.0,0.0,0.996555780951657,2155624.951515122,0.0
543660,0.0,0.0,0.996555780951657,2153998.3375545344,0.0
543720,0.0,0.0,0.996555780951657,2154580.0559110157,0.0
543780,0.0,0.0,0.996555780951657,2150226.5398328328,0.0
543840,0.0,0.0,0.996555780951657,2153217.143483739,0.0
543900,0.0,0.0,0.996555780951657,2157047.689830311,0.0
543960,0.0,0.0,0.996555780951657,2155181.6508363336,0.0
544020,0.0,0.0,0.996555780951657,2155394.785963219,0.0
544080,0.0,0.0,0.996555780951657,2151599.7381830215,0.0
544140,0.0,0.0,0.996555780951657,2152515.5230251416,0.0
544200,0.0,0.0,0.996555780951657,2155188.063527361,0.0
544260,0.0,0.0,0.996555780951657,2155958.769649959,0.0
544320,0.0,0.0,0.996555780951657,2153346.9258950567,0.0
544380,0.0,0.0,0.996555780951657,2153600.163128446,0.0
544440,0.0,0.0,0.996555780951657,2151359.9573946535,0.0
544500,0.0,0.0,0.996555780951657,2153877.9152881806,0.0
544560,0.0,0.0,0.996555780951657,2157365.2309738207,0.0
544620,0.0,0.0,0.996555780951657,2153655.36658211,0.0
544680,0.0,0.0,0.996555780951657,2153916.397490244,0.0
544740,0.0,0.0,0.996555780951657,2151101.1049526283,0.0
544800,0.0,0.0,0.996555780951657,2154925.8485304196,0.0
544860,0.0,0.0,0.996555780951657,2154784.981066104,0.0
544920,0.0,0.0,0.996555780951657,2157770.4106290685,0.0
544980,0.0,0.0,0.996555780951657,2153667.83176746,0.0
545040,0.0,0.0,0.996555780951657,2152639.080322175,0.0
545100,0.0,0.0,0.996555780951657,2152753.3545842636,0.0
545160,0.0,0.0,0.996555780951657,2154542.059962221,0.0
545220,0.0,0.0,0.996555780951657,2155533.737176566,0.0
545280,0.0,0.0,0.996555780951657,2155505.0094847083,0.0
545340,0.0,0.0,0.996555780951657,2150035.632525298,0.0
545400,0.0,0.0,0.996555780951657,2152486.995204882,0.0
545460,0.0,0.0,0.996555780951657,2155136.919348163,0.0
545520,0.0,0.0,0.996555780951657,2155262.1964919213,0.0
545580,0.0,0.0,0.996555780951657,2156887.5433543944,0.0
545640,0.0,0.0,0.996555780951657,2152887.512952313,0.0
545700,0.0,0.0,0.996555780951657,2151940.4581368743,0.0
545760,0.0,0.0,0.996555780951657,2155181.275959481,0.0
545820,0.0,0.0,0.996555780951657,2155047.459645974,0.0
545880,0.0,0.0,0.996555780951657,2156780.6598160337,0.0
545940,0.0,0.0,0.996555780951657,2150574.599723034,0.0
546000,0.0,0.0,0.996555780951657,2151835.5613362063,0.0
546060,0.0,0.0,0.996555780951657,2152524.0944486265,0.0
546120,0.0,0.0,0.996555780951657,2155189.030046897,0.0
546180,0.0,0.0,0.996555780951657,2155833.938038746,0.0
546240,0.0,0.0,0.996555780951657,2152951.321722743,0.0
546300,0.0,0.0,0.996555780951657,2153742.111941438,0.0
546360,0.0,0.0,0.996555780951657,2151446.5607906166,0.0
546420,0.0,0.0,0.996555780951657,2153896.061597277,0.0
546480,0.0,0.0,0.996555780951657,2157596.915098127,0.0
546540,0.0,0.0,0.996555780951657,2154821.3651145245,0.0
546600,0.0,0.0,0.996555780951657,2154075.792706902,0.0
546660,0.0,0.0,0.996555780951657,2151539.7341646603,0.0
546720,0.0,0.0,0.996555780951657,2153272.338541441,0.0
546780,0.0,0.0,0.996555780951657,2155720.733705561,0.0
546840,0.0,0.0,0.996555780951657,2156023.0668332716,0.0
546900,0.0,0.0,0.996555780951657,2152097.6062179334,0.0
546960,0.0,0.0,0.996555780951657,2152804.837017903,0.0
547020,0.0,0.0,0.996555780951657,2152738.0352042885,0.0
547080,0.0,0.0,0.996555780951657,2155991.206042879,0.0
547140,0.0,0.0,0.996555780951657,2155576.5182035924,0.0
547200,0.0,0.0,0.996555780951657,2155385.7741250694,0.0
547260,0.0,0.0,0.996555780951657,2149326.144432426,0.0
547320,0.0,0.0,0.996555780951657,2152596.792072267,0.0
547380,0.0,0.0,0.996555780951657,2155513.234648893,0.0
547440,0.0,0.0,0.996555780951657,2155109.5490432302,0.0
547500,0.0,0.0,0.996555780951657,2157097.435371361,0.0
547560,0.0,0.0,0.996555780951657,2152834.473568702,0.0
547620,0.0,0.0,0.996555780951657,2152057.6359762237,0.0
547680,0.0,0.0,0.996555780951657,2153810.902833544,0.0
547740,0.0,0.0,0.996555780951657,2155280.029528586,0.0
547800,0.0,0.0,0.996555780951657,2154920.527469003,0.0
547860,0.0,0.0,0.996555780951657,2154854.8208864904,0.0
547920,0.0,0.0,0.996555780951657,2149994.880560144,0.0
547980,0.0,0.0,0.996555780951657,2152844.640416978,0.0
548040,0.0,0.0,0.996555780951657,2156320.507790574,0.0
548100,0.0,0.0,0.996555780951657,2155390.870300578,0.0
548160,0.0,0.0,0.996555780951657,2155895.2707279623,0.0
548220,0.0,0.0,0.996555780951657,2148759.0062416336,0.0
548280,0.0,0.0,0.996555780951657,2152366.96224421,0.0
548340,0.0,0.0,0.996555780951657,2154491.9834276442,0.0
548400,0.0,0.0,0.996555780951657,2157116.62484605,0.0
548460,0.0,0.0,0.996555780951657,2154844.709572502,0.0
548520,0.0,0.0,0.996555780951657,2154004.572868056,0.0
548580,0.0,0.0,0.996555780951657,2151591.9951776927,0.0
548640,0.0,0.0,0.996555780951657,2153275.7099502455,0.0
548700,0.0,0.0,0.996555780951657,2155650.696929221,0.0
548760,0.0,0.0,0.996555780951657,2155969.399124914,0.0
548820,0.0,0.0,0.996555780951657,2151625.9702054104,0.0
548880,0.0,0.0,0.996555780951657,2152969.504454673,0.0
548940,0.0,0.0,0.996555780951657,2152936.080363594,0.0
549000,0.0,0.0,0.996555780951657,2154571.751515541,0.0
549060,0.0,0.0,0.996555780951657,2157656.2295314926,0.0
549120,0.0,0.0,0.996555780951657,2154177.878449319,0.0
549180,0.0,0.0,0.996555780951657,2152885.3080625087,0.0
549240,0.0,0.0,0.996555780951657,2152176.3264102885,0.0
549300,0.0,0.0,0.996555780951657,2154144.7946865656,0.0
549360,0.0,0.0,0.996555780951657,2155841.114837264,0.0
549420,0.0,0.0,0.996555780951657,2155760.4234619425,0.0
549480,0.0,0.0,0.996555780951657,2150959.033873224,0.0
549540,0.0,0.0,0.996555780951657,2151188.376880797,0.0
549600,0.0,0.0,0.996555780951657,2153361.269129034,0.0
549660,0.0,0.0,0.996555780951657,2158262.0226490186,0.0
549720,0.0,0.0,0.996555780951657,2154272.947609864,0.0
549780,0.0,0.0,0.996555780951657,2154967.7579943887,0.0
549840,0.0,0.0,0.996555780951657,2149727.3833509074,0.0
549900,0.0,0.0,0.996555780951657,2152937.793073423,0.0
549960,0.0,0.0,0.996555780951657,2156528.1574501265,0.0
550020,0.0,0.0,0.996555780951657,2155252.781424607,0.0
550080,0.0,0.0,0.996555780951657,2156017.0920622246,0.0
550140,0.0,0.0,0.996555780951657,2151963.1141395494,0.0
550200,0.0,0.0,0.996555780951657,2152240.181132773,0.0
550260,0.0,0.0,0.996555780951657,2154780.0263380595,0.0
550320,0.0,0.0,0.996555780951657,2155803.3385157012,0.0
550380,0.0,0.0,0.996555780951657,2153951.8303796593,0.0
550440,0.0,0.0,0.996555780951657,2154039.049322327,0.0
550500,0.0,0.0,0.996555780951657,2150761.25151505,0.0
550560,0.0,0.0,0.996555780951657,2153496.563359912,0.0
550620,0.0,0.0,0.996555780951657,2157120.0693934513,0.0
550680,0.0,0.0,0.996555780951657,2154363.6637636344,0.0
550740,0.0,0.0,0.996555780951657,2154306.9476674064,0.0
550800,0.0,0.0,0.996555780951657,2151041.078773771,0.0
550860,0.0,0.0,0.996555780951657,2154097.0802887385,0.0
550920,0.0,0.0,0.996555780951657,2154506.3134922353,0.0
550980,0.0,0.0,0.996555780951657,2157964.637681092,0.0
551040,0.0,0.0,0.996555780951657,2154055.9511458077,0.0
551100,0.0,0.0,0.996555780951657,2153115.607540873,0.0
551160,0.0,0.0,0.996555780951657,2152281.3603200368,0.0
551220,0.0,0.0,0.996555780951657,2154132.4335493417,0.0
551280,0.0,0.0,0.996555780951657,2155689.216895487,0.0
551340,0.0,0.0,0.996555780951657,2155730.255659274,0.0
551400,0.0,0.0,0.996555780951657,2150471.2963831383,0.0
551460,0.0,0.0,0.996555780951657,2152487.540146557,0.0
551520,0.0,0.0,0.996555780951657,2154441.118180524,0.0
551580,0.0,0.0,0.996555780951657,2155096.010529162,0.0
551640,0.0,0.0,0.996555780951657,2157241.2605814673,0.0
551700,0.0,0.0,0.996555780951657,2153339.902867202,0.0
551760,0.0,0.0,0.996555780951657,2152083.5646570018,0.0
551820,0.0,0.0,0.996555780951657,2154297.0855446714,0.0
551880,0.0,0.0,0.996555780951657,2154814.149192351,0.0
551940,0.0,0.0,0.996555780951657,2156814.631528997,0.0
552000,0.0,0.0,0.996555780951657,2151446.157713341,0.0
552060,0.0,0.0,0.996555780951657,2152172.7374276025,0.0
552120,0.0,0.0,0.996555780951657,2152244.214848304,0.0
552180,0.0,0.0,0.996555780951657,2154840.0026004203,0.0
552240,0.0,0.0,0.996555780951657,2155685.4783456344,0.0
552300,0.0,0.0,0.996555780951657,2153557.4523140043,0.0
552360,0.0,0.0,0.996555780951657,2154125.66920054,0.0
552420,0.0,0.0,0.996555780951657,2150819.3303926163,0.0
552480,0.0,0.0,0.996555780951657,2153565.756066967,0.0
552540,0.0,0.0,0.996555780951657,2157379.1791649223,0.0
552600,0.0,0.0,0.996555780951657,2155040.3195321453,0.0
552660,0.0,0.0,0.996555780951657,2154685.5103872344,0.0
552720,0.0,0.0,0.996555780951657,2151451.9927790877,0.0
552780,0.0,0.0,0.996555780951657,2152884.6186707765,0.0
552840,0.0,0.0,0.996555780951657,2155517.7926144875,0.0
552900,0.0,0.0,0.996555780951657,2156038.639579215,0.0
552960,0.0,0.0,0.996555780951657,2152722.0548199336,0.0
553020,0.0,0.0,0.996555780951657,2153151.368403613,0.0
553080,0.0,0.0,0.996555780951657,2152053.7571775024,0.0
553140,0.0,0.0,0.996555780951657,2155655.08382235,0.0
553200,0.0,0.0,0.996555780951657,2155481.7504448816,0.0
553260,0.0,0.0,0.996555780951657,2156119.17628463,0.0
553320,0.0,0.0,0.996555780951657,2149539.3428137344,0.0
553380,0.0,0.0,0.996555780951657,2152610.2619453166,0.0
553440,0.0,0.0,0.996555780951657,2154816.362948583,0.0
553500,0.0,0.0,0.996555780951657,2154970.6630221247,0.0
553560,0.0,0.0,0.996555780951657,2157435.3053318053,0.0
553620,0.0,0.0,0.996555780951657,2153249.298500849,0.0
553680,0.0,0.0,0.996555780951657,2152180.316833464,0.0
553740,0.0,0.0,0.996555780951657,2153315.309668154,0.0
553800,0.0,0.0,0.996555780951657,2154964.751104892,0.0
553860,0.0,0.0,0.996555780951657,2155274.781681632,0.0
553920,0.0,0.0,0.996555780951657,2155179.914678257,0.0
553980,0.0,0.0,0.996555780951657,2149908.987084515,0.0
554040,0.0,0.0,0.996555780951657,2152618.10949696,0.0
554100,0.0,0.0,0.996555780951657,2155795.6988087487,0.0
554160,0.0,0.0,0.996555780951657,2155380.1422942933,0.0
554220,0.0,0.0,0.996555780951657,2156382.277652365,0.0
554280,0.0,0.0,0.996555780951657,2148800.644393127,0.0
554340,0.0,0.0,0.996555780951657,2152236.417331247,0.0
554400,0.0,0.0,0.996555780951657,2153963.766799786,0.0
554460,0.0,0.0,0.996555780951657,2157339.986797305,0.0
554520,0.0,0.0,0.996555780951657,2155033.606767123,0.0
554580,0.0,0.0,0.996555780951657,2154623.2169323587,0.0
554640,0.0,0.0,0.996555780951657,2151479.2390541644,0.0
554700,0.0,0.0,0.996555780951657,2152934.537866314,0.0
554760,0.0,0.0,0.996555780951657,2155492.114939187,0.0
554820,0.0,0.0,0.996555780951657,2155975.91354291,0.0
554880,0.0,0.0,0.996555780951657,2152248.0761043183,0.0
554940,0.0,0.0,0.996555780951657,2153283.774303882,0.0
555000,0.0,0.0,0.996555780951657,2152236.544464595,0.0
555060,0.0,0.0,0.996555780951657,2154280.644374117,0.0
555120,0.0,0.0,0.996555780951657,2157671.256250414,0.0
555180,0.0,0.0,0.996555780951657,2154511.353159095,0.0
555240,0.0,0.0,0.996555780951657,2153386.450153927,0.0
555300,0.0,0.0,0.996555780951657,2151815.7836621543,0.0
555360,0.0,0.0,0.996555780951657,2153742.121792682,0.0
555420,0.0,0.0,0.996555780951657,2155846.9018365443,0.0
555480,0.0,0.0,0.996555780951657,2155923.2015951956,0.0
555540,0.0,0.0,0.996555780951657,2151614.5057033426,0.0
555600,0.0,0.0,0.996555780951657,2150799.6377765816,0.0
555660,0.0,0.0,0.996555780951657,2153053.788402163,0.0
555720,0.0,0.0,0.996555780951657,2157991.1029105824,0.0
555780,0.0,0.0,0.996555780951657,2154678.297183295,0.0
555840,0.0,0.0,0.996555780951657,2155276.4776735087,0.0
555900,0.0,0.0,0.996555780951657,2149526.6209599418,0.0
555960,0.0,0.0,0.996555780951657,2152750.7380867363,0.0
556020,0.0,0.0,0.996555780951657,2156008.297010858,0.0
556080,0.0,0.0,0.996555780951657,2155251.5489021786,0.0
556140,0.0,0.0,0.996555780951657,2156504.8593802983,0.0
556200,0.0,0.0,0.996555780951657,2152335.011598654,0.0
556260,0.0,0.0,0.996555780951657,2152083.665300974,0.0
556320,0.0,0.0,0.996555780951657,2154361.9912283313,0.0
556380,0.0,0.0,0.996555780951657,2155609.697023429,0.0
556440,0.0,0.0,0.996555780951657,2154454.4180747815,0.0
556500,0.0,0.0,0.996555780951657,2154410.728431615,0.0
556560,0.0,0.0,0.996555780951657,2150344.657574892,0.0
556620,0.0,0.0,0.996555780951657,2153174.210475437,0.0
556680,0.0,0.0,0.996555780951657,2156789.936074057,0.0
556740,0.0,0.0,0.996555780951657,2154949.9616538044,0.0
556800,0.0,0.0,0.996555780951657,2154622.12604646,0.0
556860,0.0,0.0,0.996555780951657,2151165.7719863444,0.0
556920,0.0,0.0,0.996555780951657,2153280.2620855616,0.0
556980,0.0,0.0,0.996555780951657,2154234.222245874,0.0
557040,0.0,0.0,0.996555780951657,2158011.6014453084,0.0
557100,0.0,0.0,0.996555780951657,2154368.6691235383,0.0
557160,0.0,0.0,0.996555780951657,2153609.888067222,0.0
557220,0.0,0.0,0.996555780951657,2151919.3844998125,0.0
557280,0.0,0.0,0.996555780951657,2153757.1225026203,0.0
557340,0.0,0.0,0.996555780951657,2155741.0802983716,0.0
557400,0.0,0.0,0.996555780951657,2155875.432990257,0.0
557460,0.0,0.0,0.996555780951657,2151001.354594475,0.0
557520,0.0,0.0,0.996555780951657,2152615.295365351,0.0
557580,0.0,0.0,0.996555780951657,2153766.71960892,0.0
557640,0.0,0.0,0.996555780951657,2154896.9818411698,0.0
557700,0.0,0.0,0.996555780951657,2157463.0125292283,0.0
557760,0.0,0.0,0.996555780951657,2153740.7561034043,0.0
557820,0.0,0.0,0.996555780951657,2152364.738449033,0.0
557880,0.0,0.0,0.996555780951657,2152679.830031458,0.0
557940,0.0,0.0,0.996555780951657,2154615.036449523,0.0
558000,0.0,0.0,0.996555780951657,2157775.8561577983,0.0
558060,0.0,0.0,0.996555780951657,2153676.8114659116,0.0
558120,0.0,0.0,0.996555780951657,2153781.4044638993,0.0
558180,0.0,0.0,0.996555780951657,2151433.993835128,0.0
558240,0.0,0.0,0.996555780951657,2154289.6398849697,0.0
558300,0.0,0.0,0.996555780951657,2155668.8203048725,0.0
558360,0.0,0.0,0.996555780951657,2153995.8233522456,0.0
558420,0.0,0.0,0.996555780951657,2154524.997597649,0.0
558480,0.0,0.0,0.996555780951657,2150285.8567941296,0.0
558540,0.0,0.0,0.996555780951657,2153240.496528816,0.0
558600,0.0,0.0,0.996555780951657,2157052.344433536,0.0
558660,0.0,0.0,0.996555780951657,2155190.402053988,0.0
558720,0.0,0.0,0.996555780951657,2155318.180221376,0.0
558780,0.0,0.0,0.996555780951657,2151575.339565601,0.0
558840,0.0,0.0,0.996555780951657,2152532.5290680113,0.0
558900,0.0,0.0,0.996555780951657,2155214.2950575086,0.0
558960,0.0,0.0,0.996555780951657,2155976.361660185,0.0
559020,0.0,0.0,0.996555780951657,2153347.0130229527,0.0
559080,0.0,0.0,0.996555780951657,2153552.3137617395,0.0
559140,0.0,0.0,0.996555780951657,2151397.8918542056,0.0
559200,0.0,0.0,0.996555780951657,2155201.600926197,0.0
559260,0.0,0.0,0.996555780951657,2155318.1005056445,0.0
559320,0.0,0.0,0.996555780951657,2156815.37259871,0.0
559380,0.0,0.0,0.996555780951657,2150064.1126170577,0.0
559440,0.0,0.0,0.996555780951657,2152774.5742639983,0.0
559500,0.0,0.0,0.996555780951657,2154051.43421929,0.0
559560,0.0,0.0,0.996555780951657,2154770.193909636,0.0
559620,0.0,0.0,0.996555780951657,2157689.4885118003,0.0
559680,0.0,0.0,0.996555780951657,2153661.190291435,0.0
559740,0.0,0.0,0.996555780951657,2152475.964372639,0.0
559800,0.0,0.0,0.996555780951657,2152813.4818769232,0.0
559860,0.0,0.0,0.996555780951657,2154600.7004071344,0.0
559920,0.0,0.0,0.996555780951657,2155539.5557560427,0.0
559980,0.0,0.0,0.996555780951657,2155467.6444875114,0.0
560040,0.0,0.0,0.996555780951657,2150050.7286014752,0.0
560100,0.0,0.0,0.996555780951657,2152474.581358664,0.0
560160,0.0,0.0,0.996555780951657,2155188.454242976,0.0
560220,0.0,0.0,0.996555780951657,2155296.4154151804,0.0
560280,0.0,0.0,0.996555780951657,2156814.147929213,0.0
560340,0.0,0.0,0.996555780951657,2152841.662964609,0.0
560400,0.0,0.0,0.996555780951657,2151917.780396605,0.0
560460,0.0,0.0,0.996555780951657,2155196.4246721277,0.0
560520,0.0,0.0,0.996555780951657,2155084.6846632655,0.0
560580,0.0,0.0,0.996555780951657,2156764.714799926,0.0
560640,0.0,0.0,0.996555780951657,2150613.6320498846,0.0
560700,0.0,0.0,0.996555780951657,2151801.9898527316,0.0
560760,0.0,0.0,0.996555780951657,2152546.3367982656,0.0
560820,0.0,0.0,0.996555780951657,2155219.133826002,0.0
560880,0.0,0.0,0.996555780951657,2155855.9892869685,0.0
560940,0.0,0.0,0.996555780951657,2152954.0289743696,0.0
561000,0.0,0.0,0.996555780951657,2153690.5106368423,0.0
561060,0.0,0.0,0.996555780951657,2151491.7017961973,0.0
561120,0.0,0.0,0.996555780951657,2153922.7106436417,0.0
561180,0.0,0.0,0.996555780951657,2157580.0185768735,0.0
561240,0.0,0.0,0.996555780951657,2154819.2187023633,0.0
561300,0.0,0.0,0.996555780951657,2154020.061192737,0.0
561360,0.0,0.0,0.996555780951657,2151542.326531,0.0
561420,0.0,0.0,0.996555780951657,2153294.1094047995,0.0
561480,0.0,0.0,0.996555780951657,2155735.5478555122,0.0
561540,0.0,0.0,0.996555780951657,2156025.900414795,0.0
561600,0.0,0.0,0.996555780951657,2152430.6857067407,0.0
561660,0.0,0.0,0.996555780951657,2150551.594342397,0.0
561720,0.0,0.0,0.996555780951657,2152764.711147474,0.0
561780,0.0,0.0,0.996555780951657,2157576.8961456358,0.0
561840,0.0,0.0,0.996555780951657,2155005.9833759037,0.0
561900,0.0,0.0,0.996555780951657,2155573.0999258948,0.0
561960,0.0,0.0,0.996555780951657,2149524.7195607675,0.0
562020,0.0,0.0,0.996555780951657,2152644.0095658307,0.0
562080,0.0,0.0,0.996555780951657,2155366.2588851927,0.0
562140,0.0,0.0,0.996555780951657,2155170.6056848085,0.0
562200,0.0,0.0,0.996555780951657,2156982.849865388,0.0
562260,0.0,0.0,0.996555780951657,2152771.228091822,0.0
562320,0.0,0.0,0.996555780951657,2152042.4851472448,0.0
562380,0.0,0.0,0.996555780951657,2153861.803044759,0.0
562440,0.0,0.0,0.996555780951657,2155331.3724145563,0.0
562500,0.0,0.0,0.996555780951657,2154913.0369287604,0.0
562560,0.0,0.0,0.996555780951657,2154801.9745167955,0.0
562620,0.0,0.0,0.996555780951657,2150040.472080195,0.0
562680,0.0,0.0,0.996555780951657,2152862.534119848,0.0
562740,0.0,0.0,0.996555780951657,2156342.804107387,0.0
562800,0.0,0.0,0.996555780951657,2155463.0364063717,0.0
562860,0.0,0.0,0.996555780951657,2154924.596908251,0.0
562920,0.0,0.0,0.996555780951657,2151517.6783293313,0.0
562980,0.0,0.0,0.996555780951657,2152392.183842122,0.0
563040,0.0,0.0,0.996555780951657,2153917.968430139,0.0
563100,0.0,0.0,0.996555780951657,2157957.5577158495,0.0
563160,0.0,0.0,0.996555780951657,2154650.1395200416,0.0
563220,0.0,0.0,0.996555780951657,2154203.846585974,0.0
563280,0.0,0.0,0.996555780951657,2151639.4823888266,0.0
563340,0.0,0.0,0.996555780951657,2153356.7489924985,0.0
563400,0.0,0.0,0.996555780951657,2155687.5004390944,0.0
563460,0.0,0.0,0.996555780951657,2155964.440390325,0.0
563520,0.0,0.0,0.996555780951657,2151607.3939842302,0.0
563580,0.0,0.0,0.996555780951657,2152880.2297537606,0.0
563640,0.0,0.0,0.996555780951657,2153035.9085234297,0.0
563700,0.0,0.0,0.996555780951657,2154631.2449596934,0.0
563760,0.0,0.0,0.996555780951657,2157606.8855563,0.0
563820,0.0,0.0,0.996555780951657,2154137.113592107,0.0
563880,0.0,0.0,0.996555780951657,2152790.5394948996,0.0
563940,0.0,0.0,0.996555780951657,2152222.0041109556,0.0
564000,0.0,0.0,0.996555780951657,2154208.5721388953,0.0
564060,0.0,0.0,0.996555780951657,2158055.0573037053,0.0
564120,0.0,0.0,0.996555780951657,2154109.123270132,0.0
564180,0.0,0.0,0.996555780951657,2154252.7420581565,0.0
564240,0.0,0.0,0.996555780951657,2150595.845786019,0.0
564300,0.0,0.0,0.996555780951657,2153857.439812091,0.0
564360,0.0,0.0,0.996555780951657,2155404.2690595393,0.0
564420,0.0,0.0,0.996555780951657,2154495.9739017943,0.0
564480,0.0,0.0,0.996555780951657,2154861.588146538,0.0
564540,0.0,0.0,0.996555780951657,2149924.7892660415,0.0
564600,0.0,0.0,0.996555780951657,2152968.336379889,0.0
564660,0.0,0.0,0.996555780951657,2156628.167613172,0.0
564720,0.0,0.0,0.996555780951657,2155268.1166851227,0.0
564780,0.0,0.0,0.996555780951657,2155878.730295121,0.0
564840,0.0,0.0,0.996555780951657,2151891.9091435806,0.0
564900,0.0,0.0,0.996555780951657,2152264.1190744857,0.0
564960,0.0,0.0,0.996555780951657,2154850.596849561,0.0
565020,0.0,0.0,0.996555780951657,2155850.001805657,0.0
565080,0.0,0.0,0.996555780951657,2153916.0655479073,0.0
565140,0.0,0.0,0.996555780951657,2153944.152876753,0.0
565200,0.0,0.0,0.996555780951657,2150851.061916555,0.0
565260,0.0,0.0,0.996555780951657,2154678.5518954843,0.0
565320,0.0,0.0,0.996555780951657,2155112.0669832504,0.0
565380,0.0,0.0,0.996555780951657,2157391.225040058,0.0
565440,0.0,0.0,0.996555780951657,2150666.0028226837,0.0
565500,0.0,0.0,0.996555780951657,2153027.140888524,0.0
565560,0.0,0.0,0.996555780951657,2153289.489387891,0.0
565620,0.0,0.0,0.996555780951657,2154538.2528258245,0.0
565680,0.0,0.0,0.996555780951657,2157825.7210443444,0.0
565740,0.0,0.0,0.996555780951657,2154029.4864637014,0.0
565800,0.0,0.0,0.996555780951657,2152878.846025607,0.0
565860,0.0,0.0,0.996555780951657,2152363.604626691,0.0
565920,0.0,0.0,0.996555780951657,2154227.87945144,0.0
565980,0.0,0.0,0.996555780951657,2155701.834035032,0.0
566040,0.0,0.0,0.996555780951657,2155690.5621755933,0.0
566100,0.0,0.0,0.996555780951657,2150447.9329815092,0.0
566160,0.0,0.0,0.996555780951657,2152441.1619020184,0.0
566220,0.0,0.0,0.996555780951657,2154546.859049317,0.0
566280,0.0,0.0,0.996555780951657,2155155.5382181294,0.0
566340,0.0,0.0,0.996555780951657,2157146.330793058,0.0
566400,0.0,0.0,0.996555780951657,2153267.3928938587,0.0
566460,0.0,0.0,0.996555780951657,2152019.3479685006,0.0
566520,0.0,0.0,0.996555780951657,2154369.0145408576,0.0
566580,0.0,0.0,0.996555780951657,2154876.7076364304,0.0
566640,0.0,0.0,0.996555780951657,2156808.255165809,0.0
566700,0.0,0.0,0.996555780951657,2151447.733239923,0.0
566760,0.0,0.0,0.996555780951657,2152108.108481153,0.0
566820,0.0,0.0,0.996555780951657,2152268.5250638067,0.0
566880,0.0,0.0,0.996555780951657,2154897.177458294,0.0
566940,0.0,0.0,0.996555780951657,2155728.657177108,0.0
567000,0.0,0.0,0.996555780951657,2153538.1170825246,0.0
567060,0.0,0.0,0.996555780951657,2154047.9680920076,0.0
567120,0.0,0.0,0.996555780951657,2150900.345718,0.0
567180,0.0,0.0,0.996555780951657,2153607.7032249155,0.0
567240,0.0,0.0,0.996555780951657,2157376.9616186586,0.0
567300,0.0,0.0,0.996555780951657,2155037.083342967,0.0
567360,0.0,0.0,0.996555780951657,2154588.5719397035,0.0
567420,0.0,0.0,0.996555780951657,2151444.9287951845,0.0
567480,0.0,0.0,0.996555780951657,2152921.095775598,0.0
567540,0.0,0.0,0.996555780951657,2155548.244905692,0.0
567600,0.0,0.0,0.996555780951657,2156049.738895449,0.0
567660,0.0,0.0,0.996555780951657,2153236.5045221453,0.0
567720,0.0,0.0,0.996555780951657,2150551.461015384,0.0
567780,0.0,0.0,0.996555780951657,2152567.4595821886,0.0
567840,0.0,0.0,0.996555780951657,2157051.7861011694,0.0
567900,0.0,0.0,0.996555780951657,2155225.7340891133,0.0
567960,0.0,0.0,0.996555780951657,2155782.6243350334,0.0
568020,0.0,0.0,0.996555780951657,2149801.97599252,0.0
568080,0.0,0.0,0.996555780951657,2152645.3140750146,0.0
568140,0.0,0.0,0.996555780951657,2154720.564126232,0.0
568200,0.0,0.0,0.996555780951657,2155046.768877418,0.0
568260,0.0,0.0,0.996555780951657,2157322.2030914105,0.0
568320,0.0,0.0,0.996555780951657,2153172.1448665676,0.0
568380,0.0,0.0,0.996555780951657,2152133.234915251,0.0
568440,0.0,0.0,0.996555780951657,2153385.467928693,0.0
568500,0.0,0.0,0.996555780951657,2155036.4986148607,0.0
568560,0.0,0.0,0.996555780951657,2155265.138276773,0.0
568620,0.0,0.0,0.996555780951657,2155121.185101134,0.0
568680,0.0,0.0,0.996555780951657,2149948.507034958,0.0
568740,0.0,0.0,0.996555780951657,2152629.5085609513,0.0
568800,0.0,0.0,0.996555780951657,2155844.745784568,0.0
568860,0.0,0.0,0.996555780951657,2155408.020495221,0.0
568920,0.0,0.0,0.996555780951657,2156290.8562004403,0.0
568980,0.0,0.0,0.996555780951657,2148877.3410755787,0.0
569040,0.0,0.0,0.996555780951657,2152226.323860364,0.0
569100,0.0,0.0,0.996555780951657,2154030.542144559,0.0
569160,0.0,0.0,0.996555780951657,2157303.8437655377,0.0
569220,0.0,0.0,0.996555780951657,2155032.8580794446,0.0
569280,0.0,0.0,0.996555780951657,2154519.280417451,0.0
569340,0.0,0.0,0.996555780951657,2151475.242920261,0.0
569400,0.0,0.0,0.996555780951657,2152966.1599954544,0.0
569460,0.0,0.0,0.996555780951657,2155520.992996041,0.0
569520,0.0,0.0,0.996555780951657,2155988.6775038512,0.0
569580,0.0,0.0,0.996555780951657,2152246.440167046,0.0
569640,0.0,0.0,0.996555780951657,2153225.670853175,0.0
569700,0.0,0.0,0.996555780951657,2152287.7747879517,0.0
569760,0.0,0.0,0.996555780951657,2154314.760186076,0.0
569820,0.0,0.0,0.996555780951657,2157645.547430775,0.0
569880,0.0,0.0,0.996555780951657,2154499.447775634,0.0
569940,0.0,0.0,0.996555780951657,2153326.703848154,0.0
570000,0.0,0.0,0.996555780951657,2151829.410840858,0.0
570060,0.0,0.0,0.996555780951657,2153773.3385328455,0.0
570120,0.0,0.0,0.996555780951657,2158198.3543302314,0.0
570180,0.0,0.0,0.996555780951657,2154488.9526999816,0.0
570240,0.0,0.0,0.996555780951657,2154744.8850062056,0.0
570300,0.0,0.0,0.996555780951657,2149825.5900413087,0.0
570360,0.0,0.0,0.996555780951657,2153387.2250815053,0.0
570420,0.0,0.0,0.996555780951657,2155077.2769318847,0.0
570480,0.0,0.0,0.996555780951657,2154921.8702299288,0.0
570540,0.0,0.0,0.996555780951657,2155174.0614814963,0.0
570600,0.0,0.0,0.996555780951657,2149729.0641305163,0.0
570660,0.0,0.0,0.996555780951657,2152748.4547359953,0.0
570720,0.0,0.0,0.996555780951657,2156103.4795542476,0.0
570780,0.0,0.0,0.996555780951657,2155274.5875402377,0.0
570840,0.0,0.0,0.996555780951657,2156408.3765540197,0.0
570900,0.0,0.0,0.996555780951657,2152281.3854390546,0.0
570960,0.0,0.0,0.996555780951657,2152080.367529373,0.0
571020,0.0,0.0,0.996555780951657,2154415.1551289693,0.0
571080,0.0,0.0,0.996555780951657,2155652.7610949506,0.0
571140,0.0,0.0,0.996555780951657,2154440.4067247254,0.0
571200,0.0,0.0,0.996555780951657,2154346.0695295855,0.0
571260,0.0,0.0,0.996555780951657,2150401.39257461,0.0
571320,0.0,0.0,0.996555780951657,2153205.864581784,0.0
571380,0.0,0.0,0.996555780951657,2156802.9674127754,0.0
571440,0.0,0.0,0.996555780951657,2154952.5798145486,0.0
571500,0.0,0.0,0.996555780951657,2154586.0637366106,0.0
571560,0.0,0.0,0.996555780951657,2151147.8095607683,0.0
571620,0.0,0.0,0.996555780951657,2153312.817988005,0.0
571680,0.0,0.0,0.996555780951657,2154272.122090781,0.0
571740,0.0,0.0,0.996555780951657,2157972.80055736,0.0
571800,0.0,0.0,0.996555780951657,2154355.435735901,0.0
571860,0.0,0.0,0.996555780951657,2153538.47961479,0.0
571920,0.0,0.0,0.996555780951657,2151935.9432734526,0.0
571980,0.0,0.0,0.996555780951657,2153791.184686827,0.0
572040,0.0,0.0,0.996555780951657,2155756.615906235,0.0
572100,0.0,0.0,0.996555780951657,2155870.5020523597,0.0
572160,0.0,0.0,0.996555780951657,2151013.8495619847,0.0
572220,0.0,0.0,0.996555780951657,2152577.3828973416,0.0
572280,0.0,0.0,0.996555780951657,2153793.5035520317,0.0
572340,0.0,0.0,0.996555780951657,2154922.5464392086,0.0
572400,0.0,0.0,0.996555780951657,2157429.4130203407,0.0
572460,0.0,0.0,0.996555780951657,2153726.5831018393,0.0
572520,0.0,0.0,0.996555780951657,2152331.1218946856,0.0
572580,0.0,0.0,0.996555780951657,2153415.407036382,0.0
572640,0.0,0.0,0.996555780951657,2154573.567512709,0.0
572700,0.0,0.0,0.996555780951657,2156764.066500505,0.0
572760,0.0,0.0,0.996555780951657,2152372.4469750025,0.0
572820,0.0,0.0,0.996555780951657,2152502.858648483,0.0
572880,0.0,0.0,0.996555780951657,2152058.4073510333,0.0
572940,0.0,0.0,0.996555780951657,2154467.0525857382,0.0
573000,0.0,0.0,0.996555780951657,2155516.8423957285,0.0
573060,0.0,0.0,0.996555780951657,2154108.5349939135,0.0
573120,0.0,0.0,0.996555780951657,2154447.334860671,0.0
573180,0.0,0.0,0.996555780951657,2150352.2609374975,0.0
573240,0.0,0.0,0.996555780951657,2153274.5666403645,0.0
573300,0.0,0.0,0.996555780951657,2157055.810428392,0.0
573360,0.0,0.0,0.996555780951657,2155198.576783779,0.0
573420,0.0,0.0,0.996555780951657,2155217.46646386,0.0
573480,0.0,0.0,0.996555780951657,2151544.549528571,0.0
573540,0.0,0.0,0.996555780951657,2152559.4737537093,0.0
573600,0.0,0.0,0.996555780951657,2155250.3980056,0.0
573660,0.0,0.0,0.996555780951657,2155997.340220469,0.0
573720,0.0,0.0,0.996555780951657,2154117.9521380044,0.0
573780,0.0,0.0,0.996555780951657,2150831.4367614533,0.0
573840,0.0,0.0,0.996555780951657,2152450.910779944,0.0
573900,0.0,0.0,0.996555780951657,2156389.574527564,0.0
573960,0.0,0.0,0.996555780951657,2155345.0574200586,0.0
574020,0.0,0.0,0.996555780951657,2155947.5272616665,0.0
574080,0.0,0.0,0.996555780951657,2150324.858458189,0.0
574140,0.0,0.0,0.996555780951657,2152795.360101726,0.0
574200,0.0,0.0,0.996555780951657,2153989.207272033,0.0
574260,0.0,0.0,0.996555780951657,2154851.2385754925,0.0
574320,0.0,0.0,0.996555780951657,2157603.851736949,0.0
574380,0.0,0.0,0.996555780951657,2153590.732152062,0.0
574440,0.0,0.0,0.996555780951657,2152400.998557788,0.0
574500,0.0,0.0,0.996555780951657,2152880.6900843265,0.0
574560,0.0,0.0,0.996555780951657,2154676.6558703654,0.0
574620,0.0,0.0,0.996555780951657,2155539.121244267,0.0
574680,0.0,0.0,0.996555780951657,2155421.193269602,0.0
574740,0.0,0.0,0.996555780951657,2150067.2584969,0.0
574800,0.0,0.0,0.996555780951657,2152466.0008800193,0.0
574860,0.0,0.0,0.996555780951657,2155249.772263015,0.0
574920,0.0,0.0,0.996555780951657,2155333.4099285267,0.0
574980,0.0,0.0,0.996555780951657,2156730.818967202,0.0
575040,0.0,0.0,0.996555780951657,2149242.485154816,0.0
575100,0.0,0.0,0.996555780951657,2152206.4949664185,0.0
575160,0.0,0.0,0.996555780951657,2153479.3272566875,0.0
575220,0.0,0.0,0.996555780951657,2157384.3811602523,0.0
575280,0.0,0.0,0.996555780951657,2155171.1639311756,0.0
575340,0.0,0.0,0.996555780951657,2155155.5707209087,0.0
575400,0.0,0.0,0.996555780951657,2151529.365102485,0.0
575460,0.0,0.0,0.996555780951657,2152652.058304532,0.0
575520,0.0,0.0,0.996555780951657,2155273.360117498,0.0
575580,0.0,0.0,0.996555780951657,2155937.0449041147,0.0
575640,0.0,0.0,0.996555780951657,2152871.988945332,0.0
575700,0.0,0.0,0.996555780951657,2153582.055114486,0.0
575760,0.0,0.0,0.996555780951657,2151612.9055888224,0.0
575820,0.0,0.0,0.996555780951657,2153993.256472154,0.0
575880,0.0,0.0,0.996555780951657,2157565.4267503843,0.0
575940,0.0,0.0,0.996555780951657,2154793.0275431634,0.0
576000,0.0,0.0,0.996555780951657,2153885.636789636,0.0
576060,0.0,0.0,0.996555780951657,2151563.315121727,0.0
576120,0.0,0.0,0.996555780951657,2153362.7805338753,0.0
576180,0.0,0.0,0.996555780951657,2158175.1678546295,0.0
576240,0.0,0.0,0.996555780951657,2154789.121731115,0.0
576300,0.0,0.0,0.996555780951657,2155190.9140953915,0.0
576360,0.0,0.0,0.996555780951657,2149225.700087404,0.0
576420,0.0,0.0,0.996555780951657,2152937.8676293804,0.0
576480,0.0,0.0,0.996555780951657,2154728.0984099736,0.0
576540,0.0,0.0,0.996555780951657,2155247.179291403,0.0
576600,0.0,0.0,0.996555780951657,2155427.839198523,0.0
576660,0.0,0.0,0.996555780951657,2149756.3827534984,0.0
576720,0.0,0.0,0.996555780951657,2152613.2983117998,0.0
576780,0.0,0.0,0.996555780951657,2155519.6991769783,0.0
576840,0.0,0.0,0.996555780951657,2155218.6805874137,0.0
576900,0.0,0.0,0.996555780951657,2156847.740592359,0.0
576960,0.0,0.0,0.996555780951657,2152684.170785451,0.0
577020,0.0,0.0,0.996555780951657,2152010.427714153,0.0
577080,0.0,0.0,0.996555780951657,2153952.881560348,0.0
577140,0.0,0.0,0.996555780951657,2155407.732834252,0.0
577200,0.0,0.0,0.996555780951657,2154884.4391711424,0.0
577260,0.0,0.0,0.996555780951657,2154713.205466264,0.0
577320,0.0,0.0,0.996555780951657,2150110.0971579067,0.0
577380,0.0,0.0,0.996555780951657,2152902.041487175,0.0
577440,0.0,0.0,0.996555780951657,2156392.3063874193,0.0
577500,0.0,0.0,0.996555780951657,2155447.4314623885,0.0
577560,0.0,0.0,0.996555780951657,2154878.327425475,0.0
577620,0.0,0.0,0.996555780951657,2151455.031548876,0.0
577680,0.0,0.0,0.996555780951657,2152480.576337773,0.0
577740,0.0,0.0,0.996555780951657,2153975.8625044012,0.0
577800,0.0,0.0,0.996555780951657,2157924.7041619606,0.0
577860,0.0,0.0,0.996555780951657,2154631.8332302524,0.0
577920,0.0,0.0,0.996555780951657,2154082.6822856907,0.0
577980,0.0,0.0,0.996555780951657,2151658.3480896703,0.0
578040,0.0,0.0,0.996555780951657,2153410.8044925607,0.0
578100,0.0,0.0,0.996555780951657,2155715.084596109,0.0
578160,0.0,0.0,0.996555780951657,2155965.1425332283,0.0
578220,0.0,0.0,0.996555780951657,2151595.828355789,0.0
578280,0.0,0.0,0.996555780951657,2152813.4974988196,0.0
578340,0.0,0.0,0.996555780951657,2153102.9626638214,0.0
578400,0.0,0.0,0.996555780951657,2154675.6829184745,0.0
578460,0.0,0.0,0.996555780951657,2157566.4650754947,0.0
578520,0.0,0.0,0.996555780951657,2154109.074393042,0.0
578580,0.0,0.0,0.996555780951657,2152722.192735094,0.0
578640,0.0,0.0,0.996555780951657,2152518.0350253363,0.0
578700,0.0,0.0,0.996555780951657,2154264.941072998,0.0
578760,0.0,0.0,0.996555780951657,2156639.203049744,0.0
578820,0.0,0.0,0.996555780951657,2153253.8239468606,0.0
578880,0.0,0.0,0.996555780951657,2152876.3973346846,0.0
578940,0.0,0.0,0.996555780951657,2151969.286393765,0.0
579000,0.0,0.0,0.996555780951657,2154031.3338378496,0.0
579060,0.0,0.0,0.996555780951657,2155281.9570893226,0.0
579120,0.0,0.0,0.996555780951657,2154580.299170216,0.0
579180,0.0,0.0,0.996555780951657,2154780.9634918496,0.0
579240,0.0,0.0,0.996555780951657,2149989.496949137,0.0
579300,0.0,0.0,0.996555780951657,2153001.9721173425,0.0
579360,0.0,0.0,0.996555780951657,2156658.315889791,0.0
579420,0.0,0.0,0.996555780951657,2155286.6477566273,0.0
579480,0.0,0.0,0.996555780951657,2155753.509662476,0.0
579540,0.0,0.0,0.996555780951657,2151832.6375612533,0.0
579600,0.0,0.0,0.996555780951657,2152287.266582908,0.0
579660,0.0,0.0,0.996555780951657,2154906.245303175,0.0
579720,0.0,0.0,0.996555780951657,2155887.256931489,0.0
579780,0.0,0.0,0.996555780951657,2153890.5797486757,0.0
579840,0.0,0.0,0.996555780951657,2153864.587922791,0.0
579900,0.0,0.0,0.996555780951657,2150923.5109749525,0.0
579960,0.0,0.0,0.996555780951657,2154723.9103540545,0.0
580020,0.0,0.0,0.996555780951657,2155160.213869301,0.0
580080,0.0,0.0,0.996555780951657,2157286.0521722343,0.0
580140,0.0,0.0,0.996555780951657,2150687.666903444,0.0
580200,0.0,0.0,0.996555780951657,2152958.318308526,0.0
580260,0.0,0.0,0.996555780951657,2153356.1457459503,0.0
580320,0.0,0.0,0.996555780951657,2154579.997999318,0.0
580380,0.0,0.0,0.996555780951657,2157780.6172937457,0.0
580440,0.0,0.0,0.996555780951657,2154004.0539047876,0.0
580500,0.0,0.0,0.996555780951657,2152811.0618827525,0.0
580560,0.0,0.0,0.996555780951657,2152392.6804433973,0.0
580620,0.0,0.0,0.996555780951657,2154270.0286783627,0.0
580680,0.0,0.0,0.996555780951657,2155713.2770709596,0.0
580740,0.0,0.0,0.996555780951657,2155673.620262355,0.0
580800,0.0,0.0,0.996555780951657,2150459.9385109968,0.0
580860,0.0,0.0,0.996555780951657,2152417.780442045,0.0
580920,0.0,0.0,0.996555780951657,2154576.380052198,0.0
580980,0.0,0.0,0.996555780951657,2155182.4925415963,0.0
581040,0.0,0.0,0.996555780951657,2157102.8792025633,0.0
581100,0.0,0.0,0.996555780951657,2149870.0827011303,0.0
581160,0.0,0.0,0.996555780951657,2152364.3604137097,0.0
581220,0.0,0.0,0.996555780951657,2152916.5901466645,0.0
581280,0.0,0.0,0.996555780951657,2157311.832774458,0.0
581340,0.0,0.0,0.996555780951657,2155242.3104927232,0.0
581400,0.0,0.0,0.996555780951657,2155795.439198556,0.0
581460,0.0,0.0,0.996555780951657,2151811.4983098754,0.0
581520,0.0,0.0,0.996555780951657,2152394.92138781,0.0
581580,0.0,0.0,0.996555780951657,2154934.873132893,0.0
581640,0.0,0.0,0.996555780951657,2155813.9638996865,0.0
581700,0.0,0.0,0.996555780951657,2153483.1407679142,0.0
581760,0.0,0.0,0.996555780951657,2153968.706965164,0.0
581820,0.0,0.0,0.996555780951657,2150984.7678405046,0.0
581880,0.0,0.0,0.996555780951657,2153653.9500209806,0.0
581940,0.0,0.0,0.996555780951657,2157376.2218633583,0.0
582000,0.0,0.0,0.996555780951657,2155031.049218906,0.0
582060,0.0,0.0,0.996555780951657,2154487.6969598206,0.0
582120,0.0,0.0,0.996555780951657,2151439.9835862857,0.0
582180,0.0,0.0,0.996555780951657,2152961.8628845788,0.0
582240,0.0,0.0,0.996555780951657,2155580.2628861335,0.0
582300,0.0,0.0,0.996555780951657,2156059.7215611185,0.0
582360,0.0,0.0,0.996555780951657,2153191.863250904,0.0
582420,0.0,0.0,0.996555780951657,2150560.857817874,0.0
582480,0.0,0.0,0.996555780951657,2152569.2765190974,0.0
582540,0.0,0.0,0.996555780951657,2157038.791571498,0.0
582600,0.0,0.0,0.996555780951657,2155247.5351642165,0.0
582660,0.0,0.0,0.996555780951657,2155763.343188355,0.0
582720,0.0,0.0,0.996555780951657,2149828.86161898,0.0
582780,0.0,0.0,0.996555780951657,2152615.296975402,0.0
582840,0.0,0.0,0.996555780951657,2154755.0679109064,0.0
582900,0.0,0.0,0.996555780951657,2155075.5729028885,0.0
582960,0.0,0.0,0.996555780951657,2157269.5812415816,0.0
583020,0.0,0.0,0.996555780951657,2153146.848061123,0.0
583080,0.0,0.0,0.996555780951657,2152103.700387729,0.0
583140,0.0,0.0,0.996555780951657,2153409.354976187,0.0
583200,0.0,0.0,0.996555780951657,2155066.822473316,0.0
583260,0.0,0.0,0.996555780951657,2155273.088343597,0.0
583320,0.0,0.0,0.996555780951657,2155095.9629295366,0.0
583380,0.0,0.0,0.996555780951657,2149974.2721832893,0.0
583440,0.0,0.0,0.996555780951657,2152629.084542297,0.0
583500,0.0,0.0,0.996555780951657,2155851.3838096377,0.0
583560,0.0,0.0,0.996555780951657,2155856.7688598633,0.0
583620,0.0,0.0,0.996555780951657,2155150.5518115107,0.0
583680,0.0,0.0,0.996555780951657,2151989.654424481,0.0
583740,0.0,0.0,0.996555780951657,2151588.406643067,0.0
583800,0.0,0.0,0.996555780951657,2153638.887697599,0.0
583860,0.0,0.0,0.996555780951657,2157763.6830876213,0.0
583920,0.0,0.0,0.996555780951657,2154868.1461983966,0.0
583980,0.0,0.0,0.996555780951657,2154725.117120976,0.0
584040,0.0,0.0,0.996555780951657,2151505.7538519334,0.0
584100,0.0,0.0,0.996555780951657,2153012.581126216,0.0
584160,0.0,0.0,0.996555780951657,2155558.8949777777,0.0
584220,0.0,0.0,0.996555780951657,2155993.6121167704,0.0
584280,0.0,0.0,0.996555780951657,2152239.706191215,0.0
584340,0.0,0.0,0.996555780951657,2153151.8671410806,0.0
584400,0.0,0.0,0.996555780951657,2152360.1090518218,0.0
584460,0.0,0.0,0.996555780951657,2154360.0992797967,0.0
584520,0.0,0.0,0.996555780951657,2157616.2124740924,0.0
584580,0.0,0.0,0.996555780951657,2154478.7035586163,0.0
584640,0.0,0.0,0.996555780951657,2153248.6294592693,0.0
584700,0.0,0.0,0.996555780951657,2151568.450497914,0.0
584760,0.0,0.0,0.996555780951657,2153894.9493556977,0.0
584820,0.0,0.0,0.996555780951657,2156418.5231967024,0.0
584880,0.0,0.0,0.996555780951657,2154147.5941801416,0.0
584940,0.0,0.0,0.996555780951657,2153287.2556898845,0.0
585000,0.0,0.0,0.996555780951657,2152016.41125907,0.0
585060,0.0,0.0,0.996555780951657,2153530.9748636135,0.0
585120,0.0,0.0,0.996555780951657,2154976.4803381823,0.0
585180,0.0,0.0,0.996555780951657,2154993.9995604143,0.0
585240,0.0,0.0,0.996555780951657,2155113.3326192726,0.0
585300,0.0,0.0,0.996555780951657,2149764.2189342277,0.0
585360,0.0,0.0,0.996555780951657,2152764.560240574,0.0
585420,0.0,0.0,0.996555780951657,2156150.8256752607,0.0
585480,0.0,0.0,0.996555780951657,2155305.0730951373,0.0
585540,0.0,0.0,0.996555780951657,2156289.699138349,0.0
585600,0.0,0.0,0.996555780951657,2152216.8546973253,0.0
585660,0.0,0.0,0.996555780951657,2152084.2219724897,0.0
585720,0.0,0.0,0.996555780951657,2154476.3276435337,0.0
585780,0.0,0.0,0.996555780951657,2155700.4612178956,0.0
585840,0.0,0.0,0.996555780951657,2154418.6857521413,0.0
585900,0.0,0.0,0.996555780951657,2154271.033269095,0.0
585960,0.0,0.0,0.996555780951657,2150466.4092856566,0.0
586020,0.0,0.0,0.996555780951657,2154129.282062841,0.0
586080,0.0,0.0,0.996555780951657,2154905.1100245593,0.0
586140,0.0,0.0,0.996555780951657,2157780.954601876,0.0
586200,0.0,0.0,0.996555780951657,2151327.862591544,0.0
586260,0.0,0.0,0.996555780951657,2153272.360599947,0.0
586320,0.0,0.0,0.996555780951657,2152581.114163169,0.0
586380,0.0,0.0,0.996555780951657,2154308.061750733,0.0
586440,0.0,0.0,0.996555780951657,2157828.084233035,0.0
586500,0.0,0.0,0.996555780951657,2154347.2269265465,0.0
586560,0.0,0.0,0.996555780951657,2153305.6641140794,0.0
586620,0.0,0.0,0.996555780951657,2151990.814877606,0.0
586680,0.0,0.0,0.996555780951657,2153873.840874811,0.0
586740,0.0,0.0,0.996555780951657,2155780.3063084157,0.0
586800,0.0,0.0,0.996555780951657,2155850.5063074464,0.0
586860,0.0,0.0,0.996555780951657,2150984.5896369764,0.0
586920,0.0,0.0,0.996555780951657,2152505.709579704,0.0
586980,0.0,0.0,0.996555780951657,2153892.630454045,0.0
587040,0.0,0.0,0.996555780951657,2154982.27280402,0.0
587100,0.0,0.0,0.996555780951657,2157359.136374919,0.0
587160,0.0,0.0,0.996555780951657,2150584.962721205,0.0
587220,0.0,0.0,0.996555780951657,2152637.6530326037,0.0
587280,0.0,0.0,0.996555780951657,2152406.3215526566,0.0
587340,0.0,0.0,0.996555780951657,2157084.594719914,0.0
587400,0.0,0.0,0.996555780951657,2155248.9860872184,0.0
587460,0.0,0.0,0.996555780951657,2156358.785267887,0.0
587520,0.0,0.0,0.996555780951657,2152168.2700265185,0.0
587580,0.0,0.0,0.996555780951657,2152229.0800122423,0.0
587640,0.0,0.0,0.996555780951657,2154544.9952635835,0.0
587700,0.0,0.0,0.996555780951657,2155637.4741713484,0.0
587760,0.0,0.0,0.996555780951657,2154034.0972116278,0.0
587820,0.0,0.0,0.996555780951657,2154334.955723453,0.0
587880,0.0,0.0,0.996555780951657,2150474.5827966463,0.0
587940,0.0,0.0,0.996555780951657,2153336.5437298473,0.0
588000,0.0,0.0,0.996555780951657,2157087.339426645,0.0
588060,0.0,0.0,0.996555780951657,2155198.956083251,0.0
588120,0.0,0.0,0.996555780951657,2155062.9851831137,0.0
588180,0.0,0.0,0.996555780951657,2151500.602817465,0.0
588240,0.0,0.0,0.996555780951657,2152612.611577325,0.0
588300,0.0,0.0,0.996555780951657,2155312.1396700135,0.0
588360,0.0,0.0,0.996555780951657,2156026.3352175304,0.0
588420,0.0,0.0,0.996555780951657,2154014.490635544,0.0
588480,0.0,0.0,0.996555780951657,2150801.610436916,0.0
588540,0.0,0.0,0.996555780951657,2152436.3300599237,0.0
588600,0.0,0.0,0.996555780951657,2156416.48750959,0.0
588660,0.0,0.0,0.996555780951657,2155374.783749348,0.0
588720,0.0,0.0,0.996555780951657,2155930.060799004,0.0
588780,0.0,0.0,0.996555780951657,2150327.1055136626,0.0
588840,0.0,0.0,0.996555780951657,2152726.5812412435,0.0
588900,0.0,0.0,0.996555780951657,2154070.015996127,0.0
588960,0.0,0.0,0.996555780951657,2154899.848149199,0.0
589020,0.0,0.0,0.996555780951657,2157535.1290918863,0.0
589080,0.0,0.0,0.996555780951657,2153546.9168076846,0.0
589140,0.0,0.0,0.996555780951657,2152334.8017559093,0.0
589200,0.0,0.0,0.996555780951657,2152928.220753761,0.0
589260,0.0,0.0,0.996555780951657,2154731.2411261727,0.0
589320,0.0,0.0,0.996555780951657,2155542.545236088,0.0
589380,0.0,0.0,0.996555780951657,2155385.6794386157,0.0
589440,0.0,0.0,0.996555780951657,2150086.247318415,0.0
589500,0.0,0.0,0.996555780951657,2152459.490033746,0.0
589560,0.0,0.0,0.996555780951657,2155287.9276077566,0.0
589620,0.0,0.0,0.996555780951657,2156121.372299221,0.0
589680,0.0,0.0,0.996555780951657,2155340.7642019764,0.0
589740,0.0,0.0,0.996555780951657,2152594.1283528404,0.0
589800,0.0,0.0,0.996555780951657,2150831.708236465,0.0
589860,0.0,0.0,0.996555780951657,2153350.4040921056,0.0
589920,0.0,0.0,0.996555780951657,2157491.603287078,0.0
589980,0.0,0.0,0.996555780951657,2155027.5168601256,0.0
590040,0.0,0.0,0.996555780951657,2155288.811129921,0.0
590100,0.0,0.0,0.996555780951657,2151537.137253297,0.0
590160,0.0,0.0,0.996555780951657,2152689.2442301284,0.0
590220,0.0,0.0,0.996555780951657,2155333.1924299765,0.0
590280,0.0,0.0,0.996555780951657,2155957.8519683797,0.0
590340,0.0,0.0,0.996555780951657,2152846.6924037365,0.0
590400,0.0,0.0,0.996555780951657,2153486.7539843693,0.0
590460,0.0,0.0,0.996555780951657,2151712.0467336443,0.0
590520,0.0,0.0,0.996555780951657,2154051.7318293704,0.0
590580,0.0,0.0,0.996555780951657,2157547.268738203,0.0
590640,0.0,0.0,0.996555780951657,2154771.8441561754,0.0
590700,0.0,0.0,0.996555780951657,2153775.8847819217,0.0
590760,0.0,0.0,0.996555780951657,2151581.8582370128,0.0
590820,0.0,0.0,0.996555780951657,2153419.337873303,0.0
590880,0.0,0.0,0.996555780951657,2158117.5034975084,0.0
590940,0.0,0.0,0.996555780951657,2154789.4255700577,0.0
591000,0.0,0.0,0.996555780951657,2155108.8715452696,0.0
591060,0.0,0.0,0.996555780951657,2149324.235861136,0.0
591120,0.0,0.0,0.996555780951657,2152982.6200877437,0.0
591180,0.0,0.0,0.996555780951657,2154784.2885048236,0.0
591240,0.0,0.0,0.996555780951657,2155254.35533444,0.0
591300,0.0,0.0,0.996555780951657,2155397.692680524,0.0
591360,0.0,0.0,0.996555780951657,2149788.614058596,0.0
591420,0.0,0.0,0.996555780951657,2152603.2186671663,0.0
591480,0.0,0.0,0.996555780951657,2155551.715521648,0.0
591540,0.0,0.0,0.996555780951657,2155245.285808334,0.0
591600,0.0,0.0,0.996555780951657,2156782.9946438195,0.0
591660,0.0,0.0,0.996555780951657,2152650.748825714,0.0
591720,0.0,0.0,0.996555780951657,2151995.331740931,0.0
591780,0.0,0.0,0.996555780951657,2153983.460351799,0.0
591840,0.0,0.0,0.996555780951657,2155439.633350575,0.0
591900,0.0,0.0,0.996555780951657,2154886.9194906866,0.0
591960,0.0,0.0,0.996555780951657,2154676.014561879,0.0
592020,0.0,0.0,0.996555780951657,2150141.975076062,0.0
592080,0.0,0.0,0.996555780951657,2153470.835960323,0.0
592140,0.0,0.0,0.996555780951657,2154598.52073941,0.0
592200,0.0,0.0,0.996555780951657,2158177.986631856,0.0
592260,0.0,0.0,0.996555780951657,2151989.9324948783,0.0
592320,0.0,0.0,0.996555780951657,2153641.614479326,0.0
592380,0.0,0.0,0.996555780951657,2151804.320690672,0.0
592440,0.0,0.0,0.996555780951657,2154003.142633968,0.0
592500,0.0,0.0,0.996555780951657,2157767.8005268998,0.0
592560,0.0,0.0,0.996555780951657,2154647.9316797787,0.0
592620,0.0,0.0,0.996555780951657,2153882.3404882993,0.0
592680,0.0,0.0,0.996555780951657,2151677.3535896246,0.0
592740,0.0,0.0,0.996555780951657,2153466.2602156466,0.0
592800,0.0,0.0,0.996555780951657,2155742.8671072526,0.0
592860,0.0,0.0,0.996555780951657,2155964.7360867057,0.0
592920,0.0,0.0,0.996555780951657,2151578.40864815,0.0
592980,0.0,0.0,0.996555780951657,2152744.880590899,0.0
593040,0.0,0.0,0.996555780951657,2153174.2756526535,0.0
593100,0.0,0.0,0.996555780951657,2154722.8744940287,0.0
593160,0.0,0.0,0.996555780951657,2157523.8214769424,0.0
593220,0.0,0.0,0.996555780951657,2154077.2750582374,0.0
593280,0.0,0.0,0.996555780951657,2152651.013864703,0.0
593340,0.0,0.0,0.996555780951657,2152571.291854186,0.0
593400,0.0,0.0,0.996555780951657,2154307.8645026525,0.0
593460,0.0,0.0,0.996555780951657,2156653.5329266055,0.0
593520,0.0,0.0,0.996555780951657,2153259.180330023,0.0
593580,0.0,0.0,0.996555780951657,2152836.9752629716,0.0
593640,0.0,0.0,0.996555780951657,2151955.4866817375,0.0
593700,0.0,0.0,0.996555780951657,2154066.877779269,0.0
593760,0.0,0.0,0.996555780951657,2155318.7073409716,0.0
593820,0.0,0.0,0.996555780951657,2154584.336576684,0.0
593880,0.0,0.0,0.996555780951657,2154741.650403335,0.0
593940,0.0,0.0,0.996555780951657,2150030.5844883802,0.0
594000,0.0,0.0,0.996555780951657,2153013.04385368,0.0
594060,0.0,0.0,0.996555780951657,2156662.555949219,0.0
594120,0.0,0.0,0.996555780951657,2155299.538469644,0.0
594180,0.0,0.0,0.996555780951657,2155698.1978062736,0.0
594240,0.0,0.0,0.996555780951657,2151810.4336429546,0.0
594300,0.0,0.0,0.996555780951657,2152292.505193824,0.0
594360,0.0,0.0,0.996555780951657,2154924.7657009265,0.0
594420,0.0,0.0,0.996555780951657,2155904.0924619655,0.0
594480,0.0,0.0,0.996555780951657,2154905.3357604104,0.0
594540,0.0,0.0,0.996555780951657,2151266.2325210916,0.0
594600,0.0,0.0,0.996555780951657,2152420.039498677,0.0
594660,0.0,0.0,0.996555780951657,2155646.001084397,0.0
594720,0.0,0.0,0.996555780951657,2155390.2304554684,0.0
594780,0.0,0.0,0.996555780951657,2156042.1703499747,0.0
594840,0.0,0.0,0.996555780951657,2150938.402864621,0.0
594900,0.0,0.0,0.996555780951657,2152990.3466399605,0.0
594960,0.0,0.0,0.996555780951657,2153295.430718787,0.0
595020,0.0,0.0,0.996555780951657,2154646.9039758323,0.0
595080,0.0,0.0,0.996555780951657,2157734.535432534,0.0
595140,0.0,0.0,0.996555780951657,2153957.6951065124,0.0
595200,0.0,0.0,0.996555780951657,2152744.2367824083,0.0
595260,0.0,0.0,0.996555780951657,2152434.837279522,0.0
595320,0.0,0.0,0.996555780951657,2154327.341805919,0.0
595380,0.0,0.0,0.996555780951657,2155722.9364832514,0.0
595440,0.0,0.0,0.996555780951657,2155648.493265783,0.0
595500,0.0,0.0,0.996555780951657,2150463.856668619,0.0
595560,0.0,0.0,0.996555780951657,2152392.9668112607,0.0
595620,0.0,0.0,0.996555780951657,2154623.0311257113,0.0
595680,0.0,0.0,0.996555780951657,2156267.5713005704,0.0
595740,0.0,0.0,0.996555780951657,2155482.2045217534,0.0
595800,0.0,0.0,0.996555780951657,2153337.7433976317,0.0
595860,0.0,0.0,0.996555780951657,2150121.627302336,0.0
595920,0.0,0.0,0.996555780951657,2153069.7801680877,0.0
595980,0.0,0.0,0.996555780951657,2157099.3131759097,0.0
596040,0.0,0.0,0.996555780951657,2155126.2902480387,0.0
596100,0.0,0.0,0.996555780951657,2155884.002323088,0.0
596160,0.0,0.0,0.996555780951657,2151793.1754576336,0.0
596220,0.0,0.0,0.996555780951657,2152401.514566934,0.0
596280,0.0,0.0,0.996555780951657,2155005.5129754,0.0
596340,0.0,0.0,0.996555780951657,2155848.412153064,0.0
596400,0.0,0.0,0.996555780951657,2153457.93974912,0.0
596460,0.0,0.0,0.996555780951657,2153874.7927176226,0.0
596520,0.0,0.0,0.996555780951657,2151080.971112577,0.0
596580,0.0,0.0,0.996555780951657,2153708.449446137,0.0
596640,0.0,0.0,0.996555780951657,2157374.455372252,0.0
596700,0.0,0.0,0.996555780951657,2155021.074134178,0.0
596760,0.0,0.0,0.996555780951657,2154373.2717586574,0.0
596820,0.0,0.0,0.996555780951657,2151437.7066622516,0.0
596880,0.0,0.0,0.996555780951657,2153011.40972959,0.0
596940,0.0,0.0,0.996555780951657,2157959.1113428054,0.0
597000,0.0,0.0,0.996555780951657,2155026.163050604,0.0
597060,0.0,0.0,0.996555780951657,2155541.7409267686,0.0
597120,0.0,0.0,0.996555780951657,2148885.6439021076,0.0
597180,0.0,0.0,0.996555780951657,2152544.728134109,0.0
597240,0.0,0.0,0.996555780951657,2154397.4671298354,0.0
597300,0.0,0.0,0.996555780951657,2155489.8168337042,0.0
597360,0.0,0.0,0.996555780951657,2155616.979148894,0.0
597420,0.0,0.0,0.996555780951657,2150049.1598778344,0.0
597480,0.0,0.0,0.996555780951657,2152553.161282369,0.0
597540,0.0,0.0,0.996555780951657,2154903.930306717,0.0
597600,0.0,0.0,0.996555780951657,2155128.672244315,0.0
597660,0.0,0.0,0.996555780951657,2157162.521727333,0.0
597720,0.0,0.0,0.996555780951657,2153073.628349995,0.0
597780,0.0,0.0,0.996555780951657,2152045.4851173796,0.0
597840,0.0,0.0,0.996555780951657,2153488.7521132594,0.0
597900,0.0,0.0,0.996555780951657,2155141.032548576,0.0
597960,0.0,0.0,0.996555780951657,2155258.527018297,0.0
598020,0.0,0.0,0.996555780951657,2155027.3301529046,0.0
598080,0.0,0.0,0.996555780951657,2150015.927471211,0.0
598140,0.0,0.0,0.996555780951657,2152821.416310207,0.0
598200,0.0,0.0,0.996555780951657,2154281.423410809,0.0
598260,0.0,0.0,0.996555780951657,2158421.162596737,0.0
598320,0.0,0.0,0.996555780951657,2152624.960731543,0.0
598380,0.0,0.0,0.996555780951657,2154007.1430712524,0.0
598440,0.0,0.0,0.996555780951657,2151108.903927237,0.0
598500,0.0,0.0,0.996555780951657,2153704.8868292216,0.0
598560,0.0,0.0,0.996555780951657,2157596.2489608517,0.0
598620,0.0,0.0,0.996555780951657,2154882.933242702,0.0
598680,0.0,0.0,0.996555780951657,2154462.5266480036,0.0
598740,0.0,0.0,0.996555780951657,2151504.2504557082,0.0
598800,0.0,0.0,0.996555780951657,2153091.617159782,0.0
598860,0.0,0.0,0.996555780951657,2155612.772960653,0.0
598920,0.0,0.0,0.996555780951657,2156009.2498153844,0.0
598980,0.0,0.0,0.996555780951657,2152188.243975304,0.0
599040,0.0,0.0,0.996555780951657,2153041.2893167813,0.0
599100,0.0,0.0,0.996555780951657,2152484.779805375,0.0
599160,0.0,0.0,0.996555780951657,2154435.158970183,0.0
599220,0.0,0.0,0.996555780951657,2157576.4978341595,0.0
599280,0.0,0.0,0.996555780951657,2154433.9612275693,0.0
599340,0.0,0.0,0.996555780951657,2153123.2811412103,0.0
599400,0.0,0.0,0.996555780951657,2151687.536272454,0.0
599460,0.0,0.0,0.996555780951657,2153963.46541289,0.0
599520,0.0,0.0,0.996555780951657,2156459.2257783865,0.0
599580,0.0,0.0,0.996555780951657,2154108.791178813,0.0
599640,0.0,0.0,0.996555780951657,2153224.443890947,0.0
599700,0.0,0.0,0.996555780951657,2151973.265504427,0.0
599760,0.0,0.0,0.996555780951657,2153596.173745613,0.0
599820,0.0,0.0,0.996555780951657,2155039.820249217,0.0
599880,0.0,0.0,0.996555780951657,2154987.4710960425,0.0
599940,0.0,0.0,0.996555780951657,2155059.067882819,0.0
600000,0.0,0.0,0.996555780951657,2149816.758259706,0.0
600060,0.0,0.0,0.996555780951657,2152775.876625599,0.0
600120,0.0,0.0,0.996555780951657,2156185.925234954,0.0
600180,0.0,0.0,0.996555780951657,2155327.907546168,0.0
600240,0.0,0.0,0.996555780951657,2156201.8715126556,0.0
600300,0.0,0.0,0.996555780951657,2152171.3162011052,0.0
600360,0.0,0.0,0.996555780951657,2152086.934979672,0.0
600420,0.0,0.0,0.996555780951657,2154518.47322534,0.0
600480,0.0,0.0,0.996555780951657,2155735.014135222,0.0
600540,0.0,0.0,0.996555780951657,2155668.8485376895,0.0
600600,0.0,0.0,0.996555780951657,2151741.6621534545,0.0
600660,0.0,0.0,0.996555780951657,2152525.705826968,0.0
600720,0.0,0.0,0.996555780951657,2154848.981757962,0.0
600780,0.0,0.0,0.996555780951657,2155319.9169686376,0.0
600840,0.0,0.0,0.996555780951657,2156079.1380593185,0.0
600900,0.0,0.0,0.996555780951657,2151560.797459315,0.0
600960,0.0,0.0,0.996555780951657,2153269.0628234595,0.0
601020,0.0,0.0,0.996555780951657,2152590.0713082957,0.0
601080,0.0,0.0,0.996555780951657,2154388.288624633,0.0
601140,0.0,0.0,0.996555780951657,2157798.4299997003,0.0
601200,0.0,0.0,0.996555780951657,2154297.4759004964,0.0
601260,0.0,0.0,0.996555780951657,2153199.963884172,0.0
601320,0.0,0.0,0.996555780951657,2152038.4871177063,0.0
601380,0.0,0.0,0.996555780951657,2153947.1748324116,0.0
601440,0.0,0.0,0.996555780951657,2155798.8184216805,0.0
601500,0.0,0.0,0.996555780951657,2155830.030298358,0.0
601560,0.0,0.0,0.996555780951657,2150968.637060464,0.0
601620,0.0,0.0,0.996555780951657,2152450.595077537,0.0
601680,0.0,0.0,0.996555780951657,2153969.436945384,0.0
601740,0.0,0.0,0.996555780951657,2155031.3552320786,0.0
601800,0.0,0.0,0.996555780951657,2157298.758645011,0.0
601860,0.0,0.0,0.996555780951657,2150616.475932845,0.0
601920,0.0,0.0,0.996555780951657,2152572.7088715057,0.0
601980,0.0,0.0,0.996555780951657,2152465.8090057303,0.0
602040,0.0,0.0,0.996555780951657,2157066.266159535,0.0
602100,0.0,0.0,0.996555780951657,2155273.6332772905,0.0
602160,0.0,0.0,0.996555780951657,2156259.9117240324,0.0
602220,0.0,0.0,0.996555780951657,2152125.0922116274,0.0
602280,0.0,0.0,0.996555780951657,2152226.589459349,0.0
602340,0.0,0.0,0.996555780951657,2154584.3436506568,0.0
602400,0.0,0.0,0.996555780951657,2155671.7653158666,0.0
602460,0.0,0.0,0.996555780951657,2154031.6132896035,0.0
602520,0.0,0.0,0.996555780951657,2154283.055218746,0.0
602580,0.0,0.0,0.996555780951657,2150524.0263888813,0.0
602640,0.0,0.0,0.996555780951657,2153360.0756932274,0.0
602700,0.0,0.0,0.996555780951657,2157086.665853292,0.0
602760,0.0,0.0,0.996555780951657,2155205.0146483057,0.0
602820,0.0,0.0,0.996555780951657,2154998.3580720546,0.0
602880,0.0,0.0,0.996555780951657,2151484.9163401476,0.0
602940,0.0,0.0,0.996555780951657,2152629.9104579287,0.0
603000,0.0,0.0,0.996555780951657,2157649.9031486744,0.0
603060,0.0,0.0,0.996555780951657,2155182.0041493955,0.0
603120,0.0,0.0,0.996555780951657,2155941.9365533167,0.0
603180,0.0,0.0,0.996555780951657,2148659.1448946344,0.0
603240,0.0,0.0,0.996555780951657,2152152.350243368,0.0
603300,0.0,0.0,0.996555780951657,2153978.129673933,0.0
603360,0.0,0.0,0.996555780951657,2155621.4772515125,0.0
603420,0.0,0.0,0.996555780951657,2155782.7160179685,0.0
603480,0.0,0.0,0.996555780951657,2150546.561597728,0.0
603540,0.0,0.0,0.996555780951657,2152638.5838162247,0.0
603600,0.0,0.0,0.996555780951657,2154191.1869978127,0.0
603660,0.0,0.0,0.996555780951657,2154946.2263818546,0.0
603720,0.0,0.0,0.996555780951657,2157464.2414809885,0.0
603780,0.0,0.0,0.996555780951657,2153501.0880263387,0.0
603840,0.0,0.0,0.996555780951657,2152265.096855196,0.0
603900,0.0,0.0,0.996555780951657,2152980.0582876406,0.0
603960,0.0,0.0,0.996555780951657,2154788.5414407873,0.0
604020,0.0,0.0,0.996555780951657,2155544.1039700303,0.0
604080,0.0,0.0,0.996555780951657,2155346.008591565,0.0
604140,0.0,0.0,0.996555780951657,2150104.700646319,0.0
604200,0.0,0.0,0.996555780951657,2152455.873229476,0.0
604260,0.0,0.0,0.996555780951657,2155329.651767662,0.0
604320,0.0,0.0,0.996555780951657,2156124.1554586915,0.0
604380,0.0,0.0,0.996555780951657,2155331.0090096216,0.0
604440,0.0,0.0,0.996555780951657,2152534.3988326425,0.0
604500,0.0,0.0,0.996555780951657,2150888.5929777278,0.0
604560,0.0,0.0,0.996555780951657,2153375.432124625,0.0
604620,0.0,0.0,0.996555780951657,2157483.416287298,0.0
604680,0.0,0.0,0.996555780951657,2155034.1265715295,0.0
604740,0.0,0.0,0.996555780951657,2155211.502286511,0.0
604800,0.0,0.0,0.996555780951657,2151521.520359042,0.0
604860,0.0,0.0,0.996555780951657,2152707.6338366843,0.0
604920,0.0,0.0,0.996555780951657,2155356.526972942,0.0
604980,0.0,0.0,0.996555780951657,2155972.734033763,0.0
605040,0.0,0.0,0.996555780951657,2152852.512512912,0.0
605100,0.0,0.0,0.996555780951657,2153441.570086129,0.0
605160,0.0,0.0,0.996555780951657,2151746.5218159496,0.0
605220,0.0,0.0,0.996555780951657,2154075.526003851,0.0
605280,0.0,0.0,0.996555780951657,2157529.6403914844,0.0
605340,0.0,0.0,0.996555780951657,2154769.680533959,0.0
605400,0.0,0.0,0.996555780951657,2153730.581071804,0.0
605460,0.0,0.0,0.996555780951657,2150762.0234938795,0.0
605520,0.0,0.0,0.996555780951657,2153560.839883759,0.0
605580,0.0,0.0,0.996555780951657,2156155.79157749,0.0
605640,0.0,0.0,0.996555780951657,2154958.131177295,0.0
605700,0.0,0.0,0.996555780951657,2153644.452497064,0.0
605760,0.0,0.0,0.996555780951657,2152175.174469865,0.0
605820,0.0,0.0,0.996555780951657,2153068.5529426513,0.0
605880,0.0,0.0,0.996555780951657,2154683.378656392,0.0
605940,0.0,0.0,0.996555780951657,2155320.9025070486,0.0
606000,0.0,0.0,0.996555780951657,2155369.088285972,0.0
606060,0.0,0.0,0.996555780951657,2149786.2565493844,0.0
606120,0.0,0.0,0.996555780951657,2152599.3306875913,0.0
606180,0.0,0.0,0.996555780951657,2155590.1427371698,0.0
606240,0.0,0.0,0.996555780951657,2155277.6769454293,0.0
606300,0.0,0.0,0.996555780951657,2156699.7376061254,0.0
606360,0.0,0.0,0.996555780951657,2152603.6198132974,0.0
606420,0.0,0.0,0.996555780951657,2151981.0904207,0.0
606480,0.0,0.0,0.996555780951657,2154027.9783191597,0.0
606540,0.0,0.0,0.996555780951657,2155481.039971336,0.0
606600,0.0,0.0,0.996555780951657,2156422.4145030435,0.0
606660,0.0,0.0,0.996555780951657,2152269.943464285,0.0
606720,0.0,0.0,0.996555780951657,2152796.092097736,0.0
606780,0.0,0.0,0.996555780951657,2153943.211345486,0.0
606840,0.0,0.0,0.996555780951657,2155139.227950019,0.0
606900,0.0,0.0,0.996555780951657,2156045.234583184,0.0
606960,0.0,0.0,0.996555780951657,2152224.9716754435,0.0
607020,0.0,0.0,0.996555780951657,2153617.777219256,0.0
607080,0.0,0.0,0.996555780951657,2151856.3537034513,0.0
607140,0.0,0.0,0.996555780951657,2154079.3924611174,0.0
607200,0.0,0.0,0.996555780951657,2157767.0972349797,0.0
607260,0.0,0.0,0.996555780951657,2154610.7683190787,0.0
607320,0.0,0.0,0.996555780951657,2153763.7791812704,0.0
607380,0.0,0.0,0.996555780951657,2151708.4412782127,0.0
607440,0.0,0.0,0.996555780951657,2153535.009047427,0.0
607500,0.0,0.0,0.996555780951657,2155772.021562002,0.0
607560,0.0,0.0,0.996555780951657,2155958.656263889,0.0
607620,0.0,0.0,0.996555780951657,2151555.094712517,0.0
607680,0.0,0.0,0.996555780951657,2152669.458842696,0.0
607740,0.0,0.0,0.996555780951657,2153257.826898427,0.0
607800,0.0,0.0,0.996555780951657,2154776.501855833,0.0
607860,0.0,0.0,0.996555780951657,2157475.954136935,0.0
607920,0.0,0.0,0.996555780951657,2151382.7603857704,0.0
607980,0.0,0.0,0.996555780951657,2152900.550608801,0.0
608040,0.0,0.0,0.996555780951657,2151985.5122715263,0.0
608100,0.0,0.0,0.996555780951657,2156701.349307273,0.0
608160,0.0,0.0,0.996555780951657,2155222.13804594,0.0
608220,0.0,0.0,0.996555780951657,2156784.2920302204,0.0
608280,0.0,0.0,0.996555780951657,2152520.577476743,0.0
608340,0.0,0.0,0.996555780951657,2152146.9696659856,0.0
608400,0.0,0.0,0.996555780951657,2154137.338102409,0.0
608460,0.0,0.0,0.996555780951657,2155439.3545349767,0.0
608520,0.0,0.0,0.996555780951657,2154530.005014795,0.0
608580,0.0,0.0,0.996555780951657,2154649.296536175,0.0
608640,0.0,0.0,0.996555780951657,2150124.5296528884,0.0
608700,0.0,0.0,0.996555780951657,2153055.524588994,0.0
608760,0.0,0.0,0.996555780951657,2156705.986847697,0.0
608820,0.0,0.0,0.996555780951657,2155313.2917916286,0.0
608880,0.0,0.0,0.996555780951657,2155566.125377028,0.0
608940,0.0,0.0,0.996555780951657,2151747.2977392455,0.0
609000,0.0,0.0,0.996555780951657,2152324.0842794348,0.0
609060,0.0,0.0,0.996555780951657,2157200.134150995,0.0
609120,0.0,0.0,0.996555780951657,2155254.317180365,0.0
609180,0.0,0.0,0.996555780951657,2156260.7574171512,0.0
609240,0.0,0.0,0.996555780951657,2148731.042475353,0.0
609300,0.0,0.0,0.996555780951657,2151863.9696941334,0.0
609360,0.0,0.0,0.996555780951657,2153575.431375607,0.0
609420,0.0,0.0,0.996555780951657,2155648.9878425347,0.0
609480,0.0,0.0,0.996555780951657,2155881.061591394,0.0
609540,0.0,0.0,0.996555780951657,2151113.7603413644,0.0
609600,0.0,0.0,0.996555780951657,2152849.110867623,0.0
609660,0.0,0.0,0.996555780951657,2153476.5313382773,0.0
609720,0.0,0.0,0.996555780951657,2154724.4444293976,0.0
609780,0.0,0.0,0.996555780951657,2157652.1816695356,0.0
609840,0.0,0.0,0.996555780951657,2153891.580280367,0.0
609900,0.0,0.0,0.996555780951657,2152614.3778071715,0.0
609960,0.0,0.0,0.996555780951657,2152512.7694744584,0.0
610020,0.0,0.0,0.996555780951657,2154419.0735151893,0.0
610080,0.0,0.0,0.996555780951657,2155728.7627348085,0.0
610140,0.0,0.0,0.996555780951657,2155602.136453152,0.0
610200,0.0,0.0,0.996555780951657,2150446.66615783,0.0
610260,0.0,0.0,0.996555780951657,2152365.5161599363,0.0
610320,0.0,0.0,0.996555780951657,2154713.633480104,0.0
610380,0.0,0.0,0.996555780951657,2156271.433452013,0.0
610440,0.0,0.0,0.996555780951657,2155477.5988747682,0.0
610500,0.0,0.0,0.996555780951657,2153217.428393168,0.0
610560,0.0,0.0,0.996555780951657,2150226.1349526546,0.0
610620,0.0,0.0,0.996555780951657,2153101.1790772337,0.0
610680,0.0,0.0,0.996555780951657,2157119.217271933,0.0
610740,0.0,0.0,0.996555780951657,2155140.585113807,0.0
610800,0.0,0.0,0.996555780951657,2155764.042872899,0.0
610860,0.0,0.0,0.996555780951657,2151742.3643925036,0.0
610920,0.0,0.0,0.996555780951657,2152424.221250352,0.0
610980,0.0,0.0,0.996555780951657,2155052.3255236573,0.0
611040,0.0,0.0,0.996555780951657,2155880.2939876243,0.0
611100,0.0,0.0,0.996555780951657,2153441.827153243,0.0
611160,0.0,0.0,0.996555780951657,2153803.62015849,0.0
611220,0.0,0.0,0.996555780951657,2151149.2654342446,0.0
611280,0.0,0.0,0.996555780951657,2153748.6282490767,0.0
611340,0.0,0.0,0.996555780951657,2157367.604986155,0.0
611400,0.0,0.0,0.996555780951657,2155015.57374982,0.0
611460,0.0,0.0,0.996555780951657,2154289.9490633323,0.0
611520,0.0,0.0,0.996555780951657,2150015.942269801,0.0
611580,0.0,0.0,0.996555780951657,2153207.492716423,0.0
611640,0.0,0.0,0.996555780951657,2155814.847979767,0.0
611700,0.0,0.0,0.996555780951657,2155666.5394509546,0.0
611760,0.0,0.0,0.996555780951657,2153998.4300449765,0.0
611820,0.0,0.0,0.996555780951657,2152501.6840623757,0.0
611880,0.0,0.0,0.996555780951657,2152608.0021504452,0.0
611940,0.0,0.0,0.996555780951657,2154342.0503271464,0.0
612000,0.0,0.0,0.996555780951657,2155542.8024052265,0.0
612060,0.0,0.0,0.996555780951657,2155597.5412570033,0.0
612120,0.0,0.0,0.996555780951657,2150011.6890957756,0.0
612180,0.0,0.0,0.996555780951657,2152526.093633369,0.0
612240,0.0,0.0,0.996555780951657,2154977.199336224,0.0
612300,0.0,0.0,0.996555780951657,2155176.850414006,0.0
612360,0.0,0.0,0.996555780951657,2157068.30998289,0.0
612420,0.0,0.0,0.996555780951657,2153011.614591332,0.0
612480,0.0,0.0,0.996555780951657,2152004.822387929,0.0
612540,0.0,0.0,0.996555780951657,2153551.8699163087,0.0
612600,0.0,0.0,0.996555780951657,2155201.55558616,0.0
612660,0.0,0.0,0.996555780951657,2155248.6370471157,0.0
612720,0.0,0.0,0.996555780951657,2154968.853230771,0.0
612780,0.0,0.0,0.996555780951657,2150053.319702793,0.0
612840,0.0,0.0,0.996555780951657,2152880.8352609756,0.0
612900,0.0,0.0,0.996555780951657,2154335.089423698,0.0
612960,0.0,0.0,0.996555780951657,2158336.398569896,0.0
613020,0.0,0.0,0.996555780951657,2152634.4408752266,0.0
613080,0.0,0.0,0.996555780951657,2153934.7190602194,0.0
613140,0.0,0.0,0.996555780951657,2151184.43294552,0.0
613200,0.0,0.0,0.996555780951657,2153740.6255712523,0.0
613260,0.0,0.0,0.996555780951657,2157584.6730521587,0.0
613320,0.0,0.0,0.996555780951657,2154878.952003778,0.0
613380,0.0,0.0,0.996555780951657,2154378.2862268616,0.0
613440,0.0,0.0,0.996555780951657,2151505.632191337,0.0
613500,0.0,0.0,0.996555780951657,2153122.9414541214,0.0
613560,0.0,0.0,0.996555780951657,2155635.6539326273,0.0
613620,0.0,0.0,0.996555780951657,2156016.1836200166,0.0
613680,0.0,0.0,0.996555780951657,2152189.2190808887,0.0
613740,0.0,0.0,0.996555780951657,2152990.9037035047,0.0
613800,0.0,0.0,0.996555780951657,2152525.179548156,0.0
613860,0.0,0.0,0.996555780951657,2154465.5025988123,0.0
613920,0.0,0.0,0.996555780951657,2157551.5221513463,0.0
613980,0.0,0.0,0.996555780951657,2152183.043000645,0.0
614040,0.0,0.0,0.996555780951657,2153275.0161769427,0.0
614100,0.0,0.0,0.996555780951657,2151565.0306452545,0.0
614160,0.0,0.0,0.996555780951657,2156191.5621871073,0.0
614220,0.0,0.0,0.996555780951657,2155101.8817624818,0.0
614280,0.0,0.0,0.996555780951657,2157250.9350262927,0.0
614340,0.0,0.0,0.996555780951657,2152942.1276027877,0.0
614400,0.0,0.0,0.996555780951657,2152200.8121685972,0.0
614460,0.0,0.0,0.996555780951657,2153643.8728126716,0.0
614520,0.0,0.0,0.996555780951657,2155145.2446110635,0.0
614580,0.0,0.0,0.996555780951657,2154959.537377912,0.0
614640,0.0,0.0,0.996555780951657,2154998.900497095,0.0
614700,0.0,0.0,0.996555780951657,2149876.6653476874,0.0
614760,0.0,0.0,0.996555780951657,2152791.1077937977,0.0
614820,0.0,0.0,0.996555780951657,2156225.1126912325,0.0
614880,0.0,0.0,0.996555780951657,2155349.991509994,0.0
614940,0.0,0.0,0.996555780951657,2156109.766992932,0.0
615000,0.0,0.0,0.996555780951657,2152122.7556134015,0.0
615060,0.0,0.0,0.996555780951657,2152092.8011012734,0.0
615120,0.0,0.0,0.996555780951657,2154563.953364894,0.0
615180,0.0,0.0,0.996555780951657,2155770.6587918825,0.0
615240,0.0,0.0,0.996555780951657,2155602.583709787,0.0
615300,0.0,0.0,0.996555780951657,2151722.8676736383,0.0
615360,0.0,0.0,0.996555780951657,2152477.908822684,0.0
615420,0.0,0.0,0.996555780951657,2154874.006895586,0.0
615480,0.0,0.0,0.996555780951657,2155351.165884063,0.0
615540,0.0,0.0,0.996555780951657,2156087.4729266753,0.0
615600,0.0,0.0,0.996555780951657,2151569.879090469,0.0
615660,0.0,0.0,0.996555780951657,2153213.470826607,0.0
615720,0.0,0.0,0.996555780951657,2152638.4178816453,0.0
615780,0.0,0.0,0.996555780951657,2154420.505018774,0.0
615840,0.0,0.0,0.996555780951657,2157766.6975632557,0.0
615900,0.0,0.0,0.996555780951657,2154284.9396504364,0.0
615960,0.0,0.0,0.996555780951657,2153144.5362986475,0.0
616020,0.0,0.0,0.996555780951657,2152053.283015758,0.0
616080,0.0,0.0,0.996555780951657,2153976.533593546,0.0
616140,0.0,0.0,0.996555780951657,2155811.652269924,0.0
616200,0.0,0.0,0.996555780951657,2155822.7527609235,0.0
616260,0.0,0.0,0.996555780951657,2150982.63885428,0.0
616320,0.0,0.0,0.996555780951657,2152422.7726425757,0.0
616380,0.0,0.0,0.996555780951657,2153988.022554125,0.0
616440,0.0,0.0,0.996555780951657,2156288.416763246,0.0
616500,0.0,0.0,0.996555780951657,2155565.067853507,0.0
616560,0.0,0.0,0.996555780951657,2154034.7641632208,0.0
616620,0.0,0.0,0.996555780951657,2149647.5239375858,0.0
616680,0.0,0.0,0.996555780951657,2152852.862880245,0.0
616740,0.0,0.0,0.996555780951657,2156621.8877434665,0.0
616800,0.0,0.0,0.996555780951657,2155176.6167192743,0.0
616860,0.0,0.0,0.996555780951657,2156345.1217315015,0.0
616920,0.0,0.0,0.996555780951657,2152119.092059434,0.0
616980,0.0,0.0,0.996555780951657,2152199.0019993857,0.0
617040,0.0,0.0,0.996555780951657,2154642.2663228605,0.0
617100,0.0,0.0,0.996555780951657,2155704.114042526,0.0
617160,0.0,0.0,0.996555780951657,2154023.235267661,0.0
617220,0.0,0.0,0.996555780951657,2154215.084921588,0.0
617280,0.0,0.0,0.996555780951657,2150588.8028649515,0.0
617340,0.0,0.0,0.996555780951657,2153394.4243261665,0.0
617400,0.0,0.0,0.996555780951657,2157091.6105463905,0.0
617460,0.0,0.0,0.996555780951657,2155208.3064951724,0.0
617520,0.0,0.0,0.996555780951657,2154913.3658152544,0.0
617580,0.0,0.0,0.996555780951657,2149341.147601537,0.0
617640,0.0,0.0,0.996555780951657,2152852.883952875,0.0
617700,0.0,0.0,0.996555780951657,2155378.977631534,0.0
617760,0.0,0.0,0.996555780951657,2156309.0084123155,0.0
617820,0.0,0.0,0.996555780951657,2154342.773548106,0.0
617880,0.0,0.0,0.996555780951657,2152988.3798862,0.0
617940,0.0,0.0,0.996555780951657,2152161.9484779774,0.0
618000,0.0,0.0,0.996555780951657,2153954.161431755,0.0
618060,0.0,0.0,0.996555780951657,2155669.6069399486,0.0
618120,0.0,0.0,0.996555780951657,2155786.542363218,0.0
618180,0.0,0.0,0.996555780951657,2150485.9522883804,0.0
618240,0.0,0.0,0.996555780951657,2152580.0989101944,0.0
618300,0.0,0.0,0.996555780951657,2154277.725016092,0.0
618360,0.0,0.0,0.996555780951657,2155002.2983719446,0.0
618420,0.0,0.0,0.996555780951657,2157383.6163184973,0.0
618480,0.0,0.0,0.996555780951657,2153443.645582193,0.0
618540,0.0,0.0,0.996555780951657,2152195.4475175766,0.0
618600,0.0,0.0,0.996555780951657,2153041.354940946,0.0
618660,0.0,0.0,0.996555780951657,2154854.0765219806,0.0
618720,0.0,0.0,0.996555780951657,2155541.9203295745,0.0
618780,0.0,0.0,0.996555780951657,2155298.0737328576,0.0
618840,0.0,0.0,0.996555780951657,2150122.820435068,0.0
618900,0.0,0.0,0.996555780951657,2152233.488384054,0.0
618960,0.0,0.0,0.996555780951657,2153991.4959917963,0.0
619020,0.0,0.0,0.996555780951657,2158465.1725717653,0.0
619080,0.0,0.0,0.996555780951657,2153240.8212518278,0.0
619140,0.0,0.0,0.996555780951657,2154317.370624448,0.0
619200,0.0,0.0,0.996555780951657,2150552.035070751,0.0
619260,0.0,0.0,0.996555780951657,2153436.6355380868,0.0
619320,0.0,0.0,0.996555780951657,2157318.4449182795,0.0
619380,0.0,0.0,0.996555780951657,2155064.005356799,0.0
619440,0.0,0.0,0.996555780951657,2154978.8387050037,0.0
619500,0.0,0.0,0.996555780951657,2151483.474054275,0.0
619560,0.0,0.0,0.996555780951657,2152766.7222163468,0.0
619620,0.0,0.0,0.996555780951657,2155414.3455069712,0.0
619680,0.0,0.0,0.996555780951657,2156001.132550133,0.0
619740,0.0,0.0,0.996555780951657,2152808.8640756775,0.0
619800,0.0,0.0,0.996555780951657,2153339.408050681,0.0
619860,0.0,0.0,0.996555780951657,2151853.84526198,0.0
619920,0.0,0.0,0.996555780951657,2154141.66231874,0.0
619980,0.0,0.0,0.996555780951657,2157509.706834604,0.0
620040,0.0,0.0,0.996555780951657,2152956.631346226,0.0
620100,0.0,0.0,0.996555780951657,2153639.9611744843,0.0
620160,0.0,0.0,0.996555780951657,2151260.697745961,0.0
620220,0.0,0.0,0.996555780951657,2155574.2359085446,0.0
620280,0.0,0.0,0.996555780951657,2154935.763522071,0.0
620340,0.0,0.0,0.996555780951657,2157601.1417392194,0.0
620400,0.0,0.0,0.996555780951657,2153341.698511283,0.0
620460,0.0,0.0,0.996555780951657,2152398.1320953215,0.0
620520,0.0,0.0,0.996555780951657,2153159.559705207,0.0
620580,0.0,0.0,0.996555780951657,2154824.104789954,0.0
620640,0.0,0.0,0.996555780951657,2155292.979073104,0.0
620700,0.0,0.0,0.996555780951657,2155294.0389331635,0.0
620760,0.0,0.0,0.996555780951657,2149837.9288592166,0.0
620820,0.0,0.0,0.996555780951657,2152601.9212381775,0.0
620880,0.0,0.0,0.996555780951657,2155680.107386583,0.0
620940,0.0,0.0,0.996555780951657,2155320.4816183955,0.0
621000,0.0,0.0,0.996555780951657,2156571.57242026,0.0
621060,0.0,0.0,0.996555780951657,2152522.3875579387,0.0
621120,0.0,0.0,0.996555780951657,2151968.274939205,0.0
621180,0.0,0.0,0.996555780951657,2154109.128363886,0.0
621240,0.0,0.0,0.996555780951657,2155546.657235024,0.0
621300,0.0,0.0,0.996555780951657,2156303.860242914,0.0
621360,0.0,0.0,0.996555780951657,2152224.1975716515,0.0
621420,0.0,0.0,0.996555780951657,2152703.088940138,0.0
621480,0.0,0.0,0.996555780951657,2154027.1369785806,0.0
621540,0.0,0.0,0.996555780951657,2155192.2917903294,0.0
621600,0.0,0.0,0.996555780951657,2156069.979783448,0.0
621660,0.0,0.0,0.996555780951657,2152207.6751907375,0.0
621720,0.0,0.0,0.996555780951657,2153531.733033033,0.0
621780,0.0,0.0,0.996555780951657,2151949.348790512,0.0
621840,0.0,0.0,0.996555780951657,2154131.151754132,0.0
621900,0.0,0.0,0.996555780951657,2157739.4953166386,0.0
621960,0.0,0.0,0.996555780951657,2154590.6011743634,0.0
622020,0.0,0.0,0.996555780951657,2153664.0868654023,0.0
622080,0.0,0.0,0.996555780951657,2151730.447307078,0.0
622140,0.0,0.0,0.996555780951657,2153585.0365997744,0.0
622200,0.0,0.0,0.996555780951657,2155793.9662165395,0.0
622260,0.0,0.0,0.996555780951657,2155953.5581933996,0.0
622320,0.0,0.0,0.996555780951657,2151546.724014078,0.0
622380,0.0,0.0,0.996555780951657,2152612.677079441,0.0
622440,0.0,0.0,0.996555780951657,2153313.1817895523,0.0
622500,0.0,0.0,0.996555780951657,2156181.709171072,0.0
622560,0.0,0.0,0.996555780951657,2155585.723682098,0.0
622620,0.0,0.0,0.996555780951657,2154780.675101361,0.0
622680,0.0,0.0,0.996555780951657,2149335.8157646875,0.0
622740,0.0,0.0,0.996555780951657,2152692.858643291,0.0
622800,0.0,0.0,0.996555780951657,2156071.7844591164,0.0
622860,0.0,0.0,0.996555780951657,2155154.386827986,0.0
622920,0.0,0.0,0.996555780951657,2156796.189449011,0.0
622980,0.0,0.0,0.996555780951657,2152493.704592703,0.0
623040,0.0,0.0,0.996555780951657,2152085.8802397125,0.0
623100,0.0,0.0,0.996555780951657,2154217.892293968,0.0
623160,0.0,0.0,0.996555780951657,2155492.950866563,0.0
623220,0.0,0.0,0.996555780951657,2154511.9035692555,0.0
623280,0.0,0.0,0.996555780951657,2154569.7967626727,0.0
623340,0.0,0.0,0.996555780951657,2150198.8917638185,0.0
623400,0.0,0.0,0.996555780951657,2153092.4639933202,0.0
623460,0.0,0.0,0.996555780951657,2156734.026410953,0.0
623520,0.0,0.0,0.996555780951657,2155324.7593813436,0.0
623580,0.0,0.0,0.996555780951657,2155456.8998768893,0.0
623640,0.0,0.0,0.996555780951657,2151697.141965217,0.0
623700,0.0,0.0,0.996555780951657,2152351.313368437,0.0
623760,0.0,0.0,0.996555780951657,2157181.9269501003,0.0
623820,0.0,0.0,0.996555780951657,2155278.5579118836,0.0
623880,0.0,0.0,0.996555780951657,2156206.4891245035,0.0
623940,0.0,0.0,0.996555780951657,2148807.7940354594,0.0
624000,0.0,0.0,0.996555780951657,2151881.5581528437,0.0
624060,0.0,0.0,0.996555780951657,2153627.165075109,0.0
624120,0.0,0.0,0.996555780951657,2155671.4203136503,0.0
624180,0.0,0.0,0.996555780951657,2155880.502580404,0.0
624240,0.0,0.0,0.996555780951657,2151116.287820155,0.0
624300,0.0,0.0,0.996555780951657,2152793.322560797,0.0
624360,0.0,0.0,0.996555780951657,2153528.001016869,0.0
624420,0.0,0.0,0.996555780951657,2154760.6867534565,0.0
624480,0.0,0.0,0.996555780951657,2157609.323067768,0.0
624540,0.0,0.0,0.996555780951657,2153868.347164171,0.0
624600,0.0,0.0,0.996555780951657,2152561.096714198,0.0
624660,0.0,0.0,0.996555780951657,2152537.950464755,0.0
624720,0.0,0.0,0.996555780951657,2154455.521608187,0.0
624780,0.0,0.0,0.996555780951657,2155738.356150336,0.0
624840,0.0,0.0,0.996555780951657,2155583.909219618,0.0
624900,0.0,0.0,0.996555780951657,2150460.1561835115,0.0
624960,0.0,0.0,0.996555780951657,2151616.5078877816,0.0
625020,0.0,0.0,0.996555780951657,2153632.8101951177,0.0
625080,0.0,0.0,0.996555780951657,2158461.106090385,0.0
625140,0.0,0.0,0.996555780951657,2153801.821753715,0.0
625200,0.0,0.0,0.996555780951657,2154701.908847178,0.0
625260,0.0,0.0,0.996555780951657,2150013.726633082,0.0
625320,0.0,0.0,0.996555780951657,2153149.065366339,0.0
625380,0.0,0.0,0.996555780951657,2156942.2686674907,0.0
625440,0.0,0.0,0.996555780951657,2155183.576747549,0.0
625500,0.0,0.0,0.996555780951657,2155585.1119169183,0.0
625560,0.0,0.0,0.996555780951657,2151679.0829771063,0.0
625620,0.0,0.0,0.996555780951657,2152454.8792413785,0.0
625680,0.0,0.0,0.996555780951657,2155100.2757922197,0.0
625740,0.0,0.0,0.996555780951657,2155913.792852218,0.0
625800,0.0,0.0,0.996555780951657,2153420.064085861,0.0
625860,0.0,0.0,0.996555780951657,2153728.1276592137,0.0
625920,0.0,0.0,0.996555780951657,2151221.7489280114,0.0
625980,0.0,0.0,0.996555780951657,2153792.691529127,0.0
626040,0.0,0.0,0.996555780951657,2157360.8841093867,0.0
626100,0.0,0.0,0.996555780951657,2155007.624125599,0.0
626160,0.0,0.0,0.996555780951657,2154201.8897338635,0.0
626220,0.0,0.0,0.996555780951657,2150095.4574704883,0.0
626280,0.0,0.0,0.996555780951657,2153241.090707121,0.0
626340,0.0,0.0,0.996555780951657,2155853.56483485,0.0
626400,0.0,0.0,0.996555780951657,2155646.5892629637,0.0
626460,0.0,0.0,0.996555780951657,2153971.7442430276,0.0
626520,0.0,0.0,0.996555780951657,2152441.659428709,0.0
626580,0.0,0.0,0.996555780951657,2152638.3154579615,0.0
626640,0.0,0.0,0.996555780951657,2154382.4097450655,0.0
626700,0.0,0.0,0.996555780951657,2155553.947063385,0.0
626760,0.0,0.0,0.996555780951657,2155579.206268234,0.0
626820,0.0,0.0,0.996555780951657,2150034.252611016,0.0
626880,0.0,0.0,0.996555780951657,2152507.864968623,0.0
626940,0.0,0.0,0.996555780951657,2154999.9127030266,0.0
627000,0.0,0.0,0.996555780951657,2155200.939001718,0.0
627060,0.0,0.0,0.996555780951657,2157022.9296823884,0.0
627120,0.0,0.0,0.996555780951657,2152990.3342496953,0.0
627180,0.0,0.0,0.996555780951657,2151984.249506945,0.0
627240,0.0,0.0,0.996555780951657,2153570.6291344,0.0
627300,0.0,0.0,0.996555780951657,2155226.4892916307,0.0
627360,0.0,0.0,0.996555780951657,2156989.0055442643,0.0
627420,0.0,0.0,0.996555780951657,2152770.6742991884,0.0
627480,0.0,0.0,0.996555780951657,2153078.113421053,0.0
627540,0.0,0.0,0.996555780951657,2153066.7173385643,0.0
627600,0.0,0.0,0.996555780951657,2154915.2479440756,0.0
627660,0.0,0.0,0.996555780951657,2155969.732901656,0.0
627720,0.0,0.0,0.996555780951657,2152874.612851381,0.0
627780,0.0,0.0,0.996555780951657,2153918.9508826574,0.0
627840,0.0,0.0,0.996555780951657,2151240.902773525,0.0
627900,0.0,0.0,0.996555780951657,2153793.874104832,0.0
627960,0.0,0.0,0.996555780951657,2157606.1042732224,0.0
628020,0.0,0.0,0.996555780951657,2154861.068400874,0.0
628080,0.0,0.0,0.996555780951657,2154287.7467077123,0.0
628140,0.0,0.0,0.996555780951657,2151512.347329585,0.0
628200,0.0,0.0,0.996555780951657,2153167.475609763,0.0
628260,0.0,0.0,0.996555780951657,2155664.733239635,0.0
628320,0.0,0.0,0.996555780951657,2156021.9476194866,0.0
628380,0.0,0.0,0.996555780951657,2152177.6295167115,0.0
628440,0.0,0.0,0.996555780951657,2152927.1211732384,0.0
628500,0.0,0.0,0.996555780951657,2152584.6924882173,0.0
628560,0.0,0.0,0.996555780951657,2155938.980355098,0.0
628620,0.0,0.0,0.996555780951657,2155535.626101416,0.0
628680,0.0,0.0,0.996555780951657,2155578.988956739,0.0
628740,0.0,0.0,0.996555780951657,2149255.1585260895,0.0
628800,0.0,0.0,0.996555780951657,2152621.8481424074,0.0
628860,0.0,0.0,0.996555780951657,2155408.1220217836,0.0
628920,0.0,0.0,0.996555780951657,2155059.1938098837,0.0
628980,0.0,0.0,0.996555780951657,2157218.7387384763,0.0
629040,0.0,0.0,0.996555780951657,2152915.184528183,0.0
629100,0.0,0.0,0.996555780951657,2152094.9405958247,0.0
629160,0.0,0.0,0.996555780951657,2153726.5969668087,0.0
629220,0.0,0.0,0.996555780951657,2155208.056418849,0.0
629280,0.0,0.0,0.996555780951657,2154947.7013881323,0.0
629340,0.0,0.0,0.996555780951657,2154929.76940542,0.0
629400,0.0,0.0,0.996555780951657,2149935.1647061124,0.0
629460,0.0,0.0,0.996555780951657,2152813.7130998913,0.0
629520,0.0,0.0,0.996555780951657,2156268.4479799173,0.0
629580,0.0,0.0,0.996555780951657,2155372.553693616,0.0
629640,0.0,0.0,0.996555780951657,2156005.0342047825,0.0
629700,0.0,0.0,0.996555780951657,2152066.4638484637,0.0
629760,0.0,0.0,0.996555780951657,2152103.98699963,0.0
629820,0.0,0.0,0.996555780951657,2156612.3278873167,0.0
629880,0.0,0.0,0.996555780951657,2155275.717510029,0.0
629940,0.0,0.0,0.996555780951657,2156477.693974697,0.0
630000,0.0,0.0,0.996555780951657,2149189.484650294,0.0
630060,0.0,0.0,0.996555780951657,2151696.330486947,0.0
630120,0.0,0.0,0.996555780951657,2153220.5402972605,0.0
630180,0.0,0.0,0.996555780951657,2155600.6011117334,0.0
630240,0.0,0.0,0.996555780951657,2155927.230151302,0.0
630300,0.0,0.0,0.996555780951657,2151729.460956125,0.0
630360,0.0,0.0,0.996555780951657,2153076.260863991,0.0
630420,0.0,0.0,0.996555780951657,2152797.819241333,0.0
630480,0.0,0.0,0.996555780951657,2154492.9178215107,0.0
630540,0.0,0.0,0.996555780951657,2157709.7216548324,0.0
630600,0.0,0.0,0.996555780951657,2154237.570202417,0.0
630660,0.0,0.0,0.996555780951657,2153013.490026505,0.0
630720,0.0,0.0,0.996555780951657,2152109.398522983,0.0
630780,0.0,0.0,0.996555780951657,2154056.7811414464,0.0
630840,0.0,0.0,0.996555780951657,2155828.690943641,0.0
630900,0.0,0.0,0.996555780951657,2155795.3009103383,0.0
630960,0.0,0.0,0.996555780951657,2151008.7896044357,0.0
631020,0.0,0.0,0.996555780951657,2151112.4566957816,0.0
631080,0.0,0.0,0.996555780951657,2153304.6705474504,0.0
631140,0.0,0.0,0.996555780951657,2158304.4067219165,0.0
631200,0.0,0.0,0.996555780951657,2154281.893735485,0.0
631260,0.0,0.0,0.996555780951657,2155039.2640307336,0.0
631320,0.0,0.0,0.996555780951657,2149647.9654181027,0.0
631380,0.0,0.0,0.996555780951657,2152916.187714093,0.0
631440,0.0,0.0,0.996555780951657,2156483.439755534,0.0
631500,0.0,0.0,0.996555780951657,2155235.266514896,0.0
631560,0.0,0.0,0.996555780951657,2156125.3094466757,0.0
631620,0.0,0.0,0.996555780951657,2152017.205842049,0.0
631680,0.0,0.0,0.996555780951657,2152225.2991066542,0.0
631740,0.0,0.0,0.996555780951657,2154728.389346941,0.0
631800,0.0,0.0,0.996555780951657,2155767.561516781,0.0
631860,0.0,0.0,0.996555780951657,2153977.202001009,0.0
631920,0.0,0.0,0.996555780951657,2154106.580332003,0.0
631980,0.0,0.0,0.996555780951657,2150696.3295819242,0.0
632040,0.0,0.0,0.996555780951657,2153457.3714565723,0.0
632100,0.0,0.0,0.996555780951657,2157111.3238057243,0.0
632160,0.0,0.0,0.996555780951657,2155203.485918013,0.0
632220,0.0,0.0,0.996555780951657,2154774.8638467076,0.0
632280,0.0,0.0,0.996555780951657,2149472.4886485073,0.0
632340,0.0,0.0,0.996555780951657,2152899.334609005,0.0
632400,0.0,0.0,0.996555780951657,2155454.95455977,0.0
632460,0.0,0.0,0.996555780951657,2156253.707857083,0.0
632520,0.0,0.0,0.996555780951657,2154304.4380693315,0.0
632580,0.0,0.0,0.996555780951657,2152875.895118179,0.0
632640,0.0,0.0,0.996555780951657,2152210.150346365,0.0
632700,0.0,0.0,0.996555780951657,2154019.0412929384,0.0
632760,0.0,0.0,0.996555780951657,2155685.1635716516,0.0
632820,0.0,0.0,0.996555780951657,2155767.0080564977,0.0
632880,0.0,0.0,0.996555780951657,2150486.1074493984,0.0
632940,0.0,0.0,0.996555780951657,2152534.852534246,0.0
633000,0.0,0.0,0.996555780951657,2154341.20445138,0.0
633060,0.0,0.0,0.996555780951657,2155043.9788790015,0.0
633120,0.0,0.0,0.996555780951657,2157320.878992518,0.0
633180,0.0,0.0,0.996555780951657,2153403.338351609,0.0
633240,0.0,0.0,0.996555780951657,2152144.8264942695,0.0
633300,0.0,0.0,0.996555780951657,2153083.3350024596,0.0
633360,0.0,0.0,0.996555780951657,2154901.558293221,0.0
633420,0.0,0.0,0.996555780951657,2157486.954628231,0.0
633480,0.0,0.0,0.996555780951657,2153256.269554769,0.0
633540,0.0,0.0,0.996555780951657,2153462.002639008,0.0
633600,0.0,0.0,0.996555780951657,2152182.0389712886,0.0
633660,0.0,0.0,0.996555780951657,2154600.2111936146,0.0
633720,0.0,0.0,0.996555780951657,2155822.2424225057,0.0
633780,0.0,0.0,0.996555780951657,2153469.616836549,0.0
633840,0.0,0.0,0.996555780951657,2154258.396611379,0.0
633900,0.0,0.0,0.996555780951657,2150677.577905032,0.0
633960,0.0,0.0,0.996555780951657,2153493.4937223084,0.0
634020,0.0,0.0,0.996555780951657,2157367.7349626347,0.0
634080,0.0,0.0,0.996555780951657,2155052.996952283,0.0
634140,0.0,0.0,0.996555780951657,2154854.1064580656,0.0
634200,0.0,0.0,0.996555780951657,2151466.744470418,0.0
634260,0.0,0.0,0.996555780951657,2152815.9253500476,0.0
634320,0.0,0.0,0.996555780951657,2155461.0049846238,0.0
634380,0.0,0.0,0.996555780951657,2156020.3645320567,0.0
634440,0.0,0.0,0.996555780951657,2152779.798476448,0.0
634500,0.0,0.0,0.996555780951657,2153254.0455203746,0.0
634560,0.0,0.0,0.996555780951657,2151939.0270676017,0.0
634620,0.0,0.0,0.996555780951657,2154196.303542411,0.0
634680,0.0,0.0,0.996555780951657,2157489.1717772833,0.0
634740,0.0,0.0,0.996555780951657,2152962.2231596867,0.0
634800,0.0,0.0,0.996555780951657,2153575.3641269286,0.0
634860,0.0,0.0,0.996555780951657,2151290.543774568,0.0
634920,0.0,0.0,0.996555780951657,2155587.173519139,0.0
634980,0.0,0.0,0.996555780951657,2154977.825020335,0.0
635040,0.0,0.0,0.996555780951657,2157525.124988288,0.0
635100,0.0,0.0,0.996555780951657,2153304.2146147513,0.0
635160,0.0,0.0,0.996555780951657,2152344.5964071704,0.0
635220,0.0,0.0,0.996555780951657,2153199.0243744827,0.0
635280,0.0,0.0,0.996555780951657,2154869.502427537,0.0
635340,0.0,0.0,0.996555780951657,2155298.1043003867,0.0
635400,0.0,0.0,0.996555780951657,2155262.014807914,0.0
635460,0.0,0.0,0.996555780951657,2149868.723009652,0.0
635520,0.0,0.0,0.996555780951657,2152599.3087148056,0.0
635580,0.0,0.0,0.996555780951657,2155702.4063746193,0.0
635640,0.0,0.0,0.996555780951657,2155342.499469982,0.0
635700,0.0,0.0,0.996555780951657,2156515.245402384,0.0
635760,0.0,0.0,0.996555780951657,2152493.868135848,0.0
635820,0.0,0.0,0.996555780951657,2151959.577127328,0.0
635880,0.0,0.0,0.996555780951657,2155910.871327767,0.0
635940,0.0,0.0,0.996555780951657,2155185.637301883,0.0
636000,0.0,0.0,0.996555780951657,2156678.880069299,0.0
636060,0.0,0.0,0.996555780951657,2149842.7232116614,0.0
636120,0.0,0.0,0.996555780951657,2151676.4155820976,0.0
636180,0.0,0.0,0.996555780951657,2152830.0320076547,0.0
636240,0.0,0.0,0.996555780951657,2155423.431429364,0.0
636300,0.0,0.0,0.996555780951657,2155905.624392607,0.0
636360,0.0,0.0,0.996555780951657,2152370.917386633,0.0
636420,0.0,0.0,0.996555780951657,2153420.5685863458,0.0
636480,0.0,0.0,0.996555780951657,2152064.154671306,0.0
636540,0.0,0.0,0.996555780951657,2154184.4084208095,0.0
636600,0.0,0.0,0.996555780951657,2157705.677266003,0.0
636660,0.0,0.0,0.996555780951657,2154568.7918031085,0.0
636720,0.0,0.0,0.996555780951657,2153557.2698162217,0.0
636780,0.0,0.0,0.996555780951657,2151755.9194389903,0.0
636840,0.0,0.0,0.996555780951657,2153639.129379104,0.0
636900,0.0,0.0,0.996555780951657,2155816.077550019,0.0
636960,0.0,0.0,0.996555780951657,2155946.0279725753,0.0
637020,0.0,0.0,0.996555780951657,2151534.4182262174,0.0
637080,0.0,0.0,0.996555780951657,2152553.993879638,0.0
637140,0.0,0.0,0.996555780951657,2153373.2215740117,0.0
637200,0.0,0.0,0.996555780951657,2156194.8799247816,0.0
637260,0.0,0.0,0.996555780951657,2155602.4208276365,0.0
637320,0.0,0.0,0.996555780951657,2154697.3799282387,0.0
637380,0.0,0.0,0.996555780951657,2149396.5709610158,0.0
637440,0.0,0.0,0.996555780951657,2152687.430181987,0.0
637500,0.0,0.0,0.996555780951657,2156093.214797041,0.0
637560,0.0,0.0,0.996555780951657,2155178.4140302395,0.0
637620,0.0,0.0,0.996555780951657,2156728.6019052872,0.0
637680,0.0,0.0,0.996555780951657,2152462.0098248688,0.0
637740,0.0,0.0,0.996555780951657,2152075.638383841,0.0
637800,0.0,0.0,0.996555780951657,2154245.6529321484,0.0
637860,0.0,0.0,0.996555780951657,2155521.9196531964,0.0
637920,0.0,0.0,0.996555780951657,2154517.425301192,0.0
637980,0.0,0.0,0.996555780951657,2154533.4259451157,0.0
638040,0.0,0.0,0.996555780951657,2150232.4458419336,0.0
638100,0.0,0.0,0.996555780951657,2153104.3195313048,0.0
638160,0.0,0.0,0.996555780951657,2156733.2840422597,0.0
638220,0.0,0.0,0.996555780951657,2155335.391775099,0.0
638280,0.0,0.0,0.996555780951657,2155410.73959357,0.0
638340,0.0,0.0,0.996555780951657,2148958.5549551924,0.0
638400,0.0,0.0,0.996555780951657,2152576.1526802927,0.0
638460,0.0,0.0,0.996555780951657,2154950.9169170903,0.0
638520,0.0,0.0,0.996555780951657,2156784.5865643476,0.0
638580,0.0,0.0,0.996555780951657,2154619.968779704,0.0
638640,0.0,0.0,0.996555780951657,2153468.263391142,0.0
638700,0.0,0.0,0.996555780951657,2151824.0431959555,0.0
638760,0.0,0.0,0.996555780951657,2153609.9275329094,0.0
638820,0.0,0.0,0.996555780951657,2155710.3090483854,0.0
638880,0.0,0.0,0.996555780951657,2155906.258784929,0.0
638940,0.0,0.0,0.996555780951657,2151062.333712657,0.0
639000,0.0,0.0,0.996555780951657,2152731.701711767,0.0
639060,0.0,0.0,0.996555780951657,2153592.9692927166,0.0
639120,0.0,0.0,0.996555780951657,2154807.518252658,0.0
639180,0.0,0.0,0.996555780951657,2157557.2880662917,0.0
639240,0.0,0.0,0.996555780951657,2153832.947485828,0.0
639300,0.0,0.0,0.996555780951657,2152494.6957111545,0.0
639360,0.0,0.0,0.996555780951657,2152576.279674502,0.0
639420,0.0,0.0,0.996555780951657,2154505.051023943,0.0
639480,0.0,0.0,0.996555780951657,2157905.958434174,0.0
639540,0.0,0.0,0.996555780951657,2153736.0693357466,0.0
639600,0.0,0.0,0.996555780951657,2153932.925982285,0.0
639660,0.0,0.0,0.996555780951657,2151257.6136613325,0.0
639720,0.0,0.0,0.996555780951657,2154195.517490576,0.0
639780,0.0,0.0,0.996555780951657,2155594.1681946656,0.0
639840,0.0,0.0,0.996555780951657,2154039.0178883653,0.0
639900,0.0,0.0,0.996555780951657,2154620.3638829035,0.0
639960,0.0,0.0,0.996555780951657,2150178.4583725743,0.0
640020,0.0,0.0,0.996555780951657,2153189.862047391,0.0
640080,0.0,0.0,0.996555780951657,2157016.6096970467,0.0
640140,0.0,0.0,0.996555780951657,2155186.7787889317,0.0
640200,0.0,0.0,0.996555780951657,2155458.903095441,0.0
640260,0.0,0.0,0.996555780951657,2151626.5188597254,0.0
640320,0.0,0.0,0.996555780951657,2152489.1698321546,0.0
640380,0.0,0.0,0.996555780951657,2155155.7256340994,0.0
640440,0.0,0.0,0.996555780951657,2155946.117743045,0.0
640500,0.0,0.0,0.996555780951657,2153391.264064018,0.0
640560,0.0,0.0,0.996555780951657,2153642.051891253,0.0
640620,0.0,0.0,0.996555780951657,2151305.4038491882,0.0
640680,0.0,0.0,0.996555780951657,2153844.919799004,0.0
640740,0.0,0.0,0.996555780951657,2157354.66429115,0.0
640800,0.0,0.0,0.996555780951657,2153701.8452343303,0.0
640860,0.0,0.0,0.996555780951657,2153951.8378401436,0.0
640920,0.0,0.0,0.996555780951657,2151089.2970483536,0.0
640980,0.0,0.0,0.996555780951657,2154872.118685081,0.0
641040,0.0,0.0,0.996555780951657,2154761.05709816,0.0
641100,0.0,0.0,0.996555780951657,2157797.4546168796,0.0
641160,0.0,0.0,0.996555780951657,2153698.8880503625,0.0
641220,0.0,0.0,0.996555780951657,2152677.033413966,0.0
641280,0.0,0.0,0.996555780951657,2152715.952830334,0.0
641340,0.0,0.0,0.996555780951657,2154509.0735527743,0.0
641400,0.0,0.0,0.996555780951657,2155545.2411524467,0.0
641460,0.0,0.0,0.996555780951657,2155525.2112773075,0.0
641520,0.0,0.0,0.996555780951657,2150051.523929825,0.0
641580,0.0,0.0,0.996555780951657,2152485.384166927,0.0
641640,0.0,0.0,0.996555780951657,2155089.963128874,0.0
641700,0.0,0.0,0.996555780951657,2155249.3038566853,0.0
641760,0.0,0.0,0.996555780951657,2156921.34407365,0.0
641820,0.0,0.0,0.996555780951657,2152920.7048419504,0.0
641880,0.0,0.0,0.996555780951657,2151947.5418853518,0.0
641940,0.0,0.0,0.996555780951657,2155129.291348133,0.0
642000,0.0,0.0,0.996555780951657,2155030.271519734,0.0
642060,0.0,0.0,0.996555780951657,2156787.2773575988,0.0
642120,0.0,0.0,0.996555780951657,2150617.952990493,0.0
642180,0.0,0.0,0.996555780951657,2151858.413360328,0.0
642240,0.0,0.0,0.996555780951657,2152502.52925101,0.0
642300,0.0,0.0,0.996555780951657,2155166.431467733,0.0
642360,0.0,0.0,0.996555780951657,2155823.7631022716,0.0
642420,0.0,0.0,0.996555780951657,2152987.499667383,0.0
642480,0.0,0.0,0.996555780951657,2153771.782839247,0.0
642540,0.0,0.0,0.996555780951657,2151401.054834146,0.0
642600,0.0,0.0,0.996555780951657,2153872.8812527894,0.0
642660,0.0,0.0,0.996555780951657,2157589.5575251346,0.0
642720,0.0,0.0,0.996555780951657,2154836.2483561574,0.0
642780,0.0,0.0,0.996555780951657,2154119.197005042,0.0
642840,0.0,0.0,0.996555780951657,2151529.528495983,0.0
642900,0.0,0.0,0.996555780951657,2153245.6947411317,0.0
642960,0.0,0.0,0.996555780951657,2155709.3338553505,0.0
643020,0.0,0.0,0.996555780951657,2156025.5179990293,0.0
643080,0.0,0.0,0.996555780951657,2152132.6107197516,0.0
643140,0.0,0.0,0.996555780951657,2152828.780268145,0.0
643200,0.0,0.0,0.996555780951657,2152694.1827419978,0.0
643260,0.0,0.0,0.996555780951657,2155974.222361717,0.0
643320,0.0,0.0,0.996555780951657,2155570.5894553773,0.0
643380,0.0,0.0,0.996555780951657,2155435.1474548224,0.0
643440,0.0,0.0,0.996555780951657,2149323.3688902105,0.0
643500,0.0,0.0,0.996555780951657,2152596.3203313905,0.0
643560,0.0,0.0,0.996555780951657,2155474.358031061,0.0
643620,0.0,0.0,0.996555780951657,2155100.659007164,0.0
643680,0.0,0.0,0.996555780951657,2157124.149124337,0.0
643740,0.0,0.0,0.996555780951657,2152859.909068278,0.0
643800,0.0,0.0,0.996555780951657,2152062.5749330414,0.0
643860,0.0,0.0,0.996555780951657,2153781.7454566415,0.0
643920,0.0,0.0,0.996555780951657,2155260.9792065355,0.0
643980,0.0,0.0,0.996555780951657,2154941.044979744,0.0
644040,0.0,0.0,0.996555780951657,2154876.4768149983,0.0
644100,0.0,0.0,0.996555780951657,2149982.000923651,0.0
644160,0.0,0.0,0.996555780951657,2152830.1887505176,0.0
644220,0.0,0.0,0.996555780951657,2156293.8955035154,0.0
644280,0.0,0.0,0.996555780951657,2155390.591801033,0.0
644340,0.0,0.0,0.996555780951657,2155927.4496372044,0.0
644400,0.0,0.0,0.996555780951657,2148747.6222197525,0.0
644460,0.0,0.0,0.996555780951657,2152357.56620703,0.0
644520,0.0,0.0,0.996555780951657,2154461.975751139,0.0
644580,0.0,0.0,0.996555780951657,2157133.690641446,0.0
644640,0.0,0.0,0.996555780951657,2154855.9504820993,0.0
644700,0.0,0.0,0.996555780951657,2154041.627804291,0.0
644760,0.0,0.0,0.996555780951657,2151582.055284682,0.0
644820,0.0,0.0,0.996555780951657,2153255.5620223093,0.0
644880,0.0,0.0,0.996555780951657,2155643.331228214,0.0
644940,0.0,0.0,0.996555780951657,2155970.856574836,0.0
645000,0.0,0.0,0.996555780951657,2151656.1047729393,0.0
645060,0.0,0.0,0.996555780951657,2152987.7993253614,0.0
645120,0.0,0.0,0.996555780951657,2152897.8709144206,0.0
645180,0.0,0.0,0.996555780951657,2154555.744724518,0.0
645240,0.0,0.0,0.996555780951657,2157661.7054180168,0.0
645300,0.0,0.0,0.996555780951657,2154196.4479885316,0.0
645360,0.0,0.0,0.996555780951657,2152912.1891358853,0.0
645420,0.0,0.0,0.996555780951657,2152155.357406463,0.0
645480,0.0,0.0,0.996555780951657,2154122.888284728,0.0
645540,0.0,0.0,0.996555780951657,2155842.8496623887,0.0
645600,0.0,0.0,0.996555780951657,2155770.662046473,0.0
645660,0.0,0.0,0.996555780951657,2150987.8651499827,0.0
645720,0.0,0.0,0.996555780951657,2151164.738973806,0.0
645780,0.0,0.0,0.996555780951657,2153344.284885616,0.0
645840,0.0,0.0,0.996555780951657,2158254.796901125,0.0
645900,0.0,0.0,0.996555780951657,2154293.027779045,0.0
645960,0.0,0.0,0.996555780951657,2154985.6569215604,0.0
646020,0.0,0.0,0.996555780951657,2149710.801773,0.0
646080,0.0,0.0,0.996555780951657,2152927.1035321336,0.0
646140,0.0,0.0,0.996555780951657,2156504.6436795387,0.0
646200,0.0,0.0,0.996555780951657,2155253.2195880627,0.0
646260,0.0,0.0,0.996555780951657,2156045.021022837,0.0
646320,0.0,0.0,0.996555780951657,2151981.3887053523,0.0
646380,0.0,0.0,0.996555780951657,2152230.5724744843,0.0
646440,0.0,0.0,0.996555780951657,2154760.1153135337,0.0
646500,0.0,0.0,0.996555780951657,2155794.258775351,0.0
646560,0.0,0.0,0.996555780951657,2153976.5071964804,0.0
646620,0.0,0.0,0.996555780951657,2154058.9563928004,0.0
646680,0.0,0.0,0.996555780951657,2150737.2045717686,0.0
646740,0.0,0.0,0.996555780951657,2153479.9903945597,0.0
646800,0.0,0.0,0.996555780951657,2157106.9765896825,0.0
646860,0.0,0.0,0.996555780951657,2154391.744039482,0.0
646920,0.0,0.0,0.996555780951657,2154323.6084933514,0.0
646980,0.0,0.0,0.996555780951657,2151042.9818982272,0.0
647040,0.0,0.0,0.996555780951657,2154059.964325028,0.0
647100,0.0,0.0,0.996555780951657,2154492.9313630513,0.0
647160,0.0,0.0,0.996555780951657,2157971.0241365475,0.0
647220,0.0,0.0,0.996555780951657,2154071.7374773268,0.0
647280,0.0,0.0,0.996555780951657,2153139.365964668,0.0
647340,0.0,0.0,0.996555780951657,2152262.454400326,0.0
647400,0.0,0.0,0.996555780951657,2154114.069763247,0.0
647460,0.0,0.0,0.996555780951657,2155693.0652533905,0.0
647520,0.0,0.0,0.996555780951657,2155738.4928344516,0.0
647580,0.0,0.0,0.996555780951657,2150493.073167661,0.0
647640,0.0,0.0,0.996555780951657,2152491.431588316,0.0
647700,0.0,0.0,0.996555780951657,2154410.2125310507,0.0
647760,0.0,0.0,0.996555780951657,2155087.073990278,0.0
647820,0.0,0.0,0.996555780951657,2157254.777598772,0.0
647880,0.0,0.0,0.996555780951657,2153359.1012866595,0.0
647940,0.0,0.0,0.996555780951657,2152094.317933549,0.0
648000,0.0,0.0,0.996555780951657,2153129.4623991014,0.0
648060,0.0,0.0,0.996555780951657,2154952.0214281348,0.0
648120,0.0,0.0,0.996555780951657,2157415.2534576273,0.0
648180,0.0,0.0,0.996555780951657,2153240.082506774,0.0
648240,0.0,0.0,0.996555780951657,2153386.6673749983,0.0
648300,0.0,0.0,0.996555780951657,2152240.9177927976,0.0
648360,0.0,0.0,0.996555780951657,2154638.879237232,0.0
648420,0.0,0.0,0.996555780951657,2155853.5913843666,0.0
648480,0.0,0.0,0.996555780951657,2153473.543404134,0.0
648540,0.0,0.0,0.996555780951657,2154207.8046839577,0.0
648600,0.0,0.0,0.996555780951657,2150728.199503205,0.0
648660,0.0,0.0,0.996555780951657,2153516.868959671,0.0
648720,0.0,0.0,0.996555780951657,2157359.8204210973,0.0
648780,0.0,0.0,0.996555780951657,2155057.11365393,0.0
648840,0.0,0.0,0.996555780951657,2154791.1532769687,0.0
648900,0.0,0.0,0.996555780951657,2151458.487923809,0.0
648960,0.0,0.0,0.996555780951657,2152833.622418392,0.0
649020,0.0,0.0,0.996555780951657,2155479.3502185773,0.0
649080,0.0,0.0,0.996555780951657,2156030.4674085774,0.0
649140,0.0,0.0,0.996555780951657,2152787.9189311923,0.0
649200,0.0,0.0,0.996555780951657,2153214.5687816204,0.0
649260,0.0,0.0,0.996555780951657,2151965.0876176027,0.0
649320,0.0,0.0,0.996555780951657,2155608.012194164,0.0
649380,0.0,0.0,0.996555780951657,2155456.786694921,0.0
649440,0.0,0.0,0.996555780951657,2156222.278158351,0.0
649500,0.0,0.0,0.996555780951657,2149560.9435584666,0.0
649560,0.0,0.0,0.996555780951657,2152633.4745349744,0.0
649620,0.0,0.0,0.996555780951657,2154732.072025169,0.0
649680,0.0,0.0,0.996555780951657,2154941.7072082064,0.0
649740,0.0,0.0,0.996555780951657,2157484.86798045,0.0
649800,0.0,0.0,0.996555780951657,2153299.096068046,0.0
649860,0.0,0.0,0.996555780951657,2152215.2181989113,0.0
649920,0.0,0.0,0.996555780951657,2153257.567039116,0.0
649980,0.0,0.0,0.996555780951657,2154919.2033284567,0.0
650040,0.0,0.0,0.996555780951657,2155300.254317335,0.0
650100,0.0,0.0,0.996555780951657,2155218.6844835337,0.0
650160,0.0,0.0,0.996555780951657,2149900.869870787,0.0
650220,0.0,0.0,0.996555780951657,2152601.7266292837,0.0
650280,0.0,0.0,0.996555780951657,2155738.361588846,0.0
650340,0.0,0.0,0.996555780951657,2155368.301950592,0.0
650400,0.0,0.0,0.996555780951657,2156442.1421977016,0.0
650460,0.0,0.0,0.996555780951657,2148795.7105971486,0.0
650520,0.0,0.0,0.996555780951657,2152235.1933135455,0.0
650580,0.0,0.0,0.996555780951657,2153904.0787483444,0.0
650640,0.0,0.0,0.996555780951657,2157361.089081814,0.0
650700,0.0,0.0,0.996555780951657,2155045.379300437,0.0
650760,0.0,0.0,0.996555780951657,2154700.036802223,0.0
650820,0.0,0.0,0.996555780951657,2151479.4554536366,0.0
650880,0.0,0.0,0.996555780951657,2152901.6425233493,0.0
650940,0.0,0.0,0.996555780951657,2155468.1466478733,0.0
651000,0.0,0.0,0.996555780951657,2155969.859702837,0.0
651060,0.0,0.0,0.996555780951657,2152296.223906579,0.0
651120,0.0,0.0,0.996555780951657,2153325.397196866,0.0
651180,0.0,0.0,0.996555780951657,2152169.960185067,0.0
651240,0.0,0.0,0.996555780951657,2154248.034994076,0.0
651300,0.0,0.0,0.996555780951657,2157675.008592755,0.0
651360,0.0,0.0,0.996555780951657,2154537.963545639,0.0
651420,0.0,0.0,0.996555780951657,2153443.7411102634,0.0
651480,0.0,0.0,0.996555780951657,2151788.6036230354,0.0
651540,0.0,0.0,0.996555780951657,2153702.8095791102,0.0
651600,0.0,0.0,0.996555780951657,2155839.4387800316,0.0
651660,0.0,0.0,0.996555780951657,2155934.3372853263,0.0
651720,0.0,0.0,0.996555780951657,2151668.845836313,0.0
651780,0.0,0.0,0.996555780951657,2150770.60605026,0.0
651840,0.0,0.0,0.996555780951657,2153028.5494748484,0.0
651900,0.0,0.0,0.996555780951657,2157975.6187565615,0.0
651960,0.0,0.0,0.996555780951657,2154699.5432821205,0.0
652020,0.0,0.0,0.996555780951657,2155304.468911081,0.0
652080,0.0,0.0,0.996555780951657,2149509.817265044,0.0
652140,0.0,0.0,0.996555780951657,2152741.063064861,0.0
652200,0.0,0.0,0.996555780951657,2155965.1394270896,0.0
652260,0.0,0.0,0.996555780951657,2155244.48967697,0.0
652320,0.0,0.0,0.996555780951657,2156550.113544045,0.0
652380,0.0,0.0,0.996555780951657,2152368.104522828,0.0
652440,0.0,0.0,0.996555780951657,2152078.0381027926,0.0
652500,0.0,0.0,0.996555780951657,2154326.0503541096,0.0
652560,0.0,0.0,0.996555780951657,2155588.652545237,0.0
652620,0.0,0.0,0.996555780951657,2154485.509705363,0.0
652680,0.0,0.0,0.996555780951657,2154443.5858180667,0.0
652740,0.0,0.0,0.996555780951657,2150313.982354408,0.0
652800,0.0,0.0,0.996555780951657,2153150.242357527,0.0
652860,0.0,0.0,0.996555780951657,2156764.4114596695,0.0
652920,0.0,0.0,0.996555780951657,2154982.590819058,0.0
652980,0.0,0.0,0.996555780951657,2154646.1609783764,0.0
653040,0.0,0.0,0.996555780951657,2151182.895578287,0.0
653100,0.0,0.0,0.996555780951657,2153223.7660952755,0.0
653160,0.0,0.0,0.996555780951657,2154210.6697974773,0.0
653220,0.0,0.0,0.996555780951657,2158017.265722741,0.0
653280,0.0,0.0,0.996555780951657,2154388.5336729134,0.0
653340,0.0,0.0,0.996555780951657,2153653.8169068047,0.0
653400,0.0,0.0,0.996555780951657,2151897.3232847108,0.0
653460,0.0,0.0,0.996555780951657,2153728.534637639,0.0
653520,0.0,0.0,0.996555780951657,2155738.5792909553,0.0
653580,0.0,0.0,0.996555780951657,2155883.151068535,0.0
653640,0.0,0.0,0.996555780951657,2151033.8236869965,0.0
653700,0.0,0.0,0.996555780951657,2152634.18521871,0.0
653760,0.0,0.0,0.996555780951657,2153720.2491401373,0.0
653820,0.0,0.0,0.996555780951657,2154879.047028431,0.0
653880,0.0,0.0,0.996555780951657,2157479.111978489,0.0
653940,0.0,0.0,0.996555780951657,2153766.9251865414,0.0
654000,0.0,0.0,0.996555780951657,2152391.496266554,0.0
654060,0.0,0.0,0.996555780951657,2152649.5792898578,0.0
654120,0.0,0.0,0.996555780951657,2154588.5006694035,0.0
654180,0.0,0.0,0.996555780951657,2157801.4941051165,0.0
654240,0.0,0.0,0.996555780951657,2153702.5814686394,0.0
654300,0.0,0.0,0.996555780951657,2153814.207931658,0.0
654360,0.0,0.0,0.996555780951657,2151380.5005584783,0.0
654420,0.0,0.0,0.996555780951657,2154263.38045592,0.0
654480,0.0,0.0,0.996555780951657,2155652.2707674294,0.0
654540,0.0,0.0,0.996555780951657,2154024.004725263,0.0
654600,0.0,0.0,0.996555780951657,2154548.439986873,0.0
654660,0.0,0.0,0.996555780951657,2150257.773080343,0.0
654720,0.0,0.0,0.996555780951657,2153223.022688707,0.0
654780,0.0,0.0,0.996555780951657,2157032.055136969,0.0
654840,0.0,0.0,0.996555780951657,2155195.331995438,0.0
654900,0.0,0.0,0.996555780951657,2155355.55323743,0.0
654960,0.0,0.0,0.996555780951657,2151590.184267183,0.0
655020,0.0,0.0,0.996555780951657,2152515.107459973,0.0
655080,0.0,0.0,0.996555780951657,2155194.541372051,0.0
655140,0.0,0.0,0.996555780951657,2155969.744457468,0.0
655200,0.0,0.0,0.996555780951657,2153377.8111352865,0.0
655260,0.0,0.0,0.996555780951657,2153577.085711901,0.0
655320,0.0,0.0,0.996555780951657,2151363.567403825,0.0
655380,0.0,0.0,0.996555780951657,2155175.0476184534,0.0
655440,0.0,0.0,0.996555780951657,2155306.105634875,0.0
655500,0.0,0.0,0.996555780951657,2156853.3329329044,0.0
655560,0.0,0.0,0.996555780951657,2150090.2307140036,0.0
655620,0.0,0.0,0.996555780951657,2152789.681050633,0.0
655680,0.0,0.0,0.996555780951657,2154010.201449134,0.0
655740,0.0,0.0,0.996555780951657,2154756.9031248153,0.0
655800,0.0,0.0,0.996555780951657,2157702.3618096635,0.0
655860,0.0,0.0,0.996555780951657,2153682.1245966717,0.0
655920,0.0,0.0,0.996555780951657,2152497.2894162936,0.0
655980,0.0,0.0,0.996555780951657,2152788.098926271,0.0
656040,0.0,0.0,0.996555780951657,2154579.919537714,0.0
656100,0.0,0.0,0.996555780951657,2155549.194979944,0.0
656160,0.0,0.0,0.996555780951657,2155481.5107671954,0.0
656220,0.0,0.0,0.996555780951657,2150062.878287742,0.0
656280,0.0,0.0,0.996555780951657,2152471.1103278506,0.0
656340,0.0,0.0,0.996555780951657,2155156.3569557206,0.0
656400,0.0,0.0,0.996555780951657,2155289.221735606,0.0
656460,0.0,0.0,0.996555780951657,2156835.731730502,0.0
656520,0.0,0.0,0.996555780951657,2152864.319843838,0.0
656580,0.0,0.0,0.996555780951657,2151920.4382157126,0.0
656640,0.0,0.0,0.996555780951657,2155157.9791843183,0.0
656700,0.0,0.0,0.996555780951657,2155074.191741319,0.0
656760,0.0,0.0,0.996555780951657,2156769.4583202256,0.0
656820,0.0,0.0,0.996555780951657,2150649.368667268,0.0
656880,0.0,0.0,0.996555780951657,2151816.016769093,0.0
656940,0.0,0.0,0.996555780951657,2152530.5358561226,0.0
657000,0.0,0.0,0.996555780951657,2155203.910855438,0.0
657060,0.0,0.0,0.996555780951657,2155850.0439395676,0.0
657120,0.0,0.0,0.996555780951657,2152982.198166716,0.0
657180,0.0,0.0,0.996555780951657,2153710.1107109147,0.0
657240,0.0,0.0,0.996555780951657,2151459.624740658,0.0
657300,0.0,0.0,0.996555780951657,2153906.3706538468,0.0
657360,0.0,0.0,0.996555780951657,2157573.6116897375,0.0
657420,0.0,0.0,0.996555780951657,2154830.9081521607,0.0
657480,0.0,0.0,0.996555780951657,2154049.748868048,0.0
657540,0.0,0.0,0.996555780951657,2151534.151305313,0.0
657600,0.0,0.0,0.996555780951657,2153274.7123606564,0.0
657660,0.0,0.0,0.996555780951657,2155727.8388822256,0.0
657720,0.0,0.0,0.996555780951657,2156028.3286564513,0.0
657780,0.0,0.0,0.996555780951657,2152467.767893677,0.0
657840,0.0,0.0,0.996555780951657,2150545.7453158493,0.0
657900,0.0,0.0,0.996555780951657,2152753.8403484356,0.0
657960,0.0,0.0,0.996555780951657,2157556.628979764,0.0
658020,0.0,0.0,0.996555780951657,2155017.098708084,0.0
658080,0.0,0.0,0.996555780951657,2155584.8039810504,0.0
658140,0.0,0.0,0.996555780951657,2149530.0009083785,0.0
658200,0.0,0.0,0.996555780951657,2152642.47270807,0.0
658260,0.0,0.0,0.996555780951657,2155336.911963347,0.0
658320,0.0,0.0,0.996555780951657,2155165.1054456565,0.0
658380,0.0,0.0,0.996555780951657,2157002.313967772,0.0
658440,0.0,0.0,0.996555780951657,2152790.4801232046,0.0
658500,0.0,0.0,0.996555780951657,2152044.4316218654,0.0
658560,0.0,0.0,0.996555780951657,2153839.5130979493,0.0
658620,0.0,0.0,0.996555780951657,2155317.7634435864,0.0
658680,0.0,0.0,0.996555780951657,2154930.387148693,0.0
658740,0.0,0.0,0.996555780951657,2154818.354662483,0.0
658800,0.0,0.0,0.996555780951657,2150031.14108427,0.0
658860,0.0,0.0,0.996555780951657,2152850.5096948305,0.0
658920,0.0,0.0,0.996555780951657,2156321.7587157097,0.0
658980,0.0,0.0,0.996555780951657,2155408.116420696,0.0
659040,0.0,0.0,0.996555780951657,2155845.0660190987,0.0
659100,0.0,0.0,0.996555780951657,2148827.2136594635,0.0
659160,0.0,0.0,0.996555780951657,2152361.707878491,0.0
659220,0.0,0.0,0.996555780951657,2154514.3339462522,0.0
659280,0.0,0.0,0.996555780951657,2157102.892716659,0.0
659340,0.0,0.0,0.996555780951657,2154850.1955586113,0.0
659400,0.0,0.0,0.996555780951657,2153958.00545539,0.0
659460,0.0,0.0,0.996555780951657,2151589.816965762,0.0
659520,0.0,0.0,0.996555780951657,2153286.1982572246,0.0
659580,0.0,0.0,0.996555780951657,2155664.07843381,0.0
659640,0.0,0.0,0.996555780951657,2155975.436369896,0.0
659700,0.0,0.0,0.996555780951657,2151664.498785142,0.0
659760,0.0,0.0,0.996555780951657,2152940.8385195006,0.0
659820,0.0,0.0,0.996555780951657,2152933.3883250197,0.0
659880,0.0,0.0,0.996555780951657,2154583.680117534,0.0
659940,0.0,0.0,0.996555780951657,2157632.284784119,0.0
660000,0.0,0.0,0.996555780951657,2154185.327323293,0.0
660060,0.0,0.0,0.996555780951657,2152868.3338837577,0.0
660120,0.0,0.0,0.996555780951657,2152167.721267663,0.0
660180,0.0,0.0,0.996555780951657,2154147.9744163635,0.0
660240,0.0,0.0,0.996555780951657,2158100.9346657554,0.0
660300,0.0,0.0,0.996555780951657,2154150.0852841754,0.0
660360,0.0,0.0,0.996555780951657,2154328.924713827,0.0
660420,0.0,0.0,0.996555780951657,2150490.0375920506,0.0
660480,0.0,0.0,0.996555780951657,2153798.8900386663,0.0
660540,0.0,0.0,0.996555780951657,2155359.510343692,0.0
660600,0.0,0.0,0.996555780951657,2154536.911746639,0.0
660660,0.0,0.0,0.996555780951657,2154907.6167727998,0.0
660720,0.0,0.0,0.996555780951657,2149881.0294958996,0.0
660780,0.0,0.0,0.996555780951657,2152941.427264038,0.0
660840,0.0,0.0,0.996555780951657,2156580.1774607804,0.0
660900,0.0,0.0,0.996555780951657,2155265.8399408297,0.0
660960,0.0,0.0,0.996555780951657,2155954.1040014056,0.0
661020,0.0,0.0,0.996555780951657,2151936.0355778974,0.0
661080,0.0,0.0,0.996555780951657,2152241.44477448,0.0
661140,0.0,0.0,0.996555780951657,2154804.3225183366,0.0
661200,0.0,0.0,0.996555780951657,2155826.7447986715,0.0
661260,0.0,0.0,0.996555780951657,2153964.485203497,0.0
661320,0.0,0.0,0.996555780951657,2153996.1369998856,0.0
661380,0.0,0.0,0.996555780951657,2150793.217189251,0.0
661440,0.0,0.0,0.996555780951657,2154622.715326869,0.0
661500,0.0,0.0,0.996555780951657,2155080.783132264,0.0
661560,0.0,0.0,0.996555780951657,2157460.8497314933,0.0
661620,0.0,0.0,0.996555780951657,2150707.73892998,0.0
661680,0.0,0.0,0.996555780951657,2153068.3432729943,0.0
661740,0.0,0.0,0.996555780951657,2153211.979940141,0.0
661800,0.0,0.0,0.996555780951657,2154507.525214306,0.0
661860,0.0,0.0,0.996555780951657,2157844.102692622,0.0
661920,0.0,0.0,0.996555780951657,2154062.9863380883,0.0
661980,0.0,0.0,0.996555780951657,2152932.7944681547,0.0
662040,0.0,0.0,0.996555780951657,2152323.521634423,0.0
662100,0.0,0.0,0.996555780951657,2154187.1276821713,0.0
662160,0.0,0.0,0.996555780951657,2155706.9161158847,0.0
662220,0.0,0.0,0.996555780951657,2155709.6304839095,0.0
662280,0.0,0.0,0.996555780951657,2150481.987072538,0.0
662340,0.0,0.0,0.996555780951657,2152450.637230356,0.0
662400,0.0,0.0,0.996555780951657,2154487.8493734463,0.0
662460,0.0,0.0,0.996555780951657,2155134.8943885346,0.0
662520,0.0,0.0,0.996555780951657,2157180.0484675597,0.0
662580,0.0,0.0,0.996555780951657,2153305.907460644,0.0
662640,0.0,0.0,0.996555780951657,2152041.557301164,0.0
662700,0.0,0.0,0.996555780951657,2154303.408368257,0.0
662760,0.0,0.0,0.996555780951657,2154851.2923611663,0.0
662820,0.0,0.0,0.996555780951657,2156809.461446884,0.0
662880,0.0,0.0,0.996555780951657,2151501.5310409805,0.0
662940,0.0,0.0,0.996555780951657,2152139.833866077,0.0
663000,0.0,0.0,0.996555780951657,2152249.382912298,0.0
663060,0.0,0.0,0.996555780951657,2154865.207532732,0.0
663120,0.0,0.0,0.996555780951657,2155711.6262329724,0.0
663180,0.0,0.0,0.996555780951657,2153576.518530975,0.0
663240,0.0,0.0,0.996555780951657,2154083.448817038,0.0
663300,0.0,0.0,0.996555780951657,2150852.692084201,0.0
663360,0.0,0.0,0.996555780951657,2153581.0982370945,0.0
663420,0.0,0.0,0.996555780951657,2157361.363014705,0.0
663480,0.0,0.0,0.996555780951657,2155049.24725124,0.0
663540,0.0,0.0,0.996555780951657,2154640.445401061,0.0
663600,0.0,0.0,0.996555780951657,2151445.588242193,0.0
663660,0.0,0.0,0.996555780951657,2152892.7105186097,0.0
663720,0.0,0.0,0.996555780951657,2155528.5938793984,0.0
663780,0.0,0.0,0.996555780951657,2156047.1878719865,0.0
663840,0.0,0.0,0.996555780951657,2153294.4155419003,0.0
663900,0.0,0.0,0.996555780951657,2150558.0286985766,0.0
663960,0.0,0.0,0.996555780951657,2152557.740955864,0.0
664020,0.0,0.0,0.996555780951657,2157017.9992489885,0.0
664080,0.0,0.0,0.996555780951657,2155232.4918562225,0.0
664140,0.0,0.0,0.996555780951657,2155796.7101633027,0.0
664200,0.0,0.0,0.996555780951657,2149823.7315404187,0.0
664260,0.0,0.0,0.996555780951657,2152654.386865704,0.0
664320,0.0,0.0,0.996555780951657,2154673.731963235,0.0
664380,0.0,0.0,0.996555780951657,2155032.697640995,0.0
664440,0.0,0.0,0.996555780951657,2157348.92238028,0.0
664500,0.0,0.0,0.996555780951657,2153200.7145590116,0.0
664560,0.0,0.0,0.996555780951657,2152148.559736456,0.0
664620,0.0,0.0,0.996555780951657,2153352.1547949854,0.0
664680,0.0,0.0,0.996555780951657,2155012.121269932,0.0
664740,0.0,0.0,0.996555780951657,2155282.7290224098,0.0
664800,0.0,0.0,0.996555780951657,2155143.62760001,0.0
664860,0.0,0.0,0.996555780951657,2149945.0632753056,0.0
664920,0.0,0.0,0.996555780951657,2152617.5161476275,0.0
664980,0.0,0.0,0.996555780951657,2155810.786812603,0.0
665040,0.0,0.0,0.996555780951657,2155403.288300166,0.0
665100,0.0,0.0,0.996555780951657,2156324.1963800164,0.0
665160,0.0,0.0,0.996555780951657,2148880.330447479,0.0
665220,0.0,0.0,0.996555780951657,2152222.6294622407,0.0
665280,0.0,0.0,0.996555780951657,2153995.664807976,0.0
665340,0.0,0.0,0.996555780951657,2157315.1831882447,0.0
665400,0.0,0.0,0.996555780951657,2155041.7706280043,0.0
665460,0.0,0.0,0.996555780951657,2154562.326665197,0.0
665520,0.0,0.0,0.996555780951657,2151473.4641464027,0.0
665580,0.0,0.0,0.996555780951657,2152945.5408165106,0.0
665640,0.0,0.0,0.996555780951657,2155507.496046377,0.0
665700,0.0,0.0,0.996555780951657,2155986.4493042617,0.0
665760,0.0,0.0,0.996555780951657,2152279.5833044415,0.0
665820,0.0,0.0,0.996555780951657,2153249.051748651,0.0
665880,0.0,0.0,0.996555780951657,2152246.586218236,0.0
665940,0.0,0.0,0.996555780951657,2154295.1922778348,0.0
666000,0.0,0.0,0.996555780951657,2157646.402766081,0.0
666060,0.0,0.0,0.996555780951657,2154517.264231033,0.0
666120,0.0,0.0,0.996555780951657,2153360.4935109713,0.0
666180,0.0,0.0,0.996555780951657,2151811.274543435,0.0
666240,0.0,0.0,0.996555780951657,2153748.738006475,0.0
666300,0.0,0.0,0.996555780951657,2158205.4488693555,0.0
666360,0.0,0.0,0.996555780951657,2154505.7448996077,0.0
666420,0.0,0.0,0.996555780951657,2154773.4483563257,0.0
666480,0.0,0.0,0.996555780951657,2149785.7992190453,0.0
666540,0.0,0.0,0.996555780951657,2153361.5975792427,0.0
666600,0.0,0.0,0.996555780951657,2155057.1617879155,0.0
666660,0.0,0.0,0.996555780951657,2154939.714952279,0.0
666720,0.0,0.0,0.996555780951657,2155190.239321575,0.0
666780,0.0,0.0,0.996555780951657,2149722.242937149,0.0
666840,0.0,0.0,0.996555780951657,2152739.744329335,0.0
666900,0.0,0.0,0.996555780951657,2156074.7617324614,0.0
666960,0.0,0.0,0.996555780951657,2155271.7849602364,0.0
667020,0.0,0.0,0.996555780951657,2156436.407412919,0.0
667080,0.0,0.0,0.996555780951657,2152303.0108113163,0.0
667140,0.0,0.0,0.996555780951657,2152074.5473037115,0.0
667200,0.0,0.0,0.996555780951657,2154391.219261407,0.0
667260,0.0,0.0,0.996555780951657,2155640.007414589,0.0
667320,0.0,0.0,0.996555780951657,2154463.745887433,0.0
667380,0.0,0.0,0.996555780951657,2154367.474908641,0.0
667440,0.0,0.0,0.996555780951657,2150381.136172797,0.0
667500,0.0,0.0,0.996555780951657,2153188.928722601,0.0
667560,0.0,0.0,0.996555780951657,2156784.808664382,0.0
667620,0.0,0.0,0.996555780951657,2154978.0082927626,0.0
667680,0.0,0.0,0.996555780951657,2154602.7375004976,0.0
667740,0.0,0.0,0.996555780951657,2151158.678741342,0.0
667800,0.0,0.0,0.996555780951657,2153271.88262316,0.0
667860,0.0,0.0,0.996555780951657,2154256.357207801,0.0
667920,0.0,0.0,0.996555780951657,2157975.122922992,0.0
667980,0.0,0.0,0.996555780951657,2154370.303813966,0.0
668040,0.0,0.0,0.996555780951657,2153567.239696581,0.0
668100,0.0,0.0,0.996555780951657,2151919.546703533,0.0
668160,0.0,0.0,0.996555780951657,2153771.17448367,0.0
668220,0.0,0.0,0.996555780951657,2155755.928835365,0.0
668280,0.0,0.0,0.996555780951657,2155876.609349677,0.0
668340,0.0,0.0,0.996555780951657,2151039.649988491,0.0
668400,0.0,0.0,0.996555780951657,2152588.7171004573,0.0
668460,0.0,0.0,0.996555780951657,2153759.5835759435,0.0
668520,0.0,0.0,0.996555780951657,2154910.4384474745,0.0
668580,0.0,0.0,0.996555780951657,2157439.8948668013,0.0
668640,0.0,0.0,0.996555780951657,2153746.0875737322,0.0
668700,0.0,0.0,0.996555780951657,2152349.188473911,0.0
668760,0.0,0.0,0.996555780951657,2153373.2370687323,0.0
668820,0.0,0.0,0.996555780951657,2154558.6605475876,0.0
668880,0.0,0.0,0.996555780951657,2156759.846508063,0.0
668940,0.0,0.0,0.996555780951657,2152411.8053189702,0.0
669000,0.0,0.0,0.996555780951657,2152521.08572929,0.0
669060,0.0,0.0,0.996555780951657,2152052.1656019734,0.0
669120,0.0,0.0,0.996555780951657,2154446.7922331146,0.0
669180,0.0,0.0,0.996555780951657,2155505.8247691747,0.0
669240,0.0,0.0,0.996555780951657,2154131.1398028377,0.0
669300,0.0,0.0,0.996555780951657,2154464.6951873004,0.0
669360,0.0,0.0,0.996555780951657,2150331.1068655355,0.0
669420,0.0,0.0,0.996555780951657,2153260.814726971,0.0
669480,0.0,0.0,0.996555780951657,2157039.807916739,0.0
669540,0.0,0.0,0.996555780951657,2155203.5511420346,0.0
669600,0.0,0.0,0.996555780951657,2155244.7292502145,0.0
669660,0.0,0.0,0.996555780951657,2151554.4503749595,0.0
669720,0.0,0.0,0.996555780951657,2152545.355791008,0.0
669780,0.0,0.0,0.996555780951657,2155235.5508992155,0.0
669840,0.0,0.0,0.996555780951657,2155993.151001155,0.0
669900,0.0,0.0,0.996555780951657,2153360.134324479,0.0
669960,0.0,0.0,0.996555780951657,2153507.8183829733,0.0
670020,0.0,0.0,0.996555780951657,2151426.150610377,0.0
670080,0.0,0.0,0.996555780951657,2155204.161336821,0.0
670140,0.0,0.0,0.996555780951657,2155342.7990267733,0.0
670200,0.0,0.0,0.996555780951657,2156763.5034157946,0.0
670260,0.0,0.0,0.996555780951657,2150123.3618786684,0.0
670320,0.0,0.0,0.996555780951657,2152737.019709767,0.0
670380,0.0,0.0,0.996555780951657,2154055.4771399098,0.0
670440,0.0,0.0,0.996555780951657,2154790.803077427,0.0
670500,0.0,0.0,0.996555780951657,2157654.9334049444,0.0
670560,0.0,0.0,0.996555780951657,2153658.8285092968,0.0
670620,0.0,0.0,0.996555780951657,2152449.6220778814,0.0
670680,0.0,0.0,0.996555780951657,2152812.55770301,0.0
670740,0.0,0.0,0.996555780951657,2154614.0101383724,0.0
670800,0.0,0.0,0.996555780951657,2155559.0381809636,0.0
670860,0.0,0.0,0.996555780951657,2155462.4096413837,0.0
670920,0.0,0.0,0.996555780951657,2150084.8518810193,0.0
670980,0.0,0.0,0.996555780951657,2152459.814420034,0.0
671040,0.0,0.0,0.996555780951657,2155170.874863743,0.0
671100,0.0,0.0,0.996555780951657,2155309.64310409,0.0
671160,0.0,0.0,0.996555780951657,2156796.5879410054,0.0
671220,0.0,0.0,0.996555780951657,2149272.6160262297,0.0
671280,0.0,0.0,0.996555780951657,2152224.89838251,0.0
671340,0.0,0.0,0.996555780951657,2153405.3883698424,0.0
671400,0.0,0.0,0.996555780951657,2157395.8152287193,0.0
671460,0.0,0.0,0.996555780951657,2155177.0098182047,0.0
671520,0.0,0.0,0.996555780951657,2155250.5978310867,0.0
671580,0.0,0.0,0.996555780951657,2151554.3396385447,0.0
671640,0.0,0.0,0.996555780951657,2152618.824076651,0.0
671700,0.0,0.0,0.996555780951657,2155234.751559311,0.0
671760,0.0,0.0,0.996555780951657,2155921.2227356136,0.0
671820,0.0,0.0,0.996555780951657,2152928.153110384,0.0
671880,0.0,0.0,0.996555780951657,2153636.485346161,0.0
671940,0.0,0.0,0.996555780951657,2151535.8401445984,0.0
672000,0.0,0.0,0.996555780951657,2153952.039825151,0.0
672060,0.0,0.0,0.996555780951657,2157559.2362227784,0.0
672120,0.0,0.0,0.996555780951657,2154818.5079425676,0.0
672180,0.0,0.0,0.996555780951657,2153960.6612717025,0.0
672240,0.0,0.0,0.996555780951657,2151544.013357085,0.0
672300,0.0,0.0,0.996555780951657,2153316.5438200524,0.0
672360,0.0,0.0,0.996555780951657,2158183.371157626,0.0
672420,0.0,0.0,0.996555780951657,2154808.6528458684,0.0
672480,0.0,0.0,0.996555780951657,2155246.327877376,0.0
672540,0.0,0.0,0.996555780951657,2149158.739822579,0.0
672600,0.0,0.0,0.996555780951657,2152892.0121291047,0.0
672660,0.0,0.0,0.996555780951657,2154684.432113206,0.0
672720,0.0,0.0,0.996555780951657,2155265.977760129,0.0
672780,0.0,0.0,0.996555780951657,2155453.149123587,0.0
672840,0.0,0.0,0.996555780951657,2149759.361422196,0.0
672900,0.0,0.0,0.996555780951657,2152610.1897809384,0.0
672960,0.0,0.0,0.996555780951657,2155463.2542837868,0.0
673020,0.0,0.0,0.996555780951657,2155204.357066742,0.0
673080,0.0,0.0,0.996555780951657,2156896.1068055853,0.0
673140,0.0,0.0,0.996555780951657,2152724.7362482585,0.0
673200,0.0,0.0,0.996555780951657,2152014.803261938,0.0
673260,0.0,0.0,0.996555780951657,2153907.9137872257,0.0
673320,0.0,0.0,0.996555780951657,2155377.9767886293,0.0
673380,0.0,0.0,0.996555780951657,2154914.509713951,0.0
673440,0.0,0.0,0.996555780951657,2154750.2223596526,0.0
673500,0.0,0.0,0.996555780951657,2150085.7736966554,0.0
673560,0.0,0.0,0.996555780951657,2152877.791213758,0.0
673620,0.0,0.0,0.996555780951657,2156355.667469571,0.0
673680,0.0,0.0,0.996555780951657,2155477.5817711963,0.0
673740,0.0,0.0,0.996555780951657,2154903.035182571,0.0
673800,0.0,0.0,0.996555780951657,2151490.8788875397,0.0
673860,0.0,0.0,0.996555780951657,2152413.9940086226,0.0
673920,0.0,0.0,0.996555780951657,2153947.2542170687,0.0
673980,0.0,0.0,0.996555780951657,2157923.575059661,0.0
674040,0.0,0.0,0.996555780951657,2154650.4834205243,0.0
674100,0.0,0.0,0.996555780951657,2154137.951272418,0.0
674160,0.0,0.0,0.996555780951657,2151641.768627832,0.0
674220,0.0,0.0,0.996555780951657,2153378.3514907453,0.0
674280,0.0,0.0,0.996555780951657,2155704.7162009133,0.0
674340,0.0,0.0,0.996555780951657,2155968.922916093,0.0
674400,0.0,0.0,0.996555780951657,2151635.277530217,0.0
674460,0.0,0.0,0.996555780951657,2152841.6924604895,0.0
674520,0.0,0.0,0.996555780951657,2153048.606399627,0.0
674580,0.0,0.0,0.996555780951657,2154651.4289705763,0.0
674640,0.0,0.0,0.996555780951657,2157578.560991016,0.0
674700,0.0,0.0,0.996555780951657,2154136.5501470664,0.0
674760,0.0,0.0,0.996555780951657,2152761.1452333834,0.0
674820,0.0,0.0,0.996555780951657,2152454.02991201,0.0
674880,0.0,0.0,0.996555780951657,2154237.8419841533,0.0
674940,0.0,0.0,0.996555780951657,2156626.454476393,0.0
675000,0.0,0.0,0.996555780951657,2153306.4993683216,0.0
675060,0.0,0.0,0.996555780951657,2152906.096994837,0.0
675120,0.0,0.0,0.996555780951657,2151970.09384458,0.0
675180,0.0,0.0,0.996555780951657,2153997.5783399856,0.0
675240,0.0,0.0,0.996555780951657,2155260.0097711864,0.0
675300,0.0,0.0,0.996555780951657,2154606.307342868,0.0
675360,0.0,0.0,0.996555780951657,2154806.969916237,0.0
675420,0.0,0.0,0.996555780951657,2149965.254868366,0.0
675480,0.0,0.0,0.996555780951657,2152984.8578809556,0.0
675540,0.0,0.0,0.996555780951657,2156630.3647721554,0.0
675600,0.0,0.0,0.996555780951657,2155287.8335378757,0.0
675660,0.0,0.0,0.996555780951657,2155794.272466028,0.0
675720,0.0,0.0,0.996555780951657,2151856.971693305,0.0
675780,0.0,0.0,0.996555780951657,2152272.0675698877,0.0
675840,0.0,0.0,0.996555780951657,2154880.034434123,0.0
675900,0.0,0.0,0.996555780951657,2155875.7048660815,0.0
675960,0.0,0.0,0.996555780951657,2153922.0474656704,0.0
676020,0.0,0.0,0.996555780951657,2153893.429422477,0.0
676080,0.0,0.0,0.996555780951657,2150889.9122986738,0.0
676140,0.0,0.0,0.996555780951657,2154690.109319511,0.0
676200,0.0,0.0,0.996555780951657,2155143.512387995,0.0
676260,0.0,0.0,0.996555780951657,2157324.2908281013,0.0
676320,0.0,0.0,0.996555780951657,2150718.4515091563,0.0
676380,0.0,0.0,0.996555780951657,2152979.843647278,0.0
676440,0.0,0.0,0.996555780951657,2153309.3323390656,0.0
676500,0.0,0.0,0.996555780951657,2154562.6297284956,0.0
676560,0.0,0.0,0.996555780951657,2157789.96410405,0.0
676620,0.0,0.0,0.996555780951657,2154025.435490689,0.0
676680,0.0,0.0,0.996555780951657,2152841.2335159457,0.0
676740,0.0,0.0,0.996555780951657,2152367.1514689922,0.0
676800,0.0,0.0,0.996555780951657,2154245.594836626,0.0
676860,0.0,0.0,0.996555780951657,2155718.2164075687,0.0
676920,0.0,0.0,0.996555780951657,2155685.991071145,0.0
676980,0.0,0.0,0.996555780951657,2150484.306280178,0.0
677040,0.0,0.0,0.996555780951657,2152421.005368918,0.0
677100,0.0,0.0,0.996555780951657,2154538.611875479,0.0
677160,0.0,0.0,0.996555780951657,2155170.874903354,0.0
677220,0.0,0.0,0.996555780951657,2157122.6488591814,0.0
677280,0.0,0.0,0.996555780951657,2149900.273962387,0.0
677340,0.0,0.0,0.996555780951657,2152380.5159720103,0.0
677400,0.0,0.0,0.996555780951657,2152886.2806875007,0.0
677460,0.0,0.0,0.996555780951657,2157305.955127753,0.0
677520,0.0,0.0,0.996555780951657,2155242.8655435215,0.0
677580,0.0,0.0,0.996555780951657,2155831.4360912214,0.0
677640,0.0,0.0,0.996555780951657,2151830.8614750267,0.0
677700,0.0,0.0,0.996555780951657,2152384.091354872,0.0
677760,0.0,0.0,0.996555780951657,2154914.552683905,0.0
677820,0.0,0.0,0.996555780951657,2155804.6373500163,0.0
677880,0.0,0.0,0.996555780951657,2153511.542669985,0.0
677940,0.0,0.0,0.996555780951657,2153990.696167078,0.0
678000,0.0,0.0,0.996555780951657,2150953.7272971016,0.0
678060,0.0,0.0,0.996555780951657,2153636.09406523,0.0
678120,0.0,0.0,0.996555780951657,2157364.9368472467,0.0
678180,0.0,0.0,0.996555780951657,2155040.7252512076,0.0
678240,0.0,0.0,0.996555780951657,2154520.648897052,0.0
678300,0.0,0.0,0.996555780951657,2151438.8192268256,0.0
678360,0.0,0.0,0.996555780951657,2152942.148093915,0.0
678420,0.0,0.0,0.996555780951657,2155567.6614542566,0.0
678480,0.0,0.0,0.996555780951657,2156059.1218402633,0.0
678540,0.0,0.0,0.996555780951657,2153232.986534847,0.0
678600,0.0,0.0,0.996555780951657,2150565.512575938,0.0
678660,0.0,0.0,0.996555780951657,2152560.9455421404,0.0
678720,0.0,0.0,0.996555780951657,2157012.440496659,0.0
678780,0.0,0.0,0.996555780951657,2155254.5054159006,0.0
678840,0.0,0.0,0.996555780951657,2155773.5835773647,0.0
678900,0.0,0.0,0.996555780951657,2149846.7768301037,0.0
678960,0.0,0.0,0.996555780951657,2152619.2363702757,0.0
679020,0.0,0.0,0.996555780951657,2154721.5860184403,0.0
679080,0.0,0.0,0.996555780951657,2155066.806601755,0.0
679140,0.0,0.0,0.996555780951657,2157287.028197075,0.0
679200,0.0,0.0,0.996555780951657,2153167.423282339,0.0
679260,0.0,0.0,0.996555780951657,2152112.75320163,0.0
679320,0.0,0.0,0.996555780951657,2153385.1234343536,0.0
679380,0.0,0.0,0.996555780951657,2155050.092494172,0.0
679440,0.0,0.0,0.996555780951657,2155287.3480248908,0.0
679500,0.0,0.0,0.996555780951657,2155111.994763168,0.0
679560,0.0,0.0,0.996555780951657,2149973.1222706106,0.0
679620,0.0,0.0,0.996555780951657,2152619.308336393,0.0
679680,0.0,0.0,0.996555780951657,2155825.817910236,0.0
679740,0.0,0.0,0.996555780951657,2155871.1852551633,0.0
679800,0.0,0.0,0.996555780951657,2155160.997151133,0.0
679860,0.0,0.0,0.996555780951657,2152016.8461494287,0.0
679920,0.0,0.0,0.996555780951657,2151550.5508000404,0.0
679980,0.0,0.0,0.996555780951657,2153624.2514491333,0.0
680040,0.0,0.0,0.996555780951657,2157754.340543391,0.0
680100,0.0,0.0,0.996555780951657,2154876.5630155946,0.0
680160,0.0,0.0,0.996555780951657,2154754.0388260344,0.0
680220,0.0,0.0,0.996555780951657,2151503.4851672975,0.0
680280,0.0,0.0,0.996555780951657,2152996.098364178,0.0
680340,0.0,0.0,0.996555780951657,2155549.5903142937,0.0
680400,0.0,0.0,0.996555780951657,2155992.9167604335,0.0
680460,0.0,0.0,0.996555780951657,2152266.997992569,0.0
680520,0.0,0.0,0.996555780951657,2153168.2199467975,0.0
680580,0.0,0.0,0.996555780951657,2152328.5818778737,0.0
680640,0.0,0.0,0.996555780951657,2154345.5493317656,0.0
680700,0.0,0.0,0.996555780951657,2157616.1774398927,0.0
680760,0.0,0.0,0.996555780951657,2154493.2552086073,0.0
680820,0.0,0.0,0.996555780951657,2153273.348683763,0.0
680880,0.0,0.0,0.996555780951657,2151837.3972383533,0.0
680940,0.0,0.0,0.996555780951657,2153798.7628234695,0.0
681000,0.0,0.0,0.996555780951657,2158145.367061654,0.0
681060,0.0,0.0,0.996555780951657,2154503.6257587858,0.0
681120,0.0,0.0,0.996555780951657,2154699.862435505,0.0
681180,0.0,0.0,0.996555780951657,2149865.8916543946,0.0
681240,0.0,0.0,0.996555780951657,2153399.6046113293,0.0
681300,0.0,0.0,0.996555780951657,2155101.9179422325,0.0
681360,0.0,0.0,0.996555780951657,2154947.233855245,0.0
681420,0.0,0.0,0.996555780951657,2155158.358477814,0.0
681480,0.0,0.0,0.996555780951657,2149760.44187661,0.0
681540,0.0,0.0,0.996555780951657,2152739.918819821,0.0
681600,0.0,0.0,0.996555780951657,2156089.750076467,0.0
681660,0.0,0.0,0.996555780951657,2155291.116009798,0.0
681720,0.0,0.0,0.996555780951657,2156379.0010108165,0.0
681780,0.0,0.0,0.996555780951657,2152277.156169986,0.0
681840,0.0,0.0,0.996555780951657,2152069.8119663266,0.0
681900,0.0,0.0,0.996555780951657,2154412.927845885,0.0
681960,0.0,0.0,0.996555780951657,2155662.9787551938,0.0
682020,0.0,0.0,0.996555780951657,2154470.6263196976,0.0
682080,0.0,0.0,0.996555780951657,2154334.2465404687,0.0
682140,0.0,0.0,0.996555780951657,2150408.492297789,0.0
682200,0.0,0.0,0.996555780951657,2154054.2474736036,0.0
682260,0.0,0.0,0.996555780951657,2154860.899777522,0.0
682320,0.0,0.0,0.996555780951657,2157856.778773073,0.0
682380,0.0,0.0,0.996555780951657,2151380.3706054054,0.0
682440,0.0,0.0,0.996555780951657,2153329.90359574,0.0
682500,0.0,0.0,0.996555780951657,2152485.7354423716,0.0
682560,0.0,0.0,0.996555780951657,2154267.0528246304,0.0
682620,0.0,0.0,0.996555780951657,2157839.358788902,0.0
682680,0.0,0.0,0.996555780951657,2154382.3798000207,0.0
682740,0.0,0.0,0.996555780951657,2153381.700903662,0.0
682800,0.0,0.0,0.996555780951657,2151950.9642943465,0.0
682860,0.0,0.0,0.996555780951657,2153823.404416243,0.0
682920,0.0,0.0,0.996555780951657,2155775.5819657394,0.0
682980,0.0,0.0,0.996555780951657,2155866.2469348046,0.0
683040,0.0,0.0,0.996555780951657,2151032.284468683,0.0
683100,0.0,0.0,0.996555780951657,2152535.671528582,0.0
683160,0.0,0.0,0.996555780951657,2153817.5719688283,0.0
683220,0.0,0.0,0.996555780951657,2154950.914218798,0.0
683280,0.0,0.0,0.996555780951657,2157391.181088148,0.0
683340,0.0,0.0,0.996555780951657,2150633.3669783613,0.0
683400,0.0,0.0,0.996555780951657,2152678.9900748665,0.0
683460,0.0,0.0,0.996555780951657,2152352.676093893,0.0
683520,0.0,0.0,0.996555780951657,2157066.3130944287,0.0
683580,0.0,0.0,0.996555780951657,2155239.770061716,0.0
683640,0.0,0.0,0.996555780951657,2156427.064580817,0.0
683700,0.0,0.0,0.996555780951657,2152209.0312009584,0.0
683760,0.0,0.0,0.996555780951657,2152221.6363424277,0.0
683820,0.0,0.0,0.996555780951657,2154501.97815945,0.0
683880,0.0,0.0,0.996555780951657,2155611.9408964654,0.0
683940,0.0,0.0,0.996555780951657,2154074.500903329,0.0
684000,0.0,0.0,0.996555780951657,2154376.5928129596,0.0
684060,0.0,0.0,0.996555780951657,2150426.5808630823,0.0
684120,0.0,0.0,0.996555780951657,2153306.8772848947,0.0
684180,0.0,0.0,0.996555780951657,2157061.2377382875,0.0
684240,0.0,0.0,0.996555780951657,2155207.251918232,0.0
684300,0.0,0.0,0.996555780951657,2155124.1534207286,0.0
684360,0.0,0.0,0.996555780951657,2151518.405149521,0.0
684420,0.0,0.0,0.996555780951657,2152583.446373039,0.0
684480,0.0,0.0,0.996555780951657,2155282.51858047,0.0
684540,0.0,0.0,0.996555780951657,2156017.266715507,0.0
684600,0.0,0.0,0.996555780951657,2154082.9599261773,0.0
684660,0.0,0.0,0.996555780951657,2150831.353231776,0.0
684720,0.0,0.0,0.996555780951657,2152433.4261673703,0.0
684780,0.0,0.0,0.996555780951657,2156369.7907925886,0.0
684840,0.0,0.0,0.996555780951657,2155374.557135996,0.0
684900,0.0,0.0,0.996555780951657,2155941.55225887,0.0
684960,0.0,0.0,0.996555780951657,2150361.1426445954,0.0
685020,0.0,0.0,0.996555780951657,2152749.769379126,0.0
685080,0.0,0.0,0.996555780951657,2154012.8205323783,0.0
685140,0.0,0.0,0.996555780951657,2154879.082604636,0.0
685200,0.0,0.0,0.996555780951657,2157560.1686803335,0.0
685260,0.0,0.0,0.996555780951657,2153578.6843040413,0.0
685320,0.0,0.0,0.996555780951657,2152365.0260064006,0.0
685380,0.0,0.0,0.996555780951657,2152890.7736187503,0.0
685440,0.0,0.0,0.996555780951657,2154700.0254814588,0.0
685500,0.0,0.0,0.996555780951657,2155555.768426824,0.0
685560,0.0,0.0,0.996555780951657,2155408.271534582,0.0
685620,0.0,0.0,0.996555780951657,2150097.9744765195,0.0
685680,0.0,0.0,0.996555780951657,2152452.9270669566,0.0
685740,0.0,0.0,0.996555780951657,2155244.400798212,0.0
685800,0.0,0.0,0.996555780951657,2156133.223711792,0.0
685860,0.0,0.0,0.996555780951657,2155352.115179603,0.0
685920,0.0,0.0,0.996555780951657,2152644.286980644,0.0
685980,0.0,0.0,0.996555780951657,2150778.4796099714,0.0
686040,0.0,0.0,0.996555780951657,2153329.4184861686,0.0
686100,0.0,0.0,0.996555780951657,2157472.7580813076,0.0
686160,0.0,0.0,0.996555780951657,2155034.2070711115,0.0
686220,0.0,0.0,0.996555780951657,2155335.625143641,0.0
686280,0.0,0.0,0.996555780951657,2151548.078479604,0.0
686340,0.0,0.0,0.996555780951657,2152667.9949381454,0.0
686400,0.0,0.0,0.996555780951657,2155312.8768225196,0.0
686460,0.0,0.0,0.996555780951657,2155951.1329971096,0.0
686520,0.0,0.0,0.996555780951657,2152882.5295086135,0.0
686580,0.0,0.0,0.996555780951657,2153515.4860066506,0.0
686640,0.0,0.0,0.996555780951657,2151668.1435177745,0.0
686700,0.0,0.0,0.996555780951657,2154028.435208519,0.0
686760,0.0,0.0,0.996555780951657,2157542.63714191,0.0
686820,0.0,0.0,0.996555780951657,2154788.46921765,0.0
686880,0.0,0.0,0.996555780951657,2153816.7933354327,0.0
686940,0.0,0.0,0.996555780951657,2151568.653736766,0.0
687000,0.0,0.0,0.996555780951657,2153392.1099694343,0.0
687060,0.0,0.0,0.996555780951657,2158118.2396816975,0.0
687120,0.0,0.0,0.996555780951657,2154803.7219823087,0.0
687180,0.0,0.0,0.996555780951657,2155140.1167883677,0.0
687240,0.0,0.0,0.996555780951657,2149287.4096166217,0.0
687300,0.0,0.0,0.996555780951657,2152954.6759219076,0.0
687360,0.0,0.0,0.996555780951657,2154759.481262754,0.0
687420,0.0,0.0,0.996555780951657,2155268.4938944606,0.0
687480,0.0,0.0,0.996555780951657,2155413.3329584557,0.0
687540,0.0,0.0,0.996555780951657,2149792.742575459,0.0
687600,0.0,0.0,0.996555780951657,2152598.800553127,0.0
687660,0.0,0.0,0.996555780951657,2155516.2780852127,0.0
687720,0.0,0.0,0.996555780951657,2155238.222694315,0.0
687780,0.0,0.0,0.996555780951657,2156810.910932094,0.0
687840,0.0,0.0,0.996555780951657,2152675.8749913773,0.0
687900,0.0,0.0,0.996555780951657,2151995.8385396227,0.0
687960,0.0,0.0,0.996555780951657,2153955.1456842353,0.0
688020,0.0,0.0,0.996555780951657,2155422.2397089694,0.0
688080,0.0,0.0,0.996555780951657,2154908.198312404,0.0
688140,0.0,0.0,0.996555780951657,2154698.7220178414,0.0
688200,0.0,0.0,0.996555780951657,2150127.727304309,0.0
688260,0.0,0.0,0.996555780951657,2153435.135149903,0.0
688320,0.0,0.0,0.996555780951657,2154579.7169483076,0.0
688380,0.0,0.0,0.996555780951657,2158199.4738738905,0.0
688440,0.0,0.0,0.996555780951657,2152020.7078107665,0.0
688500,0.0,0.0,0.996555780951657,2153664.4757196186,0.0
688560,0.0,0.0,0.996555780951657,2151763.5641780565,0.0
688620,0.0,0.0,0.996555780951657,2153985.8323936877,0.0
688680,0.0,0.0,0.996555780951657,2157763.377613692,0.0
688740,0.0,0.0,0.996555780951657,2154661.525077056,0.0
688800,0.0,0.0,0.996555780951657,2153916.036649293,0.0
688860,0.0,0.0,0.996555780951657,2151664.747728123,0.0
688920,0.0,0.0,0.996555780951657,2153444.8648636565,0.0
688980,0.0,0.0,0.996555780951657,2155737.29949195,0.0
689040,0.0,0.0,0.996555780951657,2155968.4339623856,0.0
689100,0.0,0.0,0.996555780951657,2151607.607530084,0.0
689160,0.0,0.0,0.996555780951657,2152761.4014353203,0.0
689220,0.0,0.0,0.996555780951657,2153137.501575683,0.0
689280,0.0,0.0,0.996555780951657,2154707.4750876734,0.0
689340,0.0,0.0,0.996555780951657,2157530.940911523,0.0
689400,0.0,0.0,0.996555780951657,2154096.794879934,0.0
689460,0.0,0.0,0.996555780951657,2152675.523250553,0.0
689520,0.0,0.0,0.996555780951657,2152526.133447872,0.0
689580,0.0,0.0,0.996555780951657,2154289.818814567,0.0
689640,0.0,0.0,0.996555780951657,2156645.310397018,0.0
689700,0.0,0.0,0.996555780951657,2153299.842815984,0.0
689760,0.0,0.0,0.996555780951657,2152857.40603994,0.0
689820,0.0,0.0,0.996555780951657,2151954.170305403,0.0
689880,0.0,0.0,0.996555780951657,2154043.228830058,0.0
689940,0.0,0.0,0.996555780951657,2155304.436279117,0.0
690000,0.0,0.0,0.996555780951657,2154604.8680342673,0.0
690060,0.0,0.0,0.996555780951657,2154759.5177937904,0.0
690120,0.0,0.0,0.996555780951657,2150014.41458014,0.0
690180,0.0,0.0,0.996555780951657,2153000.0636680527,0.0
690240,0.0,0.0,0.996555780951657,2156641.6306388695,0.0
690300,0.0,0.0,0.996555780951657,2155301.6048797066,0.0
690360,0.0,0.0,0.996555780951657,2155726.1026980123,0.0
690420,0.0,0.0,0.996555780951657,2151827.6478945804,0.0
690480,0.0,0.0,0.996555780951657,2152280.6447980795,0.0
690540,0.0,0.0,0.996555780951657,2154905.7936332035,0.0
690600,0.0,0.0,0.996555780951657,2155896.5271158917,0.0
690660,0.0,0.0,0.996555780951657,2154943.5613398785,0.0
690720,0.0,0.0,0.996555780951657,2151287.623324679,0.0
690780,0.0,0.0,0.996555780951657,2152423.315521908,0.0
690840,0.0,0.0,0.996555780951657,2155610.861354,0.0
690900,0.0,0.0,0.996555780951657,2155387.8366793985,0.0
690960,0.0,0.0,0.996555780951657,2156045.1412033164,0.0
691020,0.0,0.0,0.996555780951657,2150965.329930226,0.0
691080,0.0,0.0,0.996555780951657,2153004.18979229,0.0
691140,0.0,0.0,0.996555780951657,2153261.4898778773,0.0
691200,0.0,0.0,0.996555780951657,2154634.5575435837,0.0
691260,0.0,0.0,0.996555780951657,2157741.1672313833,0.0
691320,0.0,0.0,0.996555780951657,2153974.5483882744,0.0
691380,0.0,0.0,0.996555780951657,2152765.2379402416,0.0
691440,0.0,0.0,0.996555780951657,2152414.785354788,0.0
691500,0.0,0.0,0.996555780951657,2154309.1451739566,0.0
691560,0.0,0.0,0.996555780951657,2155727.9333661054,0.0
691620,0.0,0.0,0.996555780951657,2155658.41571382,0.0
691680,0.0,0.0,0.996555780951657,2150484.298309992,0.0
691740,0.0,0.0,0.996555780951657,2152393.5678999177,0.0
691800,0.0,0.0,0.996555780951657,2154593.498880925,0.0
691860,0.0,0.0,0.996555780951657,2155208.3800094277,0.0
691920,0.0,0.0,0.996555780951657,2157061.712350244,0.0
691980,0.0,0.0,0.996555780951657,2149946.9482329846,0.0
692040,0.0,0.0,0.996555780951657,2152330.594986657,0.0
692100,0.0,0.0,0.996555780951657,2152937.764237133,0.0
692160,0.0,0.0,0.996555780951657,2157280.826676458,0.0
692220,0.0,0.0,0.996555780951657,2155258.9094322654,0.0
692280,0.0,0.0,0.996555780951657,2155745.734260793,0.0
692340,0.0,0.0,0.996555780951657,2151798.2050681603,0.0
692400,0.0,0.0,0.996555780951657,2152390.76450807,0.0
692460,0.0,0.0,0.996555780951657,2154943.4786684704,0.0
692520,0.0,0.0,0.996555780951657,2155828.5672567994,0.0
692580,0.0,0.0,0.996555780951657,2153515.640985745,0.0
692640,0.0,0.0,0.996555780951657,2153944.6930077295,0.0
692700,0.0,0.0,0.996555780951657,2150993.622382895,0.0
692760,0.0,0.0,0.996555780951657,2153657.8937212955,0.0
692820,0.0,0.0,0.996555780951657,2157354.248437523,0.0
692880,0.0,0.0,0.996555780951657,2155043.546817195,0.0
692940,0.0,0.0,0.996555780951657,2154469.1301541463,0.0
693000,0.0,0.0,0.996555780951657,2151434.5038743606,0.0
693060,0.0,0.0,0.996555780951657,2152958.4215034903,0.0
693120,0.0,0.0,0.996555780951657,2157954.2638853323,0.0
693180,0.0,0.0,0.996555780951657,2155040.0933973114,0.0
693240,0.0,0.0,0.996555780951657,2155605.5951142763,0.0
693300,0.0,0.0,0.996555780951657,2148821.29309499,0.0
693360,0.0,0.0,0.996555780951657,2152493.719070833,0.0
693420,0.0,0.0,0.996555780951657,2154340.7887699576,0.0
693480,0.0,0.0,0.996555780951657,2155501.293732152,0.0
693540,0.0,0.0,0.996555780951657,2155641.0911871875,0.0
693600,0.0,0.0,0.996555780951657,2150079.9216454816,0.0
693660,0.0,0.0,0.996555780951657,2152564.5827207584,0.0
693720,0.0,0.0,0.996555780951657,2154828.5740012904,0.0
693780,0.0,0.0,0.996555780951657,2155103.7199877505,0.0
693840,0.0,0.0,0.996555780951657,2157213.6684642094,0.0
693900,0.0,0.0,0.996555780951657,2153122.88269796,0.0
693960,0.0,0.0,0.996555780951657,2152068.5234635063,0.0
694020,0.0,0.0,0.996555780951657,2153432.96310938,0.0
694080,0.0,0.0,0.996555780951657,2155099.1926066536,0.0
694140,0.0,0.0,0.996555780951657,2155285.7734693894,0.0
694200,0.0,0.0,0.996555780951657,2155068.3465086618,0.0
694260,0.0,0.0,0.996555780951657,2150004.6745751686,0.0
694320,0.0,0.0,0.996555780951657,2152755.2841428183,0.0
694380,0.0,0.0,0.996555780951657,2154241.607276807,0.0
694440,0.0,0.0,0.996555780951657,2158458.016544749,0.0
694500,0.0,0.0,0.996555780951657,2152669.4637073213,0.0
694560,0.0,0.0,0.996555780951657,2154055.2146314415,0.0
694620,0.0,0.0,0.996555780951657,2151037.442362473,0.0
694680,0.0,0.0,0.996555780951657,2153672.573963871,0.0
694740,0.0,0.0,0.996555780951657,2157581.688492887,0.0
694800,0.0,0.0,0.996555780951657,2154899.3071757546,0.0
694860,0.0,0.0,0.996555780951657,2154530.8937210133,0.0
694920,0.0,0.0,0.996555780951657,2151497.3772529843,0.0
694980,0.0,0.0,0.996555780951657,2153055.7087491723,0.0
695040,0.0,0.0,0.996555780951657,2155592.625682834,0.0
695100,0.0,0.0,0.996555780951657,2156007.735051282,0.0
695160,0.0,0.0,0.996555780951657,2152235.010952575,0.0
695220,0.0,0.0,0.996555780951657,2153079.9261611206,0.0
695280,0.0,0.0,0.996555780951657,2152421.7091480824,0.0
695340,0.0,0.0,0.996555780951657,2154403.570756423,0.0
695400,0.0,0.0,0.996555780951657,2157583.0497543383,0.0
695460,0.0,0.0,0.996555780951657,2154462.287331987,0.0
695520,0.0,0.0,0.996555780951657,2153175.8239828255,0.0
695580,0.0,0.0,0.996555780951657,2151613.682084694,0.0
695640,0.0,0.0,0.996555780951657,2153929.7609195407,0.0
695700,0.0,0.0,0.996555780951657,2156437.8501480995,0.0
695760,0.0,0.0,0.996555780951657,2154166.854303589,0.0
695820,0.0,0.0,0.996555780951657,2153259.1036100034,0.0
695880,0.0,0.0,0.996555780951657,2151986.0748848133,0.0
695940,0.0,0.0,0.996555780951657,2153555.309513172,0.0
696000,0.0,0.0,0.996555780951657,2155010.483021493,0.0
696060,0.0,0.0,0.996555780951657,2155011.0554572125,0.0
696120,0.0,0.0,0.996555780951657,2155086.932412413,0.0
696180,0.0,0.0,0.996555780951657,2149800.719087643,0.0
696240,0.0,0.0,0.996555780951657,2152761.088552679,0.0
696300,0.0,0.0,0.996555780951657,2156147.7148254015,0.0
696360,0.0,0.0,0.996555780951657,2155323.6751433345,0.0
696420,0.0,0.0,0.996555780951657,2156246.305964534,0.0
696480,0.0,0.0,0.996555780951657,2152202.8521266943,0.0
696540,0.0,0.0,0.996555780951657,2152076.657051043,0.0
696600,0.0,0.0,0.996555780951657,2154484.3531299504,0.0
696660,0.0,0.0,0.996555780951657,2155716.674668237,0.0
696720,0.0,0.0,0.996555780951657,2155724.868184018,0.0
696780,0.0,0.0,0.996555780951657,2151774.8744419487,0.0
696840,0.0,0.0,0.996555780951657,2152545.033225895,0.0
696900,0.0,0.0,0.996555780951657,2154793.7673644824,0.0
696960,0.0,0.0,0.996555780951657,2155307.4549243986,0.0
697020,0.0,0.0,0.996555780951657,2156077.8108347035,0.0
697080,0.0,0.0,0.996555780951657,2151598.260632458,0.0
697140,0.0,0.0,0.996555780951657,2153296.5726160994,0.0
697200,0.0,0.0,0.996555780951657,2152539.218502188,0.0
697260,0.0,0.0,0.996555780951657,2154366.236598521,0.0
697320,0.0,0.0,0.996555780951657,2157804.2100913147,0.0
697380,0.0,0.0,0.996555780951657,2154319.021507614,0.0
697440,0.0,0.0,0.996555780951657,2153239.368015682,0.0
697500,0.0,0.0,0.996555780951657,2152014.162896411,0.0
697560,0.0,0.0,0.996555780951657,2153918.806679294,0.0
697620,0.0,0.0,0.996555780951657,2155798.2722649397,0.0
697680,0.0,0.0,0.996555780951657,2155840.411164981,0.0
697740,0.0,0.0,0.996555780951657,2150999.5378389005,0.0
697800,0.0,0.0,0.996555780951657,2152463.322210655,0.0
697860,0.0,0.0,0.996555780951657,2153925.4433793547,0.0
697920,0.0,0.0,0.996555780951657,2155014.7147401916,0.0
697980,0.0,0.0,0.996555780951657,2157316.191914619,0.0
698040,0.0,0.0,0.996555780951657,2150652.6215160755,0.0
698100,0.0,0.0,0.996555780951657,2152594.7911580936,0.0
698160,0.0,0.0,0.996555780951657,2152433.777444215,0.0
698220,0.0,0.0,0.996555780951657,2157052.3657273888,0.0
698280,0.0,0.0,0.996555780951657,2155270.231098011,0.0
698340,0.0,0.0,0.996555780951657,2156298.150517929,0.0
698400,0.0,0.0,0.996555780951657,2152149.162158904,0.0
698460,0.0,0.0,0.996555780951657,2152219.878716689,0.0
698520,0.0,0.0,0.996555780951657,2154558.418963691,0.0
698580,0.0,0.0,0.996555780951657,2155657.785733071,0.0
698640,0.0,0.0,0.996555780951657,2154059.5673461477,0.0
698700,0.0,0.0,0.996555780951657,2154307.556415142,0.0
698760,0.0,0.0,0.996555780951657,2150495.1510433485,0.0
698820,0.0,0.0,0.996555780951657,2153341.149503418,0.0
698880,0.0,0.0,0.996555780951657,2157069.165882495,0.0
698940,0.0,0.0,0.996555780951657,2155211.8094671597,0.0
699000,0.0,0.0,0.996555780951657,2155034.7992663467,0.0
699060,0.0,0.0,0.996555780951657,2151494.7052675835,0.0
699120,0.0,0.0,0.996555780951657,2152610.717703037,0.0
699180,0.0,0.0,0.996555780951657,2157633.2651610775,0.0
699240,0.0,0.0,0.996555780951657,2155186.206365108,0.0
699300,0.0,0.0,0.996555780951657,2155963.4882771857,0.0
699360,0.0,0.0,0.996555780951657,2148649.6426164573,0.0
699420,0.0,0.0,0.996555780951657,2152133.900084326,0.0
699480,0.0,0.0,0.996555780951657,2153954.4863943183,0.0
699540,0.0,0.0,0.996555780951657,2155623.9544422277,0.0
699600,0.0,0.0,0.996555780951657,2155789.5880870656,0.0
699660,0.0,0.0,0.996555780951657,2150572.3763836594,0.0
699720,0.0,0.0,0.996555780951657,2152649.369857959,0.0
699780,0.0,0.0,0.996555780951657,2154153.3155807424,0.0
699840,0.0,0.0,0.996555780951657,2154934.0048828484,0.0
699900,0.0,0.0,0.996555780951657,2157479.257788451,0.0
699960,0.0,0.0,0.996555780951657,2153522.7461334015,0.0
700020,0.0,0.0,0.996555780951657,2152282.517328509,0.0
700080,0.0,0.0,0.996555780951657,2152954.4185719565,0.0
700140,0.0,0.0,0.996555780951657,2154768.529853514,0.0
700200,0.0,0.0,0.996555780951657,2155554.8716873056,0.0
700260,0.0,0.0,0.996555780951657,2155361.4680371406,0.0
700320,0.0,0.0,0.996555780951657,2150113.996854744,0.0
700380,0.0,0.0,0.996555780951657,2152449.447610098,0.0
700440,0.0,0.0,0.996555780951657,2155299.401994293,0.0
700500,0.0,0.0,0.996555780951657,2156133.7065182575,0.0
700560,0.0,0.0,0.996555780951657,2155339.75606087,0.0
700620,0.0,0.0,0.996555780951657,2152568.349569402,0.0
700680,0.0,0.0,0.996555780951657,2150851.6711081844,0.0
700740,0.0,0.0,0.996555780951657,2153360.4035082706,0.0
700800,0.0,0.0,0.996555780951657,2157468.9273172333,0.0
700860,0.0,0.0,0.996555780951657,2155040.1585993213,0.0
700920,0.0,0.0,0.996555780951657,2155242.4738143994,0.0
700980,0.0,0.0,0.996555780951657,2151527.993422357,0.0
701040,0.0,0.0,0.996555780951657,2152691.9539215816,0.0
701100,0.0,0.0,0.996555780951657,2155342.549878932,0.0
701160,0.0,0.0,0.996555780951657,2155968.9254165892,0.0
701220,0.0,0.0,0.996555780951657,2152880.610528875,0.0
701280,0.0,0.0,0.996555780951657,2153460.821460633,0.0
701340,0.0,0.0,0.996555780951657,2151714.954578227,0.0
701400,0.0,0.0,0.996555780951657,2154058.954563848,0.0
701460,0.0,0.0,0.996555780951657,2157525.2043472202,0.0
701520,0.0,0.0,0.996555780951657,2154782.666417795,0.0
701580,0.0,0.0,0.996555780951657,2153759.0649962677,0.0
701640,0.0,0.0,0.996555780951657,2150723.0208856505,0.0
701700,0.0,0.0,0.996555780951657,2153543.0524656703,0.0
701760,0.0,0.0,0.996555780951657,2156140.379853098,0.0
701820,0.0,0.0,0.996555780951657,2154992.6272913357,0.0
701880,0.0,0.0,0.996555780951657,2153662.3096086765,0.0
701940,0.0,0.0,0.996555780951657,2152189.1031669136,0.0
702000,0.0,0.0,0.996555780951657,2153045.8067249125,0.0
702060,0.0,0.0,0.996555780951657,2154666.7317407536,0.0
702120,0.0,0.0,0.996555780951657,2155332.5399828935,0.0
702180,0.0,0.0,0.996555780951657,2155381.463501573,0.0
702240,0.0,0.0,0.996555780951657,2149789.953152558,0.0
702300,0.0,0.0,0.996555780951657,2152594.2993763876,0.0
702360,0.0,0.0,0.996555780951657,2155562.8713918324,0.0
702420,0.0,0.0,0.996555780951657,2155273.4922716627,0.0
702480,0.0,0.0,0.996555780951657,2156720.042570261,0.0
702540,0.0,0.0,0.996555780951657,2152622.833258147,0.0
702600,0.0,0.0,0.996555780951657,2151979.90022788,0.0
702660,0.0,0.0,0.996555780951657,2154006.0649827495,0.0
702720,0.0,0.0,0.996555780951657,2155468.4614262395,0.0
702780,0.0,0.0,0.996555780951657,2154898.73528698,0.0
702840,0.0,0.0,0.996555780951657,2154642.538814214,0.0
702900,0.0,0.0,0.996555780951657,2150171.949253324,0.0
702960,0.0,0.0,0.996555780951657,2153478.366473637,0.0
703020,0.0,0.0,0.996555780951657,2154624.7389114955,0.0
703080,0.0,0.0,0.996555780951657,2158119.186601573,0.0
703140,0.0,0.0,0.996555780951657,2152039.0715216137,0.0
703200,0.0,0.0,0.996555780951657,2153601.6103895265,0.0
703260,0.0,0.0,0.996555780951657,2151822.3146732617,0.0
703320,0.0,0.0,0.996555780951657,2154018.0002626153,0.0
703380,0.0,0.0,0.996555780951657,2157741.688679473,0.0
703440,0.0,0.0,0.996555780951657,2154654.710100538,0.0
703500,0.0,0.0,0.996555780951657,2153849.1981396577,0.0
703560,0.0,0.0,0.996555780951657,2151673.213095672,0.0
703620,0.0,0.0,0.996555780951657,2153473.0610287073,0.0
703680,0.0,0.0,0.996555780951657,2155753.7701987373,0.0
703740,0.0,0.0,0.996555780951657,2155969.0233041174,0.0
703800,0.0,0.0,0.996555780951657,2151618.0235817954,0.0
703860,0.0,0.0,0.996555780951657,2152721.901732881,0.0
703920,0.0,0.0,0.996555780951657,2153163.3264412927,0.0
703980,0.0,0.0,0.996555780951657,2154731.674865953,0.0
704040,0.0,0.0,0.996555780951657,2157503.9279021597,0.0
704100,0.0,0.0,0.996555780951657,2151445.245762992,0.0
704160,0.0,0.0,0.996555780951657,2152956.90969504,0.0
704220,0.0,0.0,0.996555780951657,2151926.617967502,0.0
704280,0.0,0.0,0.996555780951657,2156664.981412535,0.0
704340,0.0,0.0,0.996555780951657,2155202.51774834,0.0
704400,0.0,0.0,0.996555780951657,2156861.915314161,0.0
704460,0.0,0.0,0.996555780951657,2152572.908795832,0.0
704520,0.0,0.0,0.996555780951657,2152152.8445296604,0.0
704580,0.0,0.0,0.996555780951657,2154080.3047263385,0.0
704640,0.0,0.0,0.996555780951657,2155401.2477432396,0.0
704700,0.0,0.0,0.996555780951657,2154571.249438988,0.0
704760,0.0,0.0,0.996555780951657,2154697.859422701,0.0
704820,0.0,0.0,0.996555780951657,2150079.4314122633,0.0
704880,0.0,0.0,0.996555780951657,2153024.2953376635,0.0
704940,0.0,0.0,0.996555780951657,2156664.4615387227,0.0
705000,0.0,0.0,0.996555780951657,2155315.0073097637,0.0
705060,0.0,0.0,0.996555780951657,2155638.4904056243,0.0
705120,0.0,0.0,0.996555780951657,2151787.6280458258,0.0
705180,0.0,0.0,0.996555780951657,2152296.7987206834,0.0
705240,0.0,0.0,0.996555780951657,2157165.211342898,0.0
705300,0.0,0.0,0.996555780951657,2155249.4647675003,0.0
705360,0.0,0.0,0.996555780951657,2156297.0284843943,0.0
705420,0.0,0.0,0.996555780951657,2148727.804274716,0.0
705480,0.0,0.0,0.996555780951657,2151842.1263257605,0.0
705540,0.0,0.0,0.996555780951657,2153530.791630812,0.0
705600,0.0,0.0,0.996555780951657,2155640.495938351,0.0
705660,0.0,0.0,0.996555780951657,2155885.753804694,0.0
705720,0.0,0.0,0.996555780951657,2151158.5521751423,0.0
705780,0.0,0.0,0.996555780951657,2152884.0896877465,0.0
705840,0.0,0.0,0.996555780951657,2153406.92749794,0.0
705900,0.0,0.0,0.996555780951657,2154695.720846221,0.0
705960,0.0,0.0,0.996555780951657,2157674.093500235,0.0
706020,0.0,0.0,0.996555780951657,2153926.4301427063,0.0
706080,0.0,0.0,0.996555780951657,2152660.613926395,0.0
706140,0.0,0.0,0.996555780951657,2152471.961167229,0.0
706200,0.0,0.0,0.996555780951657,2154379.853230909,0.0
706260,0.0,0.0,0.996555780951657,2155736.169578054,0.0
706320,0.0,0.0,0.996555780951657,2155624.239414245,0.0
706380,0.0,0.0,0.996555780951657,2150478.264504724,0.0
706440,0.0,0.0,0.996555780951657,2152368.025085837,0.0
706500,0.0,0.0,0.996555780951657,2154658.608639292,0.0
706560,0.0,0.0,0.996555780951657,2156275.900032797,0.0
706620,0.0,0.0,0.996555780951657,2155485.6777802384,0.0
706680,0.0,0.0,0.996555780951657,2153282.0269316393,0.0
706740,0.0,0.0,0.996555780951657,2150171.655555334,0.0
706800,0.0,0.0,0.996555780951657,2153079.908000029,0.0
706860,0.0,0.0,0.996555780951657,2157089.9270922723,0.0
706920,0.0,0.0,0.996555780951657,2155142.776443824,0.0
706980,0.0,0.0,0.996555780951657,2155817.5046478254,0.0
707040,0.0,0.0,0.996555780951657,2151770.5485549513,0.0
707100,0.0,0.0,0.996555780951657,2152404.7815977396,0.0
707160,0.0,0.0,0.996555780951657,2155023.1110649547,0.0
707220,0.0,0.0,0.996555780951657,2155867.161475642,0.0
707280,0.0,0.0,0.996555780951657,2153480.2187406914,0.0
707340,0.0,0.0,0.996555780951657,2153838.5874009235,0.0
707400,0.0,0.0,0.996555780951657,2151103.029396492,0.0
707460,0.0,0.0,0.996555780951657,2153721.3242540304,0.0
707520,0.0,0.0,0.996555780951657,2157355.337863976,0.0
707580,0.0,0.0,0.996555780951657,2155029.892687093,0.0
707640,0.0,0.0,0.996555780951657,2154339.278097972,0.0
707700,0.0,0.0,0.996555780951657,2149960.5504972865,0.0
707760,0.0,0.0,0.996555780951657,2153180.9500518427,0.0
707820,0.0,0.0,0.996555780951657,2155785.39402734,0.0
707880,0.0,0.0,0.996555780951657,2155710.286588809,0.0
707940,0.0,0.0,0.996555780951657,2154023.4910223857,0.0
708000,0.0,0.0,0.996555780951657,2152535.8229143335,0.0
708060,0.0,0.0,0.996555780951657,2152575.896545465,0.0
708120,0.0,0.0,0.996555780951657,2154313.8936655507,0.0
708180,0.0,0.0,0.996555780951657,2155551.5270895436,0.0
708240,0.0,0.0,0.996555780951657,2155612.818230294,0.0
708300,0.0,0.0,0.996555780951657,2150030.2333285585,0.0
708360,0.0,0.0,0.996555780951657,2152528.1690701274,0.0
708420,0.0,0.0,0.996555780951657,2154934.148306212,0.0
708480,0.0,0.0,0.996555780951657,2155164.835206833,0.0
708540,0.0,0.0,0.996555780951657,2157095.8084043567,0.0
708600,0.0,0.0,0.996555780951657,2153040.2004128974,0.0
708660,0.0,0.0,0.996555780951657,2152014.2310687085,0.0
708720,0.0,0.0,0.996555780951657,2153519.191004536,0.0
708780,0.0,0.0,0.996555780951657,2155178.8446687656,0.0
708840,0.0,0.0,0.996555780951657,2155267.2448220914,0.0
708900,0.0,0.0,0.996555780951657,2154992.6953663323,0.0
708960,0.0,0.0,0.996555780951657,2150047.76791116,0.0
709020,0.0,0.0,0.996555780951657,2152840.866770681,0.0
709080,0.0,0.0,0.996555780951657,2154312.4164967537,0.0
709140,0.0,0.0,0.996555780951657,2158354.3427336807,0.0
709200,0.0,0.0,0.996555780951657,2152666.33935827,0.0
709260,0.0,0.0,0.996555780951657,2153961.570392674,0.0
709320,0.0,0.0,0.996555780951657,2151142.143923312,0.0
709380,0.0,0.0,0.996555780951657,2153721.0753251053,0.0
709440,0.0,0.0,0.996555780951657,2157574.4268995924,0.0
709500,0.0,0.0,0.996555780951657,2154890.575060071,0.0
709560,0.0,0.0,0.996555780951657,2154417.55416175,0.0
709620,0.0,0.0,0.996555780951657,2151499.87221114,0.0
709680,0.0,0.0,0.996555780951657,2153100.418812585,0.0
709740,0.0,0.0,0.996555780951657,2155624.1489980966,0.0
709800,0.0,0.0,0.996555780951657,2156016.4473468433,0.0
709860,0.0,0.0,0.996555780951657,2152221.648652013,0.0
709920,0.0,0.0,0.996555780951657,2153012.8721237364,0.0
709980,0.0,0.0,0.996555780951657,2152485.372180713,0.0
710040,0.0,0.0,0.996555780951657,2154446.3349917415,0.0
710100,0.0,0.0,0.996555780951657,2157554.2752010883,0.0
710160,0.0,0.0,0.996555780951657,2152220.5650758008,0.0
710220,0.0,0.0,0.996555780951657,2153297.518453937,0.0
710280,0.0,0.0,0.996555780951657,2151544.770291096,0.0
710340,0.0,0.0,0.996555780951657,2156163.7437225836,0.0
710400,0.0,0.0,0.996555780951657,2155092.261852646,0.0
710460,0.0,0.0,0.996555780951657,2157276.1929082414,0.0
710520,0.0,0.0,0.996555780951657,2152964.8181752255,0.0
710580,0.0,0.0,0.996555780951657,2152209.492414865,0.0
710640,0.0,0.0,0.996555780951657,2153617.3010613164,0.0
710700,0.0,0.0,0.996555780951657,2155127.328053945,0.0
710760,0.0,0.0,0.996555780951657,2154977.7666773815,0.0
710820,0.0,0.0,0.996555780951657,2155017.03919137,0.0
710880,0.0,0.0,0.996555780951657,2149867.256352708,0.0
710940,0.0,0.0,0.996555780951657,2152779.653552414,0.0
711000,0.0,0.0,0.996555780951657,2156198.9742794866,0.0
711060,0.0,0.0,0.996555780951657,2155348.8421353926,0.0
711120,0.0,0.0,0.996555780951657,2156138.0608542417,0.0
711180,0.0,0.0,0.996555780951657,2152143.631782026,0.0
711240,0.0,0.0,0.996555780951657,2152084.195659721,0.0
711300,0.0,0.0,0.996555780951657,2154540.8885931093,0.0
711360,0.0,0.0,0.996555780951657,2155759.4184482465,0.0
711420,0.0,0.0,0.996555780951657,2155640.9982390814,0.0
711480,0.0,0.0,0.996555780951657,2151747.191586554,0.0
711540,0.0,0.0,0.996555780951657,2152488.221948609,0.0
711600,0.0,0.0,0.996555780951657,2154833.732434903,0.0
711660,0.0,0.0,0.996555780951657,2155343.90290595,0.0
711720,0.0,0.0,0.996555780951657,2156087.6343295937,0.0
711780,0.0,0.0,0.996555780951657,2151599.3203926357,0.0
711840,0.0,0.0,0.996555780951657,2153230.8981172605,0.0
711900,0.0,0.0,0.996555780951657,2152602.5727210324,0.0
711960,0.0,0.0,0.996555780951657,2154405.5612106905,0.0
712020,0.0,0.0,0.996555780951657,2157769.4737416357,0.0
712080,0.0,0.0,0.996555780951657,2154301.0854120986,0.0
712140,0.0,0.0,0.996555780951657,2153170.9284433373,0.0
712200,0.0,0.0,0.996555780951657,2152035.1454769108,0.0
712260,0.0,0.0,0.996555780951657,2153956.4304922298,0.0
712320,0.0,0.0,0.996555780951657,2155812.2380145923,0.0
712380,0.0,0.0,0.996555780951657,2155830.692532129,0.0
712440,0.0,0.0,0.996555780951657,2151007.356593983,0.0
712500,0.0,0.0,0.996555780951657,2152430.071317089,0.0
712560,0.0,0.0,0.996555780951657,2153955.419882966,0.0
712620,0.0,0.0,0.996555780951657,2156285.7871705275,0.0
712680,0.0,0.0,0.996555780951657,2155566.8747855937,0.0
712740,0.0,0.0,0.996555780951657,2154071.7051243004,0.0
712800,0.0,0.0,0.996555780951657,2149626.1935947547,0.0
712860,0.0,0.0,0.996555780951657,2152843.918348854,0.0
712920,0.0,0.0,0.996555780951657,2156598.188489684,0.0
712980,0.0,0.0,0.996555780951657,2155176.078478266,0.0
713040,0.0,0.0,0.996555780951657,2156369.813440414,0.0
713100,0.0,0.0,0.996555780951657,2152136.736589948,0.0
713160,0.0,0.0,0.996555780951657,2152191.819925542,0.0
713220,0.0,0.0,0.996555780951657,2154622.939182523,0.0
713280,0.0,0.0,0.996555780951657,2155694.630057453,0.0
713340,0.0,0.0,0.996555780951657,2154046.410042206,0.0
713400,0.0,0.0,0.996555780951657,2154233.087857315,0.0
713460,0.0,0.0,0.996555780951657,2150567.031205888,0.0
713520,0.0,0.0,0.996555780951657,2153379.5542107783,0.0
713580,0.0,0.0,0.996555780951657,2157077.604404464,0.0
713640,0.0,0.0,0.996555780951657,2155214.6492976253,0.0
713700,0.0,0.0,0.996555780951657,2154940.39875049,0.0
713760,0.0,0.0,0.996555780951657,2151471.6962562855,0.0
713820,0.0,0.0,0.996555780951657,2152642.003411177,0.0
713880,0.0,0.0,0.996555780951657,2157599.8554485734,0.0
713940,0.0,0.0,0.996555780951657,2155202.7873438746,0.0
714000,0.0,0.0,0.996555780951657,2155909.453236559,0.0
714060,0.0,0.0,0.996555780951657,2148728.4140913864,0.0
714120,0.0,0.0,0.996555780951657,2152156.1613137415,0.0
714180,0.0,0.0,0.996555780951657,2153999.447186865,0.0
714240,0.0,0.0,0.996555780951657,2155640.6145733893,0.0
714300,0.0,0.0,0.996555780951657,2155782.154804032,0.0
714360,0.0,0.0,0.996555780951657,2150586.166818455,0.0
714420,0.0,0.0,0.996555780951657,2152610.8716003015,0.0
714480,0.0,0.0,0.996555780951657,2154186.707658236,0.0
714540,0.0,0.0,0.996555780951657,2154962.713847991,0.0
714600,0.0,0.0,0.996555780951657,2157436.3958931705,0.0
714660,0.0,0.0,0.996555780951657,2153502.7090459936,0.0
714720,0.0,0.0,0.996555780951657,2152246.431300954,0.0
714780,0.0,0.0,0.996555780951657,2152974.0484045697,0.0
714840,0.0,0.0,0.996555780951657,2154796.981974073,0.0
714900,0.0,0.0,0.996555780951657,2155564.0602541366,0.0
714960,0.0,0.0,0.996555780951657,2155342.5410559853,0.0
715020,0.0,0.0,0.996555780951657,2150134.9611994335,0.0
715080,0.0,0.0,0.996555780951657,2152155.102523154,0.0
715140,0.0,0.0,0.996555780951657,2153941.499083325,0.0
715200,0.0,0.0,0.996555780951657,2158497.1869368125,0.0
715260,0.0,0.0,0.996555780951657,2153289.462039375,0.0
715320,0.0,0.0,0.996555780951657,2154376.250609015,0.0
715380,0.0,0.0,0.996555780951657,2150473.056637819,0.0
715440,0.0,0.0,0.996555780951657,2153399.579387656,0.0
715500,0.0,0.0,0.996555780951657,2157289.3533910145,0.0
715560,0.0,0.0,0.996555780951657,2155075.7934918986,0.0
715620,0.0,0.0,0.996555780951657,2155063.588644257,0.0
715680,0.0,0.0,0.996555780951657,2151496.556315778,0.0
715740,0.0,0.0,0.996555780951657,2152728.324297328,0.0
715800,0.0,0.0,0.996555780951657,2155380.48475902,0.0
715860,0.0,0.0,0.996555780951657,2155990.9565983317,0.0
715920,0.0,0.0,0.996555780951657,2152863.8683256507,0.0
715980,0.0,0.0,0.996555780951657,2153391.228371662,0.0
716040,0.0,0.0,0.996555780951657,2151780.5476305936,0.0
716100,0.0,0.0,0.996555780951657,2154101.0016139145,0.0
716160,0.0,0.0,0.996555780951657,2157507.34532014,0.0
716220,0.0,0.0,0.996555780951657,2153012.8393569873,0.0
716280,0.0,0.0,0.996555780951657,2153685.5672067115,0.0
716340,0.0,0.0,0.996555780951657,2151234.3848468456,0.0
716400,0.0,0.0,0.996555780951657,2155518.945589792,0.0
716460,0.0,0.0,0.996555780951657,2154909.2517634495,0.0
716520,0.0,0.0,0.996555780951657,2157644.888682597,0.0
716580,0.0,0.0,0.996555780951657,2153381.8442465835,0.0
716640,0.0,0.0,0.996555780951657,2152434.9688042346,0.0
716700,0.0,0.0,0.996555780951657,2153111.948229938,0.0
716760,0.0,0.0,0.996555780951657,2154785.537190311,0.0
716820,0.0,0.0,0.996555780951657,2155313.194006181,0.0
716880,0.0,0.0,0.996555780951657,2155323.27840936,0.0
716940,0.0,0.0,0.996555780951657,2149835.603414282,0.0
717000,0.0,0.0,0.996555780951657,2152591.974259622,0.0
717060,0.0,0.0,0.996555780951657,2155629.2806443474,0.0
717120,0.0,0.0,0.996555780951657,2155309.349252344,0.0
717180,0.0,0.0,0.996555780951657,2156619.580719126,0.0
717240,0.0,0.0,0.996555780951657,2152561.7148171677,0.0
717300,0.0,0.0,0.996555780951657,2151966.234783636,0.0
717360,0.0,0.0,0.996555780951657,2154066.034457007,0.0
717420,0.0,0.0,0.996555780951657,2155519.900110986,0.0
717480,0.0,0.0,0.996555780951657,2156364.5945897396,0.0
717540,0.0,0.0,0.996555780951657,2152263.5076539973,0.0
717600,0.0,0.0,0.996555780951657,2152736.0706970436,0.0
717660,0.0,0.0,0.996555780951657,2153958.8953902298,0.0
717720,0.0,0.0,0.996555780951657,2155170.6780078853,0.0
717780,0.0,0.0,0.996555780951657,2156062.703026223,0.0
717840,0.0,0.0,0.996555780951657,2152250.3900206885,0.0
717900,0.0,0.0,0.996555780951657,2153566.9282803945,0.0
717960,0.0,0.0,0.996555780951657,2151892.041740421,0.0
718020,0.0,0.0,0.996555780951657,2154103.733689588,0.0
718080,0.0,0.0,0.996555780951657,2157738.996748143,0.0
718140,0.0,0.0,0.996555780951657,2154611.463349319,0.0
718200,0.0,0.0,0.996555780951657,2153714.7386934794,0.0
718260,0.0,0.0,0.996555780951657,2151710.0697619203,0.0
718320,0.0,0.0,0.996555780951657,2153552.310597279,0.0
718380,0.0,0.0,0.996555780951657,2155786.016565888,0.0
718440,0.0,0.0,0.996555780951657,2155960.546809855,0.0
718500,0.0,0.0,0.996555780951657,2151584.740642635,0.0
718560,0.0,0.0,0.996555780951657,2152637.627654849,0.0
718620,0.0,0.0,0.996555780951657,2153261.553518174,0.0
718680,0.0,0.0,0.996555780951657,2156169.059800129,0.0
718740,0.0,0.0,0.996555780951657,2155582.1525406432,0.0
718800,0.0,0.0,0.996555780951657,2154840.2060012245,0.0
718860,0.0,0.0,0.996555780951657,2149314.109380281,0.0
718920,0.0,0.0,0.996555780951657,2152686.70600781,0.0
718980,0.0,0.0,0.996555780951657,2156031.841164246,0.0
719040,0.0,0.0,0.996555780951657,2155147.1106838034,0.0
719100,0.0,0.0,0.996555780951657,2156832.8377911667,0.0
719160,0.0,0.0,0.996555780951657,2152522.6095272815,0.0
719220,0.0,0.0,0.996555780951657,2152084.218900051,0.0
719280,0.0,0.0,0.996555780951657,2154185.9719802653,0.0
719340,0.0,0.0,0.996555780951657,2155473.5393184503,0.0
719400,0.0,0.0,0.996555780951657,2154538.8704891754,0.0
719460,0.0,0.0,0.996555780951657,2154596.8398913154,0.0
719520,0.0,0.0,0.996555780951657,2150173.8591705156,0.0
719580,0.0,0.0,0.996555780951657,2153073.094685077,0.0
719640,0.0,0.0,0.996555780951657,2156709.3143656184,0.0
719700,0.0,0.0,0.996555780951657,2155328.0378371645,0.0
719760,0.0,0.0,0.996555780951657,2155496.842255627,0.0
719820,0.0,0.0,0.996555780951657,2151719.6474315953,0.0
719880,0.0,0.0,0.996555780951657,2152333.6410109205,0.0
719940,0.0,0.0,0.996555780951657,2157156.912312084,0.0
720000,0.0,0.0,0.996555780951657,2155278.1987203863,0.0
720060,0.0,0.0,0.996555780951657,2156227.536951068,0.0
720120,0.0,0.0,0.996555780951657,2148812.0776467635,0.0
720180,0.0,0.0,0.996555780951657,2151866.8713901867,0.0
720240,0.0,0.0,0.996555780951657,2153600.670152445,0.0
720300,0.0,0.0,0.996555780951657,2155668.1497014915,0.0
720360,0.0,0.0,0.996555780951657,2155884.628815577,0.0
720420,0.0,0.0,0.996555780951657,2151147.2824906353,0.0
720480,0.0,0.0,0.996555780951657,2152811.819814062,0.0
720540,0.0,0.0,0.996555780951657,2153485.006143626,0.0
720600,0.0,0.0,0.996555780951657,2154744.2328210617,0.0
720660,0.0,0.0,0.996555780951657,2157621.1635670243,0.0
720720,0.0,0.0,0.996555780951657,2153890.769771148,0.0
720780,0.0,0.0,0.996555780951657,2152587.4256923515,0.0
720840,0.0,0.0,0.996555780951657,2152511.668760407,0.0
720900,0.0,0.0,0.996555780951657,2154431.667142698,0.0
720960,0.0,0.0,0.996555780951657,2155744.657598384,0.0
721020,0.0,0.0,0.996555780951657,2155598.161685158,0.0
721080,0.0,0.0,0.996555780951657,2150483.594426221,0.0
721140,0.0,0.0,0.996555780951657,2151585.391433402,0.0
721200,0.0,0.0,0.996555780951657,2153613.0702503435,0.0
721260,0.0,0.0,0.996555780951657,2158461.008588065,0.0
721320,0.0,0.0,0.996555780951657,2153826.3553301794,0.0
721380,0.0,0.0,0.996555780951657,2154723.4085436217,0.0
721440,0.0,0.0,0.996555780951657,2149987.2360000247,0.0
721500,0.0,0.0,0.996555780951657,2153135.083823057,0.0
721560,0.0,0.0,0.996555780951657,2156920.996879547,0.0
721620,0.0,0.0,0.996555780951657,2155186.8013058556,0.0
721680,0.0,0.0,0.996555780951657,2155618.4433138776,0.0
721740,0.0,0.0,0.996555780951657,2151696.6529575167,0.0
721800,0.0,0.0,0.996555780951657,2152440.810755127,0.0
721860,0.0,0.0,0.996555780951657,2155081.47592866,0.0
721920,0.0,0.0,0.996555780951657,2155906.550613338,0.0
721980,0.0,0.0,0.996555780951657,2153448.4854189837,0.0
722040,0.0,0.0,0.996555780951657,2153750.138520734,0.0
722100,0.0,0.0,0.996555780951657,2151190.8712689485,0.0
722160,0.0,0.0,0.996555780951657,2153774.2872182713,0.0
722220,0.0,0.0,0.996555780951657,2157351.700560911,0.0
722280,0.0,0.0,0.996555780951657,2155018.730247718,0.0
722340,0.0,0.0,0.996555780951657,2154233.8182663405,0.0
722400,0.0,0.0,0.996555780951657,2150058.483567436,0.0
722460,0.0,0.0,0.996555780951657,2153222.439394109,0.0
722520,0.0,0.0,0.996555780951657,2155833.9067654205,0.0
722580,0.0,0.0,0.996555780951657,2155678.764965671,0.0
722640,0.0,0.0,0.996555780951657,2153989.718234336,0.0
722700,0.0,0.0,0.996555780951657,2152463.124155389,0.0
722760,0.0,0.0,0.996555780951657,2152615.285412462,0.0
722820,0.0,0.0,0.996555780951657,2154363.3019989743,0.0
722880,0.0,0.0,0.996555780951657,2155561.6699572476,0.0
722940,0.0,0.0,0.996555780951657,2155590.3002989227,0.0
723000,0.0,0.0,0.996555780951657,2150049.602488104,0.0
723060,0.0,0.0,0.996555780951657,2152507.4523486807,0.0
723120,0.0,0.0,0.996555780951657,2154968.473976929,0.0
723180,0.0,0.0,0.996555780951657,2155193.425123746,0.0
723240,0.0,0.0,0.996555780951657,2157041.4028709433,0.0
723300,0.0,0.0,0.996555780951657,2153011.1531437812,0.0
723360,0.0,0.0,0.996555780951657,2151989.5113730114,0.0
723420,0.0,0.0,0.996555780951657,2153546.5564166447,0.0
723480,0.0,0.0,0.996555780951657,2155210.6821634704,0.0
723540,0.0,0.0,0.996555780951657,2157016.9641425614,0.0
723600,0.0,0.0,0.996555780951657,2152793.8521215864,0.0
723660,0.0,0.0,0.996555780951657,2153097.337648466,0.0
723720,0.0,0.0,0.996555780951657,2153024.517315642,0.0
723780,0.0,0.0,0.996555780951657,2154900.863995969,0.0
723840,0.0,0.0,0.996555780951657,2155963.256545225,0.0
723900,0.0,0.0,0.996555780951657,2152902.118179453,0.0
723960,0.0,0.0,0.996555780951657,2153936.5709057786,0.0
724020,0.0,0.0,0.996555780951657,2151211.502308126,0.0
724080,0.0,0.0,0.996555780951657,2153779.0326293865,0.0
724140,0.0,0.0,0.996555780951657,2157598.077579521,0.0
724200,0.0,0.0,0.996555780951657,2154871.016560436,0.0
724260,0.0,0.0,0.996555780951657,2154315.890546629,0.0
724320,0.0,0.0,0.996555780951657,2151506.773936423,0.0
724380,0.0,0.0,0.996555780951657,2153149.9840100794,0.0
724440,0.0,0.0,0.996555780951657,2155656.6469536144,0.0
724500,0.0,0.0,0.996555780951657,2156023.0135966092,0.0
724560,0.0,0.0,0.996555780951657,2152204.4794851867,0.0
724620,0.0,0.0,0.996555780951657,2152942.6269088574,0.0
724680,0.0,0.0,0.996555780951657,2152553.788885895,0.0
724740,0.0,0.0,0.996555780951657,2154492.264769587,0.0
724800,0.0,0.0,0.996555780951657,2157524.034955149,0.0
724860,0.0,0.0,0.996555780951657,2152240.9963027113,0.0
724920,0.0,0.0,0.996555780951657,2153240.8207688737,0.0
724980,0.0,0.0,0.996555780951657,2151578.1802385347,0.0
725040,0.0,0.0,0.996555780951657,2156158.829245108,0.0
725100,0.0,0.0,0.996555780951657,2155124.7902306793,0.0
725160,0.0,0.0,0.996555780951657,2157204.394952653,0.0
725220,0.0,0.0,0.996555780951657,2152932.5048320265,0.0
725280,0.0,0.0,0.996555780951657,2152178.3900008667,0.0
725340,0.0,0.0,0.996555780951657,2153648.425729053,0.0
725400,0.0,0.0,0.996555780951657,2155162.793887547,0.0
725460,0.0,0.0,0.996555780951657,2154984.2384812683,0.0
725520,0.0,0.0,0.996555780951657,2154985.330383374,0.0
725580,0.0,0.0,0.996555780951657,2149900.594525325,0.0
725640,0.0,0.0,0.996555780951657,2152783.5838024653,0.0
725700,0.0,0.0,0.996555780951657,2156206.7633316773,0.0
725760,0.0,0.0,0.996555780951657,2155364.7677983306,0.0
725820,0.0,0.0,0.996555780951657,2156089.666806394,0.0
725880,0.0,0.0,0.996555780951657,2152122.650703637,0.0
725940,0.0,0.0,0.996555780951657,2152082.6943750875,0.0
726000,0.0,0.0,0.996555780951657,2156556.0351164443,0.0
726060,0.0,0.0,0.996555780951657,2155259.5162782487,0.0
726120,0.0,0.0,0.996555780951657,2156513.70926061,0.0
726180,0.0,0.0,0.996555780951657,2149219.105909555,0.0
726240,0.0,0.0,0.996555780951657,2151687.00550682,0.0
726300,0.0,0.0,0.996555780951657,2153168.417605453,0.0
726360,0.0,0.0,0.996555780951657,2155578.9014181164,0.0
726420,0.0,0.0,0.996555780951657,2155924.562193291,0.0
726480,0.0,0.0,0.996555780951657,2151786.1713551064,0.0
726540,0.0,0.0,0.996555780951657,2153126.7569501195,0.0
726600,0.0,0.0,0.996555780951657,2152712.3108335887,0.0
726660,0.0,0.0,0.996555780951657,2154453.6370984525,0.0
726720,0.0,0.0,0.996555780951657,2157725.9259667294,0.0
726780,0.0,0.0,0.996555780951657,2154274.9344426543,0.0
726840,0.0,0.0,0.996555780951657,2153080.757055081,0.0
726900,0.0,0.0,0.996555780951657,2152067.277272389,0.0
726960,0.0,0.0,0.996555780951657,2154007.4994292995,0.0
727020,0.0,0.0,0.996555780951657,2155827.1381116044,0.0
727080,0.0,0.0,0.996555780951657,2155815.082756563,0.0
727140,0.0,0.0,0.996555780951657,2151063.2034865306,0.0
727200,0.0,0.0,0.996555780951657,2151064.2508999044,0.0
727260,0.0,0.0,0.996555780951657,2153270.040375042,0.0
727320,0.0,0.0,0.996555780951657,2158300.436317378,0.0
727380,0.0,0.0,0.996555780951657,2154312.067999746,0.0
727440,0.0,0.0,0.996555780951657,2155078.0539810252,0.0
727500,0.0,0.0,0.996555780951657,2149609.624465091,0.0
727560,0.0,0.0,0.996555780951657,2152898.244054981,0.0
727620,0.0,0.0,0.996555780951657,2156438.6378935142,0.0
727680,0.0,0.0,0.996555780951657,2155231.3480429146,0.0
727740,0.0,0.0,0.996555780951657,2156186.8025807273,0.0
727800,0.0,0.0,0.996555780951657,2152054.9795187544,0.0
727860,0.0,0.0,0.996555780951657,2152210.2107376424,0.0
727920,0.0,0.0,0.996555780951657,2154688.6763752787,0.0
727980,0.0,0.0,0.996555780951657,2155746.330637161,0.0
728040,0.0,0.0,0.996555780951657,2154017.8168075816,0.0
728100,0.0,0.0,0.996555780951657,2154148.339368796,0.0
728160,0.0,0.0,0.996555780951657,2150649.140500162,0.0
728220,0.0,0.0,0.996555780951657,2153426.1897541466,0.0
728280,0.0,0.0,0.996555780951657,2157089.2868455313,0.0
728340,0.0,0.0,0.996555780951657,2155214.4281265587,0.0
728400,0.0,0.0,0.996555780951657,2154833.439309788,0.0
728460,0.0,0.0,0.996555780951657,2149417.106203747,0.0
728520,0.0,0.0,0.996555780951657,2152871.3641034453,0.0
728580,0.0,0.0,0.996555780951657,2155415.6134429416,0.0
728640,0.0,0.0,0.996555780951657,2156297.0830053734,0.0
728700,0.0,0.0,0.996555780951657,2154330.407874322,0.0
728760,0.0,0.0,0.996555780951657,2152924.8594962987,0.0
728820,0.0,0.0,0.996555780951657,2152177.3730891473,0.0
728880,0.0,0.0,0.996555780951657,2153985.146692832,0.0
728940,0.0,0.0,0.996555780951657,2155687.5321429498,0.0
729000,0.0,0.0,0.996555780951657,2155780.234499114,0.0
729060,0.0,0.0,0.996555780951657,2150518.226978162,0.0
729120,0.0,0.0,0.996555780951657,2152548.394071107,0.0
729180,0.0,0.0,0.996555780951657,2154288.2821867387,0.0
729240,0.0,0.0,0.996555780951657,2155025.3726220494,0.0
729300,0.0,0.0,0.996555780951657,2157347.098724744,0.0
729360,0.0,0.0,0.996555780951657,2153435.5280188113,0.0
729420,0.0,0.0,0.996555780951657,2152168.8277144013,0.0
729480,0.0,0.0,0.996555780951657,2153046.166748605,0.0
729540,0.0,0.0,0.996555780951657,2154872.005836932,0.0
729600,0.0,0.0,0.996555780951657,2157525.690332397,0.0
729660,0.0,0.0,0.996555780951657,2153287.808123783,0.0
729720,0.0,0.0,0.996555780951657,2153499.496614119,0.0
729780,0.0,0.0,0.996555780951657,2152118.323608067,0.0
729840,0.0,0.0,0.996555780951657,2154572.4925795873,0.0
729900,0.0,0.0,0.996555780951657,2155806.018380087,0.0
729960,0.0,0.0,0.996555780951657,2153504.084733045,0.0
730020,0.0,0.0,0.996555780951657,2154287.2297526523,0.0
730080,0.0,0.0,0.996555780951657,2150637.646674013,0.0
730140,0.0,0.0,0.996555780951657,2153471.691981807,0.0
730200,0.0,0.0,0.996555780951657,2157351.133906119,0.0
730260,0.0,0.0,0.996555780951657,2155062.1185015477,0.0
730320,0.0,0.0,0.996555780951657,2154899.082081777,0.0
730380,0.0,0.0,0.996555780951657,2151471.1292333733,0.0
730440,0.0,0.0,0.996555780951657,2152792.7489636284,0.0
730500,0.0,0.0,0.996555780951657,2155442.804215685,0.0
730560,0.0,0.0,0.996555780951657,2156016.479080542,0.0
730620,0.0,0.0,0.996555780951657,2152815.1531970073,0.0
730680,0.0,0.0,0.996555780951657,2153281.6822037105,0.0
730740,0.0,0.0,0.996555780951657,2151896.428450243,0.0
730800,0.0,0.0,0.996555780951657,2154173.136635442,0.0
730860,0.0,0.0,0.996555780951657,2157486.7512594503,0.0
730920,0.0,0.0,0.996555780951657,2153001.5874692095,0.0
730980,0.0,0.0,0.996555780951657,2153601.293939383,0.0
731040,0.0,0.0,0.996555780951657,2151273.9110128866,0.0
731100,0.0,0.0,0.996555780951657,2155550.8526711836,0.0
731160,0.0,0.0,0.996555780951657,2154963.7189297443,0.0
731220,0.0,0.0,0.996555780951657,2157548.9800767363,0.0
731280,0.0,0.0,0.996555780951657,2153328.925850146,0.0
731340,0.0,0.0,0.996555780951657,2152363.649885848,0.0
731400,0.0,0.0,0.996555780951657,2153169.531673515,0.0
731460,0.0,0.0,0.996555780951657,2154847.1448656316,0.0
731520,0.0,0.0,0.996555780951657,2155312.940927258,0.0
731580,0.0,0.0,0.996555780951657,2155280.0414940673,0.0
731640,0.0,0.0,0.996555780951657,2149869.272992069,0.0
731700,0.0,0.0,0.996555780951657,2152591.1591408807,0.0
731760,0.0,0.0,0.996555780951657,2155669.8060532687,0.0
731820,0.0,0.0,0.996555780951657,2155337.1743671037,0.0
731880,0.0,0.0,0.996555780951657,2156543.63225071,0.0
731940,0.0,0.0,0.996555780951657,2152518.55082157,0.0
732000,0.0,0.0,0.996555780951657,2151956.459601984,0.0
732060,0.0,0.0,0.996555780951657,2155873.6452278397,0.0
732120,0.0,0.0,0.996555780951657,2155176.905628885,0.0
732180,0.0,0.0,0.996555780951657,2156688.112471213,0.0
732240,0.0,0.0,0.996555780951657,2149874.9912859136,0.0
732300,0.0,0.0,0.996555780951657,2151681.7858112752,0.0
732360,0.0,0.0,0.996555780951657,2152810.172355936,0.0
732420,0.0,0.0,0.996555780951657,2155410.459087674,0.0
732480,0.0,0.0,0.996555780951657,2155901.6949508395,0.0
732540,0.0,0.0,0.996555780951657,2152401.825182711,0.0
732600,0.0,0.0,0.996555780951657,2153441.718125,0.0
732660,0.0,0.0,0.996555780951657,2152026.3632983575,0.0
732720,0.0,0.0,0.996555780951657,2154166.9096987955,0.0
732780,0.0,0.0,0.996555780951657,2157704.139820102,0.0
732840,0.0,0.0,0.996555780951657,2154583.952153041,0.0
732900,0.0,0.0,0.996555780951657,2153588.748222171,0.0
732960,0.0,0.0,0.996555780951657,2151740.996260319,0.0
733020,0.0,0.0,0.996555780951657,2153617.2540515894,0.0
733080,0.0,0.0,0.996555780951657,2155811.9298616354,0.0
733140,0.0,0.0,0.996555780951657,2155951.691763212,0.0
733200,0.0,0.0,0.996555780951657,2151562.750273325,0.0
733260,0.0,0.0,0.996555780951657,2152568.6678001177,0.0
733320,0.0,0.0,0.996555780951657,2153337.704075867,0.0
733380,0.0,0.0,0.996555780951657,2156186.325895584,0.0
733440,0.0,0.0,0.996555780951657,2155601.3521449547,0.0
733500,0.0,0.0,0.996555780951657,2154737.2805494596,0.0
733560,0.0,0.0,0.996555780951657,2149383.777468579,0.0
733620,0.0,0.0,0.996555780951657,2152681.387359689,0.0
733680,0.0,0.0,0.996555780951657,2156064.3790364177,0.0
733740,0.0,0.0,0.996555780951657,2155174.7104760786,0.0
733800,0.0,0.0,0.996555780951657,2156752.6461719363,0.0
733860,0.0,0.0,0.996555780951657,2152482.2639938476,0.0
733920,0.0,0.0,0.996555780951657,2152072.899971098,0.0
733980,0.0,0.0,0.996555780951657,2154222.8777639037,0.0
734040,0.0,0.0,0.996555780951657,2155509.0764247593,0.0
734100,0.0,0.0,0.996555780951657,2154538.74981051,0.0
734160,0.0,0.0,0.996555780951657,2154552.2151986924,0.0
734220,0.0,0.0,0.996555780951657,2150215.219042208,0.0
734280,0.0,0.0,0.996555780951657,2153089.7575784246,0.0
734340,0.0,0.0,0.996555780951657,2156714.44057981,0.0
734400,0.0,0.0,0.996555780951657,2155338.8829438556,0.0
734460,0.0,0.0,0.996555780951657,2155438.6090839016,0.0
734520,0.0,0.0,0.996555780951657,2148940.285605461,0.0
734580,0.0,0.0,0.996555780951657,2152563.9618243114,0.0
734640,0.0,0.0,0.996555780951657,2154927.437117475,0.0
734700,0.0,0.0,0.996555780951657,2156804.5024798457,0.0
734760,0.0,0.0,0.996555780951657,2154632.2255476876,0.0
734820,0.0,0.0,0.996555780951657,2153496.6297764536,0.0
734880,0.0,0.0,0.996555780951657,2151809.9095594194,0.0
734940,0.0,0.0,0.996555780951657,2153592.13632974,0.0
735000,0.0,0.0,0.996555780951657,2155708.537903023,0.0
735060,0.0,0.0,0.996555780951657,2155910.5388446823,0.0
735120,0.0,0.0,0.996555780951657,2151087.912076345,0.0
735180,0.0,0.0,0.996555780951657,2152743.781970126,0.0
735240,0.0,0.0,0.996555780951657,2153560.219600879,0.0
735300,0.0,0.0,0.996555780951657,2154795.8132764166,0.0
735360,0.0,0.0,0.996555780951657,2157565.527168573,0.0
735420,0.0,0.0,0.996555780951657,2153850.691491761,0.0
735480,0.0,0.0,0.996555780951657,2152513.2436525,0.0
735540,0.0,0.0,0.996555780951657,2152555.4782963544,0.0
735600,0.0,0.0,0.996555780951657,2154487.103417164,0.0
735660,0.0,0.0,0.996555780951657,2155751.8954885835,0.0
735720,0.0,0.0,0.996555780951657,2155568.4381647874,0.0
735780,0.0,0.0,0.996555780951657,2150484.511471344,0.0
735840,0.0,0.0,0.996555780951657,2151630.820768883,0.0
735900,0.0,0.0,0.996555780951657,2153650.9312546123,0.0
735960,0.0,0.0,0.996555780951657,2158403.9650115855,0.0
736020,0.0,0.0,0.996555780951657,2153841.114315102,0.0
736080,0.0,0.0,0.996555780951657,2154672.1884459057,0.0
736140,0.0,0.0,0.996555780951657,2150044.669058495,0.0
736200,0.0,0.0,0.996555780951657,2153150.913719455,0.0
736260,0.0,0.0,0.996555780951657,2156926.096583028,0.0
736320,0.0,0.0,0.996555780951657,2155198.177284673,0.0
736380,0.0,0.0,0.996555780951657,2155549.855638698,0.0
736440,0.0,0.0,0.996555780951657,2151670.9988112687,0.0
736500,0.0,0.0,0.996555780951657,2152451.232175319,0.0
736560,0.0,0.0,0.996555780951657,2155104.0091933887,0.0
736620,0.0,0.0,0.996555780951657,2155924.3415389745,0.0
736680,0.0,0.0,0.996555780951657,2153454.6634476427,0.0
736740,0.0,0.0,0.996555780951657,2153709.168832818,0.0
736800,0.0,0.0,0.996555780951657,2151221.935054551,0.0
736860,0.0,0.0,0.996555780951657,2153794.0414719027,0.0
736920,0.0,0.0,0.996555780951657,2157339.3725721133,0.0
736980,0.0,0.0,0.996555780951657,2153765.2794829775,0.0
737040,0.0,0.0,0.996555780951657,2154006.616525903,0.0
737100,0.0,0.0,0.996555780951657,2151073.4839230436,0.0
737160,0.0,0.0,0.996555780951657,2154794.4115074906,0.0
737220,0.0,0.0,0.996555780951657,2154722.7745198566,0.0
737280,0.0,0.0,0.996555780951657,2157840.6324979267,0.0
737340,0.0,0.0,0.996555780951657,2153744.5311609125,0.0
737400,0.0,0.0,0.996555780951657,2152738.30525639,0.0
737460,0.0,0.0,0.996555780951657,2152661.120981105,0.0
737520,0.0,0.0,0.996555780951657,2154458.492640162,0.0
737580,0.0,0.0,0.996555780951657,2155559.105918871,0.0
737640,0.0,0.0,0.996555780951657,2155554.6849190225,0.0
737700,0.0,0.0,0.996555780951657,2150073.545285043,0.0
737760,0.0,0.0,0.996555780951657,2152486.453020019,0.0
737820,0.0,0.0,0.996555780951657,2155021.6045619827,0.0
737880,0.0,0.0,0.996555780951657,2155228.076092082,0.0
737940,0.0,0.0,0.996555780951657,2156972.6159072705,0.0
738000,0.0,0.0,0.996555780951657,2152969.1624668655,0.0
738060,0.0,0.0,0.996555780951657,2151961.2060061134,0.0
738120,0.0,0.0,0.996555780951657,2155057.809102757,0.0
738180,0.0,0.0,0.996555780951657,2155003.208176309,0.0
738240,0.0,0.0,0.996555780951657,2156796.5241366313,0.0
738300,0.0,0.0,0.996555780951657,2150672.3463077117,0.0
738360,0.0,0.0,0.996555780951657,2151893.400723131,0.0
738420,0.0,0.0,0.996555780951657,2152472.6733144033,0.0
738480,0.0,0.0,0.996555780951657,2155132.8810550882,0.0
738540,0.0,0.0,0.996555780951657,2155807.3906220743,0.0
738600,0.0,0.0,0.996555780951657,2153035.0398364924,0.0
738660,0.0,0.0,0.996555780951657,2153816.1026488487,0.0
738720,0.0,0.0,0.996555780951657,2151336.55718435,0.0
738780,0.0,0.0,0.996555780951657,2153839.7120096656,0.0
738840,0.0,0.0,0.996555780951657,2157580.533051168,0.0
738900,0.0,0.0,0.996555780951657,2154855.6046037017,0.0
738960,0.0,0.0,0.996555780951657,2154182.4259528625,0.0
739020,0.0,0.0,0.996555780951657,2151516.9377391394,0.0
739080,0.0,0.0,0.996555780951657,2153208.587648858,0.0
739140,0.0,0.0,0.996555780951657,2155692.183915475,0.0
739200,0.0,0.0,0.996555780951657,2156027.8341174945,0.0
739260,0.0,0.0,0.996555780951657,2152178.0809351048,0.0
739320,0.0,0.0,0.996555780951657,2152864.3856090773,0.0
739380,0.0,0.0,0.996555780951657,2152634.0596947777,0.0
739440,0.0,0.0,0.996555780951657,2155950.815518745,0.0
739500,0.0,0.0,0.996555780951657,2155560.8153426973,0.0
739560,0.0,0.0,0.996555780951657,2155504.0852941745,0.0
739620,0.0,0.0,0.996555780951657,2149317.1591651407,0.0
739680,0.0,0.0,0.996555780951657,2152598.042512537,0.0
739740,0.0,0.0,0.996555780951657,2155422.541603351,0.0
739800,0.0,0.0,0.996555780951657,2155086.938392025,0.0
739860,0.0,0.0,0.996555780951657,2157162.1309930305,0.0
739920,0.0,0.0,0.996555780951657,2152894.2822719887,0.0
739980,0.0,0.0,0.996555780951657,2152071.4008382177,0.0
740040,0.0,0.0,0.996555780951657,2153742.768711465,0.0
740100,0.0,0.0,0.996555780951657,2155234.263423961,0.0
740160,0.0,0.0,0.996555780951657,2154966.051058821,0.0
740220,0.0,0.0,0.996555780951657,2154905.9356340193,0.0
740280,0.0,0.0,0.996555780951657,2149964.2067868295,0.0
740340,0.0,0.0,0.996555780951657,2152811.938716267,0.0
740400,0.0,0.0,0.996555780951657,2156259.5300507126,0.0
740460,0.0,0.0,0.996555780951657,2155388.7741220356,0.0
740520,0.0,0.0,0.996555780951657,2155971.2085648053,0.0
740580,0.0,0.0,0.996555780951657,2148729.8639473175,0.0
740640,0.0,0.0,0.996555780951657,2152346.5814443114,0.0
740700,0.0,0.0,0.996555780951657,2154422.3259583935,0.0
740760,0.0,0.0,0.996555780951657,2157155.7810604544,0.0
740820,0.0,0.0,0.996555780951657,2154869.5483916705,0.0
740880,0.0,0.0,0.996555780951657,2154091.7799408957,0.0
740940,0.0,0.0,0.996555780951657,2151570.254083528,0.0
741000,0.0,0.0,0.996555780951657,2153229.5328801614,0.0
741060,0.0,0.0,0.996555780951657,2155632.780085991,0.0
741120,0.0,0.0,0.996555780951657,2155971.9758979534,0.0
741180,0.0,0.0,0.996555780951657,2151692.088196433,0.0
741240,0.0,0.0,0.996555780951657,2153013.0007195366,0.0
741300,0.0,0.0,0.996555780951657,2152849.5013055317,0.0
741360,0.0,0.0,0.996555780951657,2154534.5936006014,0.0
741420,0.0,0.0,0.996555780951657,2157669.6988548106,0.0
741480,0.0,0.0,0.996555780951657,2154219.3529778835,0.0
741540,0.0,0.0,0.996555780951657,2152947.693581806,0.0
741600,0.0,0.0,0.996555780951657,2152129.5747320587,0.0
741660,0.0,0.0,0.996555780951657,2154094.877873806,0.0
741720,0.0,0.0,0.996555780951657,2155843.921132662,0.0
741780,0.0,0.0,0.996555780951657,2155783.2499004686,0.0
741840,0.0,0.0,0.996555780951657,2151022.336898312,0.0
741900,0.0,0.0,0.996555780951657,2151135.72847779,0.0
741960,0.0,0.0,0.996555780951657,2153323.1862092246,0.0
742020,0.0,0.0,0.996555780951657,2158248.169518651,0.0
742080,0.0,0.0,0.996555780951657,2154315.3952432447,0.0
742140,0.0,0.0,0.996555780951657,2155008.382924933,0.0
742200,0.0,0.0,0.996555780951657,2149689.59433881,0.0
742260,0.0,0.0,0.996555780951657,2152914.57707343,0.0
742320,0.0,0.0,0.996555780951657,2156476.4526220253,0.0
742380,0.0,0.0,0.996555780951657,2155252.735805236,0.0
742440,0.0,0.0,0.996555780951657,2156080.3826511167,0.0
742500,0.0,0.0,0.996555780951657,2152004.0467510475,0.0
742560,0.0,0.0,0.996555780951657,2152219.6103571258,0.0
742620,0.0,0.0,0.996555780951657,2154735.723301809,0.0
742680,0.0,0.0,0.996555780951657,2155782.4908791166,0.0
742740,0.0,0.0,0.996555780951657,2154004.728785295,0.0
742800,0.0,0.0,0.996555780951657,2154083.837744781,0.0
742860,0.0,0.0,0.996555780951657,2150708.1373286466,0.0
742920,0.0,0.0,0.996555780951657,2153460.049579443,0.0
742980,0.0,0.0,0.996555780951657,2157091.8312041033,0.0
743040,0.0,0.0,0.996555780951657,2154422.9434784735,0.0
743100,0.0,0.0,0.996555780951657,2154343.788882646,0.0
743160,0.0,0.0,0.996555780951657,2151045.765242771,0.0
743220,0.0,0.0,0.996555780951657,2154017.200441935,0.0
743280,0.0,0.0,0.996555780951657,2154476.4057588116,0.0
743340,0.0,0.0,0.996555780951657,2157979.6356736408,0.0
743400,0.0,0.0,0.996555780951657,2154090.041631697,0.0
743460,0.0,0.0,0.996555780951657,2153168.717621443,0.0
743520,0.0,0.0,0.996555780951657,2152240.57789375,0.0
743580,0.0,0.0,0.996555780951657,2154092.0897247544,0.0
743640,0.0,0.0,0.996555780951657,2155696.661964944,0.0
743700,0.0,0.0,0.996555780951657,2155747.9825247605,0.0
743760,0.0,0.0,0.996555780951657,2150517.1833048086,0.0
743820,0.0,0.0,0.996555780951657,2152497.170041551,0.0
743880,0.0,0.0,0.996555780951657,2154374.5168531616,0.0
743940,0.0,0.0,0.996555780951657,2155076.002654796,0.0
744000,0.0,0.0,0.996555780951657,2157271.120514519,0.0
744060,0.0,0.0,0.996555780951657,2153381.2537976555,0.0
744120,0.0,0.0,0.996555780951657,2152107.859207425,0.0
744180,0.0,0.0,0.996555780951657,2153103.7195599624,0.0
744240,0.0,0.0,0.996555780951657,2154932.816072264,0.0
744300,0.0,0.0,0.996555780951657,2157440.2213022267,0.0
744360,0.0,0.0,0.996555780951657,2153263.6019910974,0.0
744420,0.0,0.0,0.996555780951657,2153410.2654124824,0.0
744480,0.0,0.0,0.996555780951657,2152196.2855419284,0.0
744540,0.0,0.0,0.996555780951657,2154620.2006885065,0.0
744600,0.0,0.0,0.996555780951657,2155843.6280973526,0.0
744660,0.0,0.0,0.996555780951657,2153500.514242069,0.0
744720,0.0,0.0,0.996555780951657,2154226.996933025,0.0
744780,0.0,0.0,0.996555780951657,2150700.6922491016,0.0
744840,0.0,0.0,0.996555780951657,2153501.2298024306,0.0
744900,0.0,0.0,0.996555780951657,2157346.927714245,0.0
744960,0.0,0.0,0.996555780951657,2155064.793090784,0.0
745020,0.0,0.0,0.996555780951657,2154821.6576641677,0.0
745080,0.0,0.0,0.996555780951657,2151460.6535841767,0.0
745140,0.0,0.0,0.996555780951657,2152816.5174352108,0.0
745200,0.0,0.0,0.996555780951657,2155466.6248954125,0.0
745260,0.0,0.0,0.996555780951657,2156028.476679667,0.0
745320,0.0,0.0,0.996555780951657,2152815.794748252,0.0
745380,0.0,0.0,0.996555780951657,2153233.3205986633,0.0
745440,0.0,0.0,0.996555780951657,2151933.954655128,0.0
745500,0.0,0.0,0.996555780951657,2155589.3913937295,0.0
745560,0.0,0.0,0.996555780951657,2155449.766878914,0.0
745620,0.0,0.0,0.996555780951657,2156256.077669522,0.0
745680,0.0,0.0,0.996555780951657,2149579.125062572,0.0
745740,0.0,0.0,0.996555780951657,2152639.292563767,0.0
745800,0.0,0.0,0.996555780951657,2154698.5424470752,0.0
745860,0.0,0.0,0.996555780951657,2154932.997304586,0.0
745920,0.0,0.0,0.996555780951657,2157498.9222415853,0.0
745980,0.0,0.0,0.996555780951657,2153317.9133837703,0.0
746040,0.0,0.0,0.996555780951657,2152226.5544627635,0.0
746100,0.0,0.0,0.996555780951657,2153234.899181939,0.0
746160,0.0,0.0,0.996555780951657,2154903.115507139,0.0
746220,0.0,0.0,0.996555780951657,2155313.083500259,0.0
746280,0.0,0.0,0.996555780951657,2155232.5378288985,0.0
746340,0.0,0.0,0.996555780951657,2149902.120968404,0.0
746400,0.0,0.0,0.996555780951657,2152594.10930795,0.0
746460,0.0,0.0,0.996555780951657,2155712.8856062777,0.0
746520,0.0,0.0,0.996555780951657,2155365.3112065154,0.0
746580,0.0,0.0,0.996555780951657,2156463.165746328,0.0
746640,0.0,0.0,0.996555780951657,2152471.7494664015,0.0
746700,0.0,0.0,0.996555780951657,2151949.0307042412,0.0
746760,0.0,0.0,0.996555780951657,2155877.085904567,0.0
746820,0.0,0.0,0.996555780951657,2155210.3915443174,0.0
746880,0.0,0.0,0.996555780951657,2156662.9905555714,0.0
746940,0.0,0.0,0.996555780951657,2149924.1400365434,0.0
747000,0.0,0.0,0.996555780951657,2151665.2585716336,0.0
747060,0.0,0.0,0.996555780951657,2152839.9489106406,0.0
747120,0.0,0.0,0.996555780951657,2155437.806950696,0.0
747180,0.0,0.0,0.996555780951657,2155917.8061311105,0.0
747240,0.0,0.0,0.996555780951657,2152405.640133975,0.0
747300,0.0,0.0,0.996555780951657,2153389.289308263,0.0
747360,0.0,0.0,0.996555780951657,2152070.3351627835,0.0
747420,0.0,0.0,0.996555780951657,2154195.6954902154,0.0
747480,0.0,0.0,0.996555780951657,2157680.994397986,0.0
747540,0.0,0.0,0.996555780951657,2154577.2742580664,0.0
747600,0.0,0.0,0.996555780951657,2153535.2345378413,0.0
747660,0.0,0.0,0.996555780951657,2151749.292743745,0.0
747720,0.0,0.0,0.996555780951657,2153641.9955291236,0.0
747780,0.0,0.0,0.996555780951657,2155825.398630764,0.0
747840,0.0,0.0,0.996555780951657,2155949.7090804176,0.0
747900,0.0,0.0,0.996555780951657,2151748.951699842,0.0
747960,0.0,0.0,0.996555780951657,2150727.84486501,0.0
748020,0.0,0.0,0.996555780951657,2152991.5771345897,0.0
748080,0.0,0.0,0.996555780951657,2157956.7621452142,0.0
748140,0.0,0.0,0.996555780951657,2154726.244911224,0.0
748200,0.0,0.0,0.996555780951657,2155346.876152687,0.0
748260,0.0,0.0,0.996555780951657,2149482.893387357,0.0
748320,0.0,0.0,0.996555780951657,2152729.503376066,0.0
748380,0.0,0.0,0.996555780951657,2155901.3673340236,0.0
748440,0.0,0.0,0.996555780951657,2155231.295455297,0.0
748500,0.0,0.0,0.996555780951657,2156619.9333405695,0.0
748560,0.0,0.0,0.996555780951657,2152417.806910589,0.0
748620,0.0,0.0,0.996555780951657,2152072.6525129164,0.0
748680,0.0,0.0,0.996555780951657,2154272.6771639674,0.0
748740,0.0,0.0,0.996555780951657,2155555.601012091,0.0
748800,0.0,0.0,0.996555780951657,2154527.5291708284,0.0
748860,0.0,0.0,0.996555780951657,2154493.0626764973,0.0
748920,0.0,0.0,0.996555780951657,2150268.7940952824,0.0
748980,0.0,0.0,0.996555780951657,2153116.05647027,0.0
749040,0.0,0.0,0.996555780951657,2156728.138079233,0.0
749100,0.0,0.0,0.996555780951657,2155025.040827985,0.0
749160,0.0,0.0,0.996555780951657,2154680.882216814,0.0
749220,0.0,0.0,0.996555780951657,2151209.585817772,0.0
749280,0.0,0.0,0.996555780951657,2153145.039941375,0.0
749340,0.0,0.0,0.996555780951657,2154175.739153814,0.0
749400,0.0,0.0,0.996555780951657,2158027.4943129993,0.0
749460,0.0,0.0,0.996555780951657,2154415.560755606,0.0
749520,0.0,0.0,0.996555780951657,2153719.704516134,0.0
749580,0.0,0.0,0.996555780951657,2151867.39089459,0.0
749640,0.0,0.0,0.996555780951657,2153687.4948184555,0.0
749700,0.0,0.0,0.996555780951657,2155733.0349963214,0.0
749760,0.0,0.0,0.996555780951657,2155893.1118544806,0.0
749820,0.0,0.0,0.996555780951657,2151076.0566688157,0.0
749880,0.0,0.0,0.996555780951657,2152663.7096547903,0.0
749940,0.0,0.0,0.996555780951657,2153655.729312277,0.0
750000,0.0,0.0,0.996555780951657,2154852.48932215,0.0
750060,0.0,0.0,0.996555780951657,2157502.9828767017,0.0
750120,0.0,0.0,0.996555780951657,2153802.6744866786,0.0
750180,0.0,0.0,0.996555780951657,2152431.1790509354,0.0
750240,0.0,0.0,0.996555780951657,2152608.45838492,0.0
750300,0.0,0.0,0.996555780951657,2154550.8708579303,0.0
750360,0.0,0.0,0.996555780951657,2157838.6018484696,0.0
750420,0.0,0.0,0.996555780951657,2153735.759018819,0.0
750480,0.0,0.0,0.996555780951657,2153861.6494615655,0.0
750540,0.0,0.0,0.996555780951657,2151307.848333928,0.0
750600,0.0,0.0,0.996555780951657,2154227.0078330785,0.0
750660,0.0,0.0,0.996555780951657,2155628.18913093,0.0
750720,0.0,0.0,0.996555780951657,2154058.930595908,0.0
750780,0.0,0.0,0.996555780951657,2154581.2914079786,0.0
750840,0.0,0.0,0.996555780951657,2150219.257290855,0.0
750900,0.0,0.0,0.996555780951657,2153199.9393138294,0.0
750960,0.0,0.0,0.996555780951657,2157005.9029668854,0.0
751020,0.0,0.0,0.996555780951657,2155200.426158768,0.0
751080,0.0,0.0,0.996555780951657,2155407.34853669,0.0
751140,0.0,0.0,0.996555780951657,2151611.6949367565,0.0
751200,0.0,0.0,0.996555780951657,2152492.6671809563,0.0
751260,0.0,0.0,0.996555780951657,2155167.7648734194,0.0
751320,0.0,0.0,0.996555780951657,2155959.866690148,0.0
751380,0.0,0.0,0.996555780951657,2153415.9679237865,0.0
751440,0.0,0.0,0.996555780951657,2153611.3324236553,0.0
751500,0.0,0.0,0.996555780951657,2151318.4764073445,0.0
751560,0.0,0.0,0.996555780951657,2155140.7760633817,0.0
751620,0.0,0.0,0.996555780951657,2155289.0678511313,0.0
751680,0.0,0.0,0.996555780951657,2156904.5645252136,0.0
751740,0.0,0.0,0.996555780951657,2150119.9849471347,0.0
751800,0.0,0.0,0.996555780951657,2152811.6021614973,0.0
751860,0.0,0.0,0.996555780951657,2153957.358807353,0.0
751920,0.0,0.0,0.996555780951657,2154738.59690714,0.0
751980,0.0,0.0,0.996555780951657,2157720.390218105,0.0
752040,0.0,0.0,0.996555780951657,2153708.67804914,0.0
752100,0.0,0.0,0.996555780951657,2152526.5699688983,0.0
752160,0.0,0.0,0.996555780951657,2152756.0864317897,0.0
752220,0.0,0.0,0.996555780951657,2154552.638364141,0.0
752280,0.0,0.0,0.996555780951657,2155559.8771159416,0.0
752340,0.0,0.0,0.996555780951657,2155499.138957478,0.0
752400,0.0,0.0,0.996555780951657,2150077.1545699392,0.0
752460,0.0,0.0,0.996555780951657,2152468.139615784,0.0
752520,0.0,0.0,0.996555780951657,2155116.4432756966,0.0
752580,0.0,0.0,0.996555780951657,2155279.0379279586,0.0
752640,0.0,0.0,0.996555780951657,2156863.8993140655,0.0
752700,0.0,0.0,0.996555780951657,2152892.7539836112,0.0
752760,0.0,0.0,0.996555780951657,2151925.1610967037,0.0
752820,0.0,0.0,0.996555780951657,2155112.295215586,0.0
752880,0.0,0.0,0.996555780951657,2155060.051118646,0.0
752940,0.0,0.0,0.996555780951657,2156775.387483747,0.0
753000,0.0,0.0,0.996555780951657,2150689.391071876,0.0
753060,0.0,0.0,0.996555780951657,2151834.7270887573,0.0
753120,0.0,0.0,0.996555780951657,2152511.4076907383,0.0
753180,0.0,0.0,0.996555780951657,2155184.586375456,0.0
753240,0.0,0.0,0.996555780951657,2155841.8838145477,0.0
753300,0.0,0.0,0.996555780951657,2153014.7052732734,0.0
753360,0.0,0.0,0.996555780951657,2153735.2974725002,0.0
753420,0.0,0.0,0.996555780951657,2151420.4537443845,0.0
753480,0.0,0.0,0.996555780951657,2153886.168052405,0.0
753540,0.0,0.0,0.996555780951657,2157566.608317374,0.0
753600,0.0,0.0,0.996555780951657,2154844.367334676,0.0
753660,0.0,0.0,0.996555780951657,2154086.8916665334,0.0
753720,0.0,0.0,0.996555780951657,2151525.01483358,0.0
753780,0.0,0.0,0.996555780951657,2153251.2716700956,0.0
753840,0.0,0.0,0.996555780951657,2155717.930159114,0.0
753900,0.0,0.0,0.996555780951657,2156030.7781927707,0.0
753960,0.0,0.0,0.996555780951657,2152510.9606318367,0.0
754020,0.0,0.0,0.996555780951657,2150538.9082963737,0.0
754080,0.0,0.0,0.996555780951657,2152741.3839088813,0.0
754140,0.0,0.0,0.996555780951657,2157534.3863765,0.0
754200,0.0,0.0,0.996555780951657,2155028.6343717375,0.0
754260,0.0,0.0,0.996555780951657,2155598.77730506,0.0
754320,0.0,0.0,0.996555780951657,2149535.2337023965,0.0
754380,0.0,0.0,0.996555780951657,2152641.709146757,0.0
754440,0.0,0.0,0.996555780951657,2155302.690242319,0.0
754500,0.0,0.0,0.996555780951657,2155157.817808422,0.0
754560,0.0,0.0,0.996555780951657,2157026.0982908756,0.0
754620,0.0,0.0,0.996555780951657,2152813.12942805,0.0
754680,0.0,0.0,0.996555780951657,2152047.698151779,0.0
754740,0.0,0.0,0.996555780951657,2153813.509080696,0.0
754800,0.0,0.0,0.996555780951657,2155301.2912857947,0.0
754860,0.0,0.0,0.996555780951657,2154949.442409249,0.0
754920,0.0,0.0,0.996555780951657,2154837.7556448174,0.0
754980,0.0,0.0,0.996555780951657,2150020.046828561,0.0
755040,0.0,0.0,0.996555780951657,2152836.9498201376,0.0
755100,0.0,0.0,0.996555780951657,2156297.7963918187,0.0
755160,0.0,0.0,0.996555780951657,2155408.4426624724,0.0
755220,0.0,0.0,0.996555780951657,2155873.494518335,0.0
755280,0.0,0.0,0.996555780951657,2148818.7439486543,0.0
755340,0.0,0.0,0.996555780951657,2152352.562248701,0.0
755400,0.0,0.0,0.996555780951657,2154487.438981931,0.0
755460,0.0,0.0,0.996555780951657,2157117.811225169,0.0
755520,0.0,0.0,0.996555780951657,2154860.8176370133,0.0
755580,0.0,0.0,0.996555780951657,2153990.74584172,0.0
755640,0.0,0.0,0.996555780951657,2151580.501082295,0.0
755700,0.0,0.0,0.996555780951657,2153267.7663778835,0.0
755760,0.0,0.0,0.996555780951657,2155657.5477186316,0.0
755820,0.0,0.0,0.996555780951657,2155977.101508319,0.0
755880,0.0,0.0,0.996555780951657,2151692.7861363767,0.0
755940,0.0,0.0,0.996555780951657,2152957.0027803737,0.0
756000,0.0,0.0,0.996555780951657,2152898.5596983097,0.0
756060,0.0,0.0,0.996555780951657,2154569.17134813,0.0
756120,0.0,0.0,0.996555780951657,2157636.836593471,0.0
756180,0.0,0.0,0.996555780951657,2154202.5651750322,0.0
756240,0.0,0.0,0.996555780951657,2152892.549293645,0.0
756300,0.0,0.0,0.996555780951657,2152148.373312449,0.0
756360,0.0,0.0,0.996555780951657,2154127.8946867334,0.0
756420,0.0,0.0,0.996555780951657,2158111.446235029,0.0
756480,0.0,0.0,0.996555780951657,2154167.7097013276,0.0
756540,0.0,0.0,0.996555780951657,2154352.3634871994,0.0
756600,0.0,0.0,0.996555780951657,2150452.7190157785,0.0
756660,0.0,0.0,0.996555780951657,2153777.7639930034,0.0
756720,0.0,0.0,0.996555780951657,2155344.9807469,0.0
756780,0.0,0.0,0.996555780951657,2154556.598360449,0.0
756840,0.0,0.0,0.996555780951657,2154922.7195063913,0.0
756900,0.0,0.0,0.996555780951657,2149868.1895847716,0.0
756960,0.0,0.0,0.996555780951657,2152930.690109694,0.0
757020,0.0,0.0,0.996555780951657,2156558.6361652,0.0
757080,0.0,0.0,0.996555780951657,2155266.8114171824,0.0
757140,0.0,0.0,0.996555780951657,2155979.5434828266,0.0
757200,0.0,0.0,0.996555780951657,2151952.843320783,0.0
757260,0.0,0.0,0.996555780951657,2152231.8745723115,0.0
757320,0.0,0.0,0.996555780951657,2154785.860812793,0.0
757380,0.0,0.0,0.996555780951657,2155818.699764509,0.0
757440,0.0,0.0,0.996555780951657,2153987.9711875306,0.0
757500,0.0,0.0,0.996555780951657,2154014.5836381502,0.0
757560,0.0,0.0,0.996555780951657,2150770.9437073315,0.0
757620,0.0,0.0,0.996555780951657,2153497.8423908646,0.0
757680,0.0,0.0,0.996555780951657,2157095.2766596754,0.0
757740,0.0,0.0,0.996555780951657,2154427.80932466,0.0
757800,0.0,0.0,0.996555780951657,2154301.151330844,0.0
757860,0.0,0.0,0.996555780951657,2151042.3070362285,0.0
757920,0.0,0.0,0.996555780951657,2154041.040642752,0.0
757980,0.0,0.0,0.996555780951657,2154515.0664646868,0.0
758040,0.0,0.0,0.996555780951657,2157932.366942746,0.0
758100,0.0,0.0,0.996555780951657,2154071.388469059,0.0
758160,0.0,0.0,0.996555780951657,2153102.8034948264,0.0
758220,0.0,0.0,0.996555780951657,2152262.7275584172,0.0
758280,0.0,0.0,0.996555780951657,2154128.279630864,0.0
758340,0.0,0.0,0.996555780951657,2155709.825500305,0.0
758400,0.0,0.0,0.996555780951657,2155736.755509236,0.0
758460,0.0,0.0,0.996555780951657,2150533.0394989504,0.0
758520,0.0,0.0,0.996555780951657,2152470.6264357623,0.0
758580,0.0,0.0,0.996555780951657,2154397.729518679,0.0
758640,0.0,0.0,0.996555780951657,2155100.4064471093,0.0
758700,0.0,0.0,0.996555780951657,2157233.397588529,0.0
758760,0.0,0.0,0.996555780951657,2153364.348031393,0.0
758820,0.0,0.0,0.996555780951657,2152080.6470079846,0.0
758880,0.0,0.0,0.996555780951657,2154207.1914255368,0.0
758940,0.0,0.0,0.996555780951657,2154810.3612850355,0.0
759000,0.0,0.0,0.996555780951657,2156810.3179722554,0.0
759060,0.0,0.0,0.996555780951657,2151574.2043155157,0.0
759120,0.0,0.0,0.996555780951657,2152189.2747581475,0.0
759180,0.0,0.0,0.996555780951657,2152222.8096063,0.0
759240,0.0,0.0,0.996555780951657,2154816.025843165,0.0
759300,0.0,0.0,0.996555780951657,2155683.659049255,0.0
759360,0.0,0.0,0.996555780951657,2153629.3745482787,0.0
759420,0.0,0.0,0.996555780951657,2154138.404383745,0.0
759480,0.0,0.0,0.996555780951657,2150781.6028292673,0.0
759540,0.0,0.0,0.996555780951657,2153541.7381251995,0.0
759600,0.0,0.0,0.996555780951657,2157339.488449453,0.0
759660,0.0,0.0,0.996555780951657,2155064.9806203702,0.0
759720,0.0,0.0,0.996555780951657,2154719.548570346,0.0
759780,0.0,0.0,0.996555780951657,2151449.250736585,0.0
759840,0.0,0.0,0.996555780951657,2152851.774235028,0.0
759900,0.0,0.0,0.996555780951657,2155498.5169841605,0.0
759960,0.0,0.0,0.996555780951657,2156041.788719843,0.0
760020,0.0,0.0,0.996555780951657,2153376.3210280202,0.0
760080,0.0,0.0,0.996555780951657,2150568.235865105,0.0
760140,0.0,0.0,0.996555780951657,2152546.0344444495,0.0
760200,0.0,0.0,0.996555780951657,2156973.3120682687,0.0
760260,0.0,0.0,0.996555780951657,2155238.5199447735,0.0
760320,0.0,0.0,0.996555780951657,2155816.3595512966,0.0
760380,0.0,0.0,0.996555780951657,2149852.20116913,0.0
760440,0.0,0.0,0.996555780951657,2152671.053977875,0.0
760500,0.0,0.0,0.996555780951657,2154607.640095625,0.0
760560,0.0,0.0,0.996555780951657,2155010.784654628,0.0
760620,0.0,0.0,0.996555780951657,2157388.76011054,0.0
760680,0.0,0.0,0.996555780951657,2153240.8594832798,0.0
760740,0.0,0.0,0.996555780951657,2152173.3730770214,0.0
760800,0.0,0.0,0.996555780951657,2153305.719015358,0.0
760860,0.0,0.0,0.996555780951657,2154976.553202601,0.0
760920,0.0,0.0,0.996555780951657,2155304.69774121,0.0
760980,0.0,0.0,0.996555780951657,2155175.2952102423,0.0
761040,0.0,0.0,0.996555780951657,2149939.3202271126,0.0
761100,0.0,0.0,0.996555780951657,2152602.490757947,0.0
761160,0.0,0.0,0.996555780951657,2155764.5220946153,0.0
761220,0.0,0.0,0.996555780951657,2155394.9360384475,0.0
761280,0.0,0.0,0.996555780951657,2156371.749670099,0.0
761340,0.0,0.0,0.996555780951657,2148880.265760585,0.0
761400,0.0,0.0,0.996555780951657,2152219.710433942,0.0
761460,0.0,0.0,0.996555780951657,2153947.451255837,0.0
761520,0.0,0.0,0.996555780951657,2157331.2214768757,0.0
761580,0.0,0.0,0.996555780951657,2155052.4607338184,0.0
761640,0.0,0.0,0.996555780951657,2154623.346817473,0.0
761700,0.0,0.0,0.996555780951657,2151472.656916371,0.0
761760,0.0,0.0,0.996555780951657,2152917.993971333,0.0
761820,0.0,0.0,0.996555780951657,2155488.204969605,0.0
761880,0.0,0.0,0.996555780951657,2155982.321641752,0.0
761940,0.0,0.0,0.996555780951657,2152320.9440095783,0.0
762000,0.0,0.0,0.996555780951657,2153282.437706929,0.0
762060,0.0,0.0,0.996555780951657,2152191.806279898,0.0
762120,0.0,0.0,0.996555780951657,2154268.3615272143,0.0
762180,0.0,0.0,0.996555780951657,2157648.712620331,0.0
762240,0.0,0.0,0.996555780951657,2154539.9426431777,0.0
762300,0.0,0.0,0.996555780951657,2153407.0694903033,0.0
762360,0.0,0.0,0.996555780951657,2151788.313537595,0.0
762420,0.0,0.0,0.996555780951657,2153715.986823368,0.0
762480,0.0,0.0,0.996555780951657,2158217.2349773385,0.0
762540,0.0,0.0,0.996555780951657,2154525.821668746,0.0
762600,0.0,0.0,0.996555780951657,2154812.380517367,0.0
762660,0.0,0.0,0.996555780951657,2149733.0658725486,0.0
762720,0.0,0.0,0.996555780951657,2153328.324270295,0.0
762780,0.0,0.0,0.996555780951657,2155029.9081040137,0.0
762840,0.0,0.0,0.996555780951657,2154960.462808612,0.0
762900,0.0,0.0,0.996555780951657,2155211.4474005536,0.0
762960,0.0,0.0,0.996555780951657,2149712.4181637177,0.0
763020,0.0,0.0,0.996555780951657,2152729.6710019982,0.0
763080,0.0,0.0,0.996555780951657,2156038.771834874,0.0
763140,0.0,0.0,0.996555780951657,2155266.925287368,0.0
763200,0.0,0.0,0.996555780951657,2156473.550037812,0.0
763260,0.0,0.0,0.996555780951657,2152330.814419207,0.0
763320,0.0,0.0,0.996555780951657,2152068.332956004,0.0
763380,0.0,0.0,0.996555780951657,2154360.822623382,0.0
763440,0.0,0.0,0.996555780951657,2155622.947409762,0.0
763500,0.0,0.0,0.996555780951657,2154491.2809571456,0.0
763560,0.0,0.0,0.996555780951657,2154395.239855936,0.0
763620,0.0,0.0,0.996555780951657,2150355.455389241,0.0
763680,0.0,0.0,0.996555780951657,2153167.9504144574,0.0
763740,0.0,0.0,0.996555780951657,2156762.7628588965,0.0
763800,0.0,0.0,0.996555780951657,2155007.1694894433,0.0
763860,0.0,0.0,0.996555780951657,2154623.6039998895,0.0
763920,0.0,0.0,0.996555780951657,2151172.8816815843,0.0
763980,0.0,0.0,0.996555780951657,2153222.689857878,0.0
764040,0.0,0.0,0.996555780951657,2154236.2434929446,0.0
764100,0.0,0.0,0.996555780951657,2157979.226569627,0.0
764160,0.0,0.0,0.996555780951657,2154387.9882282796,0.0
764220,0.0,0.0,0.996555780951657,2153604.1496582613,0.0
764280,0.0,0.0,0.996555780951657,2151900.0824322184,0.0
764340,0.0,0.0,0.996555780951657,2153746.3876403905,0.0
764400,0.0,0.0,0.996555780951657,2155754.1069770125,0.0
764460,0.0,0.0,0.996555780951657,2155883.691856274,0.0
764520,0.0,0.0,0.996555780951657,2151069.1999347247,0.0
764580,0.0,0.0,0.996555780951657,2152604.2321672644,0.0
764640,0.0,0.0,0.996555780951657,2153718.875652269,0.0
764700,0.0,0.0,0.996555780951657,2154895.0439173128,0.0
764760,0.0,0.0,0.996555780951657,2157453.321870254,0.0
764820,0.0,0.0,0.996555780951657,2153769.285976044,0.0
764880,0.0,0.0,0.996555780951657,2152372.110031092,0.0
764940,0.0,0.0,0.996555780951657,2153324.138618514,0.0
765000,0.0,0.0,0.996555780951657,2154540.227869032,0.0
765060,0.0,0.0,0.996555780951657,2156754.6241866355,0.0
765120,0.0,0.0,0.996555780951657,2152455.5523380917,0.0
765180,0.0,0.0,0.996555780951657,2152543.106511694,0.0
765240,0.0,0.0,0.996555780951657,2152045.5416624406,0.0
765300,0.0,0.0,0.996555780951657,2154422.613815451,0.0
765360,0.0,0.0,0.996555780951657,2155492.0668658535,0.0
765420,0.0,0.0,0.996555780951657,2154156.2889207993,0.0
765480,0.0,0.0,0.996555780951657,2154485.750096436,0.0
765540,0.0,0.0,0.996555780951657,2150306.0331955017,0.0
765600,0.0,0.0,0.996555780951657,2153244.8404069385,0.0
765660,0.0,0.0,0.996555780951657,2157021.6269390373,0.0
765720,0.0,0.0,0.996555780951657,2155208.6474634246,0.0
765780,0.0,0.0,0.996555780951657,2155277.3861658587,0.0
765840,0.0,0.0,0.996555780951657,2151566.7816946637,0.0
765900,0.0,0.0,0.996555780951657,2152529.2535067727,0.0
765960,0.0,0.0,0.996555780951657,2155218.0359876794,0.0
766020,0.0,0.0,0.996555780951657,2155987.780523472,0.0
766080,0.0,0.0,0.996555780951657,2153388.5253246822,0.0
766140,0.0,0.0,0.996555780951657,2153529.632154079,0.0
766200,0.0,0.0,0.996555780951657,2151395.4868388143,0.0
766260,0.0,0.0,0.996555780951657,2155180.0073573827,0.0
766320,0.0,0.0,0.996555780951657,2155332.463357916,0.0
766380,0.0,0.0,0.996555780951657,2156796.859552,0.0
766440,0.0,0.0,0.996555780951657,2150148.4015356144,0.0
766500,0.0,0.0,0.996555780951657,2152749.8472781894,0.0
766560,0.0,0.0,0.996555780951657,2154018.1380222687,0.0
766620,0.0,0.0,0.996555780951657,2154779.0236647143,0.0
766680,0.0,0.0,0.996555780951657,2157666.1199901192,0.0
766740,0.0,0.0,0.996555780951657,2153678.0768343476,0.0
766800,0.0,0.0,0.996555780951657,2152468.39979036,0.0
766860,0.0,0.0,0.996555780951657,2152789.2701715184,0.0
766920,0.0,0.0,0.996555780951657,2154595.2026338517,0.0
766980,0.0,0.0,0.996555780951657,2155568.1212942055,0.0
767040,0.0,0.0,0.996555780951657,2155475.186563303,0.0
767100,0.0,0.0,0.996555780951657,2150097.0191684007,0.0
767160,0.0,0.0,0.996555780951657,2152456.1440267777,0.0
767220,0.0,0.0,0.996555780951657,2155141.2391549936,0.0
767280,0.0,0.0,0.996555780951657,2155303.2779129576,0.0
767340,0.0,0.0,0.996555780951657,2156815.949821466,0.0
767400,0.0,0.0,0.996555780951657,2149296.228211779,0.0
767460,0.0,0.0,0.996555780951657,2152229.707580709,0.0
767520,0.0,0.0,0.996555780951657,2153379.388343845,0.0
767580,0.0,0.0,0.996555780951657,2157396.104606376,0.0
767640,0.0,0.0,0.996555780951657,2155180.8554232274,0.0
767700,0.0,0.0,0.996555780951657,2155281.130031668,0.0
767760,0.0,0.0,0.996555780951657,2151563.722983811,0.0
767820,0.0,0.0,0.996555780951657,2152606.2059878455,0.0
767880,0.0,0.0,0.996555780951657,2155220.6623791214,0.0
767940,0.0,0.0,0.996555780951657,2155916.4170358884,0.0
768000,0.0,0.0,0.996555780951657,2152955.009167762,0.0
768060,0.0,0.0,0.996555780951657,2153654.309057969,0.0
768120,0.0,0.0,0.996555780951657,2151506.3184044375,0.0
768180,0.0,0.0,0.996555780951657,2153936.784096595,0.0
768240,0.0,0.0,0.996555780951657,2157553.250416488,0.0
768300,0.0,0.0,0.996555780951657,2154829.8282989105,0.0
768360,0.0,0.0,0.996555780951657,2153987.8172349776,0.0
768420,0.0,0.0,0.996555780951657,2151535.9668663684,0.0
768480,0.0,0.0,0.996555780951657,2153298.281563664,0.0
768540,0.0,0.0,0.996555780951657,2155744.6204281943,0.0
768600,0.0,0.0,0.996555780951657,2156031.9665058143,0.0
768660,0.0,0.0,0.996555780951657,2152475.278164454,0.0
768720,0.0,0.0,0.996555780951657,2150561.8083110387,0.0
768780,0.0,0.0,0.996555780951657,2152754.16229728,0.0
768840,0.0,0.0,0.996555780951657,2157510.492391588,0.0
768900,0.0,0.0,0.996555780951657,2155048.0396327646,0.0
768960,0.0,0.0,0.996555780951657,2155571.4046663377,0.0
769020,0.0,0.0,0.996555780951657,2149572.3122610464,0.0
769080,0.0,0.0,0.996555780951657,2152624.653165724,0.0
769140,0.0,0.0,0.996555780951657,2155331.4229299277,0.0
769200,0.0,0.0,0.996555780951657,2155183.715654617,0.0
769260,0.0,0.0,0.996555780951657,2156968.4857311854,0.0
769320,0.0,0.0,0.996555780951657,2152785.709877262,0.0
769380,0.0,0.0,0.996555780951657,2152028.7877410282,0.0
769440,0.0,0.0,0.996555780951657,2153838.111796164,0.0
769500,0.0,0.0,0.996555780951657,2155330.0114280847,0.0
769560,0.0,0.0,0.996555780951657,2154956.4183002096,0.0
769620,0.0,0.0,0.996555780951657,2154807.8564908304,0.0
769680,0.0,0.0,0.996555780951657,2150048.3796774424,0.0
769740,0.0,0.0,0.996555780951657,2152842.611399345,0.0
769800,0.0,0.0,0.996555780951657,2156300.346352975,0.0
769860,0.0,0.0,0.996555780951657,2155518.5621762266,0.0
769920,0.0,0.0,0.996555780951657,2154939.73716712,0.0
769980,0.0,0.0,0.996555780951657,2151547.3961380483,0.0
770040,0.0,0.0,0.996555780951657,2152315.5940548475,0.0
770100,0.0,0.0,0.996555780951657,2153903.4018964726,0.0
770160,0.0,0.0,0.996555780951657,2157923.845173048,0.0
770220,0.0,0.0,0.996555780951657,2154676.3500701003,0.0
770280,0.0,0.0,0.996555780951657,2154224.480026695,0.0
770340,0.0,0.0,0.996555780951657,2151619.430500374,0.0
770400,0.0,0.0,0.996555780951657,2153330.007485878,0.0
770460,0.0,0.0,0.996555780951657,2155687.1368298545,0.0
770520,0.0,0.0,0.996555780951657,2155972.905362525,0.0
770580,0.0,0.0,0.996555780951657,2151689.4838284287,0.0
770640,0.0,0.0,0.996555780951657,2152886.770468668,0.0
770700,0.0,0.0,0.996555780951657,2152969.0669251345,0.0
770760,0.0,0.0,0.996555780951657,2154614.2691726093,0.0
770820,0.0,0.0,0.996555780951657,2157597.670147878,0.0
770880,0.0,0.0,0.996555780951657,2154175.512375528,0.0
770940,0.0,0.0,0.996555780951657,2152821.0300132367,0.0
771000,0.0,0.0,0.996555780951657,2152363.265993236,0.0
771060,0.0,0.0,0.996555780951657,2154197.518450778,0.0
771120,0.0,0.0,0.996555780951657,2156607.0767992847,0.0
771180,0.0,0.0,0.996555780951657,2153376.027004268,0.0
771240,0.0,0.0,0.996555780951657,2152949.257686471,0.0
771300,0.0,0.0,0.996555780951657,2151974.1650058106,0.0
771360,0.0,0.0,0.996555780951657,2153949.1057268376,0.0
771420,0.0,0.0,0.996555780951657,2155226.8641040456,0.0
771480,0.0,0.0,0.996555780951657,2154639.861890817,0.0
771540,0.0,0.0,0.996555780951657,2154844.7728168843,0.0
771600,0.0,0.0,0.996555780951657,2149930.102529966,0.0
771660,0.0,0.0,0.996555780951657,2152961.7966279644,0.0
771720,0.0,0.0,0.996555780951657,2156592.062013408,0.0
771780,0.0,0.0,0.996555780951657,2155287.548704959,0.0
771840,0.0,0.0,0.996555780951657,2155853.428050339,0.0
771900,0.0,0.0,0.996555780951657,2151891.786299696,0.0
771960,0.0,0.0,0.996555780951657,2152252.241370158,0.0
772020,0.0,0.0,0.996555780951657,2154843.095328772,0.0
772080,0.0,0.0,0.996555780951657,2155858.1994279805,0.0
772140,0.0,0.0,0.996555780951657,2153962.7207230665,0.0
772200,0.0,0.0,0.996555780951657,2153934.89891245,0.0
772260,0.0,0.0,0.996555780951657,2150843.5194578627,0.0
772320,0.0,0.0,0.996555780951657,2154644.4291918417,0.0
772380,0.0,0.0,0.996555780951657,2155119.012144895,0.0
772440,0.0,0.0,0.996555780951657,2157378.891826711,0.0
772500,0.0,0.0,0.996555780951657,2150755.471602825,0.0
772560,0.0,0.0,0.996555780951657,2153011.901164137,0.0
772620,0.0,0.0,0.996555780951657,2153246.2066364656,0.0
772680,0.0,0.0,0.996555780951657,2154537.898952057,0.0
772740,0.0,0.0,0.996555780951657,2157804.168494235,0.0
772800,0.0,0.0,0.996555780951657,2154053.550706093,0.0
772860,0.0,0.0,0.996555780951657,2152884.15790688,0.0
772920,0.0,0.0,0.996555780951657,2152333.6941694743,0.0
772980,0.0,0.0,0.996555780951657,2154212.171673957,0.0
773040,0.0,0.0,0.996555780951657,2155723.0705067767,0.0
773100,0.0,0.0,0.996555780951657,2155702.176477839,0.0
773160,0.0,0.0,0.996555780951657,2150514.208679072,0.0
773220,0.0,0.0,0.996555780951657,2152427.513254991,0.0
773280,0.0,0.0,0.996555780951657,2154489.2865327448,0.0
773340,0.0,0.0,0.996555780951657,2155154.218739404,0.0
773400,0.0,0.0,0.996555780951657,2157149.872285968,0.0
773460,0.0,0.0,0.996555780951657,2149934.2046910785,0.0
773520,0.0,0.0,0.996555780951657,2152403.5045288866,0.0
773580,0.0,0.0,0.996555780951657,2152846.6049116543,0.0
773640,0.0,0.0,0.996555780951657,2157299.8877895433,0.0
773700,0.0,0.0,0.996555780951657,2155242.204898322,0.0
773760,0.0,0.0,0.996555780951657,2155880.0940478165,0.0
773820,0.0,0.0,0.996555780951657,2151856.4920907803,0.0
773880,0.0,0.0,0.996555780951657,2152371.0715371985,0.0
773940,0.0,0.0,0.996555780951657,2154887.96496765,0.0
774000,0.0,0.0,0.996555780951657,2155791.5930205816,0.0
774060,0.0,0.0,0.996555780951657,2153545.444228943,0.0
774120,0.0,0.0,0.996555780951657,2154020.0203704746,0.0
774180,0.0,0.0,0.996555780951657,2150914.0652309577,0.0
774240,0.0,0.0,0.996555780951657,2153613.289813012,0.0
774300,0.0,0.0,0.996555780951657,2157351.527672729,0.0
774360,0.0,0.0,0.996555780951657,2155051.9540811726,0.0
774420,0.0,0.0,0.996555780951657,2154563.6355932313,0.0
774480,0.0,0.0,0.996555780951657,2151438.401414216,0.0
774540,0.0,0.0,0.996555780951657,2152917.5378001966,0.0
774600,0.0,0.0,0.996555780951657,2155551.244658166,0.0
774660,0.0,0.0,0.996555780951657,2156057.6762526818,0.0
774720,0.0,0.0,0.996555780951657,2153282.9565028893,0.0
774780,0.0,0.0,0.996555780951657,2150571.3895206763,0.0
774840,0.0,0.0,0.996555780951657,2152551.54155642,0.0
774900,0.0,0.0,0.996555780951657,2156982.019656516,0.0
774960,0.0,0.0,0.996555780951657,2155261.2819780726,0.0
775020,0.0,0.0,0.996555780951657,2155786.1291733505,0.0
775080,0.0,0.0,0.996555780951657,2149867.282968214,0.0
775140,0.0,0.0,0.996555780951657,2152625.719479038,0.0
775200,0.0,0.0,0.996555780951657,2154680.9324059193,0.0
775260,0.0,0.0,0.996555780951657,2155055.1023834664,0.0
775320,0.0,0.0,0.996555780951657,2157309.4388876916,0.0
775380,0.0,0.0,0.996555780951657,2153192.4392205873,0.0
775440,0.0,0.0,0.996555780951657,2152125.209980987,0.0
775500,0.0,0.0,0.996555780951657,2153355.8928582896,0.0
775560,0.0,0.0,0.996555780951657,2155029.127722102,0.0
775620,0.0,0.0,0.996555780951657,2155303.274840709,0.0
775680,0.0,0.0,0.996555780951657,2155131.621935025,0.0
775740,0.0,0.0,0.996555780951657,2149971.211059473,0.0
775800,0.0,0.0,0.996555780951657,2152608.2617579913,0.0
775860,0.0,0.0,0.996555780951657,2155795.593478758,0.0
775920,0.0,0.0,0.996555780951657,2155887.0426989533,0.0
775980,0.0,0.0,0.996555780951657,2155173.2068138495,0.0
776040,0.0,0.0,0.996555780951657,2152049.609300228,0.0
776100,0.0,0.0,0.996555780951657,2151506.2025050945,0.0
776160,0.0,0.0,0.996555780951657,2153606.743337292,0.0
776220,0.0,0.0,0.996555780951657,2157744.155238924,0.0
776280,0.0,0.0,0.996555780951657,2154885.8196131214,0.0
776340,0.0,0.0,0.996555780951657,2154789.4004221666,0.0
776400,0.0,0.0,0.996555780951657,2151501.5519587966,0.0
776460,0.0,0.0,0.996555780951657,2152976.799967307,0.0
776520,0.0,0.0,0.996555780951657,2155538.1300677992,0.0
776580,0.0,0.0,0.996555780951657,2155991.597322688,0.0
776640,0.0,0.0,0.996555780951657,2152297.425759446,0.0
776700,0.0,0.0,0.996555780951657,2153188.3437492894,0.0
776760,0.0,0.0,0.996555780951657,2152291.9928362127,0.0
776820,0.0,0.0,0.996555780951657,2154328.219080805,0.0
776880,0.0,0.0,0.996555780951657,2157616.6931798803,0.0
776940,0.0,0.0,0.996555780951657,2154509.696480247,0.0
777000,0.0,0.0,0.996555780951657,2153302.8534928667,0.0
777060,0.0,0.0,0.996555780951657,2151820.7151464596,0.0
777120,0.0,0.0,0.996555780951657,2153776.657279895,0.0
777180,0.0,0.0,0.996555780951657,2158150.59734279,0.0
777240,0.0,0.0,0.996555780951657,2154519.407822522,0.0
777300,0.0,0.0,0.996555780951657,2154725.1991572073,0.0
777360,0.0,0.0,0.996555780951657,2149830.922391474,0.0
777420,0.0,0.0,0.996555780951657,2153376.330522039,0.0
777480,0.0,0.0,0.996555780951657,2155084.067416893,0.0
777540,0.0,0.0,0.996555780951657,2154963.979186861,0.0
777600,0.0,0.0,0.996555780951657,2155173.1274835854,0.0
777660,0.0,0.0,0.996555780951657,2149755.0488740494,0.0
777720,0.0,0.0,0.996555780951657,2152731.456986259,0.0
777780,0.0,0.0,0.996555780951657,2156063.3642382934,0.0
777840,0.0,0.0,0.996555780951657,2155288.924708604,0.0
777900,0.0,0.0,0.996555780951657,2156404.0489598243,0.0
777960,0.0,0.0,0.996555780951657,2152296.9221730195,0.0
778020,0.0,0.0,0.996555780951657,2152064.096938739,0.0
778080,0.0,0.0,0.996555780951657,2154390.9076785333,0.0
778140,0.0,0.0,0.996555780951657,2155651.527448224,0.0
778200,0.0,0.0,0.996555780951657,2154492.4516265364,0.0
778260,0.0,0.0,0.996555780951657,2154353.7485026345,0.0
778320,0.0,0.0,0.996555780951657,2150390.392751269,0.0
778380,0.0,0.0,0.996555780951657,2154025.260618242,0.0
778440,0.0,0.0,0.996555780951657,2154847.031760149,0.0
778500,0.0,0.0,0.996555780951657,2157878.307791933,0.0
778560,0.0,0.0,0.996555780951657,2151408.3837521668,0.0
778620,0.0,0.0,0.996555780951657,2153347.0541988867,0.0
778680,0.0,0.0,0.996555780951657,2152450.047116005,0.0
778740,0.0,0.0,0.996555780951657,2154253.2721123723,0.0
778800,0.0,0.0,0.996555780951657,2157839.338096962,0.0
778860,0.0,0.0,0.996555780951657,2154396.519290214,0.0
778920,0.0,0.0,0.996555780951657,2153407.551980721,0.0
778980,0.0,0.0,0.996555780951657,2151935.2183383578,0.0
779040,0.0,0.0,0.996555780951657,2153804.880890331,0.0
779100,0.0,0.0,0.996555780951657,2155775.2675937572,0.0
779160,0.0,0.0,0.996555780951657,2155872.363477202,0.0
779220,0.0,0.0,0.996555780951657,2151056.80792804,0.0
779280,0.0,0.0,0.996555780951657,2152545.119308229,0.0
779340,0.0,0.0,0.996555780951657,2153786.0373847475,0.0
779400,0.0,0.0,0.996555780951657,2154939.8643225012,0.0
779460,0.0,0.0,0.996555780951657,2157400.809252687,0.0
779520,0.0,0.0,0.996555780951657,2153731.949655663,0.0
779580,0.0,0.0,0.996555780951657,2152311.19390611,0.0
779640,0.0,0.0,0.996555780951657,2153366.862075295,0.0
779700,0.0,0.0,0.996555780951657,2154582.7970104665,0.0
779760,0.0,0.0,0.996555780951657,2156760.42572468,0.0
779820,0.0,0.0,0.996555780951657,2152470.309399785,0.0
779880,0.0,0.0,0.996555780951657,2152502.701654963,0.0
779940,0.0,0.0,0.996555780951657,2152043.968111724,0.0
780000,0.0,0.0,0.996555780951657,2154457.389641838,0.0
780060,0.0,0.0,0.996555780951657,2155525.5148001965,0.0
780120,0.0,0.0,0.996555780951657,2154159.2058105157,0.0
780180,0.0,0.0,0.996555780951657,2154441.5914035365,0.0
780240,0.0,0.0,0.996555780951657,2150349.695454001,0.0
780300,0.0,0.0,0.996555780951657,2153261.8704499337,0.0
780360,0.0,0.0,0.996555780951657,2157019.7930801916,0.0
780420,0.0,0.0,0.996555780951657,2155217.339267571,0.0
780480,0.0,0.0,0.996555780951657,2155220.8026023633,0.0
780540,0.0,0.0,0.996555780951657,2151550.1593089188,0.0
780600,0.0,0.0,0.996555780951657,2152540.3611748577,0.0
780660,0.0,0.0,0.996555780951657,2155235.698007745,0.0
780720,0.0,0.0,0.996555780951657,2156000.9975207644,0.0
780780,0.0,0.0,0.996555780951657,2154185.390924763,0.0
780840,0.0,0.0,0.996555780951657,2150875.3709615734,0.0
780900,0.0,0.0,0.996555780951657,2152433.0269938195,0.0
780960,0.0,0.0,0.996555780951657,2156303.1024601455,0.0
781020,0.0,0.0,0.996555780951657,2155370.206525524,0.0
781080,0.0,0.0,0.996555780951657,2155957.4893658115,0.0
781140,0.0,0.0,0.996555780951657,2150407.2887435383,0.0
781200,0.0,0.0,0.996555780951657,2152789.1796197207,0.0
781260,0.0,0.0,0.996555780951657,2153927.672478243,0.0
781320,0.0,0.0,0.996555780951657,2154845.952076908,0.0
781380,0.0,0.0,0.996555780951657,2157599.3791897073,0.0
781440,0.0,0.0,0.996555780951657,2153625.093537884,0.0
781500,0.0,0.0,0.996555780951657,2152413.7278593522,0.0
781560,0.0,0.0,0.996555780951657,2152836.3215680136,0.0
781620,0.0,0.0,0.996555780951657,2154652.570929103,0.0
781680,0.0,0.0,0.996555780951657,2155572.229961126,0.0
781740,0.0,0.0,0.996555780951657,2155441.2230399884,0.0
781800,0.0,0.0,0.996555780951657,2150114.016460922,0.0
781860,0.0,0.0,0.996555780951657,2152446.2051423923,0.0
781920,0.0,0.0,0.996555780951657,2155181.702902993,0.0
781980,0.0,0.0,0.996555780951657,2156147.806723333,0.0
782040,0.0,0.0,0.996555780951657,2155367.2304594,0.0
782100,0.0,0.0,0.996555780951657,2152717.9005175205,0.0
782160,0.0,0.0,0.996555780951657,2150702.437756491,0.0
782220,0.0,0.0,0.996555780951657,2153299.7557976535,0.0
782280,0.0,0.0,0.996555780951657,2157447.426422282,0.0
782340,0.0,0.0,0.996555780951657,2155041.7306374586,0.0
782400,0.0,0.0,0.996555780951657,2155405.2100945404,0.0
782460,0.0,0.0,0.996555780951657,2151566.127468657,0.0
782520,0.0,0.0,0.996555780951657,2152638.7550028544,0.0
782580,0.0,0.0,0.996555780951657,2155283.076708578,0.0
782640,0.0,0.0,0.996555780951657,2155940.0793283824,0.0
782700,0.0,0.0,0.996555780951657,2152929.3673044248,0.0
782760,0.0,0.0,0.996555780951657,2153558.034314121,0.0
782820,0.0,0.0,0.996555780951657,2151606.7908555064,0.0
782880,0.0,0.0,0.996555780951657,2153995.301123629,0.0
782940,0.0,0.0,0.996555780951657,2157537.383365795,0.0
783000,0.0,0.0,0.996555780951657,2154810.1909295483,0.0
783060,0.0,0.0,0.996555780951657,2153875.7094356734,0.0
783120,0.0,0.0,0.996555780951657,2151551.8595886463,0.0
783180,0.0,0.0,0.996555780951657,2153354.4076410867,0.0
783240,0.0,0.0,0.996555780951657,2158122.4615918878,0.0
783300,0.0,0.0,0.996555780951657,2154821.0096090855,0.0
783360,0.0,0.0,0.996555780951657,2155184.5595377935,0.0
783420,0.0,0.0,0.996555780951657,2149235.2744821846,0.0
783480,0.0,0.0,0.996555780951657,2152916.9352877224,0.0
783540,0.0,0.0,0.996555780951657,2154724.464050164,0.0
783600,0.0,0.0,0.996555780951657,2155285.084485498,0.0
783660,0.0,0.0,0.996555780951657,2155434.5273864698,0.0
783720,0.0,0.0,0.996555780951657,2149796.8221566784,0.0
783780,0.0,0.0,0.996555780951657,2152594.742691578,0.0
783840,0.0,0.0,0.996555780951657,2155469.505141115,0.0
783900,0.0,0.0,0.996555780951657,2155227.187473727,0.0
783960,0.0,0.0,0.996555780951657,2156849.8240926904,0.0
784020,0.0,0.0,0.996555780951657,2152709.517640489,0.0
784080,0.0,0.0,0.996555780951657,2151998.3545705304,0.0
784140,0.0,0.0,0.996555780951657,2153917.658525316,0.0
784200,0.0,0.0,0.996555780951657,2155398.0596583625,0.0
784260,0.0,0.0,0.996555780951657,2154934.1329348106,0.0
784320,0.0,0.0,0.996555780951657,2154729.3826512075,0.0
784380,0.0,0.0,0.996555780951657,2150108.5043733562,0.0
784440,0.0,0.0,0.996555780951657,2153389.1966844727,0.0
784500,0.0,0.0,0.996555780951657,2154554.1219278574,0.0
784560,0.0,0.0,0.996555780951657,2158229.984936742,0.0
784620,0.0,0.0,0.996555780951657,2152056.688459293,0.0
784680,0.0,0.0,0.996555780951657,2153696.010094102,0.0
784740,0.0,0.0,0.996555780951657,2151710.7763328943,0.0
784800,0.0,0.0,0.996555780951657,2153962.9785554963,0.0
784860,0.0,0.0,0.996555780951657,2157758.872176568,0.0
784920,0.0,0.0,0.996555780951657,2154678.076716007,0.0
784980,0.0,0.0,0.996555780951657,2153961.043119802,0.0
785040,0.0,0.0,0.996555780951657,2151649.563199822,0.0
785100,0.0,0.0,0.996555780951657,2153417.4121977855,0.0
785160,0.0,0.0,0.996555780951657,2155729.201866703,0.0
785220,0.0,0.0,0.996555780951657,2155972.5289042187,0.0
785280,0.0,0.0,0.996555780951657,2151642.354479762,0.0
785340,0.0,0.0,0.996555780951657,2152784.047811891,0.0
785400,0.0,0.0,0.996555780951657,2153091.4566692133,0.0
785460,0.0,0.0,0.996555780951657,2154687.2650698805,0.0
785520,0.0,0.0,0.996555780951657,2157540.7992173857,0.0
785580,0.0,0.0,0.996555780951657,2154120.7673354074,0.0
785640,0.0,0.0,0.996555780951657,2152707.6367670787,0.0
785700,0.0,0.0,0.996555780951657,2152471.1394913956,0.0
785760,0.0,0.0,0.996555780951657,2154266.778440904,0.0
785820,0.0,0.0,0.996555780951657,2156634.785073589,0.0
785880,0.0,0.0,0.996555780951657,2153346.8357392037,0.0
785940,0.0,0.0,0.996555780951657,2152882.967882973,0.0
786000,0.0,0.0,0.996555780951657,2151953.7755030883,0.0
786060,0.0,0.0,0.996555780951657,2154014.0253713927,0.0
786120,0.0,0.0,0.996555780951657,2155285.993600198,0.0
786180,0.0,0.0,0.996555780951657,2154628.291495874,0.0
786240,0.0,0.0,0.996555780951657,2154781.966598734,0.0
786300,0.0,0.0,0.996555780951657,2149994.207769586,0.0
786360,0.0,0.0,0.996555780951657,2152984.6801917315,0.0
786420,0.0,0.0,0.996555780951657,2156616.835915823,0.0
786480,0.0,0.0,0.996555780951657,2155303.1693314784,0.0
786540,0.0,0.0,0.996555780951657,2155760.9482134054,0.0
786600,0.0,0.0,0.996555780951657,2151848.841586218,0.0
786660,0.0,0.0,0.996555780951657,2152266.9199192496,0.0
786720,0.0,0.0,0.996555780951657,2154882.7262734133,0.0
786780,0.0,0.0,0.996555780951657,2155886.7428106233,0.0
786840,0.0,0.0,0.996555780951657,2154988.748464536,0.0
786900,0.0,0.0,0.996555780951657,2151312.393842091,0.0
786960,0.0,0.0,0.996555780951657,2152428.5820317673,0.0
787020,0.0,0.0,0.996555780951657,2155570.5951775955,0.0
787080,0.0,0.0,0.996555780951657,2155383.8491785415,0.0
787140,0.0,0.0,0.996555780951657,2156048.2456618035,0.0
787200,0.0,0.0,0.996555780951657,2150995.254399945,0.0
787260,0.0,0.0,0.996555780951657,2153021.8451685263,0.0
787320,0.0,0.0,0.996555780951657,2153221.638953738,0.0
787380,0.0,0.0,0.996555780951657,2154619.408363459,0.0
787440,0.0,0.0,0.996555780951657,2157749.7519804295,0.0
787500,0.0,0.0,0.996555780951657,2153994.0067260023,0.0
787560,0.0,0.0,0.996555780951657,2152790.9388053548,0.0
787620,0.0,0.0,0.996555780951657,2152391.709705918,0.0
787680,0.0,0.0,0.996555780951657,2154287.5328461416,0.0
787740,0.0,0.0,0.996555780951657,2155732.901009654,0.0
787800,0.0,0.0,0.996555780951657,2155669.8650189494,0.0
787860,0.0,0.0,0.996555780951657,2150506.8906715172,0.0
787920,0.0,0.0,0.996555780951657,2152395.2784980265,0.0
787980,0.0,0.0,0.996555780951657,2154559.6266895956,0.0
788040,0.0,0.0,0.996555780951657,2155198.4023805456,0.0
788100,0.0,0.0,0.996555780951657,2157079.109660692,0.0
788160,0.0,0.0,0.996555780951657,2149976.0384674543,0.0
788220,0.0,0.0,0.996555780951657,2152344.2046533753,0.0
788280,0.0,0.0,0.996555780951657,2152910.428749006,0.0
788340,0.0,0.0,0.996555780951657,2157274.6185610946,0.0
788400,0.0,0.0,0.996555780951657,2155259.92718613,0.0
788460,0.0,0.0,0.996555780951657,2155777.5790718347,0.0
788520,0.0,0.0,0.996555780951657,2151815.6130909952,0.0
788580,0.0,0.0,0.996555780951657,2152380.4575734087,0.0
788640,0.0,0.0,0.996555780951657,2154925.016349931,0.0
788700,0.0,0.0,0.996555780951657,2155820.451496496,0.0
788760,0.0,0.0,0.996555780951657,2153542.1775353462,0.0
788820,0.0,0.0,0.996555780951657,2153964.484608872,0.0
788880,0.0,0.0,0.996555780951657,2150965.6297300276,0.0
788940,0.0,0.0,0.996555780951657,2153641.4607036225,0.0
789000,0.0,0.0,0.996555780951657,2157343.5336120003,0.0
789060,0.0,0.0,0.996555780951657,2155052.714727767,0.0
789120,0.0,0.0,0.996555780951657,2154498.8734119814,0.0
789180,0.0,0.0,0.996555780951657,2151433.400467041,0.0
789240,0.0,0.0,0.996555780951657,2152940.188895246,0.0
789300,0.0,0.0,0.996555780951657,2157944.519863444,0.0
789360,0.0,0.0,0.996555780951657,2155047.8538462166,0.0
789420,0.0,0.0,0.996555780951657,2155625.359087723,0.0
789480,0.0,0.0,0.996555780951657,2148804.996654038,0.0
789540,0.0,0.0,0.996555780951657,2152474.875012608,0.0
789600,0.0,0.0,0.996555780951657,2154321.639257343,0.0
789660,0.0,0.0,0.996555780951657,2155508.363283569,0.0
789720,0.0,0.0,0.996555780951657,2155649.557703111,0.0
789780,0.0,0.0,0.996555780951657,2150098.532472127,0.0
789840,0.0,0.0,0.996555780951657,2152566.749209706,0.0
789900,0.0,0.0,0.996555780951657,2154797.619422682,0.0
789960,0.0,0.0,0.996555780951657,2155096.032742183,0.0
790020,0.0,0.0,0.996555780951657,2157229.536515357,0.0
790080,0.0,0.0,0.996555780951657,2153142.148663266,0.0
790140,0.0,0.0,0.996555780951657,2152075.960134617,0.0
790200,0.0,0.0,0.996555780951657,2153410.2965312703,0.0
790260,0.0,0.0,0.996555780951657,2155083.8743414516,0.0
790320,0.0,0.0,0.996555780951657,2155299.463633368,0.0
790380,0.0,0.0,0.996555780951657,2155083.45758588,0.0
790440,0.0,0.0,0.996555780951657,2150003.909017796,0.0
790500,0.0,0.0,0.996555780951657,2152617.4063748457,0.0
790560,0.0,0.0,0.996555780951657,2155829.716887699,0.0
790620,0.0,0.0,0.996555780951657,2155888.577762562,0.0
790680,0.0,0.0,0.996555780951657,2155155.377297614,0.0
790740,0.0,0.0,0.996555780951657,2152000.008052186,0.0
790800,0.0,0.0,0.996555780951657,2151557.30320693,0.0
790860,0.0,0.0,0.996555780951657,2153637.2907892684,0.0
790920,0.0,0.0,0.996555780951657,2157726.859946886,0.0
790980,0.0,0.0,0.996555780951657,2154886.595422459,0.0
791040,0.0,0.0,0.996555780951657,2154711.9641525364,0.0
791100,0.0,0.0,0.996555780951657,2151497.7220805977,0.0
791160,0.0,0.0,0.996555780951657,2153001.156265599,0.0
791220,0.0,0.0,0.996555780951657,2155559.344162438,0.0
791280,0.0,0.0,0.996555780951657,2156001.0775598204,0.0
791340,0.0,0.0,0.996555780951657,2152304.480997587,0.0
791400,0.0,0.0,0.996555780951657,2153143.1896362077,0.0
791460,0.0,0.0,0.996555780951657,2152325.004413644,0.0
791520,0.0,0.0,0.996555780951657,2154353.5200574226,0.0
791580,0.0,0.0,0.996555780951657,2157594.158942866,0.0
791640,0.0,0.0,0.996555780951657,2154503.73325359,0.0
791700,0.0,0.0,0.996555780951657,2153259.722222048,0.0
791760,0.0,0.0,0.996555780951657,2151502.5770320552,0.0
791820,0.0,0.0,0.996555780951657,2153877.8254941115,0.0
791880,0.0,0.0,0.996555780951657,2156403.938249859,0.0
791940,0.0,0.0,0.996555780951657,2154248.444743437,0.0
792000,0.0,0.0,0.996555780951657,2153311.446533025,0.0
792060,0.0,0.0,0.996555780951657,2152009.940859743,0.0
792120,0.0,0.0,0.996555780951657,2153494.106474369,0.0
792180,0.0,0.0,0.996555780951657,2154964.452203896,0.0
792240,0.0,0.0,0.996555780951657,2155042.382854503,0.0
792300,0.0,0.0,0.996555780951657,2155128.83712087,0.0
792360,0.0,0.0,0.996555780951657,2149775.862792672,0.0
792420,0.0,0.0,0.996555780951657,2152741.3882157,0.0
792480,0.0,0.0,0.996555780951657,2156092.093922751,0.0
792540,0.0,0.0,0.996555780951657,2155314.925594567,0.0
792600,0.0,0.0,0.996555780951657,2156313.896651013,0.0
792660,0.0,0.0,0.996555780951657,2152249.852177444,0.0
792720,0.0,0.0,0.996555780951657,2152064.0265748077,0.0
792780,0.0,0.0,0.996555780951657,2154434.1419978794,0.0
792840,0.0,0.0,0.996555780951657,2155688.017294013,0.0
792900,0.0,0.0,0.996555780951657,2155805.765749178,0.0
792960,0.0,0.0,0.996555780951657,2151820.9515550677,0.0
793020,0.0,0.0,0.996555780951657,2152577.551679999,0.0
793080,0.0,0.0,0.996555780951657,2154717.1029143245,0.0
793140,0.0,0.0,0.996555780951657,2155287.116052703,0.0
793200,0.0,0.0,0.996555780951657,2156074.2908467213,0.0
793260,0.0,0.0,0.996555780951657,2151647.2407126934,0.0
793320,0.0,0.0,0.996555780951657,2153338.7599653513,0.0
793380,0.0,0.0,0.996555780951657,2152466.9317472214,0.0
793440,0.0,0.0,0.996555780951657,2154333.7674392806,0.0
793500,0.0,0.0,0.996555780951657,2157814.0367157976,0.0
793560,0.0,0.0,0.996555780951657,2154348.2918715472,0.0
793620,0.0,0.0,0.996555780951657,2153297.70308526,0.0
793680,0.0,0.0,0.996555780951657,2151981.2089610514,0.0
793740,0.0,0.0,0.996555780951657,2153878.427140089,0.0
793800,0.0,0.0,0.996555780951657,2155795.6416762955,0.0
793860,0.0,0.0,0.996555780951657,2155854.2023186022,0.0
793920,0.0,0.0,0.996555780951657,2151039.558613797,0.0
793980,0.0,0.0,0.996555780951657,2152484.345563439,0.0
794040,0.0,0.0,0.996555780951657,2153865.031428132,0.0
794100,0.0,0.0,0.996555780951657,2154990.1987917675,0.0
794160,0.0,0.0,0.996555780951657,2157341.53030823,0.0
794220,0.0,0.0,0.996555780951657,2150695.7615089375,0.0
794280,0.0,0.0,0.996555780951657,2152627.1953498316,0.0
794340,0.0,0.0,0.996555780951657,2152390.0100710397,0.0
794400,0.0,0.0,0.996555780951657,2157035.649611128,0.0
794460,0.0,0.0,0.996555780951657,2155263.8217314077,0.0
794520,0.0,0.0,0.996555780951657,2156352.4305716,0.0
794580,0.0,0.0,0.996555780951657,2152182.3340588734,0.0
794640,0.0,0.0,0.996555780951657,2152212.432129719,0.0
794700,0.0,0.0,0.996555780951657,2154523.1262919013,0.0
794760,0.0,0.0,0.996555780951657,2155637.6041205483,0.0
794820,0.0,0.0,0.996555780951657,2154094.2370367264,0.0
794880,0.0,0.0,0.996555780951657,2154341.568857367,0.0
794940,0.0,0.0,0.996555780951657,2150456.264367428,0.0
795000,0.0,0.0,0.996555780951657,2153316.166795137,0.0
795060,0.0,0.0,0.996555780951657,2157046.8985207635,0.0
795120,0.0,0.0,0.996555780951657,2155219.43216989,0.0
795180,0.0,0.0,0.996555780951657,2155084.6306785317,0.0
795240,0.0,0.0,0.996555780951657,2151509.1530480767,0.0
795300,0.0,0.0,0.996555780951657,2152585.9839802943,0.0
795360,0.0,0.0,0.996555780951657,2157614.665297839,0.0
795420,0.0,0.0,0.996555780951657,2155189.8647192605,0.0
795480,0.0,0.0,0.996555780951657,2155992.50944167,0.0
795540,0.0,0.0,0.996555780951657,2148634.177403873,0.0
795600,0.0,0.0,0.996555780951657,2152110.6792539586,0.0
795660,0.0,0.0,0.996555780951657,2153923.1782804513,0.0
795720,0.0,0.0,0.996555780951657,2155625.5093577113,0.0
795780,0.0,0.0,0.996555780951657,2155797.9792871084,0.0
795840,0.0,0.0,0.996555780951657,2150603.0057508377,0.0
795900,0.0,0.0,0.996555780951657,2152665.579487052,0.0
795960,0.0,0.0,0.996555780951657,2154105.3185716025,0.0
796020,0.0,0.0,0.996555780951657,2154917.2895444925,0.0
796080,0.0,0.0,0.996555780951657,2157499.6348838327,0.0
796140,0.0,0.0,0.996555780951657,2153550.0099368603,0.0
796200,0.0,0.0,0.996555780951657,2152306.368824993,0.0
796260,0.0,0.0,0.996555780951657,2152922.3504984174,0.0
796320,0.0,0.0,0.996555780951657,2154742.500225157,0.0
796380,0.0,0.0,0.996555780951657,2155566.9782607653,0.0
796440,0.0,0.0,0.996555780951657,2155381.03941773,0.0
796500,0.0,0.0,0.996555780951657,2150124.815980027,0.0
796560,0.0,0.0,0.996555780951657,2152442.5775369667,0.0
796620,0.0,0.0,0.996555780951657,2155262.102792796,0.0
796680,0.0,0.0,0.996555780951657,2156144.3080515806,0.0
796740,0.0,0.0,0.996555780951657,2155350.121318996,0.0
796800,0.0,0.0,0.996555780951657,2152610.8841029,0.0
796860,0.0,0.0,0.996555780951657,2150806.3717672965,0.0
796920,0.0,0.0,0.996555780951657,2153341.9240766997,0.0
796980,0.0,0.0,0.996555780951657,2157452.0990522522,0.0
797040,0.0,0.0,0.996555780951657,2155046.613570371,0.0
797100,0.0,0.0,0.996555780951657,2155281.9725681646,0.0
797160,0.0,0.0,0.996555780951657,2151536.9684026176,0.0
797220,0.0,0.0,0.996555780951657,2152673.10841154,0.0
797280,0.0,0.0,0.996555780951657,2155324.9900011523,0.0
797340,0.0,0.0,0.996555780951657,2155963.573660634,0.0
797400,0.0,0.0,0.996555780951657,2152912.9104607715,0.0
797460,0.0,0.0,0.996555780951657,2153485.3411879013,0.0
797520,0.0,0.0,0.996555780951657,2151676.841715723,0.0
797580,0.0,0.0,0.996555780951657,2154038.5877835676,0.0
797640,0.0,0.0,0.996555780951657,2157520.5403619353,0.0
797700,0.0,0.0,0.996555780951657,2154797.644000918,0.0
797760,0.0,0.0,0.996555780951657,2153794.3504184466,0.0
797820,0.0,0.0,0.996555780951657,2150676.602706401,0.0
797880,0.0,0.0,0.996555780951657,2153521.691764118,0.0
797940,0.0,0.0,0.996555780951657,2156121.6398502844,0.0
798000,0.0,0.0,0.996555780951657,2155031.753476504,0.0
798060,0.0,0.0,0.996555780951657,2153683.4573205924,0.0
798120,0.0,0.0,0.996555780951657,2152206.9852374177,0.0
798180,0.0,0.0,0.996555780951657,2153019.0646979483,0.0
798240,0.0,0.0,0.996555780951657,2154646.4656950333,0.0
798300,0.0,0.0,0.996555780951657,2155345.0710599204,0.0
798360,0.0,0.0,0.996555780951657,2155396.1292502135,0.0
798420,0.0,0.0,0.996555780951657,2149793.615101687,0.0
798480,0.0,0.0,0.996555780951657,2152589.2260263204,0.0
798540,0.0,0.0,0.996555780951657,2155531.383772144,0.0
798600,0.0,0.0,0.996555780951657,2155267.84239695,0.0
798660,0.0,0.0,0.996555780951657,2156744.4767186055,0.0
798720,0.0,0.0,0.996555780951657,2152645.290845872,0.0
798780,0.0,0.0,0.996555780951657,2151979.353012221,0.0
798840,0.0,0.0,0.996555780951657,2153980.66723438,0.0
798900,0.0,0.0,0.996555780951657,2155453.336333816,0.0
798960,0.0,0.0,0.996555780951657,2154918.4629962835,0.0
799020,0.0,0.0,0.996555780951657,2154662.90106183,0.0
799080,0.0,0.0,0.996555780951657,2150159.5418337113,0.0
799140,0.0,0.0,0.996555780951657,2153446.0247095227,0.0
799200,0.0,0.0,0.996555780951657,2154608.0325731696,0.0
799260,0.0,0.0,0.996555780951657,2158137.474537844,0.0
799320,0.0,0.0,0.996555780951657,2152068.1332521443,0.0
799380,0.0,0.0,0.996555780951657,2153621.7973528123,0.0
799440,0.0,0.0,0.996555780951657,2151785.6832928257,0.0
799500,0.0,0.0,0.996555780951657,2154002.295100918,0.0
799560,0.0,0.0,0.996555780951657,2157737.2742994907,0.0
799620,0.0,0.0,0.996555780951657,2154667.435259157,0.0
799680,0.0,0.0,0.996555780951657,2153879.2457654215,0.0
799740,0.0,0.0,0.996555780951657,2151661.5321314386,0.0
799800,0.0,0.0,0.996555780951657,2153453.471147086,0.0
799860,0.0,0.0,0.996555780951657,2155748.7834019205,0.0
799920,0.0,0.0,0.996555780951657,2155972.647513501,0.0
799980,0.0,0.0,0.996555780951657,2151645.507395273,0.0
800040,0.0,0.0,0.996555780951657,2152736.568398357,0.0
800100,0.0,0.0,0.996555780951657,2153129.604517448,0.0
800160,0.0,0.0,0.996555780951657,2154717.6545713632,0.0
800220,0.0,0.0,0.996555780951657,2157510.0146709075,0.0
800280,0.0,0.0,0.996555780951657,2151478.9908402753,0.0
800340,0.0,0.0,0.996555780951657,2152974.2580359825,0.0
800400,0.0,0.0,0.996555780951657,2151906.0166044384,0.0
800460,0.0,0.0,0.996555780951657,2156645.467763595,0.0
800520,0.0,0.0,0.996555780951657,2155197.5052856267,0.0
800580,0.0,0.0,0.996555780951657,2156885.533785208,0.0
800640,0.0,0.0,0.996555780951657,2152591.927664978,0.0
800700,0.0,0.0,0.996555780951657,2152153.4845961,0.0
800760,0.0,0.0,0.996555780951657,2154058.5510667562,0.0
800820,0.0,0.0,0.996555780951657,2155388.4243981927,0.0
800880,0.0,0.0,0.996555780951657,2154591.026454114,0.0
800940,0.0,0.0,0.996555780951657,2154714.4413056388,0.0
801000,0.0,0.0,0.996555780951657,2150064.7476140256,0.0
801060,0.0,0.0,0.996555780951657,2153011.7465283745,0.0
801120,0.0,0.0,0.996555780951657,2156645.0296644676,0.0
801180,0.0,0.0,0.996555780951657,2155317.402882661,0.0
801240,0.0,0.0,0.996555780951657,2155664.1432587095,0.0
801300,0.0,0.0,0.996555780951657,2151803.515173947,0.0
801360,0.0,0.0,0.996555780951657,2152285.260875871,0.0
801420,0.0,0.0,0.996555780951657,2154925.2467287555,0.0
801480,0.0,0.0,0.996555780951657,2155915.7409881125,0.0
801540,0.0,0.0,0.996555780951657,2154927.2693643263,0.0
801600,0.0,0.0,0.996555780951657,2151296.051396029,0.0
801660,0.0,0.0,0.996555780951657,2152397.3137490004,0.0
801720,0.0,0.0,0.996555780951657,2155584.5407070853,0.0
801780,0.0,0.0,0.996555780951657,2155412.286768013,0.0
801840,0.0,0.0,0.996555780951657,2156048.685044043,0.0
801900,0.0,0.0,0.996555780951657,2151007.881333242,0.0
801960,0.0,0.0,0.996555780951657,2152968.7083165846,0.0
802020,0.0,0.0,0.996555780951657,2153266.970494656,0.0
802080,0.0,0.0,0.996555780951657,2154651.7737101214,0.0
802140,0.0,0.0,0.996555780951657,2157711.4004408135,0.0
802200,0.0,0.0,0.996555780951657,2153977.055578056,0.0
802260,0.0,0.0,0.996555780951657,2152740.8280855375,0.0
802320,0.0,0.0,0.996555780951657,2152410.4034306766,0.0
802380,0.0,0.0,0.996555780951657,2154318.252530052,0.0
802440,0.0,0.0,0.996555780951657,2155744.1241636816,0.0
802500,0.0,0.0,0.996555780951657,2155657.1702758353,0.0
802560,0.0,0.0,0.996555780951657,2150523.6033132714,0.0
802620,0.0,0.0,0.996555780951657,2152376.5671918793,0.0
802680,0.0,0.0,0.996555780951657,2154575.0849538846,0.0
802740,0.0,0.0,0.996555780951657,2156280.2264333856,0.0
802800,0.0,0.0,0.996555780951657,2155495.7946407064,0.0
802860,0.0,0.0,0.996555780951657,2153381.561095358,0.0
802920,0.0,0.0,0.996555780951657,2150089.179745436,0.0
802980,0.0,0.0,0.996555780951657,2153049.3614558787,0.0
803040,0.0,0.0,0.996555780951657,2157047.3282632898,0.0
803100,0.0,0.0,0.996555780951657,2155143.324613434,0.0
803160,0.0,0.0,0.996555780951657,2155900.6198545126,0.0
803220,0.0,0.0,0.996555780951657,2151814.0162314223,0.0
803280,0.0,0.0,0.996555780951657,2152377.733567028,0.0
803340,0.0,0.0,0.996555780951657,2154978.687511186,0.0
803400,0.0,0.0,0.996555780951657,2155845.5468303696,0.0
803460,0.0,0.0,0.996555780951657,2153532.8129603188,0.0
803520,0.0,0.0,0.996555780951657,2153892.3405053634,0.0
803580,0.0,0.0,0.996555780951657,2151035.011345475,0.0
803640,0.0,0.0,0.996555780951657,2153681.0658128522,0.0
803700,0.0,0.0,0.996555780951657,2157338.4850755692,0.0
803760,0.0,0.0,0.996555780951657,2155048.7944597597,0.0
803820,0.0,0.0,0.996555780951657,2154413.6733969445,0.0
803880,0.0,0.0,0.996555780951657,2149879.455013639,0.0
803940,0.0,0.0,0.996555780951657,2153142.9632722093,0.0
804000,0.0,0.0,0.996555780951657,2155741.7140694573,0.0
804060,0.0,0.0,0.996555780951657,2155769.9850368984,0.0
804120,0.0,0.0,0.996555780951657,2154058.79798231,0.0
804180,0.0,0.0,0.996555780951657,2152588.4422972575,0.0
804240,0.0,0.0,0.996555780951657,2152530.806554538,0.0
804300,0.0,0.0,0.996555780951657,2154272.5706113903,0.0
804360,0.0,0.0,0.996555780951657,2155561.280141776,0.0
804420,0.0,0.0,0.996555780951657,2155634.110870779,0.0
804480,0.0,0.0,0.996555780951657,2150054.554063838,0.0
804540,0.0,0.0,0.996555780951657,2152534.064960592,0.0
804600,0.0,0.0,0.996555780951657,2154874.283625225,0.0
804660,0.0,0.0,0.996555780951657,2155146.106212047,0.0
804720,0.0,0.0,0.996555780951657,2157136.048205592,0.0
804780,0.0,0.0,0.996555780951657,2153080.044973939,0.0
804840,0.0,0.0,0.996555780951657,2152030.0964711974,0.0
804900,0.0,0.0,0.996555780951657,2153474.048763913,0.0
804960,0.0,0.0,0.996555780951657,2155145.9902003957,0.0
805020,0.0,0.0,0.996555780951657,2155290.580288627,0.0
805080,0.0,0.0,0.996555780951657,2155026.1447008816,0.0
805140,0.0,0.0,0.996555780951657,2150039.4136777525,0.0
805200,0.0,0.0,0.996555780951657,2152786.927478071,0.0
805260,0.0,0.0,0.996555780951657,2154280.347027173,0.0
805320,0.0,0.0,0.996555780951657,2158381.9934548754,0.0
805380,0.0,0.0,0.996555780951657,2152705.2184923305,0.0
805440,0.0,0.0,0.996555780951657,2154000.078855727,0.0
805500,0.0,0.0,0.996555780951657,2151084.467390115,0.0
805560,0.0,0.0,0.996555780951657,2153694.346226016,0.0
805620,0.0,0.0,0.996555780951657,2157561.856071003,0.0
805680,0.0,0.0,0.996555780951657,2154904.9053605697,0.0
805740,0.0,0.0,0.996555780951657,2154472.472884841,0.0
805800,0.0,0.0,0.996555780951657,2151493.554530147,0.0
805860,0.0,0.0,0.996555780951657,2153070.4355834327,0.0
805920,0.0,0.0,0.996555780951657,2155607.7747988394,0.0
805980,0.0,0.0,0.996555780951657,2156015.8493002234,0.0
806040,0.0,0.0,0.996555780951657,2152261.9592571063,0.0
806100,0.0,0.0,0.996555780951657,2153044.016338721,0.0
806160,0.0,0.0,0.996555780951657,2152433.049914924,0.0
806220,0.0,0.0,0.996555780951657,2154420.2334542116,0.0
806280,0.0,0.0,0.996555780951657,2157558.93303339,0.0
806340,0.0,0.0,0.996555780951657,2152264.6276071225,0.0
806400,0.0,0.0,0.996555780951657,2153328.20597614,0.0
806460,0.0,0.0,0.996555780951657,2151518.71022337,0.0
806520,0.0,0.0,0.996555780951657,2156129.9503801474,0.0
806580,0.0,0.0,0.996555780951657,2155078.379184902,0.0
806640,0.0,0.0,0.996555780951657,2157310.7737402883,0.0
806700,0.0,0.0,0.996555780951657,2152994.1598101896,0.0
806760,0.0,0.0,0.996555780951657,2152222.6797862276,0.0
806820,0.0,0.0,0.996555780951657,2153583.257826817,0.0
806880,0.0,0.0,0.996555780951657,2155103.32168438,0.0
806940,0.0,0.0,0.996555780951657,2154999.0730270785,0.0
807000,0.0,0.0,0.996555780951657,2155040.6532866326,0.0
807060,0.0,0.0,0.996555780951657,2149854.529825945,0.0
807120,0.0,0.0,0.996555780951657,2152765.945794154,0.0
807180,0.0,0.0,0.996555780951657,2156166.568534007,0.0
807240,0.0,0.0,0.996555780951657,2155346.1940469337,0.0
807300,0.0,0.0,0.996555780951657,2156174.994631832,0.0
807360,0.0,0.0,0.996555780951657,2152170.2634817977,0.0
807420,0.0,0.0,0.996555780951657,2152074.3506192006,0.0
807480,0.0,0.0,0.996555780951657,2154511.83357653,0.0
807540,0.0,0.0,0.996555780951657,2155744.4690778046,0.0
807600,0.0,0.0,0.996555780951657,2155688.539374813,0.0
807660,0.0,0.0,0.996555780951657,2151776.391203223,0.0
807720,0.0,0.0,0.996555780951657,2152503.038172789,0.0
807780,0.0,0.0,0.996555780951657,2154785.5237471946,0.0
807840,0.0,0.0,0.996555780951657,2155333.7294028522,0.0
807900,0.0,0.0,0.996555780951657,2156087.168438439,0.0
807960,0.0,0.0,0.996555780951657,2151633.154064085,0.0
808020,0.0,0.0,0.996555780951657,2153253.8520060214,0.0
808080,0.0,0.0,0.996555780951657,2152558.733409353,0.0
808140,0.0,0.0,0.996555780951657,2154386.636080521,0.0
808200,0.0,0.0,0.996555780951657,2157773.815225041,0.0
808260,0.0,0.0,0.996555780951657,2154320.2406779053,0.0
808320,0.0,0.0,0.996555780951657,2153204.388104667,0.0
808380,0.0,0.0,0.996555780951657,2152013.6841962244,0.0
808440,0.0,0.0,0.996555780951657,2153931.7247470496,0.0
808500,0.0,0.0,0.996555780951657,2155812.02960464,0.0
808560,0.0,0.0,0.996555780951657,2155840.022223496,0.0
808620,0.0,0.0,0.996555780951657,2151035.591552612,0.0
808680,0.0,0.0,0.996555780951657,2152440.380197207,0.0
808740,0.0,0.0,0.996555780951657,2153916.612704937,0.0
808800,0.0,0.0,0.996555780951657,2156282.1684252312,0.0
808860,0.0,0.0,0.996555780951657,2155568.357543211,0.0
808920,0.0,0.0,0.996555780951657,2154116.2069782224,0.0
808980,0.0,0.0,0.996555780951657,2149600.360334638,0.0
809040,0.0,0.0,0.996555780951657,2152833.9003892974,0.0
809100,0.0,0.0,0.996555780951657,2156570.7958888123,0.0
809160,0.0,0.0,0.996555780951657,2155174.5824335576,0.0
809220,0.0,0.0,0.996555780951657,2156400.0526656285,0.0
809280,0.0,0.0,0.996555780951657,2152157.8178222417,0.0
809340,0.0,0.0,0.996555780951657,2152184.0529531995,0.0
809400,0.0,0.0,0.996555780951657,2154600.0888863867,0.0
809460,0.0,0.0,0.996555780951657,2155682.8717695037,0.0
809520,0.0,0.0,0.996555780951657,2154072.138814797,0.0
809580,0.0,0.0,0.996555780951657,2154254.742374408,0.0
809640,0.0,0.0,0.996555780951657,2150541.5596261,0.0
809700,0.0,0.0,0.996555780951657,2153362.3119424814,0.0
809760,0.0,0.0,0.996555780951657,2157061.813947256,0.0
809820,0.0,0.0,0.996555780951657,2155221.3486555894,0.0
809880,0.0,0.0,0.996555780951657,2154972.457885905,0.0
809940,0.0,0.0,0.996555780951657,2151479.8084548707,0.0
810000,0.0,0.0,0.996555780951657,2152624.363004457,0.0
810060,0.0,0.0,0.996555780951657,2157583.6885582455,0.0
810120,0.0,0.0,0.996555780951657,2155207.1742066294,0.0
810180,0.0,0.0,0.996555780951657,2155928.7730399263,0.0
810240,0.0,0.0,0.996555780951657,2148721.675304945,0.0
810300,0.0,0.0,0.996555780951657,2152139.175484173,0.0
810360,0.0,0.0,0.996555780951657,2153978.1384416097,0.0
810420,0.0,0.0,0.996555780951657,2155643.206275438,0.0
810480,0.0,0.0,0.996555780951657,2155788.7094171913,0.0
810540,0.0,0.0,0.996555780951657,2150610.5474351905,0.0
810600,0.0,0.0,0.996555780951657,2152619.785593184,0.0
810660,0.0,0.0,0.996555780951657,2154152.161502835,0.0
810720,0.0,0.0,0.996555780951657,2154951.8190498254,0.0
810780,0.0,0.0,0.996555780951657,2157449.6065682806,0.0
810840,0.0,0.0,0.996555780951657,2153522.6693270546,0.0
810900,0.0,0.0,0.996555780951657,2152261.9032846536,0.0
810960,0.0,0.0,0.996555780951657,2152950.43665649,0.0
811020,0.0,0.0,0.996555780951657,2154778.7783427024,0.0
811080,0.0,0.0,0.996555780951657,2155574.1545871063,0.0
811140,0.0,0.0,0.996555780951657,2155356.768844034,0.0
811200,0.0,0.0,0.996555780951657,2150144.5030732322,0.0
811260,0.0,0.0,0.996555780951657,2152126.078622853,0.0
811320,0.0,0.0,0.996555780951657,2153924.860605228,0.0
811380,0.0,0.0,0.996555780951657,2158501.147546914,0.0
811440,0.0,0.0,0.996555780951657,2153314.3156806147,0.0
811500,0.0,0.0,0.996555780951657,2154394.6398546826,0.0
811560,0.0,0.0,0.996555780951657,2150446.0174257015,0.0
811620,0.0,0.0,0.996555780951657,2153386.0946980133,0.0
811680,0.0,0.0,0.996555780951657,2157274.7743075914,0.0
811740,0.0,0.0,0.996555780951657,2155081.85996263,0.0
811800,0.0,0.0,0.996555780951657,2155092.0843959907,0.0
811860,0.0,0.0,0.996555780951657,2151501.6053795544,0.0
811920,0.0,0.0,0.996555780951657,2152713.458987086,0.0
811980,0.0,0.0,0.996555780951657,2155367.6865930697,0.0
812040,0.0,0.0,0.996555780951657,2155987.907071486,0.0
812100,0.0,0.0,0.996555780951657,2152890.5619169064,0.0
812160,0.0,0.0,0.996555780951657,2153408.8200130737,0.0
812220,0.0,0.0,0.996555780951657,2151751.2653049063,0.0
812280,0.0,0.0,0.996555780951657,2154085.5277672275,0.0
812340,0.0,0.0,0.996555780951657,2157503.1195468255,0.0
812400,0.0,0.0,0.996555780951657,2154782.173940732,0.0
812460,0.0,0.0,0.996555780951657,2153708.599966335,0.0
812520,0.0,0.0,0.996555780951657,2150750.4239658914,0.0
812580,0.0,0.0,0.996555780951657,2153559.8967607487,0.0
812640,0.0,0.0,0.996555780951657,2156154.1106307465,0.0
812700,0.0,0.0,0.996555780951657,2155017.933255149,0.0
812760,0.0,0.0,0.996555780951657,2153651.8227666756,0.0
812820,0.0,0.0,0.996555780951657,2152158.8075842806,0.0
812880,0.0,0.0,0.996555780951657,2153052.398564033,0.0
812940,0.0,0.0,0.996555780951657,2154687.0730250804,0.0
813000,0.0,0.0,0.996555780951657,2155353.709981994,0.0
813060,0.0,0.0,0.996555780951657,2155371.1523604994,0.0
813120,0.0,0.0,0.996555780951657,2149823.2722632866,0.0
813180,0.0,0.0,0.996555780951657,2152581.0694323624,0.0
813240,0.0,0.0,0.996555780951657,2155549.128575691,0.0
813300,0.0,0.0,0.996555780951657,2155289.2636211296,0.0
813360,0.0,0.0,0.996555780951657,2156695.401984657,0.0
813420,0.0,0.0,0.996555780951657,2152622.5157388994,0.0
813480,0.0,0.0,0.996555780951657,2151967.2439563954,0.0
813540,0.0,0.0,0.996555780951657,2153999.89360516,0.0
813600,0.0,0.0,0.996555780951657,2155476.643438777,0.0
813660,0.0,0.0,0.996555780951657,2156457.3129225615,0.0
813720,0.0,0.0,0.996555780951657,2152320.6816187543,0.0
813780,0.0,0.0,0.996555780951657,2152791.0056598904,0.0
813840,0.0,0.0,0.996555780951657,2153858.144509695,0.0
813900,0.0,0.0,0.996555780951657,2155135.5423214994,0.0
813960,0.0,0.0,0.996555780951657,2156049.3627185696,0.0
814020,0.0,0.0,0.996555780951657,2152309.222212984,0.0
814080,0.0,0.0,0.996555780951657,2153622.7296013255,0.0
814140,0.0,0.0,0.996555780951657,2151806.2969970643,0.0
814200,0.0,0.0,0.996555780951657,2154061.937818502,0.0
814260,0.0,0.0,0.996555780951657,2157739.768321531,0.0
814320,0.0,0.0,0.996555780951657,2154640.5735153835,0.0
814380,0.0,0.0,0.996555780951657,2153793.0174786104,0.0
814440,0.0,0.0,0.996555780951657,2151682.028279237,0.0
814500,0.0,0.0,0.996555780951657,2153503.860317433,0.0
814560,0.0,0.0,0.996555780951657,2155772.297123053,0.0
814620,0.0,0.0,0.996555780951657,2155969.4674333585,0.0
814680,0.0,0.0,0.996555780951657,2151636.7388988254,0.0
814740,0.0,0.0,0.996555780951657,2152677.482636522,0.0
814800,0.0,0.0,0.996555780951657,2153186.8236809946,0.0
814860,0.0,0.0,0.996555780951657,2156150.0285450327,0.0
814920,0.0,0.0,0.996555780951657,2155574.917466181,0.0
814980,0.0,0.0,0.996555780951657,2154927.8062984943,0.0
815040,0.0,0.0,0.996555780951657,2149280.768876292,0.0
815100,0.0,0.0,0.996555780951657,2152680.4340764806,0.0
815160,0.0,0.0,0.996555780951657,2155975.7897055238,0.0
815220,0.0,0.0,0.996555780951657,2155134.51829541,0.0
815280,0.0,0.0,0.996555780951657,2156887.476352025,0.0
815340,0.0,0.0,0.996555780951657,2152564.0995785883,0.0
815400,0.0,0.0,0.996555780951657,2152084.353953335,0.0
815460,0.0,0.0,0.996555780951657,2154140.693031414,0.0
815520,0.0,0.0,0.996555780951657,2155444.4953227774,0.0
815580,0.0,0.0,0.996555780951657,2154573.620890366,0.0
815640,0.0,0.0,0.996555780951657,2154635.8352880157,0.0
815700,0.0,0.0,0.996555780951657,2150138.287499556,0.0
815760,0.0,0.0,0.996555780951657,2153046.808874563,0.0
815820,0.0,0.0,0.996555780951657,2156675.8692598357,0.0
815880,0.0,0.0,0.996555780951657,2155330.7816351037,0.0
815940,0.0,0.0,0.996555780951657,2155554.057997425,0.0
816000,0.0,0.0,0.996555780951657,2151751.6314622406,0.0
816060,0.0,0.0,0.996555780951657,2152310.334443784,0.0
816120,0.0,0.0,0.996555780951657,2157126.281577565,0.0
816180,0.0,0.0,0.996555780951657,2155275.5293104094,0.0
816240,0.0,0.0,0.996555780951657,2156257.0770017174,0.0
816300,0.0,0.0,0.996555780951657,2148813.507767562,0.0
816360,0.0,0.0,0.996555780951657,2151848.1357888235,0.0
816420,0.0,0.0,0.996555780951657,2153564.16682048,0.0
816480,0.0,0.0,0.996555780951657,2155661.9644243247,0.0
816540,0.0,0.0,0.996555780951657,2155889.33538884,0.0
816600,0.0,0.0,0.996555780951657,2151185.915512299,0.0
816660,0.0,0.0,0.996555780951657,2152839.21366336,0.0
816720,0.0,0.0,0.996555780951657,2153427.733660527,0.0
816780,0.0,0.0,0.996555780951657,2154720.9922767603,0.0
816840,0.0,0.0,0.996555780951657,2157638.3699995033,0.0
816900,0.0,0.0,0.996555780951657,2153920.0682572494,0.0
816960,0.0,0.0,0.996555780951657,2152624.5654560574,0.0
817020,0.0,0.0,0.996555780951657,2152477.4771225136,0.0
817080,0.0,0.0,0.996555780951657,2154399.3276340324,0.0
817140,0.0,0.0,0.996555780951657,2155751.36288504,0.0
817200,0.0,0.0,0.996555780951657,2155616.809957651,0.0
817260,0.0,0.0,0.996555780951657,2150512.6615704284,0.0
817320,0.0,0.0,0.996555780951657,2151545.293049936,0.0
817380,0.0,0.0,0.996555780951657,2153587.041614767,0.0
817440,0.0,0.0,0.996555780951657,2158463.874973079,0.0
817500,0.0,0.0,0.996555780951657,2153854.802436497,0.0
817560,0.0,0.0,0.996555780951657,2154752.3175070058,0.0
817620,0.0,0.0,0.996555780951657,2149952.180549609,0.0
817680,0.0,0.0,0.996555780951657,2153117.528861471,0.0
817740,0.0,0.0,0.996555780951657,2156894.527802055,0.0
817800,0.0,0.0,0.996555780951657,2155189.680526496,0.0
817860,0.0,0.0,0.996555780951657,2155662.811270404,0.0
817920,0.0,0.0,0.996555780951657,2151719.7573809037,0.0
817980,0.0,0.0,0.996555780951657,2152423.5566150094,0.0
818040,0.0,0.0,0.996555780951657,2155057.119209785,0.0
818100,0.0,0.0,0.996555780951657,2155896.4090449233,0.0
818160,0.0,0.0,0.996555780951657,2153482.3056738484,0.0
818220,0.0,0.0,0.996555780951657,2153779.2238877974,0.0
818280,0.0,0.0,0.996555780951657,2151151.9205142236,0.0
818340,0.0,0.0,0.996555780951657,2153750.903539753,0.0
818400,0.0,0.0,0.996555780951657,2157340.9550919314,0.0
818460,0.0,0.0,0.996555780951657,2155031.7355854465,0.0
818520,0.0,0.0,0.996555780951657,2154275.023867238,0.0
818580,0.0,0.0,0.996555780951657,2150012.1641185842,0.0
818640,0.0,0.0,0.996555780951657,2153199.339779021,0.0
818700,0.0,0.0,0.996555780951657,2155809.044030967,0.0
818760,0.0,0.0,0.996555780951657,2155716.8331515607,0.0
818820,0.0,0.0,0.996555780951657,2154011.682242398,0.0
818880,0.0,0.0,0.996555780951657,2152491.2875384944,0.0
818940,0.0,0.0,0.996555780951657,2152587.295370282,0.0
819000,0.0,0.0,0.996555780951657,2154339.193205875,0.0
819060,0.0,0.0,0.996555780951657,2155569.8169678794,0.0
819120,0.0,0.0,0.996555780951657,2155603.817540726,0.0
819180,0.0,0.0,0.996555780951657,2150067.2275512484,0.0
819240,0.0,0.0,0.996555780951657,2152508.2671690863,0.0
819300,0.0,0.0,0.996555780951657,2154930.730652577,0.0
819360,0.0,0.0,0.996555780951657,2155183.3842354543,0.0
819420,0.0,0.0,0.996555780951657,2157064.697491768,0.0
819480,0.0,0.0,0.996555780951657,2153036.2911888044,0.0
819540,0.0,0.0,0.996555780951657,2151997.100234896,0.0
819600,0.0,0.0,0.996555780951657,2153517.725333037,0.0
819660,0.0,0.0,0.996555780951657,2155191.0245996825,0.0
819720,0.0,0.0,0.996555780951657,2157050.8168463283,0.0
819780,0.0,0.0,0.996555780951657,2152820.531461572,0.0
819840,0.0,0.0,0.996555780951657,2153121.7542103305,0.0
819900,0.0,0.0,0.996555780951657,2152975.1615670775,0.0
819960,0.0,0.0,0.996555780951657,2154883.1471372987,0.0
820020,0.0,0.0,0.996555780951657,2155954.8431471707,0.0
820080,0.0,0.0,0.996555780951657,2152932.80529223,0.0
820140,0.0,0.0,0.996555780951657,2153958.334463808,0.0
820200,0.0,0.0,0.996555780951657,2151176.734882173,0.0
820260,0.0,0.0,0.996555780951657,2153761.3760030246,0.0
820320,0.0,0.0,0.996555780951657,2157589.316301999,0.0
820380,0.0,0.0,0.996555780951657,2154882.0634621424,0.0
820440,0.0,0.0,0.996555780951657,2154349.8484866074,0.0
820500,0.0,0.0,0.996555780951657,2151500.914529423,0.0
820560,0.0,0.0,0.996555780951657,2153129.5984614138,0.0
820620,0.0,0.0,0.996555780951657,2155646.7197530963,0.0
820680,0.0,0.0,0.996555780951657,2156023.830149709,0.0
820740,0.0,0.0,0.996555780951657,2152234.3415683503,0.0
820800,0.0,0.0,0.996555780951657,2152961.59658316,0.0
820860,0.0,0.0,0.996555780951657,2152518.2023117864,0.0
820920,0.0,0.0,0.996555780951657,2154475.2331993543,0.0
820980,0.0,0.0,0.996555780951657,2157526.2409684304,0.0
821040,0.0,0.0,0.996555780951657,2152276.255505442,0.0
821100,0.0,0.0,0.996555780951657,2153260.817814555,0.0
821160,0.0,0.0,0.996555780951657,2151559.727915059,0.0
821220,0.0,0.0,0.996555780951657,2156132.7847978454,0.0
821280,0.0,0.0,0.996555780951657,2155116.519589207,0.0
821340,0.0,0.0,0.996555780951657,2157226.6000511483,0.0
821400,0.0,0.0,0.996555780951657,2152953.1802694458,0.0
821460,0.0,0.0,0.996555780951657,2152185.5066219377,0.0
821520,0.0,0.0,0.996555780951657,2153624.162131191,0.0
821580,0.0,0.0,0.996555780951657,2155146.767130479,0.0
821640,0.0,0.0,0.996555780951657,2155001.2994091217,0.0
821700,0.0,0.0,0.996555780951657,2155001.8726518285,0.0
821760,0.0,0.0,0.996555780951657,2149892.7499317266,0.0
821820,0.0,0.0,0.996555780951657,2152772.7250279025,0.0
821880,0.0,0.0,0.996555780951657,2156182.566212712,0.0
821940,0.0,0.0,0.996555780951657,2155364.0193176726,0.0
822000,0.0,0.0,0.996555780951657,2156115.1243459517,0.0
822060,0.0,0.0,0.996555780951657,2152141.823259099,0.0
822120,0.0,0.0,0.996555780951657,2152074.5123205897,0.0
822180,0.0,0.0,0.996555780951657,2156527.7395868264,0.0
822240,0.0,0.0,0.996555780951657,2155256.1125275847,0.0
822300,0.0,0.0,0.996555780951657,2156524.561501365,0.0
822360,0.0,0.0,0.996555780951657,2149243.07131159,0.0
822420,0.0,0.0,0.996555780951657,2151683.2904037856,0.0
822480,0.0,0.0,0.996555780951657,2153150.052234429,0.0
822540,0.0,0.0,0.996555780951657,2155572.1933516827,0.0
822600,0.0,0.0,0.996555780951657,2155924.3840342355,0.0
822660,0.0,0.0,0.996555780951657,2151813.643554124,0.0
822720,0.0,0.0,0.996555780951657,2153142.3931705365,0.0
822780,0.0,0.0,0.996555780951657,2152678.989067474,0.0
822840,0.0,0.0,0.996555780951657,2154439.9533252884,0.0
822900,0.0,0.0,0.996555780951657,2157728.3233617023,0.0
822960,0.0,0.0,0.996555780951657,2154290.3182277684,0.0
823020,0.0,0.0,0.996555780951657,2153104.618670708,0.0
823080,0.0,0.0,0.996555780951657,2152050.064382731,0.0
823140,0.0,0.0,0.996555780951657,2153988.7861216418,0.0
823200,0.0,0.0,0.996555780951657,2155827.964569647,0.0
823260,0.0,0.0,0.996555780951657,2155822.8284938177,0.0
823320,0.0,0.0,0.996555780951657,2151028.109594517,0.0
823380,0.0,0.0,0.996555780951657,2152397.47203501,0.0
823440,0.0,0.0,0.996555780951657,2153972.6716611083,0.0
823500,0.0,0.0,0.996555780951657,2156291.4507349734,0.0
823560,0.0,0.0,0.996555780951657,2155577.6846615486,0.0
823620,0.0,0.0,0.996555780951657,2154038.061714771,0.0
823680,0.0,0.0,0.996555780951657,2149663.1613925784,0.0
823740,0.0,0.0,0.996555780951657,2152839.3400035505,0.0
823800,0.0,0.0,0.996555780951657,2156583.913984925,0.0
823860,0.0,0.0,0.996555780951657,2155194.0667195544,0.0
823920,0.0,0.0,0.996555780951657,2156328.300830092,0.0
823980,0.0,0.0,0.996555780951657,2152126.2365447003,0.0
824040,0.0,0.0,0.996555780951657,2152183.5239807228,0.0
824100,0.0,0.0,0.996555780951657,2154627.144478239,0.0
824160,0.0,0.0,0.996555780951657,2155708.510021336,0.0
824220,0.0,0.0,0.996555780951657,2154077.1797439973,0.0
824280,0.0,0.0,0.996555780951657,2154214.6063638357,0.0
824340,0.0,0.0,0.996555780951657,2150576.4027947076,0.0
824400,0.0,0.0,0.996555780951657,2153378.8070366434,0.0
824460,0.0,0.0,0.996555780951657,2157056.170006001,0.0
824520,0.0,0.0,0.996555780951657,2155228.3792389827,0.0
824580,0.0,0.0,0.996555780951657,2154925.604010965,0.0
824640,0.0,0.0,0.996555780951657,2149330.9373084423,0.0
824700,0.0,0.0,0.996555780951657,2152830.2957003126,0.0
824760,0.0,0.0,0.996555780951657,2155354.553275286,0.0
824820,0.0,0.0,0.996555780951657,2156359.968590535,0.0
824880,0.0,0.0,0.996555780951657,2154368.167746904,0.0
824940,0.0,0.0,0.996555780951657,2153003.0038361507,0.0
825000,0.0,0.0,0.996555780951657,2152129.731207237,0.0
825060,0.0,0.0,0.996555780951657,2153933.453296704,0.0
825120,0.0,0.0,0.996555780951657,2155688.1126682125,0.0
825180,0.0,0.0,0.996555780951657,2155798.8507961463,0.0
825240,0.0,0.0,0.996555780951657,2150561.9990799394,0.0
825300,0.0,0.0,0.996555780951657,2152573.1708131116,0.0
825360,0.0,0.0,0.996555780951657,2154210.6064668777,0.0
825420,0.0,0.0,0.996555780951657,2154995.788283773,0.0
825480,0.0,0.0,0.996555780951657,2157387.412141923,0.0
825540,0.0,0.0,0.996555780951657,2153482.2475448553,0.0
825600,0.0,0.0,0.996555780951657,2152207.779133094,0.0
825660,0.0,0.0,0.996555780951657,2152992.5391203845,0.0
825720,0.0,0.0,0.996555780951657,2154827.431293842,0.0
825780,0.0,0.0,0.996555780951657,2157583.6641339283,0.0
825840,0.0,0.0,0.996555780951657,2153330.836610449,0.0
825900,0.0,0.0,0.996555780951657,2153557.1209477615,0.0
825960,0.0,0.0,0.996555780951657,2152027.5240704655,0.0
826020,0.0,0.0,0.996555780951657,2154531.4812066136,0.0
826080,0.0,0.0,0.996555780951657,2155780.6686466755,0.0
826140,0.0,0.0,0.996555780951657,2153549.086971876,0.0
826200,0.0,0.0,0.996555780951657,2154330.072241417,0.0
826260,0.0,0.0,0.996555780951657,2150580.2969431845,0.0
826320,0.0,0.0,0.996555780951657,2153440.921538584,0.0
826380,0.0,0.0,0.996555780951657,2157328.934143952,0.0
826440,0.0,0.0,0.996555780951657,2155073.1719533615,0.0
826500,0.0,0.0,0.996555780951657,2154964.878581983,0.0
826560,0.0,0.0,0.996555780951657,2151479.4061061796,0.0
826620,0.0,0.0,0.996555780951657,2152760.8652735455,0.0
826680,0.0,0.0,0.996555780951657,2155416.3313548546,0.0
826740,0.0,0.0,0.996555780951657,2156009.690075725,0.0
826800,0.0,0.0,0.996555780951657,2152861.1612115903,0.0
826860,0.0,0.0,0.996555780951657,2153322.303145164,0.0
826920,0.0,0.0,0.996555780951657,2151837.6043456867,0.0
826980,0.0,0.0,0.996555780951657,2154140.385640655,0.0
827040,0.0,0.0,0.996555780951657,2157484.4833960216,0.0
827100,0.0,0.0,0.996555780951657,2153050.118560043,0.0
827160,0.0,0.0,0.996555780951657,2153638.0494480506,0.0
827220,0.0,0.0,0.996555780951657,2151251.882932632,0.0
827280,0.0,0.0,0.996555780951657,2155504.1228636527,0.0
827340,0.0,0.0,0.996555780951657,2154942.895878138,0.0
827400,0.0,0.0,0.996555780951657,2157583.4809422395,0.0
827460,0.0,0.0,0.996555780951657,2153362.1588910827,0.0
827520,0.0,0.0,0.996555780951657,2152392.08100741,0.0
827580,0.0,0.0,0.996555780951657,2153130.144437869,0.0
827640,0.0,0.0,0.996555780951657,2154815.935931338,0.0
827700,0.0,0.0,0.996555780951657,2155330.5821541934,0.0
827760,0.0,0.0,0.996555780951657,2155304.385940353,0.0
827820,0.0,0.0,0.996555780951657,2149868.869793242,0.0
827880,0.0,0.0,0.996555780951657,2152581.8164586048,0.0
827940,0.0,0.0,0.996555780951657,2155627.2692263317,0.0
828000,0.0,0.0,0.996555780951657,2155328.624657532,0.0
828060,0.0,0.0,0.996555780951657,2156582.582873599,0.0
828120,0.0,0.0,0.996555780951657,2152551.3378900555,0.0
828180,0.0,0.0,0.996555780951657,2151953.924567917,0.0
828240,0.0,0.0,0.996555780951657,2155827.9546615873,0.0
828300,0.0,0.0,0.996555780951657,2155163.9511610386,0.0
828360,0.0,0.0,0.996555780951657,2156700.3430843474,0.0
828420,0.0,0.0,0.996555780951657,2149911.419761947,0.0
828480,0.0,0.0,0.996555780951657,2151690.296596947,0.0
828540,0.0,0.0,0.996555780951657,2152784.650152776,0.0
828600,0.0,0.0,0.996555780951657,2155392.7387920814,0.0
828660,0.0,0.0,0.996555780951657,2155895.605167005,0.0
828720,0.0,0.0,0.996555780951657,2152438.9078997686,0.0
828780,0.0,0.0,0.996555780951657,2153470.568836627,0.0
828840,0.0,0.0,0.996555780951657,2151978.085494169,0.0
828900,0.0,0.0,0.996555780951657,2154143.986885205,0.0
828960,0.0,0.0,0.996555780951657,2157703.247902499,0.0
829020,0.0,0.0,0.996555780951657,2154602.4170983112,0.0
829080,0.0,0.0,0.996555780951657,2153630.2683264767,0.0
829140,0.0,0.0,0.996555780951657,2151722.93611283,0.0
829200,0.0,0.0,0.996555780951657,2153589.389608687,0.0
829260,0.0,0.0,0.996555780951657,2155805.746881373,0.0
829320,0.0,0.0,0.996555780951657,2155958.3382366053,0.0
829380,0.0,0.0,0.996555780951657,2151596.3561440944,0.0
829440,0.0,0.0,0.996555780951657,2152588.7419134066,0.0
829500,0.0,0.0,0.996555780951657,2153293.63477644,0.0
829560,0.0,0.0,0.996555780951657,2156175.4049477,0.0
829620,0.0,0.0,0.996555780951657,2155599.081479525,0.0
829680,0.0,0.0,0.996555780951657,2154787.4953865865,0.0
829740,0.0,0.0,0.996555780951657,2149366.8415208445,0.0
829800,0.0,0.0,0.996555780951657,2152674.989889445,0.0
829860,0.0,0.0,0.996555780951657,2156029.604407907,0.0
829920,0.0,0.0,0.996555780951657,2155169.0693826173,0.0
829980,0.0,0.0,0.996555780951657,2156783.4711513505,0.0
830040,0.0,0.0,0.996555780951657,2152507.304111073,0.0
830100,0.0,0.0,0.996555780951657,2152070.634949015,0.0
830160,0.0,0.0,0.996555780951657,2154195.036081917,0.0
830220,0.0,0.0,0.996555780951657,2155492.634354044,0.0
830280,0.0,0.0,0.996555780951657,2154563.0445922217,0.0
830340,0.0,0.0,0.996555780951657,2154575.6250330782,0.0
830400,0.0,0.0,0.996555780951657,2150194.085942215,0.0
830460,0.0,0.0,0.996555780951657,2153072.4603109816,0.0
830520,0.0,0.0,0.996555780951657,2156692.3027934735,0.0
830580,0.0,0.0,0.996555780951657,2155342.2099522506,0.0
830640,0.0,0.0,0.996555780951657,2155473.0136857177,0.0
830700,0.0,0.0,0.996555780951657,2148917.20268923,0.0
830760,0.0,0.0,0.996555780951657,2152549.9494931903,0.0
830820,0.0,0.0,0.996555780951657,2154899.089067594,0.0
830880,0.0,0.0,0.996555780951657,2156827.6728020445,0.0
830940,0.0,0.0,0.996555780951657,2154646.2894617054,0.0
831000,0.0,0.0,0.996555780951657,2153531.6054761754,0.0
831060,0.0,0.0,0.996555780951657,2151793.7189531103,0.0
831120,0.0,0.0,0.996555780951657,2153570.908211274,0.0
831180,0.0,0.0,0.996555780951657,2155705.642306358,0.0
831240,0.0,0.0,0.996555780951657,2155915.228718288,0.0
831300,0.0,0.0,0.996555780951657,2151116.3801248684,0.0
831360,0.0,0.0,0.996555780951657,2152759.1457906975,0.0
831420,0.0,0.0,0.996555780951657,2153522.166142033,0.0
831480,0.0,0.0,0.996555780951657,2154781.5390252215,0.0
831540,0.0,0.0,0.996555780951657,2157575.7945689624,0.0
831600,0.0,0.0,0.996555780951657,2153871.0855204863,0.0
831660,0.0,0.0,0.996555780951657,2152535.8007969954,0.0
831720,0.0,0.0,0.996555780951657,2152531.6623623655,0.0
831780,0.0,0.0,0.996555780951657,2154465.928789418,0.0
831840,0.0,0.0,0.996555780951657,2155758.014359235,0.0
831900,0.0,0.0,0.996555780951657,2155581.5276462683,0.0
831960,0.0,0.0,0.996555780951657,2150506.283656815,0.0
832020,0.0,0.0,0.996555780951657,2151602.784631101,0.0
832080,0.0,0.0,0.996555780951657,2153633.0079323845,0.0
832140,0.0,0.0,0.996555780951657,2158402.7232154785,0.0
832200,0.0,0.0,0.996555780951657,2153864.2670588754,0.0
832260,0.0,0.0,0.996555780951657,2154691.521251732,0.0
832320,0.0,0.0,0.996555780951657,2150021.3129424457,0.0
832380,0.0,0.0,0.996555780951657,2153137.8544355924,0.0
832440,0.0,0.0,0.996555780951657,2156906.5039402097,0.0
832500,0.0,0.0,0.996555780951657,2155201.5302125034,0.0
832560,0.0,0.0,0.996555780951657,2155579.6022807257,0.0
832620,0.0,0.0,0.996555780951657,2151686.860269878,0.0
832680,0.0,0.0,0.996555780951657,2152438.075911238,0.0
832740,0.0,0.0,0.996555780951657,2155086.7995167607,0.0
832800,0.0,0.0,0.996555780951657,2155918.0089582587,0.0
832860,0.0,0.0,0.996555780951657,2153481.259703644,0.0
832920,0.0,0.0,0.996555780951657,2153729.0590271563,0.0
832980,0.0,0.0,0.996555780951657,2151193.909966108,0.0
833040,0.0,0.0,0.996555780951657,2153777.078650557,0.0
833100,0.0,0.0,0.996555780951657,2157330.5294714677,0.0
833160,0.0,0.0,0.996555780951657,2153796.1023858464,0.0
833220,0.0,0.0,0.996555780951657,2154024.310057385,0.0
833280,0.0,0.0,0.996555780951657,2151068.5180010675,0.0
833340,0.0,0.0,0.996555780951657,2154759.9864149587,0.0
833400,0.0,0.0,0.996555780951657,2154710.765358642,0.0
833460,0.0,0.0,0.996555780951657,2157851.441118516,0.0
833520,0.0,0.0,0.996555780951657,2153761.8307686816,0.0
833580,0.0,0.0,0.996555780951657,2152758.326044015,0.0
833640,0.0,0.0,0.996555780951657,2152639.950461167,0.0
833700,0.0,0.0,0.996555780951657,2154440.717758339,0.0
833760,0.0,0.0,0.996555780951657,2155566.900735535,0.0
833820,0.0,0.0,0.996555780951657,2155565.2701388546,0.0
833880,0.0,0.0,0.996555780951657,2150088.2009921223,0.0
833940,0.0,0.0,0.996555780951657,2152485.1142238076,0.0
834000,0.0,0.0,0.996555780951657,2154992.4322420997,0.0
834060,0.0,0.0,0.996555780951657,2155221.4584503933,0.0
834120,0.0,0.0,0.996555780951657,2156989.6089360584,0.0
834180,0.0,0.0,0.996555780951657,2152988.69031724,0.0
834240,0.0,0.0,0.996555780951657,2151965.366784318,0.0
834300,0.0,0.0,0.996555780951657,2153565.442137251,0.0
834360,0.0,0.0,0.996555780951657,2155238.545842193,0.0
834420,0.0,0.0,0.996555780951657,2156978.927504895,0.0
834480,0.0,0.0,0.996555780951657,2152802.0738157597,0.0
834540,0.0,0.0,0.996555780951657,2153050.6443189047,0.0
834600,0.0,0.0,0.996555780951657,2153025.000143327,0.0
834660,0.0,0.0,0.996555780951657,2154920.184934038,0.0
834720,0.0,0.0,0.996555780951657,2155980.2307780287,0.0
834780,0.0,0.0,0.996555780951657,2152937.216393718,0.0
834840,0.0,0.0,0.996555780951657,2153904.4603463057,0.0
834900,0.0,0.0,0.996555780951657,2151228.079011861,0.0
834960,0.0,0.0,0.996555780951657,2153788.7628577715,0.0
835020,0.0,0.0,0.996555780951657,2157574.3326587854,0.0
835080,0.0,0.0,0.996555780951657,2154881.216547621,0.0
835140,0.0,0.0,0.996555780951657,2154287.56138069,0.0
835200,0.0,0.0,0.996555780951657,2151501.17831291,0.0
835260,0.0,0.0,0.996555780951657,2153151.8568799533,0.0
835320,0.0,0.0,0.996555780951657,2155663.534658639,0.0
835380,0.0,0.0,0.996555780951657,2156029.1390473577,0.0
835440,0.0,0.0,0.996555780951657,2152243.671812582,0.0
835500,0.0,0.0,0.996555780951657,2152922.723056903,0.0
835560,0.0,0.0,0.996555780951657,2152542.6353910114,0.0
835620,0.0,0.0,0.996555780951657,2155914.692445704,0.0
835680,0.0,0.0,0.996555780951657,2155543.2125089206,0.0
835740,0.0,0.0,0.996555780951657,2155610.758065109,0.0
835800,0.0,0.0,0.996555780951657,2149304.981419655,0.0
835860,0.0,0.0,0.996555780951657,2152604.9545897394,0.0
835920,0.0,0.0,0.996555780951657,2155345.5358255184,0.0
835980,0.0,0.0,0.996555780951657,2155063.704540624,0.0
836040,0.0,0.0,0.996555780951657,2157221.4013878214,0.0
836100,0.0,0.0,0.996555780951657,2152945.6404264336,0.0
836160,0.0,0.0,0.996555780951657,2152088.5033973926,0.0
836220,0.0,0.0,0.996555780951657,2153685.0343615334,0.0
836280,0.0,0.0,0.996555780951657,2155192.71794948,0.0
836340,0.0,0.0,0.996555780951657,2154999.381458892,0.0
836400,0.0,0.0,0.996555780951657,2154950.001205986,0.0
836460,0.0,0.0,0.996555780951657,2149937.361625019,0.0
836520,0.0,0.0,0.996555780951657,2152786.8696527355,0.0
836580,0.0,0.0,0.996555780951657,2156210.0922153513,0.0
836640,0.0,0.0,0.996555780951657,2155383.75942771,0.0
836700,0.0,0.0,0.996555780951657,2156036.954796074,0.0
836760,0.0,0.0,0.996555780951657,2148700.020606535,0.0
836820,0.0,0.0,0.996555780951657,2152333.0426247213,0.0
836880,0.0,0.0,0.996555780951657,2154364.229176159,0.0
836940,0.0,0.0,0.996555780951657,2157187.4390623677,0.0
837000,0.0,0.0,0.996555780951657,2154887.3905520467,0.0
837060,0.0,0.0,0.996555780951657,2154167.044415606,0.0
837120,0.0,0.0,0.996555780951657,2151555.284123569,0.0
837180,0.0,0.0,0.996555780951657,2153192.498337358,0.0
837240,0.0,0.0,0.996555780951657,2155616.043673023,0.0
837300,0.0,0.0,0.996555780951657,2155972.2224773318,0.0
837360,0.0,0.0,0.996555780951657,2151739.171131126,0.0
837420,0.0,0.0,0.996555780951657,2153051.411009595,0.0
837480,0.0,0.0,0.996555780951657,2152781.767808135,0.0
837540,0.0,0.0,0.996555780951657,2154503.6755823926,0.0
837600,0.0,0.0,0.996555780951657,2157682.3295174767,0.0
837660,0.0,0.0,0.996555780951657,2154250.356243866,0.0
837720,0.0,0.0,0.996555780951657,2152999.7189946673,0.0
837780,0.0,0.0,0.996555780951657,2152094.791510277,0.0
837840,0.0,0.0,0.996555780951657,2154055.3231855477,0.0
837900,0.0,0.0,0.996555780951657,2155843.6533009657,0.0
837960,0.0,0.0,0.996555780951657,2155800.136394558,0.0
838020,0.0,0.0,0.996555780951657,2151067.5824670405,0.0
838080,0.0,0.0,0.996555780951657,2151096.5822666045,0.0
838140,0.0,0.0,0.996555780951657,2153294.4133952702,0.0
838200,0.0,0.0,0.996555780951657,2158242.6461783517,0.0
838260,0.0,0.0,0.996555780951657,2154342.0412940127,0.0
838320,0.0,0.0,0.996555780951657,2155040.136383361,0.0
838380,0.0,0.0,0.996555780951657,2149659.6262177294,0.0
838440,0.0,0.0,0.996555780951657,2152898.726731165,0.0
838500,0.0,0.0,0.996555780951657,2156439.3333762605,0.0
838560,0.0,0.0,0.996555780951657,2155250.444570938,0.0
838620,0.0,0.0,0.996555780951657,2156129.7997031063,0.0
838680,0.0,0.0,0.996555780951657,2152034.997274827,0.0
838740,0.0,0.0,0.996555780951657,2152206.210955091,0.0
838800,0.0,0.0,0.996555780951657,2154702.8633413967,0.0
838860,0.0,0.0,0.996555780951657,2155765.593518794,0.0
838920,0.0,0.0,0.996555780951657,2154039.635030261,0.0
838980,0.0,0.0,0.996555780951657,2154118.0744851707,0.0
839040,0.0,0.0,0.996555780951657,2150669.556425439,0.0
839100,0.0,0.0,0.996555780951657,2153433.8078089766,0.0
839160,0.0,0.0,0.996555780951657,2157072.782698847,0.0
839220,0.0,0.0,0.996555780951657,2154460.0666661034,0.0
839280,0.0,0.0,0.996555780951657,2154370.5593002723,0.0
839340,0.0,0.0,0.996555780951657,2151050.2459239373,0.0
839400,0.0,0.0,0.996555780951657,2153963.7510341234,0.0
839460,0.0,0.0,0.996555780951657,2154453.972740908,0.0
839520,0.0,0.0,0.996555780951657,2157992.449009975,0.0
839580,0.0,0.0,0.996555780951657,2154113.062403404,0.0
839640,0.0,0.0,0.996555780951657,2153208.644123935,0.0
839700,0.0,0.0,0.996555780951657,2152213.1122126468,0.0
839760,0.0,0.0,0.996555780951657,2154063.315960381,0.0
839820,0.0,0.0,0.996555780951657,2155699.816579831,0.0
839880,0.0,0.0,0.996555780951657,2155759.8016867796,0.0
839940,0.0,0.0,0.996555780951657,2150545.6478807507,0.0
840000,0.0,0.0,0.996555780951657,2152506.424350379,0.0
840060,0.0,0.0,0.996555780951657,2154329.7849350944,0.0
840120,0.0,0.0,0.996555780951657,2155060.9288305924,0.0
840180,0.0,0.0,0.996555780951657,2157292.815053434,0.0
840240,0.0,0.0,0.996555780951657,2153408.952124268,0.0
840300,0.0,0.0,0.996555780951657,2152126.63535435,0.0
840360,0.0,0.0,0.996555780951657,2153071.7559828185,0.0
840420,0.0,0.0,0.996555780951657,2154908.0344577087,0.0
840480,0.0,0.0,0.996555780951657,2157472.19317424,0.0
840540,0.0,0.0,0.996555780951657,2153291.542721687,0.0
840600,0.0,0.0,0.996555780951657,2153441.3288035323,0.0
840660,0.0,0.0,0.996555780951657,2152141.694517019,0.0
840720,0.0,0.0,0.996555780951657,2154596.534383788,0.0
840780,0.0,0.0,0.996555780951657,2155830.371391925,0.0
840840,0.0,0.0,0.996555780951657,2153531.5069214506,0.0
840900,0.0,0.0,0.996555780951657,2154251.579270637,0.0
840960,0.0,0.0,0.996555780951657,2150666.6988139125,0.0
841020,0.0,0.0,0.996555780951657,2153482.0748106325,0.0
841080,0.0,0.0,0.996555780951657,2157331.976466652,0.0
841140,0.0,0.0,0.996555780951657,2155073.2854021154,0.0
841200,0.0,0.0,0.996555780951657,2154859.987751729,0.0
841260,0.0,0.0,0.996555780951657,2151464.196833401,0.0
841320,0.0,0.0,0.996555780951657,2152796.009642319,0.0
841380,0.0,0.0,0.996555780951657,2155450.750489174,0.0
841440,0.0,0.0,0.996555780951657,2156025.457855869,0.0
841500,0.0,0.0,0.996555780951657,2152847.745251924,0.0
841560,0.0,0.0,0.996555780951657,2153257.027505405,0.0
841620,0.0,0.0,0.996555780951657,2151896.7136318786,0.0
841680,0.0,0.0,0.996555780951657,2155567.298504742,0.0
841740,0.0,0.0,0.996555780951657,2155440.532106342,0.0
841800,0.0,0.0,0.996555780951657,2156297.2602506485,0.0
841860,0.0,0.0,0.996555780951657,2149599.0175564317,0.0
841920,0.0,0.0,0.996555780951657,2152647.6824419703,0.0
841980,0.0,0.0,0.996555780951657,2154659.255341241,0.0
842040,0.0,0.0,0.996555780951657,2154921.9029524443,0.0
842100,0.0,0.0,0.996555780951657,2157516.4566013017,0.0
842160,0.0,0.0,0.996555780951657,2153339.998856649,0.0
842220,0.0,0.0,0.996555780951657,2152241.159420758,0.0
842280,0.0,0.0,0.996555780951657,2153208.4726864584,0.0
842340,0.0,0.0,0.996555780951657,2154883.711078475,0.0
842400,0.0,0.0,0.996555780951657,2155326.982426475,0.0
842460,0.0,0.0,0.996555780951657,2155248.8717771373,0.0
842520,0.0,0.0,0.996555780951657,2149903.1037497986,0.0
842580,0.0,0.0,0.996555780951657,2152585.910026567,0.0
842640,0.0,0.0,0.996555780951657,2155683.6877085106,0.0
842700,0.0,0.0,0.996555780951657,2155361.1230614837,0.0
842760,0.0,0.0,0.996555780951657,2156488.1585774273,0.0
842820,0.0,0.0,0.996555780951657,2152493.894108925,0.0
842880,0.0,0.0,0.996555780951657,2151945.4325450035,0.0
842940,0.0,0.0,0.996555780951657,2155842.6777250324,0.0
843000,0.0,0.0,0.996555780951657,2155202.9747754983,0.0
843060,0.0,0.0,0.996555780951657,2156671.4378833654,0.0
843120,0.0,0.0,0.996555780951657,2149955.237113429,0.0
843180,0.0,0.0,0.996555780951657,2151669.56997169,0.0
843240,0.0,0.0,0.996555780951657,2152821.710942044,0.0
843300,0.0,0.0,0.996555780951657,2155426.1958609237,0.0
843360,0.0,0.0,0.996555780951657,2155914.6652609115,0.0
843420,0.0,0.0,0.996555780951657,2152434.534009131,0.0
843480,0.0,0.0,0.996555780951657,2153408.0841543716,0.0
843540,0.0,0.0,0.996555780951657,2152036.10176259,0.0
843600,0.0,0.0,0.996555780951657,2154179.775292772,0.0
843660,0.0,0.0,0.996555780951657,2157679.1586601376,0.0
843720,0.0,0.0,0.996555780951657,2154591.422494911,0.0
843780,0.0,0.0,0.996555780951657,2153563.5315556,0.0
843840,0.0,0.0,0.996555780951657,2151735.513403172,0.0
843900,0.0,0.0,0.996555780951657,2153621.916130466,0.0
843960,0.0,0.0,0.996555780951657,2155821.641054756,0.0
844020,0.0,0.0,0.996555780951657,2155955.075881859,0.0
844080,0.0,0.0,0.996555780951657,2151782.931820785,0.0
844140,0.0,0.0,0.996555780951657,2150713.9502716674,0.0
844200,0.0,0.0,0.996555780951657,2152978.277436956,0.0
844260,0.0,0.0,0.996555780951657,2157941.757038385,0.0
844320,0.0,0.0,0.996555780951657,2154741.081254763,0.0
844380,0.0,0.0,0.996555780951657,2155360.6955878884,0.0
844440,0.0,0.0,0.996555780951657,2149478.4385341844,0.0
844500,0.0,0.0,0.996555780951657,2152723.8960364694,0.0
844560,0.0,0.0,0.996555780951657,2155874.684608157,0.0
844620,0.0,0.0,0.996555780951657,2155228.3008729406,0.0
844680,0.0,0.0,0.996555780951657,2156642.3871009448,0.0
844740,0.0,0.0,0.996555780951657,2152436.5480525335,0.0
844800,0.0,0.0,0.996555780951657,2152069.4075766727,0.0
844860,0.0,0.0,0.996555780951657,2154251.5398119055,0.0
844920,0.0,0.0,0.996555780951657,2155544.059534617,0.0
844980,0.0,0.0,0.996555780951657,2154547.8732928,0.0
845040,0.0,0.0,0.996555780951657,2154510.566287285,0.0
845100,0.0,0.0,0.996555780951657,2150252.964157408,0.0
845160,0.0,0.0,0.996555780951657,2153102.116396759,0.0
845220,0.0,0.0,0.996555780951657,2156710.5176018532,0.0
845280,0.0,0.0,0.996555780951657,2155352.5225616693,0.0
845340,0.0,0.0,0.996555780951657,2155387.0281416615,0.0
845400,0.0,0.0,0.996555780951657,2149000.4479409684,0.0
845460,0.0,0.0,0.996555780951657,2152565.118181667,0.0
845520,0.0,0.0,0.996555780951657,2154948.797715358,0.0
845580,0.0,0.0,0.996555780951657,2156798.363384574,0.0
845640,0.0,0.0,0.996555780951657,2154633.9896711106,0.0
845700,0.0,0.0,0.996555780951657,2153452.4311284865,0.0
845760,0.0,0.0,0.996555780951657,2151810.3268970414,0.0
845820,0.0,0.0,0.996555780951657,2153605.8628921974,0.0
845880,0.0,0.0,0.996555780951657,2155723.5287635014,0.0
845940,0.0,0.0,0.996555780951657,2155913.2243552846,0.0
846000,0.0,0.0,0.996555780951657,2151127.572272682,0.0
846060,0.0,0.0,0.996555780951657,2152715.618964989,0.0
846120,0.0,0.0,0.996555780951657,2153554.677601362,0.0
846180,0.0,0.0,0.996555780951657,2154809.278950623,0.0
846240,0.0,0.0,0.996555780951657,2157541.2565378803,0.0
846300,0.0,0.0,0.996555780951657,2153856.359766851,0.0
846360,0.0,0.0,0.996555780951657,2152496.7435158906,0.0
846420,0.0,0.0,0.996555780951657,2152546.7993049985,0.0
846480,0.0,0.0,0.996555780951657,2154491.874050958,0.0
846540,0.0,0.0,0.996555780951657,2157897.6174401264,0.0
846600,0.0,0.0,0.996555780951657,2153782.816500949,0.0
846660,0.0,0.0,0.996555780951657,2153937.2587508145,0.0
846720,0.0,0.0,0.996555780951657,2151198.1634881725,0.0
846780,0.0,0.0,0.996555780951657,2154171.1558730262,0.0
846840,0.0,0.0,0.996555780951657,2155589.3320122627,0.0
846900,0.0,0.0,0.996555780951657,2154106.4923853735,0.0
846960,0.0,0.0,0.996555780951657,2154631.8419563184,0.0
847020,0.0,0.0,0.996555780951657,2150161.0253769583,0.0
847080,0.0,0.0,0.996555780951657,2153166.5352169243,0.0
847140,0.0,0.0,0.996555780951657,2156968.1407986563,0.0
847200,0.0,0.0,0.996555780951657,2155205.4902304625,0.0
847260,0.0,0.0,0.996555780951657,2155486.6887171995,0.0
847320,0.0,0.0,0.996555780951657,2151646.8555263565,0.0
847380,0.0,0.0,0.996555780951657,2152461.066360189,0.0
847440,0.0,0.0,0.996555780951657,2155127.420552718,0.0
847500,0.0,0.0,0.996555780951657,2155943.454410382,0.0
847560,0.0,0.0,0.996555780951657,2153468.0358934705,0.0
847620,0.0,0.0,0.996555780951657,2153663.6152140354,0.0
847680,0.0,0.0,0.996555780951657,2151252.924654822,0.0
847740,0.0,0.0,0.996555780951657,2155091.6539651067,0.0
847800,0.0,0.0,0.996555780951657,2155262.2589463545,0.0
847860,0.0,0.0,0.996555780951657,2156981.1563534816,0.0
847920,0.0,0.0,0.996555780951657,2150156.640039401,0.0
847980,0.0,0.0,0.996555780951657,2152846.747886597,0.0
848040,0.0,0.0,0.996555780951657,2153882.2486026245,0.0
848100,0.0,0.0,0.996555780951657,2154710.7026265664,0.0
848160,0.0,0.0,0.996555780951657,2157748.0415480384,0.0
848220,0.0,0.0,0.996555780951657,2153745.774570333,0.0
848280,0.0,0.0,0.996555780951657,2152571.2799763484,0.0
848340,0.0,0.0,0.996555780951657,2152711.5789069324,0.0
848400,0.0,0.0,0.996555780951657,2154513.002641027,0.0
848460,0.0,0.0,0.996555780951657,2155572.4258723664,0.0
848520,0.0,0.0,0.996555780951657,2155523.719461193,0.0
848580,0.0,0.0,0.996555780951657,2150095.6565820323,0.0
848640,0.0,0.0,0.996555780951657,2152466.4320145366,0.0
848700,0.0,0.0,0.996555780951657,2155061.5912333485,0.0
848760,0.0,0.0,0.996555780951657,2155263.096512047,0.0
848820,0.0,0.0,0.996555780951657,2156904.478861787,0.0
848880,0.0,0.0,0.996555780951657,2152932.0972097805,0.0
848940,0.0,0.0,0.996555780951657,2151934.0705479295,0.0
849000,0.0,0.0,0.996555780951657,2155052.7974311216,0.0
849060,0.0,0.0,0.996555780951657,2155038.9556111707,0.0
849120,0.0,0.0,0.996555780951657,2156783.424489155,0.0
849180,0.0,0.0,0.996555780951657,2150737.5288854474,0.0
849240,0.0,0.0,0.996555780951657,2151862.4177906276,0.0
849300,0.0,0.0,0.996555780951657,2152486.1220378154,0.0
849360,0.0,0.0,0.996555780951657,2155157.4757668753,0.0
849420,0.0,0.0,0.996555780951657,2155829.4451364386,0.0
849480,0.0,0.0,0.996555780951657,2153055.3959296374,0.0
849540,0.0,0.0,0.996555780951657,2153771.0208963035,0.0
849600,0.0,0.0,0.996555780951657,2151367.8314999565,0.0
849660,0.0,0.0,0.996555780951657,2153858.715791664,0.0
849720,0.0,0.0,0.996555780951657,2157558.4269765173,0.0
849780,0.0,0.0,0.996555780951657,2154861.108341601,0.0
849840,0.0,0.0,0.996555780951657,2154138.158202143,0.0
849900,0.0,0.0,0.996555780951657,2151514.134690982,0.0
849960,0.0,0.0,0.996555780951657,2153220.24597333,0.0
850020,0.0,0.0,0.996555780951657,2155703.8657327346,0.0
850080,0.0,0.0,0.996555780951657,2156033.206870585,0.0
850140,0.0,0.0,0.996555780951657,2152565.7301124893,0.0
850200,0.0,0.0,0.996555780951657,2150530.1837499165,0.0
850260,0.0,0.0,0.996555780951657,2152726.0197829613,0.0
850320,0.0,0.0,0.996555780951657,2157508.4277246324,0.0
850380,0.0,0.0,0.996555780951657,2155040.9776540077,0.0
850440,0.0,0.0,0.996555780951657,2155616.973200931,0.0
850500,0.0,0.0,0.996555780951657,2149540.279752704,0.0
850560,0.0,0.0,0.996555780951657,2152642.4814758883,0.0
850620,0.0,0.0,0.996555780951657,2155259.2556134514,0.0
850680,0.0,0.0,0.996555780951657,2155147.163096032,0.0
850740,0.0,0.0,0.996555780951657,2157058.045237287,0.0
850800,0.0,0.0,0.996555780951657,2152842.1588896024,0.0
850860,0.0,0.0,0.996555780951657,2152053.4811434587,0.0
850920,0.0,0.0,0.996555780951657,2153780.5256040455,0.0
850980,0.0,0.0,0.996555780951657,2155279.4323072853,0.0
851040,0.0,0.0,0.996555780951657,2154971.740514188,0.0
851100,0.0,0.0,0.996555780951657,2154862.8216342605,0.0
851160,0.0,0.0,0.996555780951657,2150005.533949769,0.0
851220,0.0,0.0,0.996555780951657,2152820.5263113747,0.0
851280,0.0,0.0,0.996555780951657,2156268.3584837536,0.0
851340,0.0,0.0,0.996555780951657,2155407.7318633785,0.0
851400,0.0,0.0,0.996555780951657,2155910.147136197,0.0
851460,0.0,0.0,0.996555780951657,2148806.0559561085,0.0
851520,0.0,0.0,0.996555780951657,2152342.154052903,0.0
851580,0.0,0.0,0.996555780951657,2154453.6762894476,0.0
851640,0.0,0.0,0.996555780951657,2157136.1818287163,0.0
851700,0.0,0.0,0.996555780951657,2154873.188966809,0.0
851760,0.0,0.0,0.996555780951657,2154032.7705022995,0.0
851820,0.0,0.0,0.996555780951657,2151569.832279042,0.0
851880,0.0,0.0,0.996555780951657,2153245.057053441,0.0
851940,0.0,0.0,0.996555780951657,2155648.7064051814,0.0
852000,0.0,0.0,0.996555780951657,2155978.5740621844,0.0
852060,0.0,0.0,0.996555780951657,2151725.318406979,0.0
852120,0.0,0.0,0.996555780951657,2152978.139769966,0.0
852180,0.0,0.0,0.996555780951657,2152856.470375366,0.0
852240,0.0,0.0,0.996555780951657,2154550.9273448847,0.0
852300,0.0,0.0,0.996555780951657,2157643.156322778,0.0
852360,0.0,0.0,0.996555780951657,2154222.941027103,0.0
852420,0.0,0.0,0.996555780951657,2152922.9701906377,0.0
852480,0.0,0.0,0.996555780951657,2152125.575842671,0.0
852540,0.0,0.0,0.996555780951657,2154103.3904119395,0.0
852600,0.0,0.0,0.996555780951657,2158125.332523653,0.0
852660,0.0,0.0,0.996555780951657,2154187.611029969,0.0
852720,0.0,0.0,0.996555780951657,2154381.505115279,0.0
852780,0.0,0.0,0.996555780951657,2150408.1507579978,0.0
852840,0.0,0.0,0.996555780951657,2153752.5187783237,0.0
852900,0.0,0.0,0.996555780951657,2155326.965169932,0.0
852960,0.0,0.0,0.996555780951657,2154578.3223564345,0.0
853020,0.0,0.0,0.996555780951657,2154940.973618291,0.0
853080,0.0,0.0,0.996555780951657,2149852.5805126335,0.0
853140,0.0,0.0,0.996555780951657,2152918.493012528,0.0
853200,0.0,0.0,0.996555780951657,2156533.8646943597,0.0
853260,0.0,0.0,0.996555780951657,2155267.1662674244,0.0
853320,0.0,0.0,0.996555780951657,2156010.2211457994,0.0
853380,0.0,0.0,0.996555780951657,2151972.7777546686,0.0
853440,0.0,0.0,0.996555780951657,2152221.2575992905,0.0
853500,0.0,0.0,0.996555780951657,2154764.193196594,0.0
853560,0.0,0.0,0.996555780951657,2155808.7658388726,0.0
853620,0.0,0.0,0.996555780951657,2154013.997789275,0.0
853680,0.0,0.0,0.996555780951657,2154036.613672754,0.0
853740,0.0,0.0,0.996555780951657,2150745.1466881307,0.0
853800,0.0,0.0,0.996555780951657,2153479.7124573817,0.0
853860,0.0,0.0,0.996555780951657,2157081.485337431,0.0
853920,0.0,0.0,0.996555780951657,2154456.81196672,0.0
853980,0.0,0.0,0.996555780951657,2154319.429754684,0.0
854040,0.0,0.0,0.996555780951657,2151044.5184744615,0.0
854100,0.0,0.0,0.996555780951657,2154001.868617595,0.0
854160,0.0,0.0,0.996555780951657,2154500.3173231264,0.0
854220,0.0,0.0,0.996555780951657,2157939.604061393,0.0
854280,0.0,0.0,0.996555780951657,2154088.3012844846,0.0
854340,0.0,0.0,0.996555780951657,2153128.7085295804,0.0
854400,0.0,0.0,0.996555780951657,2152242.642590995,0.0
854460,0.0,0.0,0.996555780951657,2154108.3520698026,0.0
854520,0.0,0.0,0.996555780951657,2155713.349784596,0.0
854580,0.0,0.0,0.996555780951657,2155745.6159663945,0.0
854640,0.0,0.0,0.996555780951657,2150555.921896663,0.0
854700,0.0,0.0,0.996555780951657,2152475.2108455603,0.0
854760,0.0,0.0,0.996555780951657,2154364.949221562,0.0
854820,0.0,0.0,0.996555780951657,2155090.483236693,0.0
854880,0.0,0.0,0.996555780951657,2157247.9061288275,0.0
854940,0.0,0.0,0.996555780951657,2153384.8158500507,0.0
855000,0.0,0.0,0.996555780951657,2152092.735816363,0.0
855060,0.0,0.0,0.996555780951657,2154166.7022770536,0.0
855120,0.0,0.0,0.996555780951657,2154797.483905783,0.0
855180,0.0,0.0,0.996555780951657,2156809.6208090344,0.0
855240,0.0,0.0,0.996555780951657,2151612.489200707,0.0
855300,0.0,0.0,0.996555780951657,2152206.258342382,0.0
855360,0.0,0.0,0.996555780951657,2152212.5345449103,0.0
855420,0.0,0.0,0.996555780951657,2154798.056560174,0.0
855480,0.0,0.0,0.996555780951657,2155674.8734673783,0.0
855540,0.0,0.0,0.996555780951657,2153654.227853137,0.0
855600,0.0,0.0,0.996555780951657,2154156.3229513504,0.0
855660,0.0,0.0,0.996555780951657,2150755.89209633,0.0
855720,0.0,0.0,0.996555780951657,2153527.0189625253,0.0
855780,0.0,0.0,0.996555780951657,2157327.4716903064,0.0
855840,0.0,0.0,0.996555780951657,2155072.613284691,0.0
855900,0.0,0.0,0.996555780951657,2154747.4548344077,0.0
855960,0.0,0.0,0.996555780951657,2151450.663326917,0.0
856020,0.0,0.0,0.996555780951657,2152835.532569558,0.0
856080,0.0,0.0,0.996555780951657,2155486.799273921,0.0
856140,0.0,0.0,0.996555780951657,2156040.3365241326,0.0
856200,0.0,0.0,0.996555780951657,2152830.025391298,0.0
856260,0.0,0.0,0.996555780951657,2153187.918683211,0.0
856320,0.0,0.0,0.996555780951657,2151960.4935998064,0.0
856380,0.0,0.0,0.996555780951657,2155591.536015278,0.0
856440,0.0,0.0,0.996555780951657,2155472.354883363,0.0
856500,0.0,0.0,0.996555780951657,2156207.6128189266,0.0
856560,0.0,0.0,0.996555780951657,2149639.8617720306,0.0
856620,0.0,0.0,0.996555780951657,2152609.4150508046,0.0
856680,0.0,0.0,0.996555780951657,2154698.399380755,0.0
856740,0.0,0.0,0.996555780951657,2154953.9449718026,0.0
856800,0.0,0.0,0.996555780951657,2157462.3160551055,0.0
856860,0.0,0.0,0.996555780951657,2153313.086465632,0.0
856920,0.0,0.0,0.996555780951657,2152203.4513753294,0.0
856980,0.0,0.0,0.996555780951657,2153234.984349267,0.0
857040,0.0,0.0,0.996555780951657,2154917.370691693,0.0
857100,0.0,0.0,0.996555780951657,2155335.202741266,0.0
857160,0.0,0.0,0.996555780951657,2155224.197652977,0.0
857220,0.0,0.0,0.996555780951657,2149929.6968030254,0.0
857280,0.0,0.0,0.996555780951657,2152582.6069056247,0.0
857340,0.0,0.0,0.996555780951657,2155694.032608812,0.0
857400,0.0,0.0,0.996555780951657,2155379.172922518,0.0
857460,0.0,0.0,0.996555780951657,2156446.303384203,0.0
857520,0.0,0.0,0.996555780951657,2148874.918780139,0.0
857580,0.0,0.0,0.996555780951657,2152219.3484168677,0.0
857640,0.0,0.0,0.996555780951657,2153873.612411622,0.0
857700,0.0,0.0,0.996555780951657,2157356.0794035937,0.0
857760,0.0,0.0,0.996555780951657,2155066.1066184477,0.0
857820,0.0,0.0,0.996555780951657,2154718.99225601,0.0
857880,0.0,0.0,0.996555780951657,2151474.6363657163,0.0
857940,0.0,0.0,0.996555780951657,2152877.615157842,0.0
858000,0.0,0.0,0.996555780951657,2155457.5581289656,0.0
858060,0.0,0.0,0.996555780951657,2155974.1322713667,0.0
858120,0.0,0.0,0.996555780951657,2152377.935655002,0.0
858180,0.0,0.0,0.996555780951657,2153335.0253280606,0.0
858240,0.0,0.0,0.996555780951657,2152111.016231969,0.0
858300,0.0,0.0,0.996555780951657,2154227.702161588,0.0
858360,0.0,0.0,0.996555780951657,2157653.466972636,0.0
858420,0.0,0.0,0.996555780951657,2154571.6172978934,0.0
858480,0.0,0.0,0.996555780951657,2153478.2908734367,0.0
858540,0.0,0.0,0.996555780951657,2151756.528376103,0.0
858600,0.0,0.0,0.996555780951657,2153667.8034533565,0.0
858660,0.0,0.0,0.996555780951657,2158237.9141094633,0.0
858720,0.0,0.0,0.996555780951657,2154551.9281959785,0.0
858780,0.0,0.0,0.996555780951657,2154870.9644483817,0.0
858840,0.0,0.0,0.996555780951657,2149655.546849629,0.0
858900,0.0,0.0,0.996555780951657,2153280.5686623645,0.0
858960,0.0,0.0,0.996555780951657,2154988.9750054483,0.0
859020,0.0,0.0,0.996555780951657,2154986.58563153,0.0
859080,0.0,0.0,0.996555780951657,2155241.988830265,0.0
859140,0.0,0.0,0.996555780951657,2149697.0672252765,0.0
859200,0.0,0.0,0.996555780951657,2152717.346807577,0.0
859260,0.0,0.0,0.996555780951657,2155988.7854845575,0.0
859320,0.0,0.0,0.996555780951657,2155258.0191871147,0.0
859380,0.0,0.0,0.996555780951657,2156527.9341726825,0.0
859440,0.0,0.0,0.996555780951657,2152370.348422124,0.0
859500,0.0,0.0,0.996555780951657,2152061.6688583223,0.0
859560,0.0,0.0,0.996555780951657,2154318.1443380862,0.0
859620,0.0,0.0,0.996555780951657,2155597.608612167,0.0
859680,0.0,0.0,0.996555780951657,2154526.700766801,0.0
859740,0.0,0.0,0.996555780951657,2154434.969419806,0.0
859800,0.0,0.0,0.996555780951657,2150319.5439199484,0.0
859860,0.0,0.0,0.996555780951657,2153139.447369271,0.0
859920,0.0,0.0,0.996555780951657,2156733.2380326875,0.0
859980,0.0,0.0,0.996555780951657,2155043.3916407353,0.0
860040,0.0,0.0,0.996555780951657,2154652.293586564,0.0
860100,0.0,0.0,0.996555780951657,2151193.6094445256,0.0
860160,0.0,0.0,0.996555780951657,2153157.7722524605,0.0
860220,0.0,0.0,0.996555780951657,2154207.9336531884,0.0
860280,0.0,0.0,0.996555780951657,2157986.6252678824,0.0
860340,0.0,0.0,0.996555780951657,2154410.915445863,0.0
860400,0.0,0.0,0.996555780951657,2153656.5612222236,0.0
860460,0.0,0.0,0.996555780951657,2151874.903708843,0.0
860520,0.0,0.0,0.996555780951657,2153712.6147855674,0.0
860580,0.0,0.0,0.996555780951657,2155750.117518701,0.0
860640,0.0,0.0,0.996555780951657,2155892.5253635054,0.0
860700,0.0,0.0,0.996555780951657,2151105.8243577476,0.0
860760,0.0,0.0,0.996555780951657,2152627.4165032986,0.0
860820,0.0,0.0,0.996555780951657,2153665.299468151,0.0
860880,0.0,0.0,0.996555780951657,2154873.440053178,0.0
860940,0.0,0.0,0.996555780951657,2157472.291293352,0.0
861000,0.0,0.0,0.996555780951657,2153799.4170854655,0.0
861060,0.0,0.0,0.996555780951657,2152404.25447174,0.0
861120,0.0,0.0,0.996555780951657,2153261.8866249663,0.0
861180,0.0,0.0,0.996555780951657,2154515.159123082,0.0
861240,0.0,0.0,0.996555780951657,2156747.4658368663,0.0
861300,0.0,0.0,0.996555780951657,2152507.611321035,0.0
861360,0.0,0.0,0.996555780951657,2152572.263045281,0.0
861420,0.0,0.0,0.996555780951657,2152038.2679337724,0.0
861480,0.0,0.0,0.996555780951657,2154391.065436643,0.0
861540,0.0,0.0,0.996555780951657,2155473.1308223167,0.0
861600,0.0,0.0,0.996555780951657,2154186.2489113063,0.0
861660,0.0,0.0,0.996555780951657,2154513.7341262265,0.0
861720,0.0,0.0,0.996555780951657,2150273.500664279,0.0
861780,0.0,0.0,0.996555780951657,2153224.7208546503,0.0
861840,0.0,0.0,0.996555780951657,2156999.3486590856,0.0
861900,0.0,0.0,0.996555780951657,2155213.969187508,0.0
861960,0.0,0.0,0.996555780951657,2155320.223987031,0.0
862020,0.0,0.0,0.996555780951657,2151583.6530003073,0.0
862080,0.0,0.0,0.996555780951657,2152509.435651756,0.0
862140,0.0,0.0,0.996555780951657,2155195.5332245333,0.0
862200,0.0,0.0,0.996555780951657,2155980.1865123427,0.0
862260,0.0,0.0,0.996555780951657,2153422.205076717,0.0
862320,0.0,0.0,0.996555780951657,2153558.2286588196,0.0
862380,0.0,0.0,0.996555780951657,2151357.2101605698,0.0
862440,0.0,0.0,0.996555780951657,2155150.3232871587,0.0
862500,0.0,0.0,0.996555780951657,2155318.5556677384,0.0
862560,0.0,0.0,0.996555780951657,2156839.533469397,0.0
862620,0.0,0.0,0.996555780951657,2150176.1836334523,0.0
862680,0.0,0.0,0.996555780951657,2152767.4978069994,0.0
862740,0.0,0.0,0.996555780951657,2153972.5473475326,0.0
862800,0.0,0.0,0.996555780951657,2154763.6264003483,0.0
862860,0.0,0.0,0.996555780951657,2157680.9739671214,0.0
862920,0.0,0.0,0.996555780951657,2153701.394382292,0.0
862980,0.0,0.0,0.996555780951657,2152492.8493345585,0.0
863040,0.0,0.0,0.996555780951657,2152761.212878049,0.0
863100,0.0,0.0,0.996555780951657,2154571.7026714273,0.0
863160,0.0,0.0,0.996555780951657,2155577.9230402396,0.0
863220,0.0,0.0,0.996555780951657,2155490.710978216,0.0
863280,0.0,0.0,0.996555780951657,2150110.9046926894,0.0
863340,0.0,0.0,0.996555780951657,2152452.800524002,0.0
863400,0.0,0.0,0.996555780951657,2155105.9670633515,0.0
863460,0.0,0.0,0.996555780951657,2155294.734464384,0.0
863520,0.0,0.0,0.996555780951657,2156840.010200234,0.0
863580,0.0,0.0,0.996555780951657,2149321.0279339137,0.0
863640,0.0,0.0,0.996555780951657,2152236.7867357736,0.0
863700,0.0,0.0,0.996555780951657,2153348.214622601,0.0
863760,0.0,0.0,0.996555780951657,2157397.121618898,0.0
863820,0.0,0.0,0.996555780951657,2155184.622758709,0.0
863880,0.0,0.0,0.996555780951657,2155318.6112522036,0.0
863940,0.0,0.0,0.996555780951657,2151575.744944437,0.0
864000,0.0,0.0,0.996555780951657,2152591.666097439,0.0
864060,0.0,0.0,0.996555780951657,2155203.6406106837,0.0
864120,0.0,0.0,0.996555780951657,2155910.138199347,0.0
864180,0.0,0.0,0.996555780951657,2152984.9722154965,0.0
864240,0.0,0.0,0.996555780951657,2153676.12126469,0.0
864300,0.0,0.0,0.996555780951657,2151471.8210670385,0.0
864360,0.0,0.0,0.996555780951657,2153918.731159051,0.0
864420,0.0,0.0,0.996555780951657,2157546.843534997,0.0
864480,0.0,0.0,0.996555780951657,2154842.446184515,0.0
864540,0.0,0.0,0.996555780951657,2154020.2529059914,0.0
864600,0.0,0.0,0.996555780951657,2151527.2217239505,0.0
864660,0.0,0.0,0.996555780951657,2153277.095064733,0.0
864720,0.0,0.0,0.996555780951657,2155736.002795269,0.0
864780,0.0,0.0,0.996555780951657,2156034.643396027,0.0
864840,0.0,0.0,0.996555780951657,2152514.532485183,0.0
864900,0.0,0.0,0.996555780951657,2150555.8266744437,0.0
864960,0.0,0.0,0.996555780951657,2152742.342845483,0.0
865020,0.0,0.0,0.996555780951657,2157489.413041058,0.0
865080,0.0,0.0,0.996555780951657,2155059.152464768,0.0
865140,0.0,0.0,0.996555780951657,2155584.2545899116,0.0
865200,0.0,0.0,0.996555780951657,2149578.1441418007,0.0
865260,0.0,0.0,0.996555780951657,2152623.1640348546,0.0
865320,0.0,0.0,0.996555780951657,2155300.219562052,0.0
865380,0.0,0.0,0.996555780951657,2155177.4508603383,0.0
865440,0.0,0.0,0.996555780951657,2156989.589695928,0.0
865500,0.0,0.0,0.996555780951657,2152806.429425198,0.0
865560,0.0,0.0,0.996555780951657,2152031.237716638,0.0
865620,0.0,0.0,0.996555780951657,2153814.237982981,0.0
865680,0.0,0.0,0.996555780951657,2155315.180756487,0.0
865740,0.0,0.0,0.996555780951657,2154974.2371529657,0.0
865800,0.0,0.0,0.996555780951657,2154825.57238898,0.0
865860,0.0,0.0,0.996555780951657,2150038.897654159,0.0
865920,0.0,0.0,0.996555780951657,2152829.8783672443,0.0
865980,0.0,0.0,0.996555780951657,2156278.0184396817,0.0
866040,0.0,0.0,0.996555780951657,2155537.5385428434,0.0
866100,0.0,0.0,0.996555780951657,2154952.3614865663,0.0
866160,0.0,0.0,0.996555780951657,2151568.735853027,0.0
866220,0.0,0.0,0.996555780951657,2152276.415394715,0.0
866280,0.0,0.0,0.996555780951657,2153888.5100394585,0.0
866340,0.0,0.0,0.996555780951657,2157919.122341822,0.0
866400,0.0,0.0,0.996555780951657,2154687.203617494,0.0
866460,0.0,0.0,0.996555780951657,2154252.993299358,0.0
866520,0.0,0.0,0.996555780951657,2151610.715897266,0.0
866580,0.0,0.0,0.996555780951657,2153312.284446812,0.0
866640,0.0,0.0,0.996555780951657,2155681.52951412,0.0
866700,0.0,0.0,0.996555780951657,2155974.911982549,0.0
866760,0.0,0.0,0.996555780951657,2151716.306216962,0.0
866820,0.0,0.0,0.996555780951657,2152901.2083461825,0.0
866880,0.0,0.0,0.996555780951657,2152936.775458097,0.0
866940,0.0,0.0,0.996555780951657,2154600.9222138,0.0
867000,0.0,0.0,0.996555780951657,2157601.790705009,0.0
867060,0.0,0.0,0.996555780951657,2154191.908649077,0.0
867120,0.0,0.0,0.996555780951657,2152843.0599230104,0.0
867180,0.0,0.0,0.996555780951657,2152160.205524705,0.0
867240,0.0,0.0,0.996555780951657,2154155.3323782627,0.0
867300,0.0,0.0,0.996555780951657,2158060.131379571,0.0
867360,0.0,0.0,0.996555780951657,2154180.5807902147,0.0
867420,0.0,0.0,0.996555780951657,2154305.153205801,0.0
867480,0.0,0.0,0.996555780951657,2150483.8791053104,0.0
867540,0.0,0.0,0.996555780951657,2153791.953263808,0.0
867600,0.0,0.0,0.996555780951657,2155369.018273088,0.0
867660,0.0,0.0,0.996555780951657,2154584.0518884957,0.0
867720,0.0,0.0,0.996555780951657,2154902.6696353634,0.0
867780,0.0,0.0,0.996555780951657,2149896.125176354,0.0
867840,0.0,0.0,0.996555780951657,2152927.057410989,0.0
867900,0.0,0.0,0.996555780951657,2156542.436143814,0.0
867960,0.0,0.0,0.996555780951657,2155282.454277337,0.0
868020,0.0,0.0,0.996555780951657,2155950.074341872,0.0
868080,0.0,0.0,0.996555780951657,2151947.5562749454,0.0
868140,0.0,0.0,0.996555780951657,2152224.188989338,0.0
868200,0.0,0.0,0.996555780951657,2154785.3210020536,0.0
868260,0.0,0.0,0.996555780951657,2155828.614955528,0.0
868320,0.0,0.0,0.996555780951657,2154020.816317551,0.0
868380,0.0,0.0,0.996555780951657,2154000.4460685435,0.0
868440,0.0,0.0,0.996555780951657,2150772.855987553,0.0
868500,0.0,0.0,0.996555780951657,2154575.6680050357,0.0
868560,0.0,0.0,0.996555780951657,2155079.3148742677,0.0
868620,0.0,0.0,0.996555780951657,2157464.851920902,0.0
868680,0.0,0.0,0.996555780951657,2150804.430060383,0.0
868740,0.0,0.0,0.996555780951657,2153064.457302569,0.0
868800,0.0,0.0,0.996555780951657,2153151.6010497017,0.0
868860,0.0,0.0,0.996555780951657,2154499.0302610532,0.0
868920,0.0,0.0,0.996555780951657,2157827.2575876783,0.0
868980,0.0,0.0,0.996555780951657,2154094.239343706,0.0
869040,0.0,0.0,0.996555780951657,2152951.971012002,0.0
869100,0.0,0.0,0.996555780951657,2152285.384838989,0.0
869160,0.0,0.0,0.996555780951657,2154161.609896544,0.0
869220,0.0,0.0,0.996555780951657,2155727.483944237,0.0
869280,0.0,0.0,0.996555780951657,2155725.2599131414,0.0
869340,0.0,0.0,0.996555780951657,2150554.8050967595,0.0
869400,0.0,0.0,0.996555780951657,2152441.008710606,0.0
869460,0.0,0.0,0.996555780951657,2154417.722669119,0.0
869520,0.0,0.0,0.996555780951657,2155127.7920077303,0.0
869580,0.0,0.0,0.996555780951657,2157191.0919394004,0.0
869640,0.0,0.0,0.996555780951657,2149975.24476463,0.0
869700,0.0,0.0,0.996555780951657,2152439.7184830923,0.0
869760,0.0,0.0,0.996555780951657,2152789.1809803057,0.0
869820,0.0,0.0,0.996555780951657,2157293.3959712796,0.0
869880,0.0,0.0,0.996555780951657,2155239.013153751,0.0
869940,0.0,0.0,0.996555780951657,2155952.856245089,0.0
870000,0.0,0.0,0.996555780951657,2151894.1276060427,0.0
870060,0.0,0.0,0.996555780951657,2152354.2273076624,0.0
870120,0.0,0.0,0.996555780951657,2154849.38884821,0.0
870180,0.0,0.0,0.996555780951657,2155771.308291215,0.0
870240,0.0,0.0,0.996555780951657,2153589.7162700733,0.0
870300,0.0,0.0,0.996555780951657,2154063.1981408815,0.0
870360,0.0,0.0,0.996555780951657,2150858.0511669004,0.0
870420,0.0,0.0,0.996555780951657,2153581.2099652775,0.0
870480,0.0,0.0,0.996555780951657,2157333.930196936,0.0
870540,0.0,0.0,0.996555780951657,2155065.981570232,0.0
870600,0.0,0.0,0.996555780951657,2154625.705027195,0.0
870660,0.0,0.0,0.996555780951657,2151439.673200651,0.0
870720,0.0,0.0,0.996555780951657,2152883.7770303586,0.0
870780,0.0,0.0,0.996555780951657,2155527.5306784194,0.0
870840,0.0,0.0,0.996555780951657,2156054.4827122428,0.0
870900,0.0,0.0,0.996555780951657,2153349.793372228,0.0
870960,0.0,0.0,0.996555780951657,2150579.7509097983,0.0
871020,0.0,0.0,0.996555780951657,2152540.3192203213,0.0
871080,0.0,0.0,0.996555780951657,2156943.8150708852,0.0
871140,0.0,0.0,0.996555780951657,2155267.6416319786,0.0
871200,0.0,0.0,0.996555780951657,2155802.90079152,0.0
871260,0.0,0.0,0.996555780951657,2149892.7426276696,0.0
871320,0.0,0.0,0.996555780951657,2152637.245399933,0.0
871380,0.0,0.0,0.996555780951657,2154626.6407962963,0.0
871440,0.0,0.0,0.996555780951657,2155037.81350493,0.0
871500,0.0,0.0,0.996555780951657,2157341.2037184634,0.0
871560,0.0,0.0,0.996555780951657,2153225.806429298,0.0
871620,0.0,0.0,0.996555780951657,2152144.260036532,0.0
871680,0.0,0.0,0.996555780951657,2153317.237232946,0.0
871740,0.0,0.0,0.996555780951657,2155000.148600952,0.0
871800,0.0,0.0,0.996555780951657,2155322.339761837,0.0
871860,0.0,0.0,0.996555780951657,2155157.972123424,0.0
871920,0.0,0.0,0.996555780951657,2149967.8359158114,0.0
871980,0.0,0.0,0.996555780951657,2152594.9139737217,0.0
872040,0.0,0.0,0.996555780951657,2155756.5412939605,0.0
872100,0.0,0.0,0.996555780951657,2155905.667383887,0.0
872160,0.0,0.0,0.996555780951657,2155188.687545018,0.0
872220,0.0,0.0,0.996555780951657,2152092.923008403,0.0
872280,0.0,0.0,0.996555780951657,2151449.5105511146,0.0
872340,0.0,0.0,0.996555780951657,2153583.86990277,0.0
872400,0.0,0.0,0.996555780951657,2157732.3713350086,0.0
872460,0.0,0.0,0.996555780951657,2154896.633695684,0.0
872520,0.0,0.0,0.996555780951657,2154836.927759554,0.0
872580,0.0,0.0,0.996555780951657,2151500.2591311513,0.0
872640,0.0,0.0,0.996555780951657,2152952.2319044517,0.0
872700,0.0,0.0,0.996555780951657,2155522.6382313212,0.0
872760,0.0,0.0,0.996555780951657,2155989.0815217034,0.0
872820,0.0,0.0,0.996555780951657,2152333.7562935855,0.0
872880,0.0,0.0,0.996555780951657,2153215.5564285833,0.0
872940,0.0,0.0,0.996555780951657,2152245.830192999,0.0
873000,0.0,0.0,0.996555780951657,2154305.6800188324,0.0
873060,0.0,0.0,0.996555780951657,2157618.2743848483,0.0
873120,0.0,0.0,0.996555780951657,2154529.688175484,0.0
873180,0.0,0.0,0.996555780951657,2153341.3667255533,0.0
873240,0.0,0.0,0.996555780951657,2151800.529889236,0.0
873300,0.0,0.0,0.996555780951657,2153748.689901304,0.0
873360,0.0,0.0,0.996555780951657,2158158.99344121,0.0
873420,0.0,0.0,0.996555780951657,2154537.5876458636,0.0
873480,0.0,0.0,0.996555780951657,2154757.9680763194,0.0
873540,0.0,0.0,0.996555780951657,2149786.926818736,0.0
873600,0.0,0.0,0.996555780951657,2153347.5608131913,0.0
873660,0.0,0.0,0.996555780951657,2155061.120076752,0.0
873720,0.0,0.0,0.996555780951657,2154982.8010564004,0.0
873780,0.0,0.0,0.996555780951657,2155191.5805606316,0.0
873840,0.0,0.0,0.996555780951657,2149747.647824692,0.0
873900,0.0,0.0,0.996555780951657,2152721.933116505,0.0
873960,0.0,0.0,0.996555780951657,2156031.7598659312,0.0
874020,0.0,0.0,0.996555780951657,2155285.253798992,0.0
874080,0.0,0.0,0.996555780951657,2156435.6030541123,0.0
874140,0.0,0.0,0.996555780951657,2152321.156416727,0.0
874200,0.0,0.0,0.996555780951657,2152058.070913384,0.0
874260,0.0,0.0,0.996555780951657,2154364.2095320965,0.0
874320,0.0,0.0,0.996555780951657,2155636.9697944648,0.0
874380,0.0,0.0,0.996555780951657,2154517.280650602,0.0
874440,0.0,0.0,0.996555780951657,2154377.8647001316,0.0
874500,0.0,0.0,0.996555780951657,2150368.495078175,0.0
874560,0.0,0.0,0.996555780951657,2153991.0829443624,0.0
874620,0.0,0.0,0.996555780951657,2154829.727278802,0.0
874680,0.0,0.0,0.996555780951657,2157905.3648790796,0.0
874740,0.0,0.0,0.996555780951657,2151439.1045840727,0.0
874800,0.0,0.0,0.996555780951657,2153368.718377151,0.0
874860,0.0,0.0,0.996555780951657,2152407.884747362,0.0
874920,0.0,0.0,0.996555780951657,2154236.496574599,0.0
874980,0.0,0.0,0.996555780951657,2157840.1050952976,0.0
875040,0.0,0.0,0.996555780951657,2154412.7147102486,0.0
875100,0.0,0.0,0.996555780951657,2153439.0945966193,0.0
875160,0.0,0.0,0.996555780951657,2151917.232099078,0.0
875220,0.0,0.0,0.996555780951657,2153782.9374917843,0.0
875280,0.0,0.0,0.996555780951657,2155774.1425173283,0.0
875340,0.0,0.0,0.996555780951657,2155879.2422536626,0.0
875400,0.0,0.0,0.996555780951657,2151084.0468865936,0.0
875460,0.0,0.0,0.996555780951657,2152557.450377478,0.0
875520,0.0,0.0,0.996555780951657,2153749.68915044,0.0
875580,0.0,0.0,0.996555780951657,2154926.4563477463,0.0
875640,0.0,0.0,0.996555780951657,2157412.519544358,0.0
875700,0.0,0.0,0.996555780951657,2153753.070383649,0.0
875760,0.0,0.0,0.996555780951657,2152330.954397679,0.0
875820,0.0,0.0,0.996555780951657,2153322.368198557,0.0
875880,0.0,0.0,0.996555780951657,2154566.391667483,0.0
875940,0.0,0.0,0.996555780951657,2156755.9746562075,0.0
876000,0.0,0.0,0.996555780951657,2152511.1172052235,0.0
876060,0.0,0.0,0.996555780951657,2152522.5310256337,0.0
876120,0.0,0.0,0.996555780951657,2152037.3383058803,0.0
876180,0.0,0.0,0.996555780951657,2154435.457601136,0.0
876240,0.0,0.0,0.996555780951657,2155513.420420638,0.0
876300,0.0,0.0,0.996555780951657,2154182.6830343264,0.0
876360,0.0,0.0,0.996555780951657,2154460.5994985127,0.0
876420,0.0,0.0,0.996555780951657,2150327.371337943,0.0
876480,0.0,0.0,0.996555780951657,2153247.053009823,0.0
876540,0.0,0.0,0.996555780951657,2157002.857338619,0.0
876600,0.0,0.0,0.996555780951657,2155222.3434415595,0.0
876660,0.0,0.0,0.996555780951657,2155250.166399556,0.0
876720,0.0,0.0,0.996555780951657,2151561.390773824,0.0
876780,0.0,0.0,0.996555780951657,2152525.380841337,0.0
876840,0.0,0.0,0.996555780951657,2155219.558520805,0.0
876900,0.0,0.0,0.996555780951657,2155996.287197122,0.0
876960,0.0,0.0,0.996555780951657,2154224.649890908,0.0
877020,0.0,0.0,0.996555780951657,2150894.3992622267,0.0
877080,0.0,0.0,0.996555780951657,2152431.13912501,0.0
877140,0.0,0.0,0.996555780951657,2156271.7044188087,0.0
877200,0.0,0.0,0.996555780951657,2155371.7894032174,0.0
877260,0.0,0.0,0.996555780951657,2155963.1959187053,0.0
877320,0.0,0.0,0.996555780951657,2150431.93200114,0.0
877380,0.0,0.0,0.996555780951657,2152800.3933014343,0.0
877440,0.0,0.0,0.996555780951657,2153894.263166976,0.0
877500,0.0,0.0,0.996555780951657,2154835.267311642,0.0
877560,0.0,0.0,0.996555780951657,2157610.1033920497,0.0
877620,0.0,0.0,0.996555780951657,2153643.2290596003,0.0
877680,0.0,0.0,0.996555780951657,2152430.3249593014,0.0
877740,0.0,0.0,0.996555780951657,2152814.501607315,0.0
877800,0.0,0.0,0.996555780951657,2154635.2604430662,0.0
877860,0.0,0.0,0.996555780951657,2155581.0847529825,0.0
877920,0.0,0.0,0.996555780951657,2155453.388671029,0.0
877980,0.0,0.0,0.996555780951657,2150125.717958528,0.0
878040,0.0,0.0,0.996555780951657,2152442.0408015843,0.0
878100,0.0,0.0,0.996555780951657,2155154.0550867277,0.0
878160,0.0,0.0,0.996555780951657,2155327.317570434,0.0
878220,0.0,0.0,0.996555780951657,2156771.5269032745,0.0
878280,0.0,0.0,0.996555780951657,2149376.8899340644,0.0
878340,0.0,0.0,0.996555780951657,2152205.4230277995,0.0
878400,0.0,0.0,0.996555780951657,2153401.639974828,0.0
878460,0.0,0.0,0.996555780951657,2157368.653687394,0.0
878520,0.0,0.0,0.996555780951657,2155194.55931926,0.0
878580,0.0,0.0,0.996555780951657,2155231.618046323,0.0
878640,0.0,0.0,0.996555780951657,2151553.125083167,0.0
878700,0.0,0.0,0.996555780951657,2152606.85636063,0.0
878760,0.0,0.0,0.996555780951657,2155230.568251304,0.0
878820,0.0,0.0,0.996555780951657,2155929.027974148,0.0
878880,0.0,0.0,0.996555780951657,2152989.5510949143,0.0
878940,0.0,0.0,0.996555780951657,2153628.1030023037,0.0
879000,0.0,0.0,0.996555780951657,2151511.4569550576,0.0
879060,0.0,0.0,0.996555780951657,2153943.4889731887,0.0
879120,0.0,0.0,0.996555780951657,2157530.5474782092,0.0
879180,0.0,0.0,0.996555780951657,2154841.0680402997,0.0
879240,0.0,0.0,0.996555780951657,2153969.7158818212,0.0
879300,0.0,0.0,0.996555780951657,2151529.1076511648,0.0
879360,0.0,0.0,0.996555780951657,2153296.906728563,0.0
879420,0.0,0.0,0.996555780951657,2158133.105377344,0.0
879480,0.0,0.0,0.996555780951657,2154843.5875624456,0.0
879540,0.0,0.0,0.996555780951657,2155254.023196102,0.0
879600,0.0,0.0,0.996555780951657,2149153.7731561097,0.0
879660,0.0,0.0,0.996555780951657,2152860.658888631,0.0
879720,0.0,0.0,0.996555780951657,2154669.7963793166,0.0
879780,0.0,0.0,0.996555780951657,2155306.013473515,0.0
879840,0.0,0.0,0.996555780951657,2155465.881340289,0.0
879900,0.0,0.0,0.996555780951657,2149801.398417473,0.0
879960,0.0,0.0,0.996555780951657,2152592.1348840958,0.0
880020,0.0,0.0,0.996555780951657,2155400.734616455,0.0
880080,0.0,0.0,0.996555780951657,2155208.305365941,0.0
880140,0.0,0.0,0.996555780951657,2156909.541476412,0.0
880200,0.0,0.0,0.996555780951657,2152759.3664422114,0.0
880260,0.0,0.0,0.996555780951657,2152005.3894555257,0.0
880320,0.0,0.0,0.996555780951657,2153862.6536158286,0.0
880380,0.0,0.0,0.996555780951657,2155360.743107384,0.0
880440,0.0,0.0,0.996555780951657,2154968.7385704247,0.0
880500,0.0,0.0,0.996555780951657,2154774.98036269,0.0
880560,0.0,0.0,0.996555780951657,2150080.070418068,0.0
880620,0.0,0.0,0.996555780951657,2153323.686825599,0.0
880680,0.0,0.0,0.996555780951657,2154515.580786605,0.0
880740,0.0,0.0,0.996555780951657,2158277.6544707995,0.0
880800,0.0,0.0,0.996555780951657,2152102.469441212,0.0
880860,0.0,0.0,0.996555780951657,2153744.0324039967,0.0
880920,0.0,0.0,0.996555780951657,2151635.027298306,0.0
880980,0.0,0.0,0.996555780951657,2153929.6770218695,0.0
881040,0.0,0.0,0.996555780951657,2157753.991388913,0.0
881100,0.0,0.0,0.996555780951657,2154700.0630052453,0.0
881160,0.0,0.0,0.996555780951657,2154027.6766631384,0.0
881220,0.0,0.0,0.996555780951657,2151629.7503308733,0.0
881280,0.0,0.0,0.996555780951657,2153378.5723981406,0.0
881340,0.0,0.0,0.996555780951657,2155716.1952319937,0.0
881400,0.0,0.0,0.996555780951657,2155977.182149805,0.0
881460,0.0,0.0,0.996555780951657,2151687.624408285,0.0
881520,0.0,0.0,0.996555780951657,2152818.426045814,0.0
881580,0.0,0.0,0.996555780951657,2153027.7635619487,0.0
881640,0.0,0.0,0.996555780951657,2154657.9178884565,0.0
881700,0.0,0.0,0.996555780951657,2157555.7397274207,0.0
881760,0.0,0.0,0.996555780951657,2154153.075612974,0.0
881820,0.0,0.0,0.996555780951657,2152754.307331633,0.0
881880,0.0,0.0,0.996555780951657,2152397.3726462303,0.0
881940,0.0,0.0,0.996555780951657,2154234.2936025164,0.0
882000,0.0,0.0,0.996555780951657,2156619.771195753,0.0
882060,0.0,0.0,0.996555780951657,2153405.8702103044,0.0
882120,0.0,0.0,0.996555780951657,2152918.203426607,0.0
882180,0.0,0.0,0.996555780951657,2151955.3398574917,0.0
882240,0.0,0.0,0.996555780951657,2153974.316487257,0.0
882300,0.0,0.0,0.996555780951657,2155259.6168989916,0.0
882360,0.0,0.0,0.996555780951657,2154657.155093867,0.0
882420,0.0,0.0,0.996555780951657,2154812.997028541,0.0
882480,0.0,0.0,0.996555780951657,2149966.354219381,0.0
882540,0.0,0.0,0.996555780951657,2152964.863483462,0.0
882600,0.0,0.0,0.996555780951657,2156584.671824488,0.0
882660,0.0,0.0,0.996555780951657,2155303.7337518325,0.0
882720,0.0,0.0,0.996555780951657,2155808.914492704,0.0
882780,0.0,0.0,0.996555780951657,2151877.559304265,0.0
882840,0.0,0.0,0.996555780951657,2152249.763469063,0.0
882900,0.0,0.0,0.996555780951657,2154851.9301850772,0.0
882960,0.0,0.0,0.996555780951657,2155872.7268250645,0.0
883020,0.0,0.0,0.996555780951657,2155047.1638047383,0.0
883080,0.0,0.0,0.996555780951657,2151343.5274265558,0.0
883140,0.0,0.0,0.996555780951657,2152437.715330696,0.0
883200,0.0,0.0,0.996555780951657,2155520.621634947,0.0
883260,0.0,0.0,0.996555780951657,2155376.8746960172,0.0
883320,0.0,0.0,0.996555780951657,2156051.5489460095,0.0
883380,0.0,0.0,0.996555780951657,2151030.81290651,0.0
883440,0.0,0.0,0.996555780951657,2153046.692451761,0.0
883500,0.0,0.0,0.996555780951657,2153170.6085130326,0.0
883560,0.0,0.0,0.996555780951657,2154598.996656853,0.0
883620,0.0,0.0,0.996555780951657,2157762.032520873,0.0
883680,0.0,0.0,0.996555780951657,2154018.3519974467,0.0
883740,0.0,0.0,0.996555780951657,2152825.5039312546,0.0
883800,0.0,0.0,0.996555780951657,2152362.9394988744,0.0
883860,0.0,0.0,0.996555780951657,2154259.505233303,0.0
883920,0.0,0.0,0.996555780951657,2155737.853271963,0.0
883980,0.0,0.0,0.996555780951657,2155684.170129059,0.0
884040,0.0,0.0,0.996555780951657,2150533.4827191043,0.0
884100,0.0,0.0,0.996555780951657,2152399.095055517,0.0
884160,0.0,0.0,0.996555780951657,2154517.5793586094,0.0
884220,0.0,0.0,0.996555780951657,2155184.854330044,0.0
884280,0.0,0.0,0.996555780951657,2157101.812972607,0.0
884340,0.0,0.0,0.996555780951657,2150007.9911452816,0.0
884400,0.0,0.0,0.996555780951657,2152362.922999773,0.0
884460,0.0,0.0,0.996555780951657,2152876.3914057883,0.0
884520,0.0,0.0,0.996555780951657,2157268.128932019,0.0
884580,0.0,0.0,0.996555780951657,2155260.117248896,0.0
884640,0.0,0.0,0.996555780951657,2155818.412371143,0.0
884700,0.0,0.0,0.996555780951657,2151837.5183938798,0.0
884760,0.0,0.0,0.996555780951657,2152368.498953278,0.0
884820,0.0,0.0,0.996555780951657,2154902.033430118,0.0
884880,0.0,0.0,0.996555780951657,2155809.6933425604,0.0
884940,0.0,0.0,0.996555780951657,2153572.672811969,0.0
885000,0.0,0.0,0.996555780951657,2153989.5880817175,0.0
885060,0.0,0.0,0.996555780951657,2150931.526489448,0.0
885120,0.0,0.0,0.996555780951657,2153621.4207824306,0.0
885180,0.0,0.0,0.996555780951657,2157331.256189954,0.0
885240,0.0,0.0,0.996555780951657,2155063.0048072203,0.0
885300,0.0,0.0,0.996555780951657,2154535.8169179917,0.0
885360,0.0,0.0,0.996555780951657,2151432.8954199366,0.0
885420,0.0,0.0,0.996555780951657,2152918.404890409,0.0
885480,0.0,0.0,0.996555780951657,2157934.770067376,0.0
885540,0.0,0.0,0.996555780951657,2155055.9512726855,0.0
885600,0.0,0.0,0.996555780951657,2155649.6657017563,0.0
885660,0.0,0.0,0.996555780951657,2148784.1666007373,0.0
885720,0.0,0.0,0.996555780951657,2152452.797775536,0.0
885780,0.0,0.0,0.996555780951657,2154298.37301431,0.0
885840,0.0,0.0,0.996555780951657,2155515.555146226,0.0
885900,0.0,0.0,0.996555780951657,2155659.4322677962,0.0
885960,0.0,0.0,0.996555780951657,2150119.4889467666,0.0
886020,0.0,0.0,0.996555780951657,2152570.50093073,0.0
886080,0.0,0.0,0.996555780951657,2154761.6321156025,0.0
886140,0.0,0.0,0.996555780951657,2155086.2697929847,0.0
886200,0.0,0.0,0.996555780951657,2157248.898168263,0.0
886260,0.0,0.0,0.996555780951657,2153164.609258082,0.0
886320,0.0,0.0,0.996555780951657,2152085.7260280987,0.0
886380,0.0,0.0,0.996555780951657,2153384.0519212857,0.0
886440,0.0,0.0,0.996555780951657,2155065.5381834186,0.0
886500,0.0,0.0,0.996555780951657,2155314.3406273024,0.0
886560,0.0,0.0,0.996555780951657,2155101.1823229655,0.0
886620,0.0,0.0,0.996555780951657,2150002.695820564,0.0
886680,0.0,0.0,0.996555780951657,2152606.7710341797,0.0
886740,0.0,0.0,0.996555780951657,2155802.4592844383,0.0
886800,0.0,0.0,0.996555780951657,2155903.231506406,0.0
886860,0.0,0.0,0.996555780951657,2155166.760321887,0.0
886920,0.0,0.0,0.996555780951657,2152029.270504278,0.0
886980,0.0,0.0,0.996555780951657,2151517.3895602985,0.0
887040,0.0,0.0,0.996555780951657,2153621.2926341323,0.0
887100,0.0,0.0,0.996555780951657,2157717.2054606183,0.0
887160,0.0,0.0,0.996555780951657,2154895.4328039633,0.0
887220,0.0,0.0,0.996555780951657,2154743.3780933963,0.0
887280,0.0,0.0,0.996555780951657,2151495.6865064604,0.0
887340,0.0,0.0,0.996555780951657,2152983.3967665094,0.0
887400,0.0,0.0,0.996555780951657,2155548.9740370847,0.0
887460,0.0,0.0,0.996555780951657,2156000.1904532765,0.0
887520,0.0,0.0,0.996555780951657,2152333.0053032283,0.0
887580,0.0,0.0,0.996555780951657,2153161.163078134,0.0
887640,0.0,0.0,0.996555780951657,2152291.6400042824,0.0
887700,0.0,0.0,0.996555780951657,2154337.6975530246,0.0
887760,0.0,0.0,0.996555780951657,2157594.1916481354,0.0
887820,0.0,0.0,0.996555780951657,2154519.0611288664,0.0
887880,0.0,0.0,0.996555780951657,2153286.430947467,0.0
887940,0.0,0.0,0.996555780951657,2151461.047118863,0.0
888000,0.0,0.0,0.996555780951657,2153860.13633018,0.0
888060,0.0,0.0,0.996555780951657,2156391.60012122,0.0
888120,0.0,0.0,0.996555780951657,2154285.5812434074,0.0
888180,0.0,0.0,0.996555780951657,2153330.0645735157,0.0
888240,0.0,0.0,0.996555780951657,2152016.895764415,0.0
888300,0.0,0.0,0.996555780951657,2153471.1084969426,0.0
888360,0.0,0.0,0.996555780951657,2154949.077399471,0.0
888420,0.0,0.0,0.996555780951657,2155057.652675913,0.0
888480,0.0,0.0,0.996555780951657,2155143.0958157736,0.0
888540,0.0,0.0,0.996555780951657,2149770.66078725,0.0
888600,0.0,0.0,0.996555780951657,2152732.8484561015,0.0
888660,0.0,0.0,0.996555780951657,2156067.6631205743,0.0
888720,0.0,0.0,0.996555780951657,2155313.3669603104,0.0
888780,0.0,0.0,0.996555780951657,2156336.907721524,0.0
888840,0.0,0.0,0.996555780951657,2152268.194556022,0.0
888900,0.0,0.0,0.996555780951657,2152058.059819951,0.0
888960,0.0,0.0,0.996555780951657,2154413.6105543487,0.0
889020,0.0,0.0,0.996555780951657,2155677.682259393,0.0
889080,0.0,0.0,0.996555780951657,2154504.2840082943,0.0
889140,0.0,0.0,0.996555780951657,2154316.0159079023,0.0
889200,0.0,0.0,0.996555780951657,2150420.571921708,0.0
889260,0.0,0.0,0.996555780951657,2154030.900031685,0.0
889320,0.0,0.0,0.996555780951657,2154873.764892116,0.0
889380,0.0,0.0,0.996555780951657,2157820.719684651,0.0
889440,0.0,0.0,0.996555780951657,2151460.5427843225,0.0
889500,0.0,0.0,0.996555780951657,2153306.1164358887,0.0
889560,0.0,0.0,0.996555780951657,2152464.016762307,0.0
889620,0.0,0.0,0.996555780951657,2154270.574374787,0.0
889680,0.0,0.0,0.996555780951657,2157810.549315355,0.0
889740,0.0,0.0,0.996555780951657,2154400.614552705,0.0
889800,0.0,0.0,0.996555780951657,2153375.863951972,0.0
889860,0.0,0.0,0.996555780951657,2151932.0295680715,0.0
889920,0.0,0.0,0.996555780951657,2153814.081680506,0.0
889980,0.0,0.0,0.996555780951657,2155788.5857848483,0.0
890040,0.0,0.0,0.996555780951657,2155874.107125892,0.0
890100,0.0,0.0,0.996555780951657,2151096.8334420794,0.0
890160,0.0,0.0,0.996555780951657,2152522.9002987025,0.0
890220,0.0,0.0,0.996555780951657,2153772.731276462,0.0
890280,0.0,0.0,0.996555780951657,2154950.315305335,0.0
890340,0.0,0.0,0.996555780951657,2157381.5671552913,0.0
890400,0.0,0.0,0.996555780951657,2150752.327454471,0.0
890460,0.0,0.0,0.996555780951657,2152679.6497013005,0.0
890520,0.0,0.0,0.996555780951657,2152324.03120317,0.0
890580,0.0,0.0,0.996555780951657,2157013.2428789646,0.0
890640,0.0,0.0,0.996555780951657,2155251.271180292,0.0
890700,0.0,0.0,0.996555780951657,2156437.3202205976,0.0
890760,0.0,0.0,0.996555780951657,2152232.9904993535,0.0
890820,0.0,0.0,0.996555780951657,2152204.331808144,0.0
890880,0.0,0.0,0.996555780951657,2154469.7911214465,0.0
890940,0.0,0.0,0.996555780951657,2155605.259635467,0.0
891000,0.0,0.0,0.996555780951657,2154141.5256697624,0.0
891060,0.0,0.0,0.996555780951657,2154393.545517676,0.0
891120,0.0,0.0,0.996555780951657,2150398.4394380446,0.0
891180,0.0,0.0,0.996555780951657,2153279.915256679,0.0
891240,0.0,0.0,0.996555780951657,2157015.1941574328,0.0
891300,0.0,0.0,0.996555780951657,2155228.3302417165,0.0
891360,0.0,0.0,0.996555780951657,2155160.021066372,0.0
891420,0.0,0.0,0.996555780951657,2151533.2238462637,0.0
891480,0.0,0.0,0.996555780951657,2152551.016425841,0.0
891540,0.0,0.0,0.996555780951657,2157592.1850462444,0.0
891600,0.0,0.0,0.996555780951657,2155192.256738962,0.0
891660,0.0,0.0,0.996555780951657,2156035.511911823,0.0
891720,0.0,0.0,0.996555780951657,2148607.398662767,0.0
891780,0.0,0.0,0.996555780951657,2152078.660048596,0.0
891840,0.0,0.0,0.996555780951657,2153877.353252242,0.0
891900,0.0,0.0,0.996555780951657,2155625.1499145254,0.0
891960,0.0,0.0,0.996555780951657,2155808.9978915327,0.0
892020,0.0,0.0,0.996555780951657,2150642.8300384767,0.0
892080,0.0,0.0,0.996555780951657,2152692.617814626,0.0
892140,0.0,0.0,0.996555780951657,2154037.9551692726,0.0
892200,0.0,0.0,0.996555780951657,2154891.977219789,0.0
892260,0.0,0.0,0.996555780951657,2157530.059969755,0.0
892320,0.0,0.0,0.996555780951657,2153587.8124351227,0.0
892380,0.0,0.0,0.996555780951657,2152342.696324093,0.0
892440,0.0,0.0,0.996555780951657,2152878.1530063706,0.0
892500,0.0,0.0,0.996555780951657,2154705.028807195,0.0
892560,0.0,0.0,0.996555780951657,2155581.5333682355,0.0
892620,0.0,0.0,0.996555780951657,2155408.254096219,0.0
892680,0.0,0.0,0.996555780951657,2150138.6667966507,0.0
892740,0.0,0.0,0.996555780951657,2152435.1162917987,0.0
892800,0.0,0.0,0.996555780951657,2155211.3502448085,0.0
892860,0.0,0.0,0.996555780951657,2156156.8794123437,0.0
892920,0.0,0.0,0.996555780951657,2155363.4151870087,0.0
892980,0.0,0.0,0.996555780951657,2152669.8169279345,0.0
893040,0.0,0.0,0.996555780951657,2150745.1043580533,0.0
893100,0.0,0.0,0.996555780951657,2153317.0310038696,0.0
893160,0.0,0.0,0.996555780951657,2157430.7480419492,0.0
893220,0.0,0.0,0.996555780951657,2155053.7844163976,0.0
893280,0.0,0.0,0.996555780951657,2155337.625982648,0.0
893340,0.0,0.0,0.996555780951657,2151550.8443794656,0.0
893400,0.0,0.0,0.996555780951657,2152648.382110294,0.0
893460,0.0,0.0,0.996555780951657,2155300.6433491074,0.0
893520,0.0,0.0,0.996555780951657,2155955.2299793423,0.0
893580,0.0,0.0,0.996555780951657,2152953.1370716374,0.0
893640,0.0,0.0,0.996555780951657,2153519.8015705445,0.0
893700,0.0,0.0,0.996555780951657,2151626.3259081603,0.0
893760,0.0,0.0,0.996555780951657,2154011.0901923887,0.0
893820,0.0,0.0,0.996555780951657,2157515.4147789716,0.0
893880,0.0,0.0,0.996555780951657,2154816.3332216875,0.0
893940,0.0,0.0,0.996555780951657,2153842.509366279,0.0
894000,0.0,0.0,0.996555780951657,2150616.054933053,0.0
894060,0.0,0.0,0.996555780951657,2153493.630977683,0.0
894120,0.0,0.0,0.996555780951657,2156096.586784841,0.0
894180,0.0,0.0,0.996555780951657,2155079.704371281,0.0
894240,0.0,0.0,0.996555780951657,2153710.774228627,0.0
894300,0.0,0.0,0.996555780951657,2152232.3734189426,0.0
894360,0.0,0.0,0.996555780951657,2152984.8035295033,0.0
894420,0.0,0.0,0.996555780951657,2154619.3880625004,0.0
894480,0.0,0.0,0.996555780951657,2155359.3110356773,0.0
894540,0.0,0.0,0.996555780951657,2155415.072459164,0.0
894600,0.0,0.0,0.996555780951657,2149797.10882748,0.0
894660,0.0,0.0,0.996555780951657,2152584.122930839,0.0
894720,0.0,0.0,0.996555780951657,2155491.9450014806,0.0
894780,0.0,0.0,0.996555780951657,2155259.440344659,0.0
894840,0.0,0.0,0.996555780951657,2156776.714507423,0.0
894900,0.0,0.0,0.996555780951657,2152673.837785853,0.0
894960,0.0,0.0,0.996555780951657,2151980.0264552147,0.0
895020,0.0,0.0,0.996555780951657,2153948.728327867,0.0
895080,0.0,0.0,0.996555780951657,2155433.4272969924,0.0
895140,0.0,0.0,0.996555780951657,2154941.543123456,0.0
895200,0.0,0.0,0.996555780951657,2154689.020498683,0.0
895260,0.0,0.0,0.996555780951657,2150143.6679313807,0.0
895320,0.0,0.0,0.996555780951657,2153406.3874965874,0.0
895380,0.0,0.0,0.996555780951657,2154586.450673336,0.0
895440,0.0,0.0,0.996555780951657,2158162.046057416,0.0
895500,0.0,0.0,0.996555780951657,2152101.0109062265,0.0
895560,0.0,0.0,0.996555780951657,2153648.2208459578,0.0
895620,0.0,0.0,0.996555780951657,2151740.530409713,0.0
895680,0.0,0.0,0.996555780951657,2153982.5585880256,0.0
895740,0.0,0.0,0.996555780951657,2157732.785598287,0.0
895800,0.0,0.0,0.996555780951657,2154682.3165266314,0.0
895860,0.0,0.0,0.996555780951657,2153917.3681656513,0.0
895920,0.0,0.0,0.996555780951657,2151648.009624787,0.0
895980,0.0,0.0,0.996555780951657,2153429.488635729,0.0
896040,0.0,0.0,0.996555780951657,2155741.9395050914,0.0
896100,0.0,0.0,0.996555780951657,2155976.5871158484,0.0
896160,0.0,0.0,0.996555780951657,2151677.02694943,0.0
896220,0.0,0.0,0.996555780951657,2152755.659399695,0.0
896280,0.0,0.0,0.996555780951657,2153089.233900816,0.0
896340,0.0,0.0,0.996555780951657,2154700.1337499507,0.0
896400,0.0,0.0,0.996555780951657,2157518.024398679,0.0
896460,0.0,0.0,0.996555780951657,2151515.9765411434,0.0
896520,0.0,0.0,0.996555780951657,2152995.9334182367,0.0
896580,0.0,0.0,0.996555780951657,2151881.572477945,0.0
896640,0.0,0.0,0.996555780951657,2156623.6444345387,0.0
896700,0.0,0.0,0.996555780951657,2155190.6567612137,0.0
896760,0.0,0.0,0.996555780951657,2156914.727780802,0.0
896820,0.0,0.0,0.996555780951657,2152614.579977828,0.0
896880,0.0,0.0,0.996555780951657,2152155.2659463612,0.0
896940,0.0,0.0,0.996555780951657,2154032.8711677566,0.0
897000,0.0,0.0,0.996555780951657,2155372.6639588117,0.0
897060,0.0,0.0,0.996555780951657,2154612.885944528,0.0
897120,0.0,0.0,0.996555780951657,2154734.3297434184,0.0
897180,0.0,0.0,0.996555780951657,2150047.286761218,0.0
897240,0.0,0.0,0.996555780951657,2152997.404348458,0.0
897300,0.0,0.0,0.996555780951657,2156622.8565642955,0.0
897360,0.0,0.0,0.996555780951657,2155319.4653858994,0.0
897420,0.0,0.0,0.996555780951657,2155694.7154035303,0.0
897480,0.0,0.0,0.996555780951657,2151822.250258496,0.0
897540,0.0,0.0,0.996555780951657,2152272.339913492,0.0
897600,0.0,0.0,0.996555780951657,2154904.623996745,0.0
897660,0.0,0.0,0.996555780951657,2155907.4581654784,0.0
897720,0.0,0.0,0.996555780951657,2154967.7877673437,0.0
897780,0.0,0.0,0.996555780951657,2151318.815120003,0.0
897840,0.0,0.0,0.996555780951657,2152400.99599064,0.0
897900,0.0,0.0,0.996555780951657,2155547.561218404,0.0
897960,0.0,0.0,0.996555780951657,2155409.0902979374,0.0
898020,0.0,0.0,0.996555780951657,2156051.9165994585,0.0
898080,0.0,0.0,0.996555780951657,2151036.0248186043,0.0
898140,0.0,0.0,0.996555780951657,2152984.082425116,0.0
898200,0.0,0.0,0.996555780951657,2153230.8476244067,0.0
898260,0.0,0.0,0.996555780951657,2154638.1845903373,0.0
898320,0.0,0.0,0.996555780951657,2157718.73243635,0.0
898380,0.0,0.0,0.996555780951657,2153995.040680175,0.0
898440,0.0,0.0,0.996555780951657,2152763.7286408483,0.0
898500,0.0,0.0,0.996555780951657,2152389.172105984,0.0
898560,0.0,0.0,0.996555780951657,2154298.5717170327,0.0
898620,0.0,0.0,0.996555780951657,2155748.851856664,0.0
898680,0.0,0.0,0.996555780951657,2155667.783041077,0.0
898740,0.0,0.0,0.996555780951657,2150545.1344482224,0.0
898800,0.0,0.0,0.996555780951657,2152377.6444233507,0.0
898860,0.0,0.0,0.996555780951657,2154543.8041693806,0.0
898920,0.0,0.0,0.996555780951657,2156282.6960909334,0.0
898980,0.0,0.0,0.996555780951657,2155500.2575059677,0.0
899040,0.0,0.0,0.996555780951657,2153417.1417210065,0.0
899100,0.0,0.0,0.996555780951657,2150060.869907902,0.0
899160,0.0,0.0,0.996555780951657,2153037.8978986857,0.0
899220,0.0,0.0,0.996555780951657,2157027.5179941463,0.0
899280,0.0,0.0,0.996555780951657,2155145.4408457293,0.0
899340,0.0,0.0,0.996555780951657,2155927.3521658173,0.0
899400,0.0,0.0,0.996555780951657,2151829.8418527087,0.0
899460,0.0,0.0,0.996555780951657,2152366.942297838,0.0
899520,0.0,0.0,0.996555780951657,2154961.770993918,0.0
899580,0.0,0.0,0.996555780951657,2155838.508260869,0.0
899640,0.0,0.0,0.996555780951657,2153557.9960981486,0.0
899700,0.0,0.0,0.996555780951657,2153910.5606926894,0.0
899760,0.0,0.0,0.996555780951657,2151009.1266002976,0.0
899820,0.0,0.0,0.996555780951657,2153665.605388887,0.0
899880,0.0,0.0,0.996555780951657,2157328.454229166,0.0
899940,0.0,0.0,0.996555780951657,2155057.773769548,0.0
900000,0.0,0.0,0.996555780951657,2154441.0216685897,0.0
900060,0.0,0.0,0.996555780951657,2151427.86688618,0.0
900120,0.0,0.0,0.996555780951657,2152957.2189862225,0.0
900180,0.0,0.0,0.996555780951657,2157892.1961412407,0.0
900240,0.0,0.0,0.996555780951657,2155066.9450182784,0.0
900300,0.0,0.0,0.996555780951657,2155588.5591784907,0.0
900360,0.0,0.0,0.996555780951657,2148866.30421778,0.0
900420,0.0,0.0,0.996555780951657,2152481.7008100715,0.0
900480,0.0,0.0,0.996555780951657,2154344.7991398023,0.0
900540,0.0,0.0,0.996555780951657,2155529.1750232386,0.0
900600,0.0,0.0,0.996555780951657,2155644.639108074,0.0
900660,0.0,0.0,0.996555780951657,2150138.522643111,0.0
900720,0.0,0.0,0.996555780951657,2152544.9945900296,0.0
900780,0.0,0.0,0.996555780951657,2154790.2855221215,0.0
900840,0.0,0.0,0.996555780951657,2155113.0514503387,0.0
900900,0.0,0.0,0.996555780951657,2157201.0605922183,0.0
900960,0.0,0.0,0.996555780951657,2153141.810778593,0.0
901020,0.0,0.0,0.996555780951657,2152059.185846229,0.0
901080,0.0,0.0,0.996555780951657,2153405.072007289,0.0
901140,0.0,0.0,0.996555780951657,2155093.273441083,0.0
901200,0.0,0.0,0.996555780951657,2155322.566832779,0.0
901260,0.0,0.0,0.996555780951657,2155077.5573203396,0.0
901320,0.0,0.0,0.996555780951657,2150026.4163737386,0.0
901380,0.0,0.0,0.996555780951657,2152706.148503839,0.0
901440,0.0,0.0,0.996555780951657,2154230.326379496,0.0
901500,0.0,0.0,0.996555780951657,2158428.0461025573,0.0
901560,0.0,0.0,0.996555780951657,2152757.260029757,0.0
901620,0.0,0.0,0.996555780951657,2154060.7790214126,0.0
901680,0.0,0.0,0.996555780951657,2150997.336258909,0.0
901740,0.0,0.0,0.996555780951657,2153654.1328437785,0.0
901800,0.0,0.0,0.996555780951657,2157544.3777282173,0.0
901860,0.0,0.0,0.996555780951657,2154924.0345643954,0.0
901920,0.0,0.0,0.996555780951657,2154557.47501167,0.0
901980,0.0,0.0,0.996555780951657,2151486.8774610665,0.0
902040,0.0,0.0,0.996555780951657,2153026.496398011,0.0
902100,0.0,0.0,0.996555780951657,2155581.862957087,0.0
902160,0.0,0.0,0.996555780951657,2156013.2271844777,0.0
902220,0.0,0.0,0.996555780951657,2152317.260961437,0.0
902280,0.0,0.0,0.996555780951657,2153092.8033685707,0.0
902340,0.0,0.0,0.996555780951657,2152356.807115651,0.0
902400,0.0,0.0,0.996555780951657,2154380.9109483743,0.0
902460,0.0,0.0,0.996555780951657,2157566.9429077073,0.0
902520,0.0,0.0,0.996555780951657,2152321.0898947953,0.0
902580,0.0,0.0,0.996555780951657,2153374.429343596,0.0
902640,0.0,0.0,0.996555780951657,2151481.8939747186,0.0
902700,0.0,0.0,0.996555780951657,2156084.65088808,0.0
902760,0.0,0.0,0.996555780951657,2155056.252362159,0.0
902820,0.0,0.0,0.996555780951657,2157362.971999551,0.0
902880,0.0,0.0,0.996555780951657,2153036.065951994,0.0
902940,0.0,0.0,0.996555780951657,2152244.9293804835,0.0
903000,0.0,0.0,0.996555780951657,2153535.0393109843,0.0
903060,0.0,0.0,0.996555780951657,2155067.6639549755,0.0
903120,0.0,0.0,0.996555780951657,2155026.108036954,0.0
903180,0.0,0.0,0.996555780951657,2155074.4887103336,0.0
903240,0.0,0.0,0.996555780951657,2149835.63698953,0.0
903300,0.0,0.0,0.996555780951657,2152748.21720184,0.0
903360,0.0,0.0,0.996555780951657,2156122.123567003,0.0
903420,0.0,0.0,0.996555780951657,2155340.577635595,0.0
903480,0.0,0.0,0.996555780951657,2156228.277460189,0.0
903540,0.0,0.0,0.996555780951657,2152207.826316751,0.0
903600,0.0,0.0,0.996555780951657,2152062.392277865,0.0
903660,0.0,0.0,0.996555780951657,2154471.4005884863,0.0
903720,0.0,0.0,0.996555780951657,2155722.3876712816,0.0
903780,0.0,0.0,0.996555780951657,2155753.4743305636,0.0
903840,0.0,0.0,0.996555780951657,2151814.8107530563,0.0
903900,0.0,0.0,0.996555780951657,2152526.687038857,0.0
903960,0.0,0.0,0.996555780951657,2154722.1742802793,0.0
904020,0.0,0.0,0.996555780951657,2155318.0078711933,0.0
904080,0.0,0.0,0.996555780951657,2156085.384684066,0.0
904140,0.0,0.0,0.996555780951657,2151675.28789805,0.0
904200,0.0,0.0,0.996555780951657,2153287.277726675,0.0
904260,0.0,0.0,0.996555780951657,2152499.71945076,0.0
904320,0.0,0.0,0.996555780951657,2154360.2041624915,0.0
904380,0.0,0.0,0.996555780951657,2157781.062872838,0.0
904440,0.0,0.0,0.996555780951657,2154345.017870626,0.0
904500,0.0,0.0,0.996555780951657,2153251.2760441415,0.0
904560,0.0,0.0,0.996555780951657,2151985.999264092,0.0
904620,0.0,0.0,0.996555780951657,2153898.354063877,0.0
904680,0.0,0.0,0.996555780951657,2155810.311640172,0.0
904740,0.0,0.0,0.996555780951657,2155851.903284939,0.0
904800,0.0,0.0,0.996555780951657,2151070.452959899,0.0
904860,0.0,0.0,0.996555780951657,2152456.5067459736,0.0
904920,0.0,0.0,0.996555780951657,2153866.0569501985,0.0
904980,0.0,0.0,0.996555780951657,2156276.722479951,0.0
905040,0.0,0.0,0.996555780951657,2155569.179781267,0.0
905100,0.0,0.0,0.996555780951657,2154175.0462829224,0.0
905160,0.0,0.0,0.996555780951657,2149565.88832855,0.0
905220,0.0,0.0,0.996555780951657,2152821.9378538514,0.0
905280,0.0,0.0,0.996555780951657,2156536.4136799937,0.0
905340,0.0,0.0,0.996555780951657,2155171.2679305137,0.0
905400,0.0,0.0,0.996555780951657,2156440.768959357,0.0
905460,0.0,0.0,0.996555780951657,2152185.3610395496,0.0
905520,0.0,0.0,0.996555780951657,2152175.2275572903,0.0
905580,0.0,0.0,0.996555780951657,2154570.6226808,0.0
905640,0.0,0.0,0.996555780951657,2155666.822474214,0.0
905700,0.0,0.0,0.996555780951657,2154102.698320781,0.0
905760,0.0,0.0,0.996555780951657,2154283.249453627,0.0
905820,0.0,0.0,0.996555780951657,2150509.047445283,0.0
905880,0.0,0.0,0.996555780951657,2153340.634829597,0.0
905940,0.0,0.0,0.996555780951657,2157042.6833238727,0.0
906000,0.0,0.0,0.996555780951657,2155228.7223248123,0.0
906060,0.0,0.0,0.996555780951657,2155013.9974172004,0.0
906120,0.0,0.0,0.996555780951657,2151491.1232251273,0.0
906180,0.0,0.0,0.996555780951657,2152602.664344538,0.0
906240,0.0,0.0,0.996555780951657,2157565.983595643,0.0
906300,0.0,0.0,0.996555780951657,2155211.210265921,0.0
906360,0.0,0.0,0.996555780951657,2155953.490883649,0.0
906420,0.0,0.0,0.996555780951657,2148710.9976315056,0.0
906480,0.0,0.0,0.996555780951657,2152118.7396094804,0.0
906540,0.0,0.0,0.996555780951657,2153951.307907079,0.0
906600,0.0,0.0,0.996555780951657,2155645.1224931604,0.0
906660,0.0,0.0,0.996555780951657,2155796.4266574252,0.0
906720,0.0,0.0,0.996555780951657,2150638.453643323,0.0
906780,0.0,0.0,0.996555780951657,2152632.502169319,0.0
906840,0.0,0.0,0.996555780951657,2154110.375126208,0.0
906900,0.0,0.0,0.996555780951657,2154937.672400968,0.0
906960,0.0,0.0,0.996555780951657,2157466.6285268757,0.0
907020,0.0,0.0,0.996555780951657,2153546.687205181,0.0
907080,0.0,0.0,0.996555780951657,2152282.000045092,0.0
907140,0.0,0.0,0.996555780951657,2152922.1933968943,0.0
907200,0.0,0.0,0.996555780951657,2154756.2207182515,0.0
907260,0.0,0.0,0.996555780951657,2155585.1739999047,0.0
907320,0.0,0.0,0.996555780951657,2155373.9861630895,0.0
907380,0.0,0.0,0.996555780951657,2150155.3299317705,0.0
907440,0.0,0.0,0.996555780951657,2152091.843910413,0.0
907500,0.0,0.0,0.996555780951657,2153904.6455761017,0.0
907560,0.0,0.0,0.996555780951657,2158507.655262417,0.0
907620,0.0,0.0,0.996555780951657,2153341.570770636,0.0
907680,0.0,0.0,0.996555780951657,2154417.308608845,0.0
907740,0.0,0.0,0.996555780951657,2150413.688691543,0.0
907800,0.0,0.0,0.996555780951657,2153370.2212502183,0.0
907860,0.0,0.0,0.996555780951657,2157258.2016303684,0.0
907920,0.0,0.0,0.996555780951657,2155088.2727815583,0.0
907980,0.0,0.0,0.996555780951657,2155126.6339975907,0.0
908040,0.0,0.0,0.996555780951657,2151508.3341206224,0.0
908100,0.0,0.0,0.996555780951657,2152696.290280528,0.0
908160,0.0,0.0,0.996555780951657,2155352.3309774436,0.0
908220,0.0,0.0,0.996555780951657,2155983.810400816,0.0
908280,0.0,0.0,0.996555780951657,2152920.274382601,0.0
908340,0.0,0.0,0.996555780951657,2153430.1841905518,0.0
908400,0.0,0.0,0.996555780951657,2151717.3627547757,0.0
908460,0.0,0.0,0.996555780951657,2154067.309076207,0.0
908520,0.0,0.0,0.996555780951657,2157498.717335819,0.0
908580,0.0,0.0,0.996555780951657,2154796.126126817,0.0
908640,0.0,0.0,0.996555780951657,2153739.6336673903,0.0
908700,0.0,0.0,0.996555780951657,2150709.183913191,0.0
908760,0.0,0.0,0.996555780951657,2153540.515527212,0.0
908820,0.0,0.0,0.996555780951657,2156137.4944730946,0.0
908880,0.0,0.0,0.996555780951657,2155053.7245482067,0.0
908940,0.0,0.0,0.996555780951657,2153671.1464217813,0.0
909000,0.0,0.0,0.996555780951657,2152174.147556019,0.0
909060,0.0,0.0,0.996555780951657,2153028.010458587,0.0
909120,0.0,0.0,0.996555780951657,2154668.903181082,0.0
909180,0.0,0.0,0.996555780951657,2155365.513037783,0.0
909240,0.0,0.0,0.996555780951657,2155384.6168299816,0.0
909300,0.0,0.0,0.996555780951657,2149827.5606149426,0.0
909360,0.0,0.0,0.996555780951657,2152575.8721674164,0.0
909420,0.0,0.0,0.996555780951657,2155520.1786395763,0.0
909480,0.0,0.0,0.996555780951657,2155284.4086188814,0.0
909540,0.0,0.0,0.996555780951657,2156717.2527281446,0.0
909600,0.0,0.0,0.996555780951657,2152643.143136111,0.0
909660,0.0,0.0,0.996555780951657,2151966.3657675995,0.0
909720,0.0,0.0,0.996555780951657,2153976.4645430995,0.0
909780,0.0,0.0,0.996555780951657,2155462.9436928527,0.0
909840,0.0,0.0,0.996555780951657,2156489.22443548,0.0
909900,0.0,0.0,0.996555780951657,2152344.2319702995,0.0
909960,0.0,0.0,0.996555780951657,2152807.1007506126,0.0
910020,0.0,0.0,0.996555780951657,2153816.965889186,0.0
910080,0.0,0.0,0.996555780951657,2155124.3040614813,0.0
910140,0.0,0.0,0.996555780951657,2156045.61007621,0.0
910200,0.0,0.0,0.996555780951657,2152337.5887090676,0.0
910260,0.0,0.0,0.996555780951657,2153639.9919844484,0.0
910320,0.0,0.0,0.996555780951657,2151774.4445860023,0.0
910380,0.0,0.0,0.996555780951657,2154047.2443878017,0.0
910440,0.0,0.0,0.996555780951657,2157736.06184702,0.0
910500,0.0,0.0,0.996555780951657,2154652.8731587725,0.0
910560,0.0,0.0,0.996555780951657,2153820.218105622,0.0
910620,0.0,0.0,0.996555780951657,2151670.7213796885,0.0
910680,0.0,0.0,0.996555780951657,2153485.4980269135,0.0
910740,0.0,0.0,0.996555780951657,2155767.92768077,0.0
910800,0.0,0.0,0.996555780951657,2155973.2565310616,0.0
910860,0.0,0.0,0.996555780951657,2151662.868850911,0.0
910920,0.0,0.0,0.996555780951657,2152690.5992923924,0.0
910980,0.0,0.0,0.996555780951657,2153155.4143662564,0.0
911040,0.0,0.0,0.996555780951657,2154745.102830879,0.0
911100,0.0,0.0,0.996555780951657,2157478.1813203725,0.0
911160,0.0,0.0,0.996555780951657,2151543.1488498836,0.0
911220,0.0,0.0,0.996555780951657,2152938.5344580053,0.0
911280,0.0,0.0,0.996555780951657,2151922.190960194,0.0
911340,0.0,0.0,0.996555780951657,2156611.5601803404,0.0
911400,0.0,0.0,0.996555780951657,2155219.212806262,0.0
911460,0.0,0.0,0.996555780951657,2156837.5067160963,0.0
911520,0.0,0.0,0.996555780951657,2152580.4195479727,0.0
911580,0.0,0.0,0.996555780951657,2152136.615262104,0.0
911640,0.0,0.0,0.996555780951657,2154064.264522841,0.0
911700,0.0,0.0,0.996555780951657,2155405.7522134674,0.0
911760,0.0,0.0,0.996555780951657,2154618.0957477526,0.0
911820,0.0,0.0,0.996555780951657,2154697.482628449,0.0
911880,0.0,0.0,0.996555780951657,2150083.823515604,0.0
911940,0.0,0.0,0.996555780951657,2153007.869491222,0.0
912000,0.0,0.0,0.996555780951657,2156625.41338484,0.0
912060,0.0,0.0,0.996555780951657,2155331.867748562,0.0
912120,0.0,0.0,0.996555780951657,2155644.479618117,0.0
912180,0.0,0.0,0.996555780951657,2151802.1712939446,0.0
912240,0.0,0.0,0.996555780951657,2152276.9489975986,0.0
912300,0.0,0.0,0.996555780951657,2157084.4787870995,0.0
912360,0.0,0.0,0.996555780951657,2155267.996475924,0.0
912420,0.0,0.0,0.996555780951657,2156302.3871465097,0.0
912480,0.0,0.0,0.996555780951657,2148809.92584026,0.0
912540,0.0,0.0,0.996555780951657,2151822.3712114934,0.0
912600,0.0,0.0,0.996555780951657,2153508.718283279,0.0
912660,0.0,0.0,0.996555780951657,2155649.8481186563,0.0
912720,0.0,0.0,0.996555780951657,2155894.6535995016,0.0
912780,0.0,0.0,0.996555780951657,2151239.204519172,0.0
912840,0.0,0.0,0.996555780951657,2152883.9492294374,0.0
912900,0.0,0.0,0.996555780951657,2153342.985703052,0.0
912960,0.0,0.0,0.996555780951657,2154684.6989000873,0.0
913020,0.0,0.0,0.996555780951657,2157665.5017274255,0.0
913080,0.0,0.0,0.996555780951657,2153962.254077412,0.0
913140,0.0,0.0,0.996555780951657,2152682.804262705,0.0
913200,0.0,0.0,0.996555780951657,2152428.4131476926,0.0
913260,0.0,0.0,0.996555780951657,2154350.793243241,0.0
913320,0.0,0.0,0.996555780951657,2155758.5994658745,0.0
913380,0.0,0.0,0.996555780951657,2155643.513431747,0.0
913440,0.0,0.0,0.996555780951657,2150552.7416361445,0.0
913500,0.0,0.0,0.996555780951657,2151488.1871385747,0.0
913560,0.0,0.0,0.996555780951657,2153549.2190511012,0.0
913620,0.0,0.0,0.996555780951657,2158472.2605367815,0.0
913680,0.0,0.0,0.996555780951657,2153890.536161997,0.0
913740,0.0,0.0,0.996555780951657,2154795.1295141787,0.0
913800,0.0,0.0,0.996555780951657,2149900.9097221117,0.0
913860,0.0,0.0,0.996555780951657,2153093.4493660997,0.0
913920,0.0,0.0,0.996555780951657,2156857.959027858,0.0
913980,0.0,0.0,0.996555780951657,2155191.723293471,0.0
914040,0.0,0.0,0.996555780951657,2155728.1467834455,0.0
914100,0.0,0.0,0.996555780951657,2151753.4231447554,0.0
914160,0.0,0.0,0.996555780951657,2152400.5040207785,0.0
914220,0.0,0.0,0.996555780951657,2155022.146486656,0.0
914280,0.0,0.0,0.996555780951657,2155880.607101436,0.0
914340,0.0,0.0,0.996555780951657,2153526.3121282323,0.0
914400,0.0,0.0,0.996555780951657,2153821.688191184,0.0
914460,0.0,0.0,0.996555780951657,2151097.664122346,0.0
914520,0.0,0.0,0.996555780951657,2153718.1605117857,0.0
914580,0.0,0.0,0.996555780951657,2157327.1218660516,0.0
914640,0.0,0.0,0.996555780951657,2155048.2146643293,0.0
914700,0.0,0.0,0.996555780951657,2154333.8601004984,0.0
914760,0.0,0.0,0.996555780951657,2149947.9985846137,0.0
914820,0.0,0.0,0.996555780951657,2153167.9159783614,0.0
914880,0.0,0.0,0.996555780951657,2155774.232876985,0.0
914940,0.0,0.0,0.996555780951657,2155766.1350693568,0.0
915000,0.0,0.0,0.996555780951657,2154041.108667456,0.0
915060,0.0,0.0,0.996555780951657,2152532.297033909,0.0
915120,0.0,0.0,0.996555780951657,2152549.9771792,0.0
915180,0.0,0.0,0.996555780951657,2154305.6414946048,0.0
915240,0.0,0.0,0.996555780951657,2155578.7333878763,0.0
915300,0.0,0.0,0.996555780951657,2155621.81308728,0.0
915360,0.0,0.0,0.996555780951657,2150089.169963917,0.0
915420,0.0,0.0,0.996555780951657,2152511.571058408,0.0
915480,0.0,0.0,0.996555780951657,2154881.017425535,0.0
915540,0.0,0.0,0.996555780951657,2155168.5434427112,0.0
915600,0.0,0.0,0.996555780951657,2157097.085260961,0.0
915660,0.0,0.0,0.996555780951657,2153069.554923171,0.0
915720,0.0,0.0,0.996555780951657,2152009.202350675,0.0
915780,0.0,0.0,0.996555780951657,2153479.925698176,0.0
915840,0.0,0.0,0.996555780951657,2155164.084163596,0.0
915900,0.0,0.0,0.996555780951657,2157095.898539199,0.0
915960,0.0,0.0,0.996555780951657,2152853.7950075474,0.0
916020,0.0,0.0,0.996555780951657,2153155.9969346067,0.0
916080,0.0,0.0,0.996555780951657,2152912.220500708,0.0
916140,0.0,0.0,0.996555780951657,2154859.1639556494,0.0
916200,0.0,0.0,0.996555780951657,2155942.7394817797,0.0
916260,0.0,0.0,0.996555780951657,2152969.497039121,0.0
916320,0.0,0.0,0.996555780951657,2153987.8810340585,0.0
916380,0.0,0.0,0.996555780951657,2151131.79378646,0.0
916440,0.0,0.0,0.996555780951657,2153738.452058006,0.0
916500,0.0,0.0,0.996555780951657,2157579.1773054274,0.0
916560,0.0,0.0,0.996555780951657,2154895.165239907,0.0
916620,0.0,0.0,0.996555780951657,2154394.779038055,0.0
916680,0.0,0.0,0.996555780951657,2151494.5013341964,0.0
916740,0.0,0.0,0.996555780951657,2153103.787979283,0.0
916800,0.0,0.0,0.996555780951657,2155633.3634800063,0.0
916860,0.0,0.0,0.996555780951657,2156024.1664594156,0.0
916920,0.0,0.0,0.996555780951657,2152269.8676010757,0.0
916980,0.0,0.0,0.996555780951657,2152987.0715270527,0.0
917040,0.0,0.0,0.996555780951657,2152473.7661019634,0.0
917100,0.0,0.0,0.996555780951657,2154453.2261774684,0.0
917160,0.0,0.0,0.996555780951657,2157529.8154105702,0.0
917220,0.0,0.0,0.996555780951657,2152316.2847351814,0.0
917280,0.0,0.0,0.996555780951657,2153286.701416297,0.0
917340,0.0,0.0,0.996555780951657,2151537.0965599385,0.0
917400,0.0,0.0,0.996555780951657,2156102.3702643965,0.0
917460,0.0,0.0,0.996555780951657,2155105.2062006993,0.0
917520,0.0,0.0,0.996555780951657,2157255.4253566065,0.0
917580,0.0,0.0,0.996555780951657,2152978.6569188884,0.0
917640,0.0,0.0,0.996555780951657,2152195.7721042847,0.0
917700,0.0,0.0,0.996555780951657,2153594.5205714763,0.0
917760,0.0,0.0,0.996555780951657,2155126.3659770475,0.0
917820,0.0,0.0,0.996555780951657,2155020.554586121,0.0
917880,0.0,0.0,0.996555780951657,2155022.402057419,0.0
917940,0.0,0.0,0.996555780951657,2149882.6639576047,0.0
918000,0.0,0.0,0.996555780951657,2152760.1934951353,0.0
918060,0.0,0.0,0.996555780951657,2156153.843239172,0.0
918120,0.0,0.0,0.996555780951657,2155362.1809145957,0.0
918180,0.0,0.0,0.996555780951657,2156146.763194206,0.0
918240,0.0,0.0,0.996555780951657,2152165.169724703,0.0
918300,0.0,0.0,0.996555780951657,2152065.43046913,0.0
918360,0.0,0.0,0.996555780951657,2156495.911872795,0.0
918420,0.0,0.0,0.996555780951657,2155251.0044156015,0.0
918480,0.0,0.0,0.996555780951657,2156537.774499785,0.0
918540,0.0,0.0,0.996555780951657,2149268.2599336556,0.0
918600,0.0,0.0,0.996555780951657,2151679.660946462,0.0
918660,0.0,0.0,0.996555780951657,2153128.1938399756,0.0
918720,0.0,0.0,0.996555780951657,2155563.514360829,0.0
918780,0.0,0.0,0.996555780951657,2155923.6349581154,0.0
918840,0.0,0.0,0.996555780951657,2151844.3579712217,0.0
918900,0.0,0.0,0.996555780951657,2153161.967237239,0.0
918960,0.0,0.0,0.996555780951657,2152640.015043136,0.0
919020,0.0,0.0,0.996555780951657,2154423.416710144,0.0
919080,0.0,0.0,0.996555780951657,2157731.8121350547,0.0
919140,0.0,0.0,0.996555780951657,2154307.888462172,0.0
919200,0.0,0.0,0.996555780951657,2153133.459434147,0.0
919260,0.0,0.0,0.996555780951657,2152030.462532433,0.0
919320,0.0,0.0,0.996555780951657,2153966.764575523,0.0
919380,0.0,0.0,0.996555780951657,2155828.2129671318,0.0
919440,0.0,0.0,0.996555780951657,2155831.613498865,0.0
919500,0.0,0.0,0.996555780951657,2151054.222947994,0.0
919560,0.0,0.0,0.996555780951657,2152405.493350366,0.0
919620,0.0,0.0,0.996555780951657,2153937.7989470586,0.0
919680,0.0,0.0,0.996555780951657,2156288.1706528463,0.0
919740,0.0,0.0,0.996555780951657,2155579.5499759107,0.0
919800,0.0,0.0,0.996555780951657,2154077.6858157804,0.0
919860,0.0,0.0,0.996555780951657,2149640.828023687,0.0
919920,0.0,0.0,0.996555780951657,2152829.6675378294,0.0
919980,0.0,0.0,0.996555780951657,2156558.8376831887,0.0
920040,0.0,0.0,0.996555780951657,2155193.1642109477,0.0
920100,0.0,0.0,0.996555780951657,2156355.138446173,0.0
920160,0.0,0.0,0.996555780951657,2152145.3422696646,0.0
920220,0.0,0.0,0.996555780951657,2152175.9784651524,0.0
920280,0.0,0.0,0.996555780951657,2154606.264890328,0.0
920340,0.0,0.0,0.996555780951657,2155698.098856737,0.0
920400,0.0,0.0,0.996555780951657,2154101.223214481,0.0
920460,0.0,0.0,0.996555780951657,2154234.2168198437,0.0
920520,0.0,0.0,0.996555780951657,2150553.5384663814,0.0
920580,0.0,0.0,0.996555780951657,2153362.84011112,0.0
920640,0.0,0.0,0.996555780951657,2157041.3226456563,0.0
920700,0.0,0.0,0.996555780951657,2155234.813180518,0.0
920760,0.0,0.0,0.996555780951657,2154954.6129662083,0.0
920820,0.0,0.0,0.996555780951657,2149304.455609849,0.0
920880,0.0,0.0,0.996555780951657,2152815.408339163,0.0
920940,0.0,0.0,0.996555780951657,2155332.975577991,0.0
921000,0.0,0.0,0.996555780951657,2156384.904013204,0.0
921060,0.0,0.0,0.996555780951657,2154382.4684984903,0.0
921120,0.0,0.0,0.996555780951657,2153028.5449003885,0.0
921180,0.0,0.0,0.996555780951657,2152111.6923424015,0.0
921240,0.0,0.0,0.996555780951657,2153915.423656759,0.0
921300,0.0,0.0,0.996555780951657,2155690.326062146,0.0
921360,0.0,0.0,0.996555780951657,2155805.7054018676,0.0
921420,0.0,0.0,0.996555780951657,2150585.1157461414,0.0
921480,0.0,0.0,0.996555780951657,2152580.233614403,0.0
921540,0.0,0.0,0.996555780951657,2154178.693222871,0.0
921600,0.0,0.0,0.996555780951657,2154985.9842367815,0.0
921660,0.0,0.0,0.996555780951657,2157399.5515379203,0.0
921720,0.0,0.0,0.996555780951657,2153501.047932993,0.0
921780,0.0,0.0,0.996555780951657,2152221.446276892,0.0
921840,0.0,0.0,0.996555780951657,2152970.3587496914,0.0
921900,0.0,0.0,0.996555780951657,2154810.626702566,0.0
921960,0.0,0.0,0.996555780951657,2155586.951441798,0.0
922020,0.0,0.0,0.996555780951657,2155335.6546192914,0.0
922080,0.0,0.0,0.996555780951657,2150171.3324427423,0.0
922140,0.0,0.0,0.996555780951657,2152138.5678672274,0.0
922200,0.0,0.0,0.996555780951657,2153946.3870852143,0.0
922260,0.0,0.0,0.996555780951657,2158442.5588516905,0.0
922320,0.0,0.0,0.996555780951657,2153356.3843545876,0.0
922380,0.0,0.0,0.996555780951657,2154360.996994613,0.0
922440,0.0,0.0,0.996555780951657,2150473.2970615486,0.0
922500,0.0,0.0,0.996555780951657,2153392.500708218,0.0
922560,0.0,0.0,0.996555780951657,2157255.5770587814,0.0
922620,0.0,0.0,0.996555780951657,2155094.4637111793,0.0
922680,0.0,0.0,0.996555780951657,2155057.03501462,0.0
922740,0.0,0.0,0.996555780951657,2151494.8538181884,0.0
922800,0.0,0.0,0.996555780951657,2152713.169409091,0.0
922860,0.0,0.0,0.996555780951657,2155373.3334625657,0.0
922920,0.0,0.0,0.996555780951657,2155997.050881314,0.0
922980,0.0,0.0,0.996555780951657,2152927.1173513695,0.0
923040,0.0,0.0,0.996555780951657,2153388.0313413963,0.0
923100,0.0,0.0,0.996555780951657,2151747.6332283937,0.0
923160,0.0,0.0,0.996555780951657,2154089.3214547653,0.0
923220,0.0,0.0,0.996555780951657,2157481.953444789,0.0
923280,0.0,0.0,0.996555780951657,2153116.082586948,0.0
923340,0.0,0.0,0.996555780951657,2153695.3767553098,0.0
923400,0.0,0.0,0.996555780951657,2151220.1913754526,0.0
923460,0.0,0.0,0.996555780951657,2155437.0868625673,0.0
923520,0.0,0.0,0.996555780951657,2154909.0092790457,0.0
923580,0.0,0.0,0.996555780951657,2157638.0380678014,0.0
923640,0.0,0.0,0.996555780951657,2153411.4741092,0.0
923700,0.0,0.0,0.996555780951657,2152439.2702022963,0.0
923760,0.0,0.0,0.996555780951657,2153071.961275463,0.0
923820,0.0,0.0,0.996555780951657,2154767.7022045255,0.0
923880,0.0,0.0,0.996555780951657,2155353.29263491,0.0
923940,0.0,0.0,0.996555780951657,2155340.4266723064,0.0
924000,0.0,0.0,0.996555780951657,2149867.1183750075,0.0
924060,0.0,0.0,0.996555780951657,2152570.790152786,0.0
924120,0.0,0.0,0.996555780951657,2155565.4877953124,0.0
924180,0.0,0.0,0.996555780951657,2155313.6795599046,0.0
924240,0.0,0.0,0.996555780951657,2156641.527240773,0.0
924300,0.0,0.0,0.996555780951657,2152599.560707462,0.0
924360,0.0,0.0,0.996555780951657,2151953.062783837,0.0
924420,0.0,0.0,0.996555780951657,2155765.9177580005,0.0
924480,0.0,0.0,0.996555780951657,2155142.7849695235,0.0
924540,0.0,0.0,0.996555780951657,2156717.9689855333,0.0
924600,0.0,0.0,0.996555780951657,2149955.803433765,0.0
924660,0.0,0.0,0.996555780951657,2151705.365366728,0.0
924720,0.0,0.0,0.996555780951657,2152748.6079911697,0.0
924780,0.0,0.0,0.996555780951657,2155365.857028174,0.0
924840,0.0,0.0,0.996555780951657,2155885.1794173224,0.0
924900,0.0,0.0,0.996555780951657,2152487.68068951,0.0
924960,0.0,0.0,0.996555780951657,2153514.062345743,0.0
925020,0.0,0.0,0.996555780951657,2151909.83897186,0.0
925080,0.0,0.0,0.996555780951657,2154110.813886953,0.0
925140,0.0,0.0,0.996555780951657,2157703.412768842,0.0
925200,0.0,0.0,0.996555780951657,2154627.001599602,0.0
925260,0.0,0.0,0.996555780951657,2153690.9709076514,0.0
925320,0.0,0.0,0.996555780951657,2151699.1245592698,0.0
925380,0.0,0.0,0.996555780951657,2153550.2422887785,0.0
925440,0.0,0.0,0.996555780951657,2155795.61744811,0.0
925500,0.0,0.0,0.996555780951657,2155966.6809000354,0.0
925560,0.0,0.0,0.996555780951657,2151639.958171146,0.0
925620,0.0,0.0,0.996555780951657,2152619.172041148,0.0
925680,0.0,0.0,0.996555780951657,2153233.3029863383,0.0
925740,0.0,0.0,0.996555780951657,2156159.9659993807,0.0
925800,0.0,0.0,0.996555780951657,2155594.4162364164,0.0
925860,0.0,0.0,0.996555780951657,2154857.358667083,0.0
925920,0.0,0.0,0.996555780951657,2149342.0013234224,0.0
925980,0.0,0.0,0.996555780951657,2152668.129345623,0.0
926040,0.0,0.0,0.996555780951657,2155983.4909127923,0.0
926100,0.0,0.0,0.996555780951657,2155159.704911039,0.0
926160,0.0,0.0,0.996555780951657,2156827.100354899,0.0
926220,0.0,0.0,0.996555780951657,2152541.3763443944,0.0
926280,0.0,0.0,0.996555780951657,2152069.423048189,0.0
926340,0.0,0.0,0.996555780951657,2154157.6219264027,0.0
926400,0.0,0.0,0.996555780951657,2155469.3490852807,0.0
926460,0.0,0.0,0.996555780951657,2154592.936130894,0.0
926520,0.0,0.0,0.996555780951657,2154607.704613118,0.0
926580,0.0,0.0,0.996555780951657,2150165.5471391235,0.0
926640,0.0,0.0,0.996555780951657,2153050.0787992133,0.0
926700,0.0,0.0,0.996555780951657,2156663.905794975,0.0
926760,0.0,0.0,0.996555780951657,2155345.1859821714,0.0
926820,0.0,0.0,0.996555780951657,2155519.7684147563,0.0
926880,0.0,0.0,0.996555780951657,2148884.8635196174,0.0
926940,0.0,0.0,0.996555780951657,2152532.573340421,0.0
927000,0.0,0.0,0.996555780951657,2154861.539708033,0.0
927060,0.0,0.0,0.996555780951657,2156857.0917909644,0.0
927120,0.0,0.0,0.996555780951657,2154663.721368311,0.0
927180,0.0,0.0,0.996555780951657,2153579.090623103,0.0
927240,0.0,0.0,0.996555780951657,2151773.6672219518,0.0
927300,0.0,0.0,0.996555780951657,2153543.2347243964,0.0
927360,0.0,0.0,0.996555780951657,2155700.653979966,0.0
927420,0.0,0.0,0.996555780951657,2155920.656784097,0.0
927480,0.0,0.0,0.996555780951657,2151150.269552997,0.0
927540,0.0,0.0,0.996555780951657,2152780.6984807993,0.0
927600,0.0,0.0,0.996555780951657,2153474.093060187,0.0
927660,0.0,0.0,0.996555780951657,2154762.4455662323,0.0
927720,0.0,0.0,0.996555780951657,2157589.9084089766,0.0
927780,0.0,0.0,0.996555780951657,2153896.4547173856,0.0
927840,0.0,0.0,0.996555780951657,2152565.8987175724,0.0
927900,0.0,0.0,0.996555780951657,2152502.167861054,0.0
927960,0.0,0.0,0.996555780951657,2154438.6964948727,0.0
928020,0.0,0.0,0.996555780951657,2155764.4453513264,0.0
928080,0.0,0.0,0.996555780951657,2155597.8622938995,0.0
928140,0.0,0.0,0.996555780951657,2150532.1417217236,0.0
928200,0.0,0.0,0.996555780951657,2151568.383319895,0.0
928260,0.0,0.0,0.996555780951657,2153610.508889459,0.0
928320,0.0,0.0,0.996555780951657,2158403.4629831407,0.0
928380,0.0,0.0,0.996555780951657,2153890.270414246,0.0
928440,0.0,0.0,0.996555780951657,2154716.235932626,0.0
928500,0.0,0.0,0.996555780951657,2149991.9539606767,0.0
928560,0.0,0.0,0.996555780951657,2153122.1431392436,0.0
928620,0.0,0.0,0.996555780951657,2156883.186651164,0.0
928680,0.0,0.0,0.996555780951657,2155204.6535154046,0.0
928740,0.0,0.0,0.996555780951657,2155617.2261785646,0.0
928800,0.0,0.0,0.996555780951657,2151706.7537446334,0.0
928860,0.0,0.0,0.996555780951657,2152422.583557922,0.0
928920,0.0,0.0,0.996555780951657,2155065.5606761454,0.0
928980,0.0,0.0,0.996555780951657,2155909.60235562,0.0
929040,0.0,0.0,0.996555780951657,2153511.7447028127,0.0
929100,0.0,0.0,0.996555780951657,2153754.074979936,0.0
929160,0.0,0.0,0.996555780951657,2151160.1468658755,0.0
929220,0.0,0.0,0.996555780951657,2153756.4895998677,0.0
929280,0.0,0.0,0.996555780951657,2157320.5147870877,0.0
929340,0.0,0.0,0.996555780951657,2153830.3069636086,0.0
929400,0.0,0.0,0.996555780951657,2154045.8912019297,0.0
929460,0.0,0.0,0.996555780951657,2151063.0317748706,0.0
929520,0.0,0.0,0.996555780951657,2154720.5189597295,0.0
929580,0.0,0.0,0.996555780951657,2154695.770744765,0.0
929640,0.0,0.0,0.996555780951657,2157865.3337104865,0.0
929700,0.0,0.0,0.996555780951657,2153782.0417742175,0.0
929760,0.0,0.0,0.996555780951657,2152783.2772446075,0.0
929820,0.0,0.0,0.996555780951657,2152615.3064167234,0.0
929880,0.0,0.0,0.996555780951657,2154419.328828832,0.0
929940,0.0,0.0,0.996555780951657,2155575.021711604,0.0
930000,0.0,0.0,0.996555780951657,2155577.6407137644,0.0
930060,0.0,0.0,0.996555780951657,2150104.592634352,0.0
930120,0.0,0.0,0.996555780951657,2152484.5358826695,0.0
930180,0.0,0.0,0.996555780951657,2154958.79573396,0.0
930240,0.0,0.0,0.996555780951657,2155213.043930257,0.0
930300,0.0,0.0,0.996555780951657,2157010.0172802974,0.0
930360,0.0,0.0,0.996555780951657,2153011.326855446,0.0
930420,0.0,0.0,0.996555780951657,2151971.135668706,0.0
930480,0.0,0.0,0.996555780951657,2153539.4459666493,0.0
930540,0.0,0.0,0.996555780951657,2155221.2601747317,0.0
930600,0.0,0.0,0.996555780951657,2157008.7006505346,0.0
930660,0.0,0.0,0.996555780951657,2152826.6959969252,0.0
930720,0.0,0.0,0.996555780951657,2153071.827928326,0.0
930780,0.0,0.0,0.996555780951657,2152980.394699005,0.0
930840,0.0,0.0,0.996555780951657,2154904.332705655,0.0
930900,0.0,0.0,0.996555780951657,2155973.1101296255,0.0
930960,0.0,0.0,0.996555780951657,2152965.88732095,0.0
931020,0.0,0.0,0.996555780951657,2153923.88550061,0.0
931080,0.0,0.0,0.996555780951657,2151196.830396281,0.0
931140,0.0,0.0,0.996555780951657,2153772.6170118987,0.0
931200,0.0,0.0,0.996555780951657,2157565.9589929758,0.0
931260,0.0,0.0,0.996555780951657,2154891.6454447927,0.0
931320,0.0,0.0,0.996555780951657,2154317.993340979,0.0
931380,0.0,0.0,0.996555780951657,2151495.68015232,0.0
931440,0.0,0.0,0.996555780951657,2153133.08959868,0.0
931500,0.0,0.0,0.996555780951657,2155654.4672095175,0.0
931560,0.0,0.0,0.996555780951657,2156030.1188031575,0.0
931620,0.0,0.0,0.996555780951657,2152271.732158226,0.0
931680,0.0,0.0,0.996555780951657,2152939.7474931898,0.0
931740,0.0,0.0,0.996555780951657,2152510.0076316893,0.0
931800,0.0,0.0,0.996555780951657,2155900.3928951006,0.0
931860,0.0,0.0,0.996555780951657,2155538.6761449054,0.0
931920,0.0,0.0,0.996555780951657,2155646.5970548936,0.0
931980,0.0,0.0,0.996555780951657,2149308.825530347,0.0
932040,0.0,0.0,0.996555780951657,2152605.3716803594,0.0
932100,0.0,0.0,0.996555780951657,2155314.238843299,0.0
932160,0.0,0.0,0.996555780951657,2155057.1762662716,0.0
932220,0.0,0.0,0.996555780951657,2157239.069782079,0.0
932280,0.0,0.0,0.996555780951657,2152964.8312084354,0.0
932340,0.0,0.0,0.996555780951657,2152093.3396493862,0.0
932400,0.0,0.0,0.996555780951657,2153662.4440809386,0.0
932460,0.0,0.0,0.996555780951657,2155178.225397176,0.0
932520,0.0,0.0,0.996555780951657,2155015.694121651,0.0
932580,0.0,0.0,0.996555780951657,2154965.5436417577,0.0
932640,0.0,0.0,0.996555780951657,2149930.3029356645,0.0
932700,0.0,0.0,0.996555780951657,2152776.203195976,0.0
932760,0.0,0.0,0.996555780951657,2156187.554397754,0.0
932820,0.0,0.0,0.996555780951657,2155383.4850131655,0.0
932880,0.0,0.0,0.996555780951657,2156060.433660199,0.0
932940,0.0,0.0,0.996555780951657,2152119.3037203257,0.0
933000,0.0,0.0,0.996555780951657,2152071.4911356685,0.0
933060,0.0,0.0,0.996555780951657,2156487.8733022683,0.0
933120,0.0,0.0,0.996555780951657,2155280.0735669103,0.0
933180,0.0,0.0,0.996555780951657,2156503.6420343798,0.0
933240,0.0,0.0,0.996555780951657,2149327.0777686317,0.0
933300,0.0,0.0,0.996555780951657,2151677.426545355,0.0
933360,0.0,0.0,0.996555780951657,2153164.100194538,0.0
933420,0.0,0.0,0.996555780951657,2155587.830266154,0.0
933480,0.0,0.0,0.996555780951657,2155933.261561399,0.0
933540,0.0,0.0,0.996555780951657,2151850.068207989,0.0
933600,0.0,0.0,0.996555780951657,2153110.3669684846,0.0
933660,0.0,0.0,0.996555780951657,2152681.876287441,0.0
933720,0.0,0.0,0.996555780951657,2154453.3119415166,0.0
933780,0.0,0.0,0.996555780951657,2157702.5538358395,0.0
933840,0.0,0.0,0.996555780951657,2154296.846809942,0.0
933900,0.0,0.0,0.996555780951657,2153083.401182667,0.0
933960,0.0,0.0,0.996555780951657,2152043.294084104,0.0
934020,0.0,0.0,0.996555780951657,2153993.613235364,0.0
934080,0.0,0.0,0.996555780951657,2155840.33202478,0.0
934140,0.0,0.0,0.996555780951657,2155824.6572684674,0.0
934200,0.0,0.0,0.996555780951657,2151134.024481631,0.0
934260,0.0,0.0,0.996555780951657,2151038.4169351766,0.0
934320,0.0,0.0,0.996555780951657,2153251.372207599,0.0
934380,0.0,0.0,0.996555780951657,2158238.8826161185,0.0
934440,0.0,0.0,0.996555780951657,2154376.5422020354,0.0
934500,0.0,0.0,0.996555780951657,2155088.757553371,0.0
934560,0.0,0.0,0.996555780951657,2149613.2329093106,0.0
934620,0.0,0.0,0.996555780951657,2152877.134017527,0.0
934680,0.0,0.0,0.996555780951657,2156384.7073966507,0.0
934740,0.0,0.0,0.996555780951657,2155244.355744732,0.0
934800,0.0,0.0,0.996555780951657,2156205.986129261,0.0
934860,0.0,0.0,0.996555780951657,2152081.901452282,0.0
934920,0.0,0.0,0.996555780951657,2152188.7337300954,0.0
934980,0.0,0.0,0.996555780951657,2154653.7089588162,0.0
935040,0.0,0.0,0.996555780951657,2155738.6167926886,0.0
935100,0.0,0.0,0.996555780951657,2154087.123117072,0.0
935160,0.0,0.0,0.996555780951657,2154170.021751782,0.0
935220,0.0,0.0,0.996555780951657,2150612.975810613,0.0
935280,0.0,0.0,0.996555780951657,2153395.769018397,0.0
935340,0.0,0.0,0.996555780951657,2157046.0061337887,0.0
935400,0.0,0.0,0.996555780951657,2154508.372739103,0.0
935460,0.0,0.0,0.996555780951657,2154409.6619471977,0.0
935520,0.0,0.0,0.996555780951657,2151058.458284125,0.0
935580,0.0,0.0,0.996555780951657,2153889.7871710523,0.0
935640,0.0,0.0,0.996555780951657,2154420.3035686775,0.0
935700,0.0,0.0,0.996555780951657,2158013.04563766,0.0
935760,0.0,0.0,0.996555780951657,2154144.872821514,0.0
935820,0.0,0.0,0.996555780951657,2153268.9303665147,0.0
935880,0.0,0.0,0.996555780951657,2152175.205984989,0.0
935940,0.0,0.0,0.996555780951657,2154021.680099033,0.0
936000,0.0,0.0,0.996555780951657,2155702.0039339545,0.0
936060,0.0,0.0,0.996555780951657,2155775.828895233,0.0
936120,0.0,0.0,0.996555780951657,2150582.4220254133,0.0
936180,0.0,0.0,0.996555780951657,2152522.759825076,0.0
936240,0.0,0.0,0.996555780951657,2154267.7980627976,0.0
936300,0.0,0.0,0.996555780951657,2155038.1963443165,0.0
936360,0.0,0.0,0.996555780951657,2157324.5608452684,0.0
936420,0.0,0.0,0.996555780951657,2153447.0891134255,0.0
936480,0.0,0.0,0.996555780951657,2152155.667036426,0.0
936540,0.0,0.0,0.996555780951657,2153028.0484478245,0.0
936600,0.0,0.0,0.996555780951657,2154872.6505876,0.0
936660,0.0,0.0,0.996555780951657,2157517.51155812,0.0
936720,0.0,0.0,0.996555780951657,2153327.7909480124,0.0
936780,0.0,0.0,0.996555780951657,2153486.588458111,0.0
936840,0.0,0.0,0.996555780951657,2152068.107028398,0.0
936900,0.0,0.0,0.996555780951657,2154563.41511748,0.0
936960,0.0,0.0,0.996555780951657,2155810.7862242437,0.0
937020,0.0,0.0,0.996555780951657,2153570.083383238,0.0
937080,0.0,0.0,0.996555780951657,2154286.293788046,0.0
937140,0.0,0.0,0.996555780951657,2150620.4111926644,0.0
937200,0.0,0.0,0.996555780951657,2153456.355375782,0.0
937260,0.0,0.0,0.996555780951657,2157313.0676932996,0.0
937320,0.0,0.0,0.996555780951657,2155083.2465023296,0.0
937380,0.0,0.0,0.996555780951657,2154913.136227172,0.0
937440,0.0,0.0,0.996555780951657,2151470.4539175495,0.0
937500,0.0,0.0,0.996555780951657,2152769.149474529,0.0
937560,0.0,0.0,0.996555780951657,2155428.9232786386,0.0
937620,0.0,0.0,0.996555780951657,2156020.435437809,0.0
937680,0.0,0.0,0.996555780951657,2152887.379977572,0.0
937740,0.0,0.0,0.996555780951657,2153290.0850303415,0.0
937800,0.0,0.0,0.996555780951657,2151847.905918875,0.0
937860,0.0,0.0,0.996555780951657,2155538.6718773833,0.0
937920,0.0,0.0,0.996555780951657,2155427.091107065,0.0
937980,0.0,0.0,0.996555780951657,2156352.45805049,0.0
938040,0.0,0.0,0.996555780951657,2149621.9823616445,0.0
938100,0.0,0.0,0.996555780951657,2152661.026624448,0.0
938160,0.0,0.0,0.996555780951657,2154609.0704960045,0.0
938220,0.0,0.0,0.996555780951657,2154906.3197696037,0.0
938280,0.0,0.0,0.996555780951657,2157540.56307611,0.0
938340,0.0,0.0,0.996555780951657,2153368.2191313016,0.0
938400,0.0,0.0,0.996555780951657,2152261.9629444294,0.0
938460,0.0,0.0,0.996555780951657,2153174.9759826483,0.0
938520,0.0,0.0,0.996555780951657,2154858.0679591405,0.0
938580,0.0,0.0,0.996555780951657,2155342.929307363,0.0
938640,0.0,0.0,0.996555780951657,2155269.8507434907,0.0
938700,0.0,0.0,0.996555780951657,2149903.4696500646,0.0
938760,0.0,0.0,0.996555780951657,2152576.646112086,0.0
938820,0.0,0.0,0.996555780951657,2155647.485739292,0.0
938880,0.0,0.0,0.996555780951657,2155354.693958593,0.0
938940,0.0,0.0,0.996555780951657,2156520.653675672,0.0
939000,0.0,0.0,0.996555780951657,2152521.841509662,0.0
939060,0.0,0.0,0.996555780951657,2151942.0981503963,0.0
939120,0.0,0.0,0.996555780951657,2155802.1749373423,0.0
939180,0.0,0.0,0.996555780951657,2155192.554700071,0.0
939240,0.0,0.0,0.996555780951657,2156682.1049250597,0.0
939300,0.0,0.0,0.996555780951657,2149989.505166305,0.0
939360,0.0,0.0,0.996555780951657,2151676.0687171794,0.0
939420,0.0,0.0,0.996555780951657,2152799.3396682814,0.0
939480,0.0,0.0,0.996555780951657,2155411.1644818955,0.0
939540,0.0,0.0,0.996555780951657,2155910.0277309553,0.0
939600,0.0,0.0,0.996555780951657,2152467.8909833734,0.0
939660,0.0,0.0,0.996555780951657,2153432.432291022,0.0
939720,0.0,0.0,0.996555780951657,2151994.404400732,0.0
939780,0.0,0.0,0.996555780951657,2154159.9138671374,0.0
939840,0.0,0.0,0.996555780951657,2157677.7522426047,0.0
939900,0.0,0.0,0.996555780951657,2154607.9658070304,0.0
939960,0.0,0.0,0.996555780951657,2153599.030924423,0.0
940020,0.0,0.0,0.996555780951657,2151719.5033727526,0.0
940080,0.0,0.0,0.996555780951657,2153597.495022843,0.0
940140,0.0,0.0,0.996555780951657,2155816.370664021,0.0
940200,0.0,0.0,0.996555780951657,2155961.1655881605,0.0
940260,0.0,0.0,0.996555780951657,2151822.3550194246,0.0
940320,0.0,0.0,0.996555780951657,2150697.575728657,0.0
940380,0.0,0.0,0.996555780951657,2152962.695253698,0.0
940440,0.0,0.0,0.996555780951657,2157925.80443689,0.0
940500,0.0,0.0,0.996555780951657,2154756.8882533987,0.0
940560,0.0,0.0,0.996555780951657,2155377.3504837905,0.0
940620,0.0,0.0,0.996555780951657,2149472.325191365,0.0
940680,0.0,0.0,0.996555780951657,2152718.0774748796,0.0
940740,0.0,0.0,0.996555780951657,2155843.660305904,0.0
940800,0.0,0.0,0.996555780951657,2155223.9497224456,0.0
940860,0.0,0.0,0.996555780951657,2156669.71990438,0.0
940920,0.0,0.0,0.996555780951657,2152458.705362145,0.0
940980,0.0,0.0,0.996555780951657,2152066.425744717,0.0
941040,0.0,0.0,0.996555780951657,2154226.7856641444,0.0
941100,0.0,0.0,0.996555780951657,2155529.9791160766,0.0
941160,0.0,0.0,0.996555780951657,2154570.3437285153,0.0
941220,0.0,0.0,0.996555780951657,2154531.4096389855,0.0
941280,0.0,0.0,0.996555780951657,2150234.4227981805,0.0
941340,0.0,0.0,0.996555780951657,2153086.1657207105,0.0
941400,0.0,0.0,0.996555780951657,2156690.541073126,0.0
941460,0.0,0.0,0.996555780951657,2155356.0920958114,0.0
941520,0.0,0.0,0.996555780951657,2155417.417340166,0.0
941580,0.0,0.0,0.996555780951657,2148981.169382273,0.0
941640,0.0,0.0,0.996555780951657,2152551.945505592,0.0
941700,0.0,0.0,0.996555780951657,2154923.4385946263,0.0
941760,0.0,0.0,0.996555780951657,2156818.9771545837,0.0
941820,0.0,0.0,0.996555780951657,2154647.1219942262,0.0
941880,0.0,0.0,0.996555780951657,2153483.2752311444,0.0
941940,0.0,0.0,0.996555780951657,2151795.382700485,0.0
942000,0.0,0.0,0.996555780951657,2153586.544705779,0.0
942060,0.0,0.0,0.996555780951657,2155721.1137950444,0.0
942120,0.0,0.0,0.996555780951657,2155917.7974455133,0.0
942180,0.0,0.0,0.996555780951657,2151154.378329603,0.0
942240,0.0,0.0,0.996555780951657,2152729.0463836286,0.0
942300,0.0,0.0,0.996555780951657,2153519.9225314856,0.0
942360,0.0,0.0,0.996555780951657,2154796.409165674,0.0
942420,0.0,0.0,0.996555780951657,2157550.1779927644,0.0
942480,0.0,0.0,0.996555780951657,2153875.234891193,0.0
942540,0.0,0.0,0.996555780951657,2152517.0106678554,0.0
942600,0.0,0.0,0.996555780951657,2152524.8267460093,0.0
942660,0.0,0.0,0.996555780951657,2154472.5095940996,0.0
942720,0.0,0.0,0.996555780951657,2157913.744058461,0.0
942780,0.0,0.0,0.996555780951657,2153802.654680399,0.0
942840,0.0,0.0,0.996555780951657,2153960.397833638,0.0
942900,0.0,0.0,0.996555780951657,2151157.925699059,0.0
942960,0.0,0.0,0.996555780951657,2154151.244171954,0.0
943020,0.0,0.0,0.996555780951657,2155576.901998354,0.0
943080,0.0,0.0,0.996555780951657,2154129.1354103494,0.0
943140,0.0,0.0,0.996555780951657,2154648.207551689,0.0
943200,0.0,0.0,0.996555780951657,2150141.9039008226,0.0
943260,0.0,0.0,0.996555780951657,2153153.777029061,0.0
943320,0.0,0.0,0.996555780951657,2156950.276324814,0.0
943380,0.0,0.0,0.996555780951657,2155209.171853701,0.0
943440,0.0,0.0,0.996555780951657,2155513.7680998393,0.0
943500,0.0,0.0,0.996555780951657,2151660.823572757,0.0
943560,0.0,0.0,0.996555780951657,2152448.309169844,0.0
943620,0.0,0.0,0.996555780951657,2155111.5221455367,0.0
943680,0.0,0.0,0.996555780951657,2155937.987904412,0.0
943740,0.0,0.0,0.996555780951657,2153493.3272163337,0.0
943800,0.0,0.0,0.996555780951657,2153681.950765375,0.0
943860,0.0,0.0,0.996555780951657,2151226.908501096,0.0
943920,0.0,0.0,0.996555780951657,2153798.6440187534,0.0
943980,0.0,0.0,0.996555780951657,2157314.1130601675,0.0
944040,0.0,0.0,0.996555780951657,2153838.4941945486,0.0
944100,0.0,0.0,0.996555780951657,2153997.596839912,0.0
944160,0.0,0.0,0.996555780951657,2151072.404777219,0.0
944220,0.0,0.0,0.996555780951657,2154735.5409975406,0.0
944280,0.0,0.0,0.996555780951657,2154733.9553714003,0.0
944340,0.0,0.0,0.996555780951657,2157810.0658201547,0.0
944400,0.0,0.0,0.996555780951657,2153758.459734845,0.0
944460,0.0,0.0,0.996555780951657,2152724.8240726073,0.0
944520,0.0,0.0,0.996555780951657,2152641.5836367267,0.0
944580,0.0,0.0,0.996555780951657,2154456.554479745,0.0
944640,0.0,0.0,0.996555780951657,2155585.9344421946,0.0
944700,0.0,0.0,0.996555780951657,2155560.1292764256,0.0
944760,0.0,0.0,0.996555780951657,2150125.4742428022,0.0
944820,0.0,0.0,0.996555780951657,2152468.2683923747,0.0
944880,0.0,0.0,0.996555780951657,2154977.9501999877,0.0
944940,0.0,0.0,0.996555780951657,2155235.6271944363,0.0
945000,0.0,0.0,0.996555780951657,2156968.5594126116,0.0
945060,0.0,0.0,0.996555780951657,2152992.2757866983,0.0
945120,0.0,0.0,0.996555780951657,2151952.198538824,0.0
945180,0.0,0.0,0.996555780951657,2154966.340875276,0.0
945240,0.0,0.0,0.996555780951657,2155004.234632459,0.0
945300,0.0,0.0,0.996555780951657,2156794.9049340133,0.0
945360,0.0,0.0,0.996555780951657,2150801.3412280013,0.0
945420,0.0,0.0,0.996555780951657,2151906.4670991884,0.0
945480,0.0,0.0,0.996555780951657,2152449.6235188213,0.0
945540,0.0,0.0,0.996555780951657,2155115.2073904825,0.0
945600,0.0,0.0,0.996555780951657,2155808.4057708913,0.0
945660,0.0,0.0,0.996555780951657,2153111.588754132,0.0
945720,0.0,0.0,0.996555780951657,2153826.8223598492,0.0
945780,0.0,0.0,0.996555780951657,2151289.5279193274,0.0
945840,0.0,0.0,0.996555780951657,2153817.569106614,0.0
945900,0.0,0.0,0.996555780951657,2157547.6215112978,0.0
945960,0.0,0.0,0.996555780951657,2154883.792869223,0.0
946020,0.0,0.0,0.996555780951657,2154216.548177003,0.0
946080,0.0,0.0,0.996555780951657,2151500.479453216,0.0
946140,0.0,0.0,0.996555780951657,2153174.965119381,0.0
946200,0.0,0.0,0.996555780951657,2155681.6651728065,0.0
946260,0.0,0.0,0.996555780951657,2156035.259689724,0.0
946320,0.0,0.0,0.996555780951657,2152642.7856093375,0.0
946380,0.0,0.0,0.996555780951657,2150518.2710861214,0.0
946440,0.0,0.0,0.996555780951657,2152705.5199814993,0.0
946500,0.0,0.0,0.996555780951657,2157475.190535778,0.0
946560,0.0,0.0,0.996555780951657,2155054.675507759,0.0
946620,0.0,0.0,0.996555780951657,2155642.9154838906,0.0
946680,0.0,0.0,0.996555780951657,2149545.239548405,0.0
946740,0.0,0.0,0.996555780951657,2152646.6420378718,0.0
946800,0.0,0.0,0.996555780951657,2155198.125064965,0.0
946860,0.0,0.0,0.996555780951657,2155129.988558484,0.0
946920,0.0,0.0,0.996555780951657,2157105.3973294315,0.0
946980,0.0,0.0,0.996555780951657,2152883.253153492,0.0
947040,0.0,0.0,0.996555780951657,2152064.4252472506,0.0
947100,0.0,0.0,0.996555780951657,2153734.301689602,0.0
947160,0.0,0.0,0.996555780951657,2155247.266495101,0.0
947220,0.0,0.0,0.996555780951657,2155000.10032731,0.0
947280,0.0,0.0,0.996555780951657,2154898.4976296118,0.0
947340,0.0,0.0,0.996555780951657,2149984.6343923397,0.0
947400,0.0,0.0,0.996555780951657,2152798.871548864,0.0
947460,0.0,0.0,0.996555780951657,2156228.4201224693,0.0
947520,0.0,0.0,0.996555780951657,2155404.9438863783,0.0
947580,0.0,0.0,0.996555780951657,2155962.3605959876,0.0
947640,0.0,0.0,0.996555780951657,2148785.2944760444,0.0
947700,0.0,0.0,0.996555780951657,2152329.5630353885,0.0
947760,0.0,0.0,0.996555780951657,2154406.871848154,0.0
947820,0.0,0.0,0.996555780951657,2157161.1540962122,0.0
947880,0.0,0.0,0.996555780951657,2154888.764937906,0.0
947940,0.0,0.0,0.996555780951657,2154092.457379054,0.0
948000,0.0,0.0,0.996555780951657,2151556.7410560534,0.0
948060,0.0,0.0,0.996555780951657,2153214.3402897604,0.0
948120,0.0,0.0,0.996555780951657,2155635.4671678585,0.0
948180,0.0,0.0,0.996555780951657,2155979.583815339,0.0
948240,0.0,0.0,0.996555780951657,2151765.863725485,0.0
948300,0.0,0.0,0.996555780951657,2153008.7056609495,0.0
948360,0.0,0.0,0.996555780951657,2152800.6127431444,0.0
948420,0.0,0.0,0.996555780951657,2154525.6394654834,0.0
948480,0.0,0.0,0.996555780951657,2157652.783370961,0.0
948540,0.0,0.0,0.996555780951657,2154249.191758889,0.0
948600,0.0,0.0,0.996555780951657,2152965.165820464,0.0
948660,0.0,0.0,0.996555780951657,2152096.3024770645,0.0
948720,0.0,0.0,0.996555780951657,2154070.5541361426,0.0
948780,0.0,0.0,0.996555780951657,2158145.68039659,0.0
948840,0.0,0.0,0.996555780951657,2154211.783947559,0.0
948900,0.0,0.0,0.996555780951657,2154421.3968754974,0.0
948960,0.0,0.0,0.996555780951657,2150349.7734717377,0.0
949020,0.0,0.0,0.996555780951657,2153719.5256349584,0.0
949080,0.0,0.0,0.996555780951657,2155302.3625171892,0.0
949140,0.0,0.0,0.996555780951657,2154603.906102077,0.0
949200,0.0,0.0,0.996555780951657,2154965.1239871783,0.0
949260,0.0,0.0,0.996555780951657,2149831.673102784,0.0
949320,0.0,0.0,0.996555780951657,2152903.598765352,0.0
949380,0.0,0.0,0.996555780951657,2156503.000459056,0.0
949440,0.0,0.0,0.996555780951657,2155266.355085317,0.0
949500,0.0,0.0,0.996555780951657,2156050.7907410236,0.0
949560,0.0,0.0,0.996555780951657,2151998.58355907,0.0
949620,0.0,0.0,0.996555780951657,2152208.6943158368,0.0
949680,0.0,0.0,0.996555780951657,2154736.5159328016,0.0
949740,0.0,0.0,0.996555780951657,2155795.2757219975,0.0
949800,0.0,0.0,0.996555780951657,2154044.8296237676,0.0
949860,0.0,0.0,0.996555780951657,2154065.369312678,0.0
949920,0.0,0.0,0.996555780951657,2150712.645518987,0.0
949980,0.0,0.0,0.996555780951657,2153456.995628868,0.0
950040,0.0,0.0,0.996555780951657,2157064.9361196402,0.0
950100,0.0,0.0,0.996555780951657,2154490.0702869156,0.0
950160,0.0,0.0,0.996555780951657,2154342.499943798,0.0
950220,0.0,0.0,0.996555780951657,2151047.896555039,0.0
950280,0.0,0.0,0.996555780951657,2153955.0502703534,0.0
950340,0.0,0.0,0.996555780951657,2154481.304853605,0.0
950400,0.0,0.0,0.996555780951657,2157949.8194979164,0.0
950460,0.0,0.0,0.996555780951657,2154108.638501926,0.0
950520,0.0,0.0,0.996555780951657,2153162.1367497244,0.0
950580,0.0,0.0,0.996555780951657,2152218.5392644918,0.0
950640,0.0,0.0,0.996555780951657,2154083.5159765845,0.0
950700,0.0,0.0,0.996555780951657,2155716.5272434843,0.0
950760,0.0,0.0,0.996555780951657,2155756.198656175,0.0
950820,0.0,0.0,0.996555780951657,2150582.0082093906,0.0
950880,0.0,0.0,0.996555780951657,2152482.281254423,0.0
950940,0.0,0.0,0.996555780951657,2154325.6782786665,0.0
951000,0.0,0.0,0.996555780951657,2155077.652414002,0.0
951060,0.0,0.0,0.996555780951657,2157266.2210760545,0.0
951120,0.0,0.0,0.996555780951657,2153409.2995268237,0.0
951180,0.0,0.0,0.996555780951657,2152108.6273731645,0.0
951240,0.0,0.0,0.996555780951657,2154119.8481596326,0.0
951300,0.0,0.0,0.996555780951657,2154781.3561850735,0.0
951360,0.0,0.0,0.996555780951657,2156808.6832179897,0.0
951420,0.0,0.0,0.996555780951657,2151654.7377332384,0.0
951480,0.0,0.0,0.996555780951657,2152226.9072419233,0.0
951540,0.0,0.0,0.996555780951657,2152200.920682052,0.0
951600,0.0,0.0,0.996555780951657,2154776.4718450205,0.0
951660,0.0,0.0,0.996555780951657,2155663.7611450083,0.0
951720,0.0,0.0,0.996555780951657,2153681.9599808413,0.0
951780,0.0,0.0,0.996555780951657,2154178.182683892,0.0
951840,0.0,0.0,0.996555780951657,2150725.5714736846,0.0
951900,0.0,0.0,0.996555780951657,2153509.7377104075,0.0
951960,0.0,0.0,0.996555780951657,2157313.9868229534,0.0
952020,0.0,0.0,0.996555780951657,2155080.8643938736,0.0
952080,0.0,0.0,0.996555780951657,2154780.895980296,0.0
952140,0.0,0.0,0.996555780951657,2151453.027659419,0.0
952200,0.0,0.0,0.996555780951657,2152816.813702561,0.0
952260,0.0,0.0,0.996555780951657,2155472.819285146,0.0
952320,0.0,0.0,0.996555780951657,2156038.1857448006,0.0
952380,0.0,0.0,0.996555780951657,2152859.4717737585,0.0
952440,0.0,0.0,0.996555780951657,2153208.65239533,0.0
952500,0.0,0.0,0.996555780951657,2151927.160083761,0.0
952560,0.0,0.0,0.996555780951657,2155571.418807615,0.0
952620,0.0,0.0,0.996555780951657,2155464.5444447547,0.0
952680,0.0,0.0,0.996555780951657,2156243.9551268513,0.0
952740,0.0,0.0,0.996555780951657,2149659.625263272,0.0
952800,0.0,0.0,0.996555780951657,2152615.9138191855,0.0
952860,0.0,0.0,0.996555780951657,2154662.7532397876,0.0
952920,0.0,0.0,0.996555780951657,2154944.217603716,0.0
952980,0.0,0.0,0.996555780951657,2157477.7066160585,0.0
953040,0.0,0.0,0.996555780951657,2153333.3236462697,0.0
953100,0.0,0.0,0.996555780951657,2152216.0612027915,0.0
953160,0.0,0.0,0.996555780951657,2153210.7624164866,0.0
953220,0.0,0.0,0.996555780951657,2154899.870764592,0.0
953280,0.0,0.0,0.996555780951657,2155348.2352148094,0.0
953340,0.0,0.0,0.996555780951657,2155239.1729996176,0.0
953400,0.0,0.0,0.996555780951657,2149931.4870531415,0.0
953460,0.0,0.0,0.996555780951657,2152574.675531686,0.0
953520,0.0,0.0,0.996555780951657,2155667.0097174263,0.0
953580,0.0,0.0,0.996555780951657,2155375.5885751974,0.0
953640,0.0,0.0,0.996555780951657,2156468.7987016663,0.0
953700,0.0,0.0,0.996555780951657,2148884.651560464,0.0
953760,0.0,0.0,0.996555780951657,2152217.8086601365,0.0
953820,0.0,0.0,0.996555780951657,2153847.6363489972,0.0
953880,0.0,0.0,0.996555780951657,2157362.374454401,0.0
953940,0.0,0.0,0.996555780951657,2155072.574236694,0.0
954000,0.0,0.0,0.996555780951657,2154749.9727109335,0.0
954060,0.0,0.0,0.996555780951657,2151475.338869479,0.0
954120,0.0,0.0,0.996555780951657,2152862.7164948047,0.0
954180,0.0,0.0,0.996555780951657,2155446.7648912016,0.0
954240,0.0,0.0,0.996555780951657,2155971.9758514347,0.0
954300,0.0,0.0,0.996555780951657,2152405.4369881623,0.0
954360,0.0,0.0,0.996555780951657,2153351.9876521016,0.0
954420,0.0,0.0,0.996555780951657,2152079.471518522,0.0
954480,0.0,0.0,0.996555780951657,2154212.9419521336,0.0
954540,0.0,0.0,0.996555780951657,2157651.710468586,0.0
954600,0.0,0.0,0.996555780951657,2154585.1931676418,0.0
954660,0.0,0.0,0.996555780951657,2153504.0993565074,0.0
954720,0.0,0.0,0.996555780951657,2151743.3217293173,0.0
954780,0.0,0.0,0.996555780951657,2153648.991277018,0.0
954840,0.0,0.0,0.996555780951657,2155837.424812139,0.0
954900,0.0,0.0,0.996555780951657,2155953.2828451106,0.0
954960,0.0,0.0,0.996555780951657,2151796.5825332403,0.0
955020,0.0,0.0,0.996555780951657,2150730.523259767,0.0
955080,0.0,0.0,0.996555780951657,2152984.7893284094,0.0
955140,0.0,0.0,0.996555780951657,2157891.4250795376,0.0
955200,0.0,0.0,0.996555780951657,2154774.2824885612,0.0
955260,0.0,0.0,0.996555780951657,2155342.219241131,0.0
955320,0.0,0.0,0.996555780951657,2149517.6015144885,0.0
955380,0.0,0.0,0.996555780951657,2152712.471335935,0.0
955440,0.0,0.0,0.996555780951657,2155866.012693491,0.0
955500,0.0,0.0,0.996555780951657,2155246.2397531504,0.0
955560,0.0,0.0,0.996555780951657,2156607.830019507,0.0
955620,0.0,0.0,0.996555780951657,2152430.207584955,0.0
955680,0.0,0.0,0.996555780951657,2152057.2646104684,0.0
955740,0.0,0.0,0.996555780951657,2154251.4191546096,0.0
955800,0.0,0.0,0.996555780951657,2155556.317494451,0.0
955860,0.0,0.0,0.996555780951657,2154576.6465399484,0.0
955920,0.0,0.0,0.996555780951657,2154497.355823291,0.0
955980,0.0,0.0,0.996555780951657,2150264.4883783367,0.0
956040,0.0,0.0,0.996555780951657,2153097.0205043326,0.0
956100,0.0,0.0,0.996555780951657,2156688.8316802867,0.0
956160,0.0,0.0,0.996555780951657,2155092.8760337285,0.0
956220,0.0,0.0,0.996555780951657,2154695.534248522,0.0
956280,0.0,0.0,0.996555780951657,2151227.9408352105,0.0
956340,0.0,0.0,0.996555780951657,2153062.4013498896,0.0
956400,0.0,0.0,0.996555780951657,2154164.0085752886,0.0
956460,0.0,0.0,0.996555780951657,2157999.87526861,0.0
956520,0.0,0.0,0.996555780951657,2154443.495428101,0.0
956580,0.0,0.0,0.996555780951657,2153739.016635109,0.0
956640,0.0,0.0,0.996555780951657,2151839.2959659495,0.0
956700,0.0,0.0,0.996555780951657,2153661.8205217607,0.0
956760,0.0,0.0,0.996555780951657,2155741.691120556,0.0
956820,0.0,0.0,0.996555780951657,2155904.279054357,0.0
956880,0.0,0.0,0.996555780951657,2151156.0170199065,0.0
956940,0.0,0.0,0.996555780951657,2152665.3700067517,0.0
957000,0.0,0.0,0.996555780951657,2153587.0030699936,0.0
957060,0.0,0.0,0.996555780951657,2154839.882814457,0.0
957120,0.0,0.0,0.996555780951657,2157501.566502402,0.0
957180,0.0,0.0,0.996555780951657,2153842.57384141,0.0
957240,0.0,0.0,0.996555780951657,2152454.4067073814,0.0
957300,0.0,0.0,0.996555780951657,2153174.3245017286,0.0
957360,0.0,0.0,0.996555780951657,2154477.407920603,0.0
957420,0.0,0.0,0.996555780951657,2156736.306948867,0.0
957480,0.0,0.0,0.996555780951657,2152575.5499580884,0.0
957540,0.0,0.0,0.996555780951657,2152614.9818341774,0.0
957600,0.0,0.0,0.996555780951657,2152030.205101258,0.0
957660,0.0,0.0,0.996555780951657,2154345.448164228,0.0
957720,0.0,0.0,0.996555780951657,2155444.205232203,0.0
957780,0.0,0.0,0.996555780951657,2154225.243783634,0.0
957840,0.0,0.0,0.996555780951657,2154554.7427630476,0.0
957900,0.0,0.0,0.996555780951657,2150226.8640081855,0.0
957960,0.0,0.0,0.996555780951657,2153196.921212766,0.0
958020,0.0,0.0,0.996555780951657,2156969.1160488343,0.0
958080,0.0,0.0,0.996555780951657,2155219.5638151937,0.0
958140,0.0,0.0,0.996555780951657,2155382.392892169,0.0
958200,0.0,0.0,0.996555780951657,2151609.521015528,0.0
958260,0.0,0.0,0.996555780951657,2152482.761433599,0.0
958320,0.0,0.0,0.996555780951657,2155163.513782051,0.0
958380,0.0,0.0,0.996555780951657,2155968.235453002,0.0
958440,0.0,0.0,0.996555780951657,2153465.8654238703,0.0
958500,0.0,0.0,0.996555780951657,2153599.662790116,0.0
958560,0.0,0.0,0.996555780951657,2151304.506138599,0.0
958620,0.0,0.0,0.996555780951657,2155110.120989547,0.0
958680,0.0,0.0,0.996555780951657,2155297.8132872162,0.0
958740,0.0,0.0,0.996555780951657,2156899.932144284,0.0
958800,0.0,0.0,0.996555780951657,2150209.128418205,0.0
958860,0.0,0.0,0.996555780951657,2152794.388151805,0.0
958920,0.0,0.0,0.996555780951657,2153911.252683694,0.0
958980,0.0,0.0,0.996555780951657,2154741.3744533057,0.0
959040,0.0,0.0,0.996555780951657,2157702.710138554,0.0
959100,0.0,0.0,0.996555780951657,2153732.3445462147,0.0
959160,0.0,0.0,0.996555780951657,2152528.1413859017,0.0
959220,0.0,0.0,0.996555780951657,2152724.1775937146,0.0
959280,0.0,0.0,0.996555780951657,2154539.3384236335,0.0
959340,0.0,0.0,0.996555780951657,2155589.0658872663,0.0
959400,0.0,0.0,0.996555780951657,2155511.345227781,0.0
959460,0.0,0.0,0.996555780951657,2150128.023684629,0.0
959520,0.0,0.0,0.996555780951657,2152450.2014861894,0.0
959580,0.0,0.0,0.996555780951657,2155060.0104292114,0.0
959640,0.0,0.0,0.996555780951657,2155282.057677872,0.0
959700,0.0,0.0,0.996555780951657,2156872.936732781,0.0
959760,0.0,0.0,0.996555780951657,2149347.9940225924,0.0
959820,0.0,0.0,0.996555780951657,2152248.257070167,0.0
959880,0.0,0.0,0.996555780951657,2153307.283080351,0.0
959940,0.0,0.0,0.996555780951657,2157399.605056149,0.0
960000,0.0,0.0,0.996555780951657,2155188.211023662,0.0
960060,0.0,0.0,0.996555780951657,2155369.233143851,0.0
960120,0.0,0.0,0.996555780951657,2151592.7705784636,0.0
960180,0.0,0.0,0.996555780951657,2152573.5546722296,0.0
960240,0.0,0.0,0.996555780951657,2155181.114908114,0.0
960300,0.0,0.0,0.996555780951657,2155901.0620345157,0.0
960360,0.0,0.0,0.996555780951657,2153020.7950259643,0.0
960420,0.0,0.0,0.996555780951657,2153705.4272121,0.0
960480,0.0,0.0,0.996555780951657,2151427.8972483207,0.0
960540,0.0,0.0,0.996555780951657,2153895.4407049543,0.0
960600,0.0,0.0,0.996555780951657,2157539.664033572,0.0
960660,0.0,0.0,0.996555780951657,2154857.500469911,0.0
960720,0.0,0.0,0.996555780951657,2154062.641090082,0.0
960780,0.0,0.0,0.996555780951657,2151517.1321258303,0.0
960840,0.0,0.0,0.996555780951657,2153250.4228625717,0.0
960900,0.0,0.0,0.996555780951657,2155724.436744481,0.0
960960,0.0,0.0,0.996555780951657,2156037.4103324083,0.0
961020,0.0,0.0,0.996555780951657,2152562.0144026815,0.0
961080,0.0,0.0,0.996555780951657,2150548.5578182656,0.0
961140,0.0,0.0,0.996555780951657,2152728.3083126866,0.0
961200,0.0,0.0,0.996555780951657,2157465.5962054837,0.0
961260,0.0,0.0,0.996555780951657,2155070.8626880264,0.0
961320,0.0,0.0,0.996555780951657,2155600.225527437,0.0
961380,0.0,0.0,0.996555780951657,2149584.016194298,0.0
961440,0.0,0.0,0.996555780951657,2152622.6604767274,0.0
961500,0.0,0.0,0.996555780951657,2155262.4337555794,0.0
961560,0.0,0.0,0.996555780951657,2155168.7649483965,0.0
961620,0.0,0.0,0.996555780951657,2157016.5109980158,0.0
961680,0.0,0.0,0.996555780951657,2152831.760997456,0.0
961740,0.0,0.0,0.996555780951657,2152035.460037003,0.0
961800,0.0,0.0,0.996555780951657,2153785.326231872,0.0
961860,0.0,0.0,0.996555780951657,2155296.466424289,0.0
961920,0.0,0.0,0.996555780951657,2154994.3653900325,0.0
961980,0.0,0.0,0.996555780951657,2154847.4034951613,0.0
962040,0.0,0.0,0.996555780951657,2150027.0923493025,0.0
962100,0.0,0.0,0.996555780951657,2152815.0493833395,0.0
962160,0.0,0.0,0.996555780951657,2156251.713940849,0.0
962220,0.0,0.0,0.996555780951657,2155558.555228197,0.0
962280,0.0,0.0,0.996555780951657,2154967.3256175905,0.0
962340,0.0,0.0,0.996555780951657,2151594.5867776386,0.0
962400,0.0,0.0,0.996555780951657,2152230.756108522,0.0
962460,0.0,0.0,0.996555780951657,2153870.523710844,0.0
962520,0.0,0.0,0.996555780951657,2157914.4611229873,0.0
962580,0.0,0.0,0.996555780951657,2154699.4254080546,0.0
962640,0.0,0.0,0.996555780951657,2154287.9037258127,0.0
962700,0.0,0.0,0.996555780951657,2151601.0860410193,0.0
962760,0.0,0.0,0.996555780951657,2153291.372208292,0.0
962820,0.0,0.0,0.996555780951657,2155674.296281679,0.0
962880,0.0,0.0,0.996555780951657,2155976.840691525,0.0
962940,0.0,0.0,0.996555780951657,2151746.193380887,0.0
963000,0.0,0.0,0.996555780951657,2152919.1734910836,0.0
963060,0.0,0.0,0.996555780951657,2152899.3522506095,0.0
963120,0.0,0.0,0.996555780951657,2154584.890880884,0.0
963180,0.0,0.0,0.996555780951657,2157607.15732191,0.0
963240,0.0,0.0,0.996555780951657,2154210.576754403,0.0
963300,0.0,0.0,0.996555780951657,2152869.4892409225,0.0
963360,0.0,0.0,0.996555780951657,2152139.409018596,0.0
963420,0.0,0.0,0.996555780951657,2154133.416009633,0.0
963480,0.0,0.0,0.996555780951657,2158071.5428609587,0.0
963540,0.0,0.0,0.996555780951657,2154199.1613571886,0.0
963600,0.0,0.0,0.996555780951657,2154330.915222267,0.0
963660,0.0,0.0,0.996555780951657,2150444.350182017,0.0
963720,0.0,0.0,0.996555780951657,2153769.0831543505,0.0
963780,0.0,0.0,0.996555780951657,2155353.12164681,0.0
963840,0.0,0.0,0.996555780951657,2154604.38086473,0.0
963900,0.0,0.0,0.996555780951657,2154919.236915389,0.0
963960,0.0,0.0,0.996555780951657,2149882.625956298,0.0
964020,0.0,0.0,0.996555780951657,2152915.5319561455,0.0
964080,0.0,0.0,0.996555780951657,2156519.601922456,0.0
964140,0.0,0.0,0.996555780951657,2155283.155523093,0.0
964200,0.0,0.0,0.996555780951657,2155977.529458806,0.0
964260,0.0,0.0,0.996555780951657,2151965.7283374984,0.0
964320,0.0,0.0,0.996555780951657,2152214.141110149,0.0
964380,0.0,0.0,0.996555780951657,2154765.397887661,0.0
964440,0.0,0.0,0.996555780951657,2155819.760757392,0.0
964500,0.0,0.0,0.996555780951657,2154045.1667911485,0.0
964560,0.0,0.0,0.996555780951657,2154020.4633516734,0.0
964620,0.0,0.0,0.996555780951657,2150749.5481750257,0.0
964680,0.0,0.0,0.996555780951657,2154548.867905645,0.0
964740,0.0,0.0,0.996555780951657,2155067.128279568,0.0
964800,0.0,0.0,0.996555780951657,2157490.7079599816,0.0
964860,0.0,0.0,0.996555780951657,2150831.547532571,0.0
964920,0.0,0.0,0.996555780951657,2153079.802836553,0.0
964980,0.0,0.0,0.996555780951657,2153115.5658858805,0.0
965040,0.0,0.0,0.996555780951657,2154486.2828705786,0.0
965100,0.0,0.0,0.996555780951657,2157831.553720467,0.0
965160,0.0,0.0,0.996555780951657,2154110.2141730394,0.0
965220,0.0,0.0,0.996555780951657,2152974.9570881194,0.0
965280,0.0,0.0,0.996555780951657,2152266.3283831473,0.0
965340,0.0,0.0,0.996555780951657,2154143.254814045,0.0
965400,0.0,0.0,0.996555780951657,2155731.1175412014,0.0
965460,0.0,0.0,0.996555780951657,2155733.8930723695,0.0
965520,0.0,0.0,0.996555780951657,2150576.583934416,0.0
965580,0.0,0.0,0.996555780951657,2152444.294859699,0.0
965640,0.0,0.0,0.996555780951657,2154387.2353256196,0.0
965700,0.0,0.0,0.996555780951657,2155118.837448862,0.0
965760,0.0,0.0,0.996555780951657,2157204.4535631933,0.0
965820,0.0,0.0,0.996555780951657,2153367.4895288902,0.0
965880,0.0,0.0,0.996555780951657,2152061.6013758914,0.0
965940,0.0,0.0,0.996555780951657,2154151.350734493,0.0
966000,0.0,0.0,0.996555780951657,2154822.4078711458,0.0
966060,0.0,0.0,0.996555780951657,2156805.582125598,0.0
966120,0.0,0.0,0.996555780951657,2151679.4237563317,0.0
966180,0.0,0.0,0.996555780951657,2152187.1838980136,0.0
966240,0.0,0.0,0.996555780951657,2152210.22345945,0.0
966300,0.0,0.0,0.996555780951657,2154809.7193479906,0.0
966360,0.0,0.0,0.996555780951657,2155693.0196649437,0.0
966420,0.0,0.0,0.996555780951657,2153684.331867712,0.0
966480,0.0,0.0,0.996555780951657,2154130.1118586673,0.0
966540,0.0,0.0,0.996555780951657,2150770.624801013,0.0
966600,0.0,0.0,0.996555780951657,2153531.560817518,0.0
966660,0.0,0.0,0.996555780951657,2157305.92785782,0.0
966720,0.0,0.0,0.996555780951657,2155085.123643291,0.0
966780,0.0,0.0,0.996555780951657,2154723.9521718845,0.0
966840,0.0,0.0,0.996555780951657,2151445.4112386475,0.0
966900,0.0,0.0,0.996555780951657,2152832.956360321,0.0
966960,0.0,0.0,0.996555780951657,2155489.3992219786,0.0
967020,0.0,0.0,0.996555780951657,2156047.3365238556,0.0
967080,0.0,0.0,0.996555780951657,2153449.316678475,0.0
967140,0.0,0.0,0.996555780951657,2150594.0438927147,0.0
967200,0.0,0.0,0.996555780951657,2152526.478081815,0.0
967260,0.0,0.0,0.996555780951657,2156890.2420338495,0.0
967320,0.0,0.0,0.996555780951657,2155272.813258726,0.0
967380,0.0,0.0,0.996555780951657,2155827.2150760503,0.0
967440,0.0,0.0,0.996555780951657,2149928.444750023,0.0
967500,0.0,0.0,0.996555780951657,2152659.4461707007,0.0
967560,0.0,0.0,0.996555780951657,2154545.9484932693,0.0
967620,0.0,0.0,0.996555780951657,2155009.6406160234,0.0
967680,0.0,0.0,0.996555780951657,2157390.56755117,0.0
967740,0.0,0.0,0.996555780951657,2153274.971306507,0.0
967800,0.0,0.0,0.996555780951657,2152176.7607187713,0.0
967860,0.0,0.0,0.996555780951657,2153260.660331445,0.0
967920,0.0,0.0,0.996555780951657,2154955.745725513,0.0
967980,0.0,0.0,0.996555780951657,2155347.149096258,0.0
968040,0.0,0.0,0.996555780951657,2155196.84655011,0.0
968100,0.0,0.0,0.996555780951657,2149962.0585865555,0.0
968160,0.0,0.0,0.996555780951657,2152577.653006756,0.0
968220,0.0,0.0,0.996555780951657,2155700.4204024477,0.0
968280,0.0,0.0,0.996555780951657,2155929.424544642,0.0
968340,0.0,0.0,0.996555780951657,2155210.1058722967,0.0
968400,0.0,0.0,0.996555780951657,2152156.7050088444,0.0
968460,0.0,0.0,0.996555780951657,2151369.1764123226,0.0
968520,0.0,0.0,0.996555780951657,2153550.9709813804,0.0
968580,0.0,0.0,0.996555780951657,2157717.2908629035,0.0
968640,0.0,0.0,0.996555780951657,2154910.2020124113,0.0
968700,0.0,0.0,0.996555780951657,2154907.6586758406,0.0
968760,0.0,0.0,0.996555780951657,2151500.587073863,0.0
968820,0.0,0.0,0.996555780951657,2152917.8423416787,0.0
968880,0.0,0.0,0.996555780951657,2155499.3825169015,0.0
968940,0.0,0.0,0.996555780951657,2155984.093184512,0.0
969000,0.0,0.0,0.996555780951657,2152381.262482163,0.0
969060,0.0,0.0,0.996555780951657,2153256.2633103672,0.0
969120,0.0,0.0,0.996555780951657,2152181.4572315314,0.0
969180,0.0,0.0,0.996555780951657,2154273.2848225613,0.0
969240,0.0,0.0,0.996555780951657,2157621.743335144,0.0
969300,0.0,0.0,0.996555780951657,2154556.285447446,0.0
969360,0.0,0.0,0.996555780951657,2153397.0741600473,0.0
969420,0.0,0.0,0.996555780951657,2151773.8569222516,0.0
969480,0.0,0.0,0.996555780951657,2153709.6660757046,0.0
969540,0.0,0.0,0.996555780951657,2158173.419139022,0.0
969600,0.0,0.0,0.996555780951657,2154560.2179882685,0.0
969660,0.0,0.0,0.996555780951657,2154804.7703389637,0.0
969720,0.0,0.0,0.996555780951657,2149725.7056111647,0.0
969780,0.0,0.0,0.996555780951657,2153308.4252175186,0.0
969840,0.0,0.0,0.996555780951657,2155028.4891346805,0.0
969900,0.0,0.0,0.996555780951657,2155005.5153657496,0.0
969960,0.0,0.0,0.996555780951657,2155216.8952422617,0.0
970020,0.0,0.0,0.996555780951657,2149736.4586083824,0.0
970080,0.0,0.0,0.996555780951657,2152710.552809174,0.0
970140,0.0,0.0,0.996555780951657,2155990.221292056,0.0
970200,0.0,0.0,0.996555780951657,2155278.7374691567,0.0
970260,0.0,0.0,0.996555780951657,2156479.447620146,0.0
970320,0.0,0.0,0.996555780951657,2152353.8225103854,0.0
970380,0.0,0.0,0.996555780951657,2152051.574449648,0.0
970440,0.0,0.0,0.996555780951657,2154328.681715646,0.0
970500,0.0,0.0,0.996555780951657,2155616.509486764,0.0
970560,0.0,0.0,0.996555780951657,2154547.7743897787,0.0
970620,0.0,0.0,0.996555780951657,2154410.647744371,0.0
970680,0.0,0.0,0.996555780951657,2150339.392571149,0.0
970740,0.0,0.0,0.996555780951657,2153947.102702882,0.0
970800,0.0,0.0,0.996555780951657,2154805.9426476136,0.0
970860,0.0,0.0,0.996555780951657,2157942.9319522516,0.0
970920,0.0,0.0,0.996555780951657,2151474.9113682625,0.0
970980,0.0,0.0,0.996555780951657,2153398.890157913,0.0
971040,0.0,0.0,0.996555780951657,2152353.4577205847,0.0
971100,0.0,0.0,0.996555780951657,2154214.1042928873,0.0
971160,0.0,0.0,0.996555780951657,2157842.3598459666,0.0
971220,0.0,0.0,0.996555780951657,2154432.7601523018,0.0
971280,0.0,0.0,0.996555780951657,2153481.384929866,0.0
971340,0.0,0.0,0.996555780951657,2151895.0255463775,0.0
971400,0.0,0.0,0.996555780951657,2153754.5751233352,0.0
971460,0.0,0.0,0.996555780951657,2155771.5265888907,0.0
971520,0.0,0.0,0.996555780951657,2155887.5349347983,0.0
971580,0.0,0.0,0.996555780951657,2151116.369884769,0.0
971640,0.0,0.0,0.996555780951657,2152575.2323467573,0.0
971700,0.0,0.0,0.996555780951657,2153704.258670877,0.0
971760,0.0,0.0,0.996555780951657,2154908.63116014,0.0
971820,0.0,0.0,0.996555780951657,2157428.1836488047,0.0
971880,0.0,0.0,0.996555780951657,2153779.199742281,0.0
971940,0.0,0.0,0.996555780951657,2152357.1826804504,0.0
972000,0.0,0.0,0.996555780951657,2153268.546645992,0.0
972060,0.0,0.0,0.996555780951657,2154545.2248945693,0.0
972120,0.0,0.0,0.996555780951657,2156750.215523283,0.0
972180,0.0,0.0,0.996555780951657,2152557.9279255737,0.0
972240,0.0,0.0,0.996555780951657,2152547.4989075516,0.0
972300,0.0,0.0,0.996555780951657,2152030.1315169497,0.0
972360,0.0,0.0,0.996555780951657,2154408.2274987106,0.0
972420,0.0,0.0,0.996555780951657,2155497.633339676,0.0
972480,0.0,0.0,0.996555780951657,2154209.615893641,0.0
972540,0.0,0.0,0.996555780951657,2154484.636875842,0.0
972600,0.0,0.0,0.996555780951657,2150299.802292672,0.0
972660,0.0,0.0,0.996555780951657,2153229.196983253,0.0
972720,0.0,0.0,0.996555780951657,2156982.955831409,0.0
972780,0.0,0.0,0.996555780951657,2155227.514233706,0.0
972840,0.0,0.0,0.996555780951657,2155286.818753386,0.0
972900,0.0,0.0,0.996555780951657,2151575.9553745585,0.0
972960,0.0,0.0,0.996555780951657,2152507.6988205016,0.0
973020,0.0,0.0,0.996555780951657,2155199.7851200746,0.0
973080,0.0,0.0,0.996555780951657,2155989.9744602498,0.0
973140,0.0,0.0,0.996555780951657,2154270.8370917714,0.0
973200,0.0,0.0,0.996555780951657,2150916.421877287,0.0
973260,0.0,0.0,0.996555780951657,2152429.990307,0.0
973320,0.0,0.0,0.996555780951657,2156236.024076052,0.0
973380,0.0,0.0,0.996555780951657,2155372.3709905767,0.0
973440,0.0,0.0,0.996555780951657,2155969.6787053063,0.0
973500,0.0,0.0,0.996555780951657,2150459.188999597,0.0
973560,0.0,0.0,0.996555780951657,2152814.980424165,0.0
973620,0.0,0.0,0.996555780951657,2153855.105837936,0.0
973680,0.0,0.0,0.996555780951657,2154821.9914381327,0.0
973740,0.0,0.0,0.996555780951657,2157623.5324036577,0.0
973800,0.0,0.0,0.996555780951657,2153664.3000573227,0.0
973860,0.0,0.0,0.996555780951657,2152450.8960983944,0.0
973920,0.0,0.0,0.996555780951657,2152789.2704019914,0.0
973980,0.0,0.0,0.996555780951657,2154614.5975975688,0.0
974040,0.0,0.0,0.996555780951657,2155590.450694326,0.0
974100,0.0,0.0,0.996555780951657,2155467.569248736,0.0
974160,0.0,0.0,0.996555780951657,2150138.7533522523,0.0
974220,0.0,0.0,0.996555780951657,2152438.0346671147,0.0
974280,0.0,0.0,0.996555780951657,2155122.392449791,0.0
974340,0.0,0.0,0.996555780951657,2155320.152589083,0.0
974400,0.0,0.0,0.996555780951657,2156792.746898918,0.0
974460,0.0,0.0,0.996555780951657,2149401.1978223706,0.0
974520,0.0,0.0,0.996555780951657,2152210.789259804,0.0
974580,0.0,0.0,0.996555780951657,2153373.5784273595,0.0
974640,0.0,0.0,0.996555780951657,2157368.7538943375,0.0
974700,0.0,0.0,0.996555780951657,2155198.4792587883,0.0
974760,0.0,0.0,0.996555780951657,2155264.786126746,0.0
974820,0.0,0.0,0.996555780951657,2151563.6118987333,0.0
974880,0.0,0.0,0.996555780951657,2152593.2790370826,0.0
974940,0.0,0.0,0.996555780951657,2155215.1463301894,0.0
975000,0.0,0.0,0.996555780951657,2155923.689434351,0.0
975060,0.0,0.0,0.996555780951657,2153017.566207597,0.0
975120,0.0,0.0,0.996555780951657,2153647.6536766076,0.0
975180,0.0,0.0,0.996555780951657,2151480.2129154475,0.0
975240,0.0,0.0,0.996555780951657,2153926.950907647,0.0
975300,0.0,0.0,0.996555780951657,2157524.27218459,0.0
975360,0.0,0.0,0.996555780951657,2154852.9153900403,0.0
975420,0.0,0.0,0.996555780951657,2153998.9945115196,0.0
975480,0.0,0.0,0.996555780951657,2151521.02282043,0.0
975540,0.0,0.0,0.996555780951657,2153277.372447927,0.0
975600,0.0,0.0,0.996555780951657,2158129.3396766684,0.0
975660,0.0,0.0,0.996555780951657,2154854.514945047,0.0
975720,0.0,0.0,0.996555780951657,2155275.5276202895,0.0
975780,0.0,0.0,0.996555780951657,2149129.3761465107,0.0
975840,0.0,0.0,0.996555780951657,2152839.9836839344,0.0
975900,0.0,0.0,0.996555780951657,2154651.530331967,0.0
975960,0.0,0.0,0.996555780951657,2155317.073441092,0.0
976020,0.0,0.0,0.996555780951657,2155476.5989159876,0.0
976080,0.0,0.0,0.996555780951657,2149809.0565806595,0.0
976140,0.0,0.0,0.996555780951657,2152589.469981633,0.0
976200,0.0,0.0,0.996555780951657,2155371.945965639,0.0
976260,0.0,0.0,0.996555780951657,2155202.989654215,0.0
976320,0.0,0.0,0.996555780951657,2156928.7583692437,0.0
976380,0.0,0.0,0.996555780951657,2152778.679632415,0.0
976440,0.0,0.0,0.996555780951657,2152006.779409147,0.0
976500,0.0,0.0,0.996555780951657,2153840.376902712,0.0
976560,0.0,0.0,0.996555780951657,2155347.2494983845,0.0
976620,0.0,0.0,0.996555780951657,2154985.775655888,0.0
976680,0.0,0.0,0.996555780951657,2154791.588926649,0.0
976740,0.0,0.0,0.996555780951657,2150071.4812477534,0.0
976800,0.0,0.0,0.996555780951657,2152834.9286217024,0.0
976860,0.0,0.0,0.996555780951657,2156277.4803878847,0.0
976920,0.0,0.0,0.996555780951657,2155559.816081172,0.0
976980,0.0,0.0,0.996555780951657,2154941.6153337946,0.0
977040,0.0,0.0,0.996555780951657,2151556.5176760093,0.0
977100,0.0,0.0,0.996555780951657,2152274.7563905194,0.0
977160,0.0,0.0,0.996555780951657,2153905.116398103,0.0
977220,0.0,0.0,0.996555780951657,2157888.0943448837,0.0
977280,0.0,0.0,0.996555780951657,2154694.2981761405,0.0
977340,0.0,0.0,0.996555780951657,2154211.8228449477,0.0
977400,0.0,0.0,0.996555780951657,2151607.021632749,0.0
977460,0.0,0.0,0.996555780951657,2153320.560589605,0.0
977520,0.0,0.0,0.996555780951657,2155693.203280226,0.0
977580,0.0,0.0,0.996555780951657,2155980.518690937,0.0
977640,0.0,0.0,0.996555780951657,2151755.073109473,0.0
977700,0.0,0.0,0.996555780951657,2152875.589727556,0.0
977760,0.0,0.0,0.996555780951657,2152930.2112288885,0.0
977820,0.0,0.0,0.996555780951657,2154610.8557942025,0.0
977880,0.0,0.0,0.996555780951657,2157579.8626474207,0.0
977940,0.0,0.0,0.996555780951657,2154200.9857595144,0.0
978000,0.0,0.0,0.996555780951657,2152829.5420441865,0.0
978060,0.0,0.0,0.996555780951657,2152287.196000755,0.0
978120,0.0,0.0,0.996555780951657,2154183.6831415202,0.0
978180,0.0,0.0,0.996555780951657,2156595.5970718074,0.0
978240,0.0,0.0,0.996555780951657,2153488.031852575,0.0
978300,0.0,0.0,0.996555780951657,2152971.8764411868,0.0
978360,0.0,0.0,0.996555780951657,2151961.6012117374,0.0
978420,0.0,0.0,0.996555780951657,2153914.450787116,0.0
978480,0.0,0.0,0.996555780951657,2155217.826082067,0.0
978540,0.0,0.0,0.996555780951657,2154696.1469146353,0.0
978600,0.0,0.0,0.996555780951657,2154860.112518501,0.0
978660,0.0,0.0,0.996555780951657,2149924.193058916,0.0
978720,0.0,0.0,0.996555780951657,2152937.0325546823,0.0
978780,0.0,0.0,0.996555780951657,2156538.0789389713,0.0
978840,0.0,0.0,0.996555780951657,2155302.081535016,0.0
978900,0.0,0.0,0.996555780951657,2155881.8599305972,0.0
978960,0.0,0.0,0.996555780951657,2151920.77018027,0.0
979020,0.0,0.0,0.996555780951657,2152226.5196197825,0.0
979080,0.0,0.0,0.996555780951657,2154806.2763410113,0.0
979140,0.0,0.0,0.996555780951657,2155850.374324398,0.0
979200,0.0,0.0,0.996555780951657,2155130.9437815077,0.0
979260,0.0,0.0,0.996555780951657,2151386.819069361,0.0
979320,0.0,0.0,0.996555780951657,2152454.839996941,0.0
979380,0.0,0.0,0.996555780951657,2155451.916550155,0.0
979440,0.0,0.0,0.996555780951657,2155364.0511572836,0.0
979500,0.0,0.0,0.996555780951657,2156054.9278547913,0.0
979560,0.0,0.0,0.996555780951657,2151077.1008045697,0.0
979620,0.0,0.0,0.996555780951657,2153085.3400199288,0.0
979680,0.0,0.0,0.996555780951657,2153098.217547204,0.0
979740,0.0,0.0,0.996555780951657,2154568.566637082,0.0
979800,0.0,0.0,0.996555780951657,2157781.166635362,0.0
979860,0.0,0.0,0.996555780951657,2154051.83696216,0.0
979920,0.0,0.0,0.996555780951657,2152877.1312324977,0.0
979980,0.0,0.0,0.996555780951657,2152323.4874299224,0.0
980040,0.0,0.0,0.996555780951657,2154219.32094125,0.0
980100,0.0,0.0,0.996555780951657,2155742.6741628856,0.0
980160,0.0,0.0,0.996555780951657,2155703.7140432387,0.0
980220,0.0,0.0,0.996555780951657,2150567.6982977814,0.0
980280,0.0,0.0,0.996555780951657,2152407.230585898,0.0
980340,0.0,0.0,0.996555780951657,2154459.942914527,0.0
980400,0.0,0.0,0.996555780951657,2155164.474331676,0.0
980460,0.0,0.0,0.996555780951657,2157134.4951220606,0.0
980520,0.0,0.0,0.996555780951657,2150045.3345572976,0.0
980580,0.0,0.0,0.996555780951657,2152390.91154675,0.0
980640,0.0,0.0,0.996555780951657,2152829.6969843903,0.0
980700,0.0,0.0,0.996555780951657,2157261.133486968,0.0
980760,0.0,0.0,0.996555780951657,2155258.6491308208,0.0
980820,0.0,0.0,0.996555780951657,2155876.2818468013,0.0
980880,0.0,0.0,0.996555780951657,2151867.958579401,0.0
980940,0.0,0.0,0.996555780951657,2152353.5651993193,0.0
981000,0.0,0.0,0.996555780951657,2154870.4887633137,0.0
981060,0.0,0.0,0.996555780951657,2155793.8676711507,0.0
981120,0.0,0.0,0.996555780951657,2153610.6334582935,0.0
981180,0.0,0.0,0.996555780951657,2154024.69057482,0.0
981240,0.0,0.0,0.996555780951657,2150885.842822168,0.0
981300,0.0,0.0,0.996555780951657,2153594.6269678753,0.0
981360,0.0,0.0,0.996555780951657,2157315.983617574,0.0
981420,0.0,0.0,0.996555780951657,2155075.3606963465,0.0
981480,0.0,0.0,0.996555780951657,2154586.3849430354,0.0
981540,0.0,0.0,0.996555780951657,2151433.5914757014,0.0
981600,0.0,0.0,0.996555780951657,2152889.9729001205,0.0
981660,0.0,0.0,0.996555780951657,2157925.065646322,0.0
981720,0.0,0.0,0.996555780951657,2155064.6647830848,0.0
981780,0.0,0.0,0.996555780951657,2155682.508446027,0.0
981840,0.0,0.0,0.996555780951657,2148754.6150509967,0.0
981900,0.0,0.0,0.996555780951657,2152424.6497449307,0.0
981960,0.0,0.0,0.996555780951657,2154267.3587305937,0.0
982020,0.0,0.0,0.996555780951657,2155523.000745865,0.0
982080,0.0,0.0,0.996555780951657,2155671.9147804687,0.0
982140,0.0,0.0,0.996555780951657,2150144.7272314364,0.0
982200,0.0,0.0,0.996555780951657,2152577.3048615614,0.0
982260,0.0,0.0,0.996555780951657,2154716.1395337074,0.0
982320,0.0,0.0,0.996555780951657,2155072.605934875,0.0
982380,0.0,0.0,0.996555780951657,2157274.8649924807,0.0
982440,0.0,0.0,0.996555780951657,2153193.0673935344,0.0
982500,0.0,0.0,0.996555780951657,2152099.8916278835,0.0
982560,0.0,0.0,0.996555780951657,2153351.0806864835,0.0
982620,0.0,0.0,0.996555780951657,2155041.531022919,0.0
982680,0.0,0.0,0.996555780951657,2155331.4904328417,0.0
982740,0.0,0.0,0.996555780951657,2155123.8088390566,0.0
982800,0.0,0.0,0.996555780951657,2150000.5228345585,0.0
982860,0.0,0.0,0.996555780951657,2152594.3359386474,0.0
982920,0.0,0.0,0.996555780951657,2155768.9444048237,0.0
982980,0.0,0.0,0.996555780951657,2155919.8402566332,0.0
983040,0.0,0.0,0.996555780951657,2155180.576527227,0.0
983100,0.0,0.0,0.996555780951657,2152065.999750606,0.0
983160,0.0,0.0,0.996555780951657,2151468.762035974,0.0
983220,0.0,0.0,0.996555780951657,2153601.372158347,0.0
983280,0.0,0.0,0.996555780951657,2157706.402661944,0.0
983340,0.0,0.0,0.996555780951657,2154905.423337215,0.0
983400,0.0,0.0,0.996555780951657,2154783.4630708313,0.0
983460,0.0,0.0,0.996555780951657,2151494.109850848,0.0
983520,0.0,0.0,0.996555780951657,2152961.8007678525,0.0
983580,0.0,0.0,0.996555780951657,2155535.6758746104,0.0
983640,0.0,0.0,0.996555780951657,2155998.4761251155,0.0
983700,0.0,0.0,0.996555780951657,2152365.802207013,0.0
983760,0.0,0.0,0.996555780951657,2153184.257770745,0.0
983820,0.0,0.0,0.996555780951657,2152251.4367790315,0.0
983880,0.0,0.0,0.996555780951657,2154318.087049544,0.0
983940,0.0,0.0,0.996555780951657,2157594.945451072,0.0
984000,0.0,0.0,0.996555780951657,2154536.9556264794,0.0
984060,0.0,0.0,0.996555780951657,2153319.6279368396,0.0
984120,0.0,0.0,0.996555780951657,2151411.976972043,0.0
984180,0.0,0.0,0.996555780951657,2153838.725807937,0.0
984240,0.0,0.0,0.996555780951657,2156376.556743598,0.0
984300,0.0,0.0,0.996555780951657,2154327.461010516,0.0
984360,0.0,0.0,0.996555780951657,2153352.2498354153,0.0
984420,0.0,0.0,0.996555780951657,2152026.412451113,0.0
984480,0.0,0.0,0.996555780951657,2153443.960589136,0.0
984540,0.0,0.0,0.996555780951657,2154930.2451942037,0.0
984600,0.0,0.0,0.996555780951657,2155074.3642603112,0.0
984660,0.0,0.0,0.996555780951657,2155160.1295509357,0.0
984720,0.0,0.0,0.996555780951657,2149764.020923288,0.0
984780,0.0,0.0,0.996555780951657,2152723.451505463,0.0
984840,0.0,0.0,0.996555780951657,2156039.5372044626,0.0
984900,0.0,0.0,0.996555780951657,2155310.7778193317,0.0
984960,0.0,0.0,0.996555780951657,2156364.5283546257,0.0
985020,0.0,0.0,0.996555780951657,2152289.737478993,0.0
985080,0.0,0.0,0.996555780951657,2152051.8055471084,0.0
985140,0.0,0.0,0.996555780951657,2154389.725649415,0.0
985200,0.0,0.0,0.996555780951657,2155665.1451844005,0.0
985260,0.0,0.0,0.996555780951657,2154527.2395159896,0.0
985320,0.0,0.0,0.996555780951657,2154337.5306714545,0.0
985380,0.0,0.0,0.996555780951657,2150401.218073877,0.0
985440,0.0,0.0,0.996555780951657,2153999.898245515,0.0
985500,0.0,0.0,0.996555780951657,2154858.4947246723,0.0
985560,0.0,0.0,0.996555780951657,2157844.080523728,0.0
985620,0.0,0.0,0.996555780951657,2151489.6215707674,0.0
985680,0.0,0.0,0.996555780951657,2153325.1114348685,0.0
985740,0.0,0.0,0.996555780951657,2152426.023717414,0.0
985800,0.0,0.0,0.996555780951657,2154255.447795761,0.0
985860,0.0,0.0,0.996555780951657,2157810.815440817,0.0
985920,0.0,0.0,0.996555780951657,2154415.669715055,0.0
985980,0.0,0.0,0.996555780951657,2153403.945996068,0.0
986040,0.0,0.0,0.996555780951657,2151915.4540361464,0.0
986100,0.0,0.0,0.996555780951657,2153794.0626082155,0.0
986160,0.0,0.0,0.996555780951657,2155787.7058497514,0.0
986220,0.0,0.0,0.996555780951657,2155880.606669589,0.0
986280,0.0,0.0,0.996555780951657,2151122.563057035,0.0
986340,0.0,0.0,0.996555780951657,2152533.5552116833,0.0
986400,0.0,0.0,0.996555780951657,2153739.3323137355,0.0
986460,0.0,0.0,0.996555780951657,2154938.166368318,0.0
986520,0.0,0.0,0.996555780951657,2157391.8644396598,0.0
986580,0.0,0.0,0.996555780951657,2150784.6314096637,0.0
986640,0.0,0.0,0.996555780951657,2152695.522189216,0.0
986700,0.0,0.0,0.996555780951657,2152300.8846334685,0.0
986760,0.0,0.0,0.996555780951657,2156999.2698820923,0.0
986820,0.0,0.0,0.996555780951657,2155248.7700809394,0.0
986880,0.0,0.0,0.996555780951657,2156463.7236292046,0.0
986940,0.0,0.0,0.996555780951657,2152251.2561281724,0.0
987000,0.0,0.0,0.996555780951657,2152200.1365984874,0.0
987060,0.0,0.0,0.996555780951657,2154449.594882119,0.0
987120,0.0,0.0,0.996555780951657,2155594.56181002,0.0
987180,0.0,0.0,0.996555780951657,2154164.046002895,0.0
987240,0.0,0.0,0.996555780951657,2154411.084141521,0.0
987300,0.0,0.0,0.996555780951657,2150378.021479815,0.0
987360,0.0,0.0,0.996555780951657,2153265.788800275,0.0
987420,0.0,0.0,0.996555780951657,2156999.4586776346,0.0
987480,0.0,0.0,0.996555780951657,2155233.4640027196,0.0
987540,0.0,0.0,0.996555780951657,2155186.989864879,0.0
987600,0.0,0.0,0.996555780951657,2151543.094893198,0.0
987660,0.0,0.0,0.996555780951657,2152536.657826514,0.0
987720,0.0,0.0,0.996555780951657,2155238.4323636875,0.0
987780,0.0,0.0,0.996555780951657,2156011.515692789,0.0
987840,0.0,0.0,0.996555780951657,2154215.490462153,0.0
987900,0.0,0.0,0.996555780951657,2150904.3316333084,0.0
987960,0.0,0.0,0.996555780951657,2152413.634955799,0.0
988020,0.0,0.0,0.996555780951657,2156238.7313474305,0.0
988080,0.0,0.0,0.996555780951657,2155397.966225018,0.0
988140,0.0,0.0,0.996555780951657,2155961.9661926515,0.0
988200,0.0,0.0,0.996555780951657,2150476.3756214823,0.0
988260,0.0,0.0,0.996555780951657,2152766.5345761226,0.0
988320,0.0,0.0,0.996555780951657,2153896.5065877535,0.0
988380,0.0,0.0,0.996555780951657,2154853.5113975476,0.0
988440,0.0,0.0,0.996555780951657,2157578.914487679,0.0
988500,0.0,0.0,0.996555780951657,2153643.4142620824,0.0
988560,0.0,0.0,0.996555780951657,2152407.7156043006,0.0
988620,0.0,0.0,0.996555780951657,2152810.785033539,0.0
988680,0.0,0.0,0.996555780951657,2154645.7680169833,0.0
988740,0.0,0.0,0.996555780951657,2155600.1825926458,0.0
988800,0.0,0.0,0.996555780951657,2155449.5192307136,0.0
988860,0.0,0.0,0.996555780951657,2150159.4293343,0.0
988920,0.0,0.0,0.996555780951657,2152427.5556537528,0.0
988980,0.0,0.0,0.996555780951657,2155134.3825964015,0.0
989040,0.0,0.0,0.996555780951657,2156172.8558563273,0.0
989100,0.0,0.0,0.996555780951657,2155381.777863687,0.0
989160,0.0,0.0,0.996555780951657,2152760.7787232967,0.0
989220,0.0,0.0,0.996555780951657,2150653.138485988,0.0
989280,0.0,0.0,0.996555780951657,2153280.296543573,0.0
989340,0.0,0.0,0.996555780951657,2157400.240427114,0.0
989400,0.0,0.0,0.996555780951657,2155061.9187960415,0.0
989460,0.0,0.0,0.996555780951657,2155424.229266019,0.0
989520,0.0,0.0,0.996555780951657,2151575.1003129645,0.0
989580,0.0,0.0,0.996555780951657,2152612.866357535,0.0
989640,0.0,0.0,0.996555780951657,2155263.106756236,0.0
989700,0.0,0.0,0.996555780951657,2155940.795475998,0.0
989760,0.0,0.0,0.996555780951657,2153008.3874892406,0.0
989820,0.0,0.0,0.996555780951657,2153573.2399672032,0.0
989880,0.0,0.0,0.996555780951657,2151552.1562499134,0.0
989940,0.0,0.0,0.996555780951657,2153970.081945793,0.0
990000,0.0,0.0,0.996555780951657,2157509.095533904,0.0
990060,0.0,0.0,0.996555780951657,2154841.821679692,0.0
990120,0.0,0.0,0.996555780951657,2153915.3723690524,0.0
990180,0.0,0.0,0.996555780951657,2150528.388977693,0.0
990240,0.0,0.0,0.996555780951657,2153452.9529279587,0.0
990300,0.0,0.0,0.996555780951657,2156059.262713084,0.0
990360,0.0,0.0,0.996555780951657,2155144.5073276195,0.0
990420,0.0,0.0,0.996555780951657,2153749.6652881633,0.0
990480,0.0,0.0,0.996555780951657,2152272.524444348,0.0
990540,0.0,0.0,0.996555780951657,2152936.32849888,0.0
990600,0.0,0.0,0.996555780951657,2154579.338993209,0.0
990660,0.0,0.0,0.996555780951657,2155376.6580128977,0.0
990720,0.0,0.0,0.996555780951657,2155441.9222539035,0.0
990780,0.0,0.0,0.996555780951657,2149800.488736219,0.0
990840,0.0,0.0,0.996555780951657,2152579.3154099737,0.0
990900,0.0,0.0,0.996555780951657,2155437.259971866,0.0
990960,0.0,0.0,0.996555780951657,2155245.701673385,0.0
991020,0.0,0.0,0.996555780951657,2156823.686698191,0.0
991080,0.0,0.0,0.996555780951657,2152713.9072014145,0.0
991140,0.0,0.0,0.996555780951657,2151983.3193670427,0.0
991200,0.0,0.0,0.996555780951657,2153904.3854890945,0.0
991260,0.0,0.0,0.996555780951657,2155404.3652729797,0.0
991320,0.0,0.0,0.996555780951657,2154970.9054428544,0.0
991380,0.0,0.0,0.996555780951657,2154725.945036059,0.0
991440,0.0,0.0,0.996555780951657,2150121.296510284,0.0
991500,0.0,0.0,0.996555780951657,2153352.8994337274,0.0
991560,0.0,0.0,0.996555780951657,2154555.637457232,0.0
991620,0.0,0.0,0.996555780951657,2158198.551722583,0.0
991680,0.0,0.0,0.996555780951657,2152141.0702709886,0.0
991740,0.0,0.0,0.996555780951657,2153686.435228173,0.0
991800,0.0,0.0,0.996555780951657,2151679.189312868,0.0
991860,0.0,0.0,0.996555780951657,2153955.2489818814,0.0
991920,0.0,0.0,0.996555780951657,2157728.081866552,0.0
991980,0.0,0.0,0.996555780951657,2154701.1961451266,0.0
992040,0.0,0.0,0.996555780951657,2153970.8189121396,0.0
992100,0.0,0.0,0.996555780951657,2151631.0967563037,0.0
992160,0.0,0.0,0.996555780951657,2153397.260181614,0.0
992220,0.0,0.0,0.996555780951657,2155731.5723846117,0.0
992280,0.0,0.0,0.996555780951657,2155981.0430610767,0.0
992340,0.0,0.0,0.996555780951657,2151716.157645397,0.0
992400,0.0,0.0,0.996555780951657,2152783.140170002,0.0
992460,0.0,0.0,0.996555780951657,2153036.268392868,0.0
992520,0.0,0.0,0.996555780951657,2154676.0132472496,0.0
992580,0.0,0.0,0.996555780951657,2157529.647555809,0.0
992640,0.0,0.0,0.996555780951657,2151559.067909633,0.0
992700,0.0,0.0,0.996555780951657,2153025.760182471,0.0
992760,0.0,0.0,0.996555780951657,2151849.9000698514,0.0
992820,0.0,0.0,0.996555780951657,2156597.514240686,0.0
992880,0.0,0.0,0.996555780951657,2155180.332600942,0.0
992940,0.0,0.0,0.996555780951657,2156954.4601016566,0.0
993000,0.0,0.0,0.996555780951657,2152644.06222915,0.0
993060,0.0,0.0,0.996555780951657,2152159.257797609,0.0
993120,0.0,0.0,0.996555780951657,2153999.808440921,0.0
993180,0.0,0.0,0.996555780951657,2155351.365128742,0.0
993240,0.0,0.0,0.996555780951657,2154638.6925710193,0.0
993300,0.0,0.0,0.996555780951657,2154760.4163132124,0.0
993360,0.0,0.0,0.996555780951657,2150024.5102616125,0.0
993420,0.0,0.0,0.996555780951657,2152979.722469812,0.0
993480,0.0,0.0,0.996555780951657,2156595.5295436447,0.0
993540,0.0,0.0,0.996555780951657,2155320.9040591195,0.0
993600,0.0,0.0,0.996555780951657,2155734.5741534117,0.0
993660,0.0,0.0,0.996555780951657,2151846.3240632727,0.0
993720,0.0,0.0,0.996555780951657,2152256.8280089465,0.0
993780,0.0,0.0,0.996555780951657,2154878.4922042126,0.0
993840,0.0,0.0,0.996555780951657,2155896.232329186,0.0
993900,0.0,0.0,0.996555780951657,2155017.6263113767,0.0
993960,0.0,0.0,0.996555780951657,2151346.16452467,0.0
994020,0.0,0.0,0.996555780951657,2152407.262543038,0.0
994080,0.0,0.0,0.996555780951657,2155503.6398097714,0.0
994140,0.0,0.0,0.996555780951657,2155403.7552841897,0.0
994200,0.0,0.0,0.996555780951657,2156055.3834620398,0.0
994260,0.0,0.0,0.996555780951657,2151068.2641488477,0.0
994320,0.0,0.0,0.996555780951657,2153004.606249431,0.0
994380,0.0,0.0,0.996555780951657,2153186.759564867,0.0
994440,0.0,0.0,0.996555780951657,2154620.787053868,0.0
994500,0.0,0.0,0.996555780951657,2157728.682698644,0.0
994560,0.0,0.0,0.996555780951657,2154016.566462452,0.0
994620,0.0,0.0,0.996555780951657,2152792.9753671656,0.0
994680,0.0,0.0,0.996555780951657,2152363.8488398446,0.0
994740,0.0,0.0,0.996555780951657,2154274.2498657247,0.0
994800,0.0,0.0,0.996555780951657,2155753.5288536465,0.0
994860,0.0,0.0,0.996555780951657,2155680.4819585723,0.0
994920,0.0,0.0,0.996555780951657,2150569.6226801313,0.0
994980,0.0,0.0,0.996555780951657,2152380.2260478586,0.0
995040,0.0,0.0,0.996555780951657,2154506.6285047056,0.0
995100,0.0,0.0,0.996555780951657,2156284.929521239,0.0
995160,0.0,0.0,0.996555780951657,2155505.011848442,0.0
995220,0.0,0.0,0.996555780951657,2153459.94397221,0.0
995280,0.0,0.0,0.996555780951657,2150027.099998259,0.0
995340,0.0,0.0,0.996555780951657,2153024.654386867,0.0
995400,0.0,0.0,0.996555780951657,2157004.7955332506,0.0
995460,0.0,0.0,0.996555780951657,2155147.1099551413,0.0
995520,0.0,0.0,0.996555780951657,2155960.041005909,0.0
995580,0.0,0.0,0.996555780951657,2151848.8709075046,0.0
995640,0.0,0.0,0.996555780951657,2152354.7500628056,0.0
995700,0.0,0.0,0.996555780951657,2154941.642785019,0.0
995760,0.0,0.0,0.996555780951657,2155829.633221412,0.0
995820,0.0,0.0,0.996555780951657,2153586.019828642,0.0
995880,0.0,0.0,0.996555780951657,2153932.6004070444,0.0
995940,0.0,0.0,0.996555780951657,2150978.9464503815,0.0
996000,0.0,0.0,0.996555780951657,2153647.5235587517,0.0
996060,0.0,0.0,0.996555780951657,2157317.304108919,0.0
996120,0.0,0.0,0.996555780951657,2155067.581562259,0.0
996180,0.0,0.0,0.996555780951657,2154473.4811762865,0.0
996240,0.0,0.0,0.996555780951657,2151426.8257768257,0.0
996300,0.0,0.0,0.996555780951657,2152937.3706217674,0.0
996360,0.0,0.0,0.996555780951657,2157882.206703786,0.0
996420,0.0,0.0,0.996555780951657,2155074.8667087457,0.0
996480,0.0,0.0,0.996555780951657,2155610.2786677596,0.0
996540,0.0,0.0,0.996555780951657,2148849.074114261,0.0
996600,0.0,0.0,0.996555780951657,2152461.4964296063,0.0
996660,0.0,0.0,0.996555780951657,2154323.9212345546,0.0
996720,0.0,0.0,0.996555780951657,2155536.1042859345,0.0
996780,0.0,0.0,0.996555780951657,2155653.8622024925,0.0
996840,0.0,0.0,0.996555780951657,2150158.7081926954,0.0
996900,0.0,0.0,0.996555780951657,2152547.6114759245,0.0
996960,0.0,0.0,0.996555780951657,2154757.397847105,0.0
997020,0.0,0.0,0.996555780951657,2155104.4431131734,0.0
997080,0.0,0.0,0.996555780951657,2157218.223206388,0.0
997140,0.0,0.0,0.996555780951657,2153162.458163182,0.0
997200,0.0,0.0,0.996555780951657,2152067.631910099,0.0
997260,0.0,0.0,0.996555780951657,2153380.909848582,0.0
997320,0.0,0.0,0.996555780951657,2155076.643248409,0.0
997380,0.0,0.0,0.996555780951657,2155336.48724973,0.0
997440,0.0,0.0,0.996555780951657,2155093.814359732,0.0
997500,0.0,0.0,0.996555780951657,2150026.1435251045,0.0
997560,0.0,0.0,0.996555780951657,2152675.781158185,0.0
997620,0.0,0.0,0.996555780951657,2154213.9576330218,0.0
997680,0.0,0.0,0.996555780951657,2158437.4885901045,0.0
997740,0.0,0.0,0.996555780951657,2152783.914053454,0.0
997800,0.0,0.0,0.996555780951657,2154079.5100340433,0.0
997860,0.0,0.0,0.996555780951657,2150966.4503472797,0.0
997920,0.0,0.0,0.996555780951657,2153639.872828678,0.0
997980,0.0,0.0,0.996555780951657,2157533.9519869364,0.0
998040,0.0,0.0,0.996555780951657,2154932.681920884,0.0
998100,0.0,0.0,0.996555780951657,2154586.2294372157,0.0
998160,0.0,0.0,0.996555780951657,2151484.1642104676,0.0
998220,0.0,0.0,0.996555780951657,2153009.8129332648,0.0
998280,0.0,0.0,0.996555780951657,2155572.4586538724,0.0
998340,0.0,0.0,0.996555780951657,2156012.893517112,0.0
998400,0.0,0.0,0.996555780951657,2152344.351360379,0.0
998460,0.0,0.0,0.996555780951657,2153109.095659642,0.0
998520,0.0,0.0,0.996555780951657,2152325.8303532293,0.0
998580,0.0,0.0,0.996555780951657,2154366.221879992,0.0
998640,0.0,0.0,0.996555780951657,2157566.869738777,0.0
998700,0.0,0.0,0.996555780951657,2154514.296183033,0.0
998760,0.0,0.0,0.996555780951657,2153238.307596478,0.0
998820,0.0,0.0,0.996555780951657,2151478.252669232,0.0
998880,0.0,0.0,0.996555780951657,2153879.923734094,0.0
998940,0.0,0.0,0.996555780951657,2156401.960359002,0.0
999000,0.0,0.0,0.996555780951657,2154320.9267707993,0.0
999060,0.0,0.0,0.996555780951657,2153316.570741871,0.0
999120,0.0,0.0,0.996555780951657,2151993.2461624793,0.0
999180,0.0,0.0,0.996555780951657,2153479.001262043,0.0
999240,0.0,0.0,0.996555780951657,2154969.985960961,0.0
999300,0.0,0.0,0.996555780951657,2155080.805891261,0.0
999360,0.0,0.0,0.996555780951657,2155128.8296806756,0.0
999420,0.0,0.0,0.996555780951657,2149799.3682915913,0.0
999480,0.0,0.0,0.996555780951657,2152724.144336744,0.0
999540,0.0,0.0,0.996555780951657,2156051.8965242174,0.0
999600,0.0,0.0,0.996555780951657,2155328.972638196,0.0
999660,0.0,0.0,0.996555780951657,2156312.3642059434,0.0
999720,0.0,0.0,0.996555780951657,2152266.4111496108,0.0
999780,0.0,0.0,0.996555780951657,2152047.448128508,0.0
999840,0.0,0.0,0.996555780951657,2154408.9344147136,0.0
999900,0.0,0.0,0.996555780951657,2155686.1758521856,0.0
999960,0.0,0.0,0.996555780951657,2155851.9189041504,0.0
1000020,0.0,0.0,0.996555780951657,2151870.937132325,0.0
1000080,0.0,0.0,0.996555780951657,2152568.5687528737,0.0
1000140,0.0,0.0,0.996555780951657,2154629.3434942365,0.0
1000200,0.0,0.0,0.996555780951657,2155291.3180159866,0.0
1000260,0.0,0.0,0.996555780951657,2156080.537098179,0.0
1000320,0.0,0.0,0.996555780951657,2151733.2537420155,0.0
1000380,0.0,0.0,0.996555780951657,2153340.8682400915,0.0
1000440,0.0,0.0,0.996555780951657,2152411.559231442,0.0
1000500,0.0,0.0,0.996555780951657,2154319.434984653,0.0
1000560,0.0,0.0,0.996555780951657,2157793.480396547,0.0
1000620,0.0,0.0,0.996555780951657,2154380.226792741,0.0
1000680,0.0,0.0,0.996555780951657,2153324.1771884877,0.0
1000740,0.0,0.0,0.996555780951657,2151946.803377636,0.0
1000800,0.0,0.0,0.996555780951657,2153848.5341857322,0.0
1000860,0.0,0.0,0.996555780951657,2155805.4599011885,0.0
1000920,0.0,0.0,0.996555780951657,2155868.2870677877,0.0
1000980,0.0,0.0,0.996555780951657,2151118.016560737,0.0
1001040,0.0,0.0,0.996555780951657,2152484.483722612,0.0
1001100,0.0,0.0,0.996555780951657,2153792.9648504965,0.0
1001160,0.0,0.0,0.996555780951657,2156267.632728521,0.0
1001220,0.0,0.0,0.996555780951657,2155568.4608747778,0.0
1001280,0.0,0.0,0.996555780951657,2154261.4352644715,0.0
1001340,0.0,0.0,0.996555780951657,2149514.978437856,0.0
1001400,0.0,0.0,0.996555780951657,2152806.667625011,0.0
1001460,0.0,0.0,0.996555780951657,2156488.4811235913,0.0
1001520,0.0,0.0,0.996555780951657,2155164.3218163326,0.0
1001580,0.0,0.0,0.996555780951657,2156501.3407530016,0.0
1001640,0.0,0.0,0.996555780951657,2152225.21160243,0.0
1001700,0.0,0.0,0.996555780951657,2152164.7312890803,0.0
1001760,0.0,0.0,0.996555780951657,2154528.5433952585,0.0
1001820,0.0,0.0,0.996555780951657,2155642.4843787504,0.0
1001880,0.0,0.0,0.996555780951657,2154142.346616517,0.0
1001940,0.0,0.0,0.996555780951657,2154324.664053683,0.0
1002000,0.0,0.0,0.996555780951657,2150463.219732502,0.0
1002060,0.0,0.0,0.996555780951657,2153310.6854182975,0.0
1002120,0.0,0.0,0.996555780951657,2157017.0766836205,0.0
1002180,0.0,0.0,0.996555780951657,2155237.2405987284,0.0
1002240,0.0,0.0,0.996555780951657,2155073.529129159,0.0
1002300,0.0,0.0,0.996555780951657,2151508.805926745,0.0
1002360,0.0,0.0,0.996555780951657,2152573.4240486817,0.0
1002420,0.0,0.0,0.996555780951657,2157545.339025444,0.0
1002480,0.0,0.0,0.996555780951657,2155214.4935350595,0.0
1002540,0.0,0.0,0.996555780951657,2155988.326085126,0.0
1002600,0.0,0.0,0.996555780951657,2148692.7713985615,0.0
1002660,0.0,0.0,0.996555780951657,2152091.8867588486,0.0
1002720,0.0,0.0,0.996555780951657,2153914.0626973873,0.0
1002780,0.0,0.0,0.996555780951657,2155645.721138087,0.0
1002840,0.0,0.0,0.996555780951657,2155806.2259044317,0.0
1002900,0.0,0.0,0.996555780951657,2150673.0235887365,0.0
1002960,0.0,0.0,0.996555780951657,2152652.628959254,0.0
1003020,0.0,0.0,0.996555780951657,2154054.839366457,0.0
1003080,0.0,0.0,0.996555780951657,2154917.3661570847,0.0
1003140,0.0,0.0,0.996555780951657,2157490.822643392,0.0
1003200,0.0,0.0,0.996555780951657,2153578.324646724,0.0
1003260,0.0,0.0,0.996555780951657,2152310.92355737,0.0
1003320,0.0,0.0,0.996555780951657,2152885.228414638,0.0
1003380,0.0,0.0,0.996555780951657,2154725.4397731703,0.0
1003440,0.0,0.0,0.996555780951657,2155597.9348086547,0.0
1003500,0.0,0.0,0.996555780951657,2155396.7839901703,0.0
1003560,0.0,0.0,0.996555780951657,2150168.549398027,0.0
1003620,0.0,0.0,0.996555780951657,2152047.7492867564,0.0
1003680,0.0,0.0,0.996555780951657,2153877.72155527,0.0
1003740,0.0,0.0,0.996555780951657,2158519.0269824923,0.0
1003800,0.0,0.0,0.996555780951657,2153373.355404874,0.0
1003860,0.0,0.0,0.996555780951657,2154448.008883123,0.0
1003920,0.0,0.0,0.996555780951657,2150371.3127777497,0.0
1003980,0.0,0.0,0.996555780951657,2153349.896998523,0.0
1004040,0.0,0.0,0.996555780951657,2157237.8633884676,0.0
1004100,0.0,0.0,0.996555780951657,2155095.32135588,0.0
1004160,0.0,0.0,0.996555780951657,2155172.615912209,0.0
1004220,0.0,0.0,0.996555780951657,2151518.220136628,0.0
1004280,0.0,0.0,0.996555780951657,2152674.814845669,0.0
1004340,0.0,0.0,0.996555780951657,2155332.1894914564,0.0
1004400,0.0,0.0,0.996555780951657,2155977.7302784803,0.0
1004460,0.0,0.0,0.996555780951657,2152955.677175767,0.0
1004520,0.0,0.0,0.996555780951657,2153458.63384378,0.0
1004580,0.0,0.0,0.996555780951657,2151674.712329386,0.0
1004640,0.0,0.0,0.996555780951657,2154043.9507097425,0.0
1004700,0.0,0.0,0.996555780951657,2157494.013904141,0.0
1004760,0.0,0.0,0.996555780951657,2154812.80405981,0.0
1004820,0.0,0.0,0.996555780951657,2153779.774635406,0.0
1004880,0.0,0.0,0.996555780951657,2150658.045781159,0.0
1004940,0.0,0.0,0.996555780951657,2153516.284623717,0.0
1005000,0.0,0.0,0.996555780951657,2156116.42562424,0.0
1005060,0.0,0.0,0.996555780951657,2155095.770557262,0.0
1005120,0.0,0.0,0.996555780951657,2153694.9452184206,0.0
1005180,0.0,0.0,0.996555780951657,2152194.760296226,0.0
1005240,0.0,0.0,0.996555780951657,2152998.21924565,0.0
1005300,0.0,0.0,0.996555780951657,2154645.83243056,0.0
1005360,0.0,0.0,0.996555780951657,2155378.527362435,0.0
1005420,0.0,0.0,0.996555780951657,2155401.2157357153,0.0
1005480,0.0,0.0,0.996555780951657,2149831.8958551195,0.0
1005540,0.0,0.0,0.996555780951657,2152570.586661728,0.0
1005600,0.0,0.0,0.996555780951657,2155485.5144809256,0.0
1005660,0.0,0.0,0.996555780951657,2155277.5613210187,0.0
1005720,0.0,0.0,0.996555780951657,2156744.6741251475,0.0
1005780,0.0,0.0,0.996555780951657,2152668.1795757967,0.0
1005840,0.0,0.0,0.996555780951657,2151966.3599401345,0.0
1005900,0.0,0.0,0.996555780951657,2153948.3009581235,0.0
1005960,0.0,0.0,0.996555780951657,2155445.782055286,0.0
1006020,0.0,0.0,0.996555780951657,2156527.5174970645,0.0
1006080,0.0,0.0,0.996555780951657,2152371.4163992656,0.0
1006140,0.0,0.0,0.996555780951657,2152827.820801448,0.0
1006200,0.0,0.0,0.996555780951657,2153769.0644907844,0.0
1006260,0.0,0.0,0.996555780951657,2155110.176083993,0.0
1006320,0.0,0.0,0.996555780951657,2156040.4938521627,0.0
1006380,0.0,0.0,0.996555780951657,2152369.24475117,0.0
1006440,0.0,0.0,0.996555780951657,2153661.4649210093,0.0
1006500,0.0,0.0,0.996555780951657,2151736.873559133,0.0
1006560,0.0,0.0,0.996555780951657,2154029.6130871936,0.0
1006620,0.0,0.0,0.996555780951657,2157732.413101413,0.0
1006680,0.0,0.0,0.996555780951657,2154666.757579293,0.0
1006740,0.0,0.0,0.996555780951657,2153853.104410612,0.0
1006800,0.0,0.0,0.996555780951657,2151658.074982781,0.0
1006860,0.0,0.0,0.996555780951657,2153463.9613440637,0.0
1006920,0.0,0.0,0.996555780951657,2155762.227074142,0.0
1006980,0.0,0.0,0.996555780951657,2155977.321715799,0.0
1007040,0.0,0.0,0.996555780951657,2151691.9157618727,0.0
1007100,0.0,0.0,0.996555780951657,2152706.862217314,0.0
1007160,0.0,0.0,0.996555780951657,2153119.2857315214,0.0
1007220,0.0,0.0,0.996555780951657,2154729.6454461496,0.0
1007280,0.0,0.0,0.996555780951657,2157485.0834474233,0.0
1007340,0.0,0.0,0.996555780951657,2151578.074127883,0.0
1007400,0.0,0.0,0.996555780951657,2152957.6706507993,0.0
1007460,0.0,0.0,0.996555780951657,2151900.0155238104,0.0
1007520,0.0,0.0,0.996555780951657,2156590.8944952306,0.0
1007580,0.0,0.0,0.996555780951657,2155213.4895006483,0.0
1007640,0.0,0.0,0.996555780951657,2156863.2490171986,0.0
1007700,0.0,0.0,0.996555780951657,2152600.9876975305,0.0
1007760,0.0,0.0,0.996555780951657,2152137.54309617,0.0
1007820,0.0,0.0,0.996555780951657,2154040.8429158325,0.0
1007880,0.0,0.0,0.996555780951657,2155391.727678247,0.0
1007940,0.0,0.0,0.996555780951657,2154638.526273954,0.0
1008000,0.0,0.0,0.996555780951657,2154715.5471283724,0.0
1008060,0.0,0.0,0.996555780951657,2150068.4976251903,0.0
1008120,0.0,0.0,0.996555780951657,2152994.4543574248,0.0
1008180,0.0,0.0,0.996555780951657,2156604.807834571,0.0
1008240,0.0,0.0,0.996555780951657,2155334.070233472,0.0
1008300,0.0,0.0,0.996555780951657,2155672.0280643534,0.0
1008360,0.0,0.0,0.996555780951657,2151819.344658384,0.0
1008420,0.0,0.0,0.996555780951657,2152264.8431234164,0.0
1008480,0.0,0.0,0.996555780951657,2157061.184519778,0.0
1008540,0.0,0.0,0.996555780951657,2155267.830505782,0.0
1008600,0.0,0.0,0.996555780951657,2156316.246288894,0.0
1008660,0.0,0.0,0.996555780951657,2148820.517578164,0.0
1008720,0.0,0.0,0.996555780951657,2151812.6515536173,0.0
1008780,0.0,0.0,0.996555780951657,2153489.4484327515,0.0
1008840,0.0,0.0,0.996555780951657,2155647.091729917,0.0
1008900,0.0,0.0,0.996555780951657,2155897.101419492,0.0
1008960,0.0,0.0,0.996555780951657,2151265.6189300953,0.0
1009020,0.0,0.0,0.996555780951657,2152897.4590841723,0.0
1009080,0.0,0.0,0.996555780951657,2153309.455190946,0.0
1009140,0.0,0.0,0.996555780951657,2154672.3640763224,0.0
1009200,0.0,0.0,0.996555780951657,2157672.0862920866,0.0
1009260,0.0,0.0,0.996555780951657,2153979.289431475,0.0
1009320,0.0,0.0,0.996555780951657,2152703.346869635,0.0
1009380,0.0,0.0,0.996555780951657,2152408.3893937827,0.0
1009440,0.0,0.0,0.996555780951657,2154332.556690553,0.0
1009500,0.0,0.0,0.996555780951657,2155763.32375955,0.0
1009560,0.0,0.0,0.996555780951657,2155653.710351618,0.0
1009620,0.0,0.0,0.996555780951657,2150568.628621001,0.0
1009680,0.0,0.0,0.996555780951657,2152355.165939266,0.0
1009740,0.0,0.0,0.996555780951657,2154557.4781667627,0.0
1009800,0.0,0.0,0.996555780951657,2156290.9632776915,0.0
1009860,0.0,0.0,0.996555780951657,2155506.5575566175,0.0
1009920,0.0,0.0,0.996555780951657,2153388.428695149,0.0
1009980,0.0,0.0,0.996555780951657,2150089.0687281983,0.0
1010040,0.0,0.0,0.996555780951657,2153039.3494139467,0.0
1010100,0.0,0.0,0.996555780951657,2157009.221580707,0.0
1010160,0.0,0.0,0.996555780951657,2155161.513545249,0.0
1010220,0.0,0.0,0.996555780951657,2155885.1520437794,0.0
1010280,0.0,0.0,0.996555780951657,2151818.932892647,0.0
1010340,0.0,0.0,0.996555780951657,2152362.8647697945,0.0
1010400,0.0,0.0,0.996555780951657,2154967.4462548215,0.0
1010460,0.0,0.0,0.996555780951657,2155851.2309283903,0.0
1010520,0.0,0.0,0.996555780951657,2153591.0318418345,0.0
1010580,0.0,0.0,0.996555780951657,2153889.5931210564,0.0
1010640,0.0,0.0,0.996555780951657,2151014.207139796,0.0
1010700,0.0,0.0,0.996555780951657,2153667.7040776224,0.0
1010760,0.0,0.0,0.996555780951657,2157306.6793989427,0.0
1010820,0.0,0.0,0.996555780951657,2155070.834737265,0.0
1010880,0.0,0.0,0.996555780951657,2154426.685066912,0.0
1010940,0.0,0.0,0.996555780951657,2149849.4496754156,0.0
1011000,0.0,0.0,0.996555780951657,2153120.912830971,0.0
1011060,0.0,0.0,0.996555780951657,2155719.9502543057,0.0
1011120,0.0,0.0,0.996555780951657,2155836.9254332436,0.0
1011180,0.0,0.0,0.996555780951657,2154084.487510872,0.0
1011240,0.0,0.0,0.996555780951657,2152598.659631724,0.0
1011300,0.0,0.0,0.996555780951657,2152495.086235118,0.0
1011360,0.0,0.0,0.996555780951657,2154254.0439513107,0.0
1011420,0.0,0.0,0.996555780951657,2155588.792593286,0.0
1011480,0.0,0.0,0.996555780951657,2155647.9258237663,0.0
1011540,0.0,0.0,0.996555780951657,2150120.0108482065,0.0
1011600,0.0,0.0,0.996555780951657,2152520.4241088983,0.0
1011660,0.0,0.0,0.996555780951657,2154808.178191271,0.0
1011720,0.0,0.0,0.996555780951657,2155144.3333472344,0.0
1011780,0.0,0.0,0.996555780951657,2157146.603919471,0.0
1011840,0.0,0.0,0.996555780951657,2153118.212481504,0.0
1011900,0.0,0.0,0.996555780951657,2152030.6182109755,0.0
1011960,0.0,0.0,0.996555780951657,2153425.0676770825,0.0
1012020,0.0,0.0,0.996555780951657,2155123.122442803,0.0
1012080,0.0,0.0,0.996555780951657,2157162.4533375422,0.0
1012140,0.0,0.0,0.996555780951657,2152899.4783981727,0.0
1012200,0.0,0.0,0.996555780951657,2153209.172806227,0.0
1012260,0.0,0.0,0.996555780951657,2152823.1667602947,0.0
1012320,0.0,0.0,0.996555780951657,2154823.155162133,0.0
1012380,0.0,0.0,0.996555780951657,2155923.365443452,0.0
1012440,0.0,0.0,0.996555780951657,2153017.5334142502,0.0
1012500,0.0,0.0,0.996555780951657,2154032.142748955,0.0
1012560,0.0,0.0,0.996555780951657,2151067.511968425,0.0
1012620,0.0,0.0,0.996555780951657,2153705.6400793917,0.0
1012680,0.0,0.0,0.996555780951657,2157566.2243776056,0.0
1012740,0.0,0.0,0.996555780951657,2154911.9957938353,0.0
1012800,0.0,0.0,0.996555780951657,2154460.6265989365,0.0
1012860,0.0,0.0,0.996555780951657,2151487.3348325477,0.0
1012920,0.0,0.0,0.996555780951657,2153067.819481763,0.0
1012980,0.0,0.0,0.996555780951657,2155613.413611507,0.0
1013040,0.0,0.0,0.996555780951657,2156023.4178629117,0.0
1013100,0.0,0.0,0.996555780951657,2152316.1139333975,0.0
1013160,0.0,0.0,0.996555780951657,2153024.9406313845,0.0
1013220,0.0,0.0,0.996555780951657,2152412.5122331423,0.0
1013280,0.0,0.0,0.996555780951657,2154421.798582801,0.0
1013340,0.0,0.0,0.996555780951657,2157535.8769100467,0.0
1013400,0.0,0.0,0.996555780951657,2152365.3366172845,0.0
1013460,0.0,0.0,0.996555780951657,2153323.7025626306,0.0
1013520,0.0,0.0,0.996555780951657,2151506.6637206525,0.0
1013580,0.0,0.0,0.996555780951657,2156063.6550002117,0.0
1013640,0.0,0.0,0.996555780951657,2155088.0836071935,0.0
1013700,0.0,0.0,0.996555780951657,2157296.7513804254,0.0
1013760,0.0,0.0,0.996555780951657,2153013.1736383685,0.0
1013820,0.0,0.0,0.996555780951657,2152212.1986865206,0.0
1013880,0.0,0.0,0.996555780951657,2153554.726477047,0.0
1013940,0.0,0.0,0.996555780951657,2155097.6668287567,0.0
1014000,0.0,0.0,0.996555780951657,2155043.9349607187,0.0
1014060,0.0,0.0,0.996555780951657,2155050.3867066265,0.0
1014120,0.0,0.0,0.996555780951657,2149868.3287888234,0.0
1014180,0.0,0.0,0.996555780951657,2152744.6141940923,0.0
1014240,0.0,0.0,0.996555780951657,2156116.5227264934,0.0
1014300,0.0,0.0,0.996555780951657,2155358.2445089594,0.0
1014360,0.0,0.0,0.996555780951657,2156190.0786618167,0.0
1014420,0.0,0.0,0.996555780951657,2152196.389522567,0.0
1014480,0.0,0.0,0.996555780951657,2152054.7375204014,0.0
1014540,0.0,0.0,0.996555780951657,2156457.4207465006,0.0
1014600,0.0,0.0,0.996555780951657,2155242.6722939084,0.0
1014660,0.0,0.0,0.996555780951657,2156555.3951753243,0.0
1014720,0.0,0.0,0.996555780951657,2149295.6577074626,0.0
1014780,0.0,0.0,0.996555780951657,2151676.236105484,0.0
1014840,0.0,0.0,0.996555780951657,2153099.7917697574,0.0
1014900,0.0,0.0,0.996555780951657,2155551.141534156,0.0
1014960,0.0,0.0,0.996555780951657,2155921.7729106634,0.0
1015020,0.0,0.0,0.996555780951657,2151881.1730959606,0.0
1015080,0.0,0.0,0.996555780951657,2153188.955909574,0.0
1015140,0.0,0.0,0.996555780951657,2152590.3487651707,0.0
1015200,0.0,0.0,0.996555780951657,2154401.530122643,0.0
1015260,0.0,0.0,0.996555780951657,2157737.376027362,0.0
1015320,0.0,0.0,0.996555780951657,2154329.56117599,0.0
1015380,0.0,0.0,0.996555780951657,2153171.6844907827,0.0
1015440,0.0,0.0,0.996555780951657,2152006.353058837,0.0
1015500,0.0,0.0,0.996555780951657,2153938.533477737,0.0
1015560,0.0,0.0,0.996555780951657,2155827.416306014,0.0
1015620,0.0,0.0,0.996555780951657,2155842.342891295,0.0
1015680,0.0,0.0,0.996555780951657,2151085.116172608,0.0
1015740,0.0,0.0,0.996555780951657,2152417.4453923977,0.0
1015800,0.0,0.0,0.996555780951657,2153894.5972065786,0.0
1015860,0.0,0.0,0.996555780951657,2156283.5484177596,0.0
1015920,0.0,0.0,0.996555780951657,2155581.0247149756,0.0
1015980,0.0,0.0,0.996555780951657,2154127.4274078165,0.0
1016040,0.0,0.0,0.996555780951657,2149612.547288921,0.0
1016100,0.0,0.0,0.996555780951657,2152818.476985008,0.0
1016160,0.0,0.0,0.996555780951657,2156528.780543204,0.0
1016220,0.0,0.0,0.996555780951657,2155190.9748481116,0.0
1016280,0.0,0.0,0.996555780951657,2156389.445149184,0.0
1016340,0.0,0.0,0.996555780951657,2152169.105165914,0.0
1016400,0.0,0.0,0.996555780951657,2152167.611193277,0.0
1016460,0.0,0.0,0.996555780951657,2154580.6071465495,0.0
1016520,0.0,0.0,0.996555780951657,2155684.6139993956,0.0
1016580,0.0,0.0,0.996555780951657,2154128.73490362,0.0
1016640,0.0,0.0,0.996555780951657,2154258.7967273183,0.0
1016700,0.0,0.0,0.996555780951657,2150525.70887322,0.0
1016760,0.0,0.0,0.996555780951657,2153343.63724466,0.0
1016820,0.0,0.0,0.996555780951657,2157024.034037558,0.0
1016880,0.0,0.0,0.996555780951657,2155241.7273573987,0.0
1016940,0.0,0.0,0.996555780951657,2154990.4267111686,0.0
1017000,0.0,0.0,0.996555780951657,2149272.0041786083,0.0
1017060,0.0,0.0,0.996555780951657,2152797.9660115032,0.0
1017120,0.0,0.0,0.996555780951657,2155306.8731424413,0.0
1017180,0.0,0.0,0.996555780951657,2156413.6415611487,0.0
1017240,0.0,0.0,0.996555780951657,2154399.078834356,0.0
1017300,0.0,0.0,0.996555780951657,2153060.1824932187,0.0
1017360,0.0,0.0,0.996555780951657,2152090.774729065,0.0
1017420,0.0,0.0,0.996555780951657,2153893.776381399,0.0
1017480,0.0,0.0,0.996555780951657,2155692.01242176,0.0
1017540,0.0,0.0,0.996555780951657,2155813.5427643466,0.0
1017600,0.0,0.0,0.996555780951657,2150610.751274579,0.0
1017660,0.0,0.0,0.996555780951657,2152589.864827184,0.0
1017720,0.0,0.0,0.996555780951657,2154141.6694478067,0.0
1017780,0.0,0.0,0.996555780951657,2154973.861243897,0.0
1017840,0.0,0.0,0.996555780951657,2157414.394184364,0.0
1017900,0.0,0.0,0.996555780951657,2153522.773942395,0.0
1017960,0.0,0.0,0.996555780951657,2152238.3675505733,0.0
1018020,0.0,0.0,0.996555780951657,2152944.8597196946,0.0
1018080,0.0,0.0,0.996555780951657,2154790.7055205703,0.0
1018140,0.0,0.0,0.996555780951657,2155597.3567677634,0.0
1018200,0.0,0.0,0.996555780951657,2155351.3246079576,0.0
1018260,0.0,0.0,0.996555780951657,2150181.667917602,0.0
1018320,0.0,0.0,0.996555780951657,2152107.6641145763,0.0
1018380,0.0,0.0,0.996555780951657,2153928.1570801693,0.0
1018440,0.0,0.0,0.996555780951657,2158447.273840314,0.0
1018500,0.0,0.0,0.996555780951657,2153382.0801593172,0.0
1018560,0.0,0.0,0.996555780951657,2154381.278511574,0.0
1018620,0.0,0.0,0.996555780951657,2150444.539779383,0.0
1018680,0.0,0.0,0.996555780951657,2153377.8423157884,0.0
1018740,0.0,0.0,0.996555780951657,2157240.2135678274,0.0
1018800,0.0,0.0,0.996555780951657,2155100.7106420854,0.0
1018860,0.0,0.0,0.996555780951657,2155087.879544884,0.0
1018920,0.0,0.0,0.996555780951657,2151500.7745183147,0.0
1018980,0.0,0.0,0.996555780951657,2152697.2576625347,0.0
1019040,0.0,0.0,0.996555780951657,2155359.3046259927,0.0
1019100,0.0,0.0,0.996555780951657,2155993.591831828,0.0
1019160,0.0,0.0,0.996555780951657,2152954.9519169154,0.0
1019220,0.0,0.0,0.996555780951657,2153407.2666737763,0.0
1019280,0.0,0.0,0.996555780951657,2151716.738739129,0.0
1019340,0.0,0.0,0.996555780951657,2154072.5881005134,0.0
1019400,0.0,0.0,0.996555780951657,2157477.484843301,0.0
1019460,0.0,0.0,0.996555780951657,2153148.877050752,0.0
1019520,0.0,0.0,0.996555780951657,2153713.6361641926,0.0
1019580,0.0,0.0,0.996555780951657,2151209.435660215,0.0
1019640,0.0,0.0,0.996555780951657,2155406.2279821634,0.0
1019700,0.0,0.0,0.996555780951657,2154898.7284974684,0.0
1019760,0.0,0.0,0.996555780951657,2157653.034032803,0.0
1019820,0.0,0.0,0.996555780951657,2153429.8794000107,0.0
1019880,0.0,0.0,0.996555780951657,2152454.40738536,0.0
1019940,0.0,0.0,0.996555780951657,2153049.5505936076,0.0
1020000,0.0,0.0,0.996555780951657,2154750.948426908,0.0
1020060,0.0,0.0,0.996555780951657,2155364.911172624,0.0
1020120,0.0,0.0,0.996555780951657,2155353.137489051,0.0
1020180,0.0,0.0,0.996555780951657,2149871.480529996,0.0
1020240,0.0,0.0,0.996555780951657,2152565.145330988,0.0
1020300,0.0,0.0,0.996555780951657,2155538.6203083056,0.0
1020360,0.0,0.0,0.996555780951657,2155309.5781852924,0.0
1020420,0.0,0.0,0.996555780951657,2156661.6327898023,0.0
1020480,0.0,0.0,0.996555780951657,2152618.8337783953,0.0
1020540,0.0,0.0,0.996555780951657,2151951.568615218,0.0
1020600,0.0,0.0,0.996555780951657,2153996.033464855,0.0
1020660,0.0,0.0,0.996555780951657,2155489.13534945,0.0
1020720,0.0,0.0,0.996555780951657,2156456.934480521,0.0
1020780,0.0,0.0,0.996555780951657,2152351.8542734105,0.0
1020840,0.0,0.0,0.996555780951657,2152763.546975584,0.0
1020900,0.0,0.0,0.996555780951657,2153809.008854356,0.0
1020960,0.0,0.0,0.996555780951657,2155145.0545225088,0.0
1021020,0.0,0.0,0.996555780951657,2156059.196072172,0.0
1021080,0.0,0.0,0.996555780951657,2152374.968493482,0.0
1021140,0.0,0.0,0.996555780951657,2153605.7071999833,0.0
1021200,0.0,0.0,0.996555780951657,2151787.7460700036,0.0
1021260,0.0,0.0,0.996555780951657,2154059.810270136,0.0
1021320,0.0,0.0,0.996555780951657,2157710.3748076907,0.0
1021380,0.0,0.0,0.996555780951657,2154660.94356528,0.0
1021440,0.0,0.0,0.996555780951657,2153792.7173010805,0.0
1021500,0.0,0.0,0.996555780951657,2151665.3420642824,0.0
1021560,0.0,0.0,0.996555780951657,2153489.8359770635,0.0
1021620,0.0,0.0,0.996555780951657,2155777.404690684,0.0
1021680,0.0,0.0,0.996555780951657,2155977.5306906244,0.0
1021740,0.0,0.0,0.996555780951657,2151702.8793178275,0.0
1021800,0.0,0.0,0.996555780951657,2152670.0151853347,0.0
1021860,0.0,0.0,0.996555780951657,2153141.5982347834,0.0
1021920,0.0,0.0,0.996555780951657,2156135.4577168627,0.0
1021980,0.0,0.0,0.996555780951657,2155584.663823798,0.0
1022040,0.0,0.0,0.996555780951657,2154965.194581408,0.0
1022100,0.0,0.0,0.996555780951657,2149302.412565486,0.0
1022160,0.0,0.0,0.996555780951657,2152661.2404724252,0.0
1022220,0.0,0.0,0.996555780951657,2155915.221280504,0.0
1022280,0.0,0.0,0.996555780951657,2155142.899212677,0.0
1022340,0.0,0.0,0.996555780951657,2156895.0147829806,0.0
1022400,0.0,0.0,0.996555780951657,2152592.6962073366,0.0
1022460,0.0,0.0,0.996555780951657,2152070.982709352,0.0
1022520,0.0,0.0,0.996555780951657,2154101.856230907,0.0
1022580,0.0,0.0,0.996555780951657,2155432.7512991596,0.0
1022640,0.0,0.0,0.996555780951657,2154633.2895932235,0.0
1022700,0.0,0.0,0.996555780951657,2154656.0944713135,0.0
1022760,0.0,0.0,0.996555780951657,2150123.12468823,0.0
1022820,0.0,0.0,0.996555780951657,2153018.343272751,0.0
1022880,0.0,0.0,0.996555780951657,2156623.270594812,0.0
1022940,0.0,0.0,0.996555780951657,2155347.2153648846,0.0
1023000,0.0,0.0,0.996555780951657,2155590.0266501936,0.0
1023060,0.0,0.0,0.996555780951657,2148834.8663294273,0.0
1023120,0.0,0.0,0.996555780951657,2152509.1796301655,0.0
1023180,0.0,0.0,0.996555780951657,2154806.33882135,0.0
1023240,0.0,0.0,0.996555780951657,2156898.4241839363,0.0
1023300,0.0,0.0,0.996555780951657,2154687.3275931603,0.0
1023360,0.0,0.0,0.996555780951657,2153650.6298438837,0.0
1023420,0.0,0.0,0.996555780951657,2151746.5671927636,0.0
1023480,0.0,0.0,0.996555780951657,2153503.436189841,0.0
1023540,0.0,0.0,0.996555780951657,2155691.5493493443,0.0
1023600,0.0,0.0,0.996555780951657,2155927.250881447,0.0
1023660,0.0,0.0,0.996555780951657,2151194.4703484513,0.0
1023720,0.0,0.0,0.996555780951657,2152814.1606498556,0.0
1023780,0.0,0.0,0.996555780951657,2153406.901383318,0.0
1023840,0.0,0.0,0.996555780951657,2154734.1724575204,0.0
1023900,0.0,0.0,0.996555780951657,2157611.1918583526,0.0
1023960,0.0,0.0,0.996555780951657,2153931.1506188745,0.0
1024020,0.0,0.0,0.996555780951657,2152610.5031900313,0.0
1024080,0.0,0.0,0.996555780951657,2152461.9980316875,0.0
1024140,0.0,0.0,0.996555780951657,2154399.979773944,0.0
1024200,0.0,0.0,0.996555780951657,2155771.385338657,0.0
1024260,0.0,0.0,0.996555780951657,2155620.1981289205,0.0
1024320,0.0,0.0,0.996555780951657,2150565.8191396086,0.0
1024380,0.0,0.0,0.996555780951657,2151521.941845993,0.0
1024440,0.0,0.0,0.996555780951657,2153579.4344296837,0.0
1024500,0.0,0.0,0.996555780951657,2158407.9408390867,0.0
1024560,0.0,0.0,0.996555780951657,2153921.6199573157,0.0
1024620,0.0,0.0,0.996555780951657,2154751.0437617335,0.0
1024680,0.0,0.0,0.996555780951657,2149951.2139134584,0.0
1024740,0.0,0.0,0.996555780951657,2153101.5428506173,0.0
1024800,0.0,0.0,0.996555780951657,2156852.7428051946,0.0
1024860,0.0,0.0,0.996555780951657,2155207.271926804,0.0
1024920,0.0,0.0,0.996555780951657,2155669.7578972224,0.0
1024980,0.0,0.0,0.996555780951657,2151734.182179939,0.0
1025040,0.0,0.0,0.996555780951657,2152402.782991333,0.0
1025100,0.0,0.0,0.996555780951657,2155036.703358897,0.0
1025160,0.0,0.0,0.996555780951657,2155897.217809325,0.0
1025220,0.0,0.0,0.996555780951657,2153549.5640456653,0.0
1025280,0.0,0.0,0.996555780951657,2153788.745191057,0.0
1025340,0.0,0.0,0.996555780951657,2151115.5130204638,0.0
1025400,0.0,0.0,0.996555780951657,2153729.100256268,0.0
1025460,0.0,0.0,0.996555780951657,2157308.262239141,0.0
1025520,0.0,0.0,0.996555780951657,2153870.9234752185,0.0
1025580,0.0,0.0,0.996555780951657,2154074.7624129998,0.0
1025640,0.0,0.0,0.996555780951657,2151056.598538737,0.0
1025700,0.0,0.0,0.996555780951657,2154671.5280162115,0.0
1025760,0.0,0.0,0.996555780951657,2154675.1583533464,0.0
1025820,0.0,0.0,0.996555780951657,2157885.0521034603,0.0
1025880,0.0,0.0,0.996555780951657,2153807.712007378,0.0
1025940,0.0,0.0,0.996555780951657,2152817.5550353606,0.0
1026000,0.0,0.0,0.996555780951657,2152584.1266560447,0.0
1026060,0.0,0.0,0.996555780951657,2154391.1449699327,0.0
1026120,0.0,0.0,0.996555780951657,2155583.788563936,0.0
1026180,0.0,0.0,0.996555780951657,2155593.343086152,0.0
1026240,0.0,0.0,0.996555780951657,2150124.1330784075,0.0
1026300,0.0,0.0,0.996555780951657,2152485.4284260515,0.0
1026360,0.0,0.0,0.996555780951657,2154916.742922186,0.0
1026420,0.0,0.0,0.996555780951657,2155201.260131961,0.0
1026480,0.0,0.0,0.996555780951657,2157036.8865060885,0.0
1026540,0.0,0.0,0.996555780951657,2153039.798165636,0.0
1026600,0.0,0.0,0.996555780951657,2151979.926395122,0.0
1026660,0.0,0.0,0.996555780951657,2153507.0365489554,0.0
1026720,0.0,0.0,0.996555780951657,2155198.807426248,0.0
1026780,0.0,0.0,0.996555780951657,2157046.3131884607,0.0
1026840,0.0,0.0,0.996555780951657,2152856.0740350913,0.0
1026900,0.0,0.0,0.996555780951657,2153099.9744381863,0.0
1026960,0.0,0.0,0.996555780951657,2152926.1700077434,0.0
1027020,0.0,0.0,0.996555780951657,2154883.982785465,0.0
1027080,0.0,0.0,0.996555780951657,2155963.414939299,0.0
1027140,0.0,0.0,0.996555780951657,2152998.885482705,0.0
1027200,0.0,0.0,0.996555780951657,2153948.9393562553,0.0
1027260,0.0,0.0,0.996555780951657,2151158.3727558693,0.0
1027320,0.0,0.0,0.996555780951657,2153752.6326885535,0.0
1027380,0.0,0.0,0.996555780951657,2157556.5738050095,0.0
1027440,0.0,0.0,0.996555780951657,2154903.571401103,0.0
1027500,0.0,0.0,0.996555780951657,2154356.275592097,0.0
1027560,0.0,0.0,0.996555780951657,2151489.8141567376,0.0
1027620,0.0,0.0,0.996555780951657,2153110.384040909,0.0
1027680,0.0,0.0,0.996555780951657,2155642.8895619116,0.0
1027740,0.0,0.0,0.996555780951657,2156030.769100017,0.0
1027800,0.0,0.0,0.996555780951657,2152303.8994099554,0.0
1027860,0.0,0.0,0.996555780951657,2152961.4828783874,0.0
1027920,0.0,0.0,0.996555780951657,2152471.0391927534,0.0
1027980,0.0,0.0,0.996555780951657,2155883.3101885077,0.0
1028040,0.0,0.0,0.996555780951657,2155532.4308176567,0.0
1028100,0.0,0.0,0.996555780951657,2155690.068427952,0.0
1028160,0.0,0.0,0.996555780951657,2149312.0279495716,0.0
1028220,0.0,0.0,0.996555780951657,2152607.0812261845,0.0
1028280,0.0,0.0,0.996555780951657,2155277.675889438,0.0
1028340,0.0,0.0,0.996555780951657,2155048.617036659,0.0
1028400,0.0,0.0,0.996555780951657,2157260.914798669,0.0
1028460,0.0,0.0,0.996555780951657,2152987.473453795,0.0
1028520,0.0,0.0,0.996555780951657,2152100.134924719,0.0
1028580,0.0,0.0,0.996555780951657,2153636.010717203,0.0
1028640,0.0,0.0,0.996555780951657,2155160.6388770505,0.0
1028700,0.0,0.0,0.996555780951657,2155033.5767539563,0.0
1028760,0.0,0.0,0.996555780951657,2154983.989107246,0.0
1028820,0.0,0.0,0.996555780951657,2149921.7277989304,0.0
1028880,0.0,0.0,0.996555780951657,2152764.2675425084,0.0
1028940,0.0,0.0,0.996555780951657,2156161.7960168095,0.0
1029000,0.0,0.0,0.996555780951657,2155382.4467979213,0.0
1029060,0.0,0.0,0.996555780951657,2156088.2991676107,0.0
1029120,0.0,0.0,0.996555780951657,2152140.1474810867,0.0
1029180,0.0,0.0,0.996555780951657,2152062.647328456,0.0
1029240,0.0,0.0,0.996555780951657,2156458.2050631526,0.0
1029300,0.0,0.0,0.996555780951657,2155275.976065824,0.0
1029360,0.0,0.0,0.996555780951657,2156515.618791631,0.0
1029420,0.0,0.0,0.996555780951657,2149351.89087231,0.0
1029480,0.0,0.0,0.996555780951657,2151673.678636163,0.0
1029540,0.0,0.0,0.996555780951657,2153144.1625935463,0.0
1029600,0.0,0.0,0.996555780951657,2155580.165725248,0.0
1029660,0.0,0.0,0.996555780951657,2155932.9897737796,0.0
1029720,0.0,0.0,0.996555780951657,2151878.8295251965,0.0
1029780,0.0,0.0,0.996555780951657,2153127.6453387267,0.0
1029840,0.0,0.0,0.996555780951657,2152646.487454902,0.0
1029900,0.0,0.0,0.996555780951657,2154438.3408071892,0.0
1029960,0.0,0.0,0.996555780951657,2157705.2847284093,0.0
1030020,0.0,0.0,0.996555780951657,2154313.1666516345,0.0
1030080,0.0,0.0,0.996555780951657,2153109.2928811503,0.0
1030140,0.0,0.0,0.996555780951657,2152025.2203311226,0.0
1030200,0.0,0.0,0.996555780951657,2153973.4538833005,0.0
1030260,0.0,0.0,0.996555780951657,2155840.6525032367,0.0
1030320,0.0,0.0,0.996555780951657,2155832.858113862,0.0
1030380,0.0,0.0,0.996555780951657,2151163.462612326,0.0
1030440,0.0,0.0,0.996555780951657,2151018.213773653,0.0
1030500,0.0,0.0,0.996555780951657,2153236.340775204,0.0
1030560,0.0,0.0,0.996555780951657,2158229.361147637,0.0
1030620,0.0,0.0,0.996555780951657,2154394.81996163,0.0
1030680,0.0,0.0,0.996555780951657,2155104.387045891,0.0
1030740,0.0,0.0,0.996555780951657,2149600.5136816753,0.0
1030800,0.0,0.0,0.996555780951657,2152868.2974891705,0.0
1030860,0.0,0.0,0.996555780951657,2156361.1530210804,0.0
1030920,0.0,0.0,0.996555780951657,2155243.9854449052,0.0
1030980,0.0,0.0,0.996555780951657,2156230.9387832354,0.0
1031040,0.0,0.0,0.996555780951657,2152099.46543593,0.0
1031100,0.0,0.0,0.996555780951657,2152181.1411758387,0.0
1031160,0.0,0.0,0.996555780951657,2154634.3848000774,0.0
1031220,0.0,0.0,0.996555780951657,2155729.3781621796,0.0
1031280,0.0,0.0,0.996555780951657,2154110.0173958824,0.0
1031340,0.0,0.0,0.996555780951657,2154188.1960884714,0.0
1031400,0.0,0.0,0.996555780951657,2150591.8620466706,0.0
1031460,0.0,0.0,0.996555780951657,2153380.6248443313,0.0
1031520,0.0,0.0,0.996555780951657,2157032.101244003,0.0
1031580,0.0,0.0,0.996555780951657,2155244.517908875,0.0
1031640,0.0,0.0,0.996555780951657,2154902.368281222,0.0
1031700,0.0,0.0,0.996555780951657,2149355.639697277,0.0
1031760,0.0,0.0,0.996555780951657,2152822.131326942,0.0
1031820,0.0,0.0,0.996555780951657,2155352.758196172,0.0
1031880,0.0,0.0,0.996555780951657,2156387.2565079574,0.0
1031940,0.0,0.0,0.996555780951657,2154380.4770689043,0.0
1032000,0.0,0.0,0.996555780951657,2152987.4552746564,0.0
1032060,0.0,0.0,0.996555780951657,2152114.2922641486,0.0
1032120,0.0,0.0,0.996555780951657,2153931.8228643467,0.0
1032180,0.0,0.0,0.996555780951657,2155707.02450948,0.0
1032240,0.0,0.0,0.996555780951657,2155804.7666484183,0.0
1032300,0.0,0.0,0.996555780951657,2150625.505695012,0.0
1032360,0.0,0.0,0.996555780951657,2152555.429949353,0.0
1032420,0.0,0.0,0.996555780951657,2154170.5137820663,0.0
1032480,0.0,0.0,0.996555780951657,2155000.59723947,0.0
1032540,0.0,0.0,0.996555780951657,2157375.05702812,0.0
1032600,0.0,0.0,0.996555780951657,2153504.894876843,0.0
1032660,0.0,0.0,0.996555780951657,2152205.4271030817,0.0
1032720,0.0,0.0,0.996555780951657,2152961.9822552353,0.0
1032780,0.0,0.0,0.996555780951657,2154816.74617389,0.0
1032840,0.0,0.0,0.996555780951657,2157588.391044981,0.0
1032900,0.0,0.0,0.996555780951657,2153379.7055096794,0.0
1032960,0.0,0.0,0.996555780951657,2153559.312925641,0.0
1033020,0.0,0.0,0.996555780951657,2151957.744701986,0.0
1033080,0.0,0.0,0.996555780951657,2154512.009424628,0.0
1033140,0.0,0.0,0.996555780951657,2155778.672459609,0.0
1033200,0.0,0.0,0.996555780951657,2153622.9409758262,0.0
1033260,0.0,0.0,0.996555780951657,2154340.1665809895,0.0
1033320,0.0,0.0,0.996555780951657,2150550.754137615,0.0
1033380,0.0,0.0,0.996555780951657,2153418.3927320796,0.0
1033440,0.0,0.0,0.996555780951657,2157286.1837172965,0.0
1033500,0.0,0.0,0.996555780951657,2155095.66271981,0.0
1033560,0.0,0.0,0.996555780951657,2154994.658520756,0.0
1033620,0.0,0.0,0.996555780951657,2151482.672320696,0.0
1033680,0.0,0.0,0.996555780951657,2152730.5055911737,0.0
1033740,0.0,0.0,0.996555780951657,2155395.540003656,0.0
1033800,0.0,0.0,0.996555780951657,2156011.2531915987,0.0
1033860,0.0,0.0,0.996555780951657,2152941.581811529,0.0
1033920,0.0,0.0,0.996555780951657,2153341.01997392,0.0
1033980,0.0,0.0,0.996555780951657,2151777.058966757,0.0
1034040,0.0,0.0,0.996555780951657,2155497.4408778707,0.0
1034100,0.0,0.0,0.996555780951657,2155405.4368880126,0.0
1034160,0.0,0.0,0.996555780951657,2156434.4679259956,0.0
1034220,0.0,0.0,0.996555780951657,2149650.919708249,0.0
1034280,0.0,0.0,0.996555780951657,2152684.4153409805,0.0
1034340,0.0,0.0,0.996555780951657,2154537.9496128545,0.0
1034400,0.0,0.0,0.996555780951657,2154882.11501876,0.0
1034460,0.0,0.0,0.996555780951657,2157577.0062564174,0.0
1034520,0.0,0.0,0.996555780951657,2153407.9895565235,0.0
1034580,0.0,0.0,0.996555780951657,2152294.859510178,0.0
1034640,0.0,0.0,0.996555780951657,2153128.1072321273,0.0
1034700,0.0,0.0,0.996555780951657,2154820.53359018,0.0
1034760,0.0,0.0,0.996555780951657,2155362.654105311,0.0
1034820,0.0,0.0,0.996555780951657,2155299.470114966,0.0
1034880,0.0,0.0,0.996555780951657,2149902.819337096,0.0
1034940,0.0,0.0,0.996555780951657,2152565.635701298,0.0
1035000,0.0,0.0,0.996555780951657,2155597.876245593,0.0
1035060,0.0,0.0,0.996555780951657,2155343.912266564,0.0
1035120,0.0,0.0,0.996555780951657,2156567.318560671,0.0
1035180,0.0,0.0,0.996555780951657,2152560.77275403,0.0
1035240,0.0,0.0,0.996555780951657,2151939.5097181993,0.0
1035300,0.0,0.0,0.996555780951657,2155750.0410376103,0.0
1035360,0.0,0.0,0.996555780951657,2155176.386852387,0.0
1035420,0.0,0.0,0.996555780951657,2156696.8407232924,0.0
1035480,0.0,0.0,0.996555780951657,2150029.7559747943,0.0
1035540,0.0,0.0,0.996555780951657,2151686.9350698665,0.0
1035600,0.0,0.0,0.996555780951657,2152769.2617537566,0.0
1035660,0.0,0.0,0.996555780951657,2155389.630612373,0.0
1035720,0.0,0.0,0.996555780951657,2155902.460138043,0.0
1035780,0.0,0.0,0.996555780951657,2152509.6716065514,0.0
1035840,0.0,0.0,0.996555780951657,2153467.276445507,0.0
1035900,0.0,0.0,0.996555780951657,2151938.5501989927,0.0
1035960,0.0,0.0,0.996555780951657,2154132.6381933186,0.0
1036020,0.0,0.0,0.996555780951657,2157677.109798602,0.0
1036080,0.0,0.0,0.996555780951657,2154628.9729156713,0.0
1036140,0.0,0.0,0.996555780951657,2153648.186896015,0.0
1036200,0.0,0.0,0.996555780951657,2151699.3392640958,0.0
1036260,0.0,0.0,0.996555780951657,2153564.914075029,0.0
1036320,0.0,0.0,0.996555780951657,2155808.2405952583,0.0
1036380,0.0,0.0,0.996555780951657,2155968.5561000057,0.0
1036440,0.0,0.0,0.996555780951657,2151872.076145098,0.0
1036500,0.0,0.0,0.996555780951657,2150676.493162927,0.0
1036560,0.0,0.0,0.996555780951657,2152942.8810095456,0.0
1036620,0.0,0.0,0.996555780951657,2157908.087488636,0.0
1036680,0.0,0.0,0.996555780951657,2154774.5385866137,0.0
1036740,0.0,0.0,0.996555780951657,2155399.2973410427,0.0
1036800,0.0,0.0,0.996555780951657,2149462.9945779843,0.0
1036860,0.0,0.0,0.996555780951657,2152711.9338028934,0.0
1036920,0.0,0.0,0.996555780951657,2155804.4322065413,0.0
1036980,0.0,0.0,0.996555780951657,2155217.0386121757,0.0
1037040,0.0,0.0,0.996555780951657,2156706.2695118864,0.0
1037100,0.0,0.0,0.996555780951657,2152487.280048736,0.0
1037160,0.0,0.0,0.996555780951657,2152063.971737035,0.0
1037220,0.0,0.0,0.996555780951657,2154195.2393316855,0.0
1037280,0.0,0.0,0.996555780951657,2155511.1186397723,0.0
1037340,0.0,0.0,0.996555780951657,2154596.8460109085,0.0
1037400,0.0,0.0,0.996555780951657,2154558.5185193243,0.0
1037460,0.0,0.0,0.996555780951657,2150210.6900965613,0.0
1037520,0.0,0.0,0.996555780951657,2153066.4580846643,0.0
1037580,0.0,0.0,0.996555780951657,2156666.149428931,0.0
1037640,0.0,0.0,0.996555780951657,2155359.479386575,0.0
1037700,0.0,0.0,0.996555780951657,2155456.5716864434,0.0
1037760,0.0,0.0,0.996555780951657,2148955.5872822907,0.0
1037820,0.0,0.0,0.996555780951657,2152536.257489858,0.0
1037880,0.0,0.0,0.996555780951657,2154891.535797047,0.0
1037940,0.0,0.0,0.996555780951657,2156843.930187398,0.0
1038000,0.0,0.0,0.996555780951657,2154662.7296242337,0.0
1038060,0.0,0.0,0.996555780951657,2153522.9793736124,0.0
1038120,0.0,0.0,0.996555780951657,2151777.654650697,0.0
1038180,0.0,0.0,0.996555780951657,2153562.553339096,0.0
1038240,0.0,0.0,0.996555780951657,2155717.173284512,0.0
1038300,0.0,0.0,0.996555780951657,2155922.955706838,0.0
1038360,0.0,0.0,0.996555780951657,2151185.1346570053,0.0
1038420,0.0,0.0,0.996555780951657,2152746.9174009827,0.0
1038480,0.0,0.0,0.996555780951657,2153477.9969363157,0.0
1038540,0.0,0.0,0.996555780951657,2154780.042729161,0.0
1038600,0.0,0.0,0.996555780951657,2157561.8222952336,0.0
1038660,0.0,0.0,0.996555780951657,2153897.7113760556,0.0
1038720,0.0,0.0,0.996555780951657,2152542.7113696733,0.0
1038780,0.0,0.0,0.996555780951657,2152498.770881157,0.0
1038840,0.0,0.0,0.996555780951657,2154448.7554402226,0.0
1038900,0.0,0.0,0.996555780951657,2157934.1036525955,0.0
1038960,0.0,0.0,0.996555780951657,2153825.2316354658,0.0
1039020,0.0,0.0,0.996555780951657,2153989.2933431985,0.0
1039080,0.0,0.0,0.996555780951657,2151110.2146292957,0.0
1039140,0.0,0.0,0.996555780951657,2154127.303779078,0.0
1039200,0.0,0.0,0.996555780951657,2155561.362378581,0.0
1039260,0.0,0.0,0.996555780951657,2154154.2575802114,0.0
1039320,0.0,0.0,0.996555780951657,2154668.1184351975,0.0
1039380,0.0,0.0,0.996555780951657,2150119.009418804,0.0
1039440,0.0,0.0,0.996555780951657,2153138.9990815534,0.0
1039500,0.0,0.0,0.996555780951657,2156929.865122949,0.0
1039560,0.0,0.0,0.996555780951657,2155212.7342516542,0.0
1039620,0.0,0.0,0.996555780951657,2155546.3992177825,0.0
1039680,0.0,0.0,0.996555780951657,2151678.0014641937,0.0
1039740,0.0,0.0,0.996555780951657,2152433.812154979,0.0
1039800,0.0,0.0,0.996555780951657,2155092.7406861973,0.0
1039860,0.0,0.0,0.996555780951657,2155931.0770313716,0.0
1039920,0.0,0.0,0.996555780951657,2153521.409744942,0.0
1039980,0.0,0.0,0.996555780951657,2153703.970395703,0.0
1040040,0.0,0.0,0.996555780951657,2151196.8477562196,0.0
1040100,0.0,0.0,0.996555780951657,2153780.062047595,0.0
1040160,0.0,0.0,0.996555780951657,2157304.9077103194,0.0
1040220,0.0,0.0,0.996555780951657,2153870.371471936,0.0
1040280,0.0,0.0,0.996555780951657,2154017.0337509275,0.0
1040340,0.0,0.0,0.996555780951657,2151067.181582452,0.0
1040400,0.0,0.0,0.996555780951657,2154699.199542804,0.0
1040460,0.0,0.0,0.996555780951657,2154720.673774349,0.0
1040520,0.0,0.0,0.996555780951657,2157822.0517531936,0.0
1040580,0.0,0.0,0.996555780951657,2153777.0455365297,0.0
1040640,0.0,0.0,0.996555780951657,2152746.7245825487,0.0
1040700,0.0,0.0,0.996555780951657,2152619.0070731244,0.0
1040760,0.0,0.0,0.996555780951657,2154437.2338514617,0.0
1040820,0.0,0.0,0.996555780951657,2155593.6389464904,0.0
1040880,0.0,0.0,0.996555780951657,2155571.5651242267,0.0
1040940,0.0,0.0,0.996555780951657,2150141.548427066,0.0
1041000,0.0,0.0,0.996555780951657,2152467.1547145443,0.0
1041060,0.0,0.0,0.996555780951657,2154947.000013435,0.0
1041120,0.0,0.0,0.996555780951657,2155228.1717985636,0.0
1041180,0.0,0.0,0.996555780951657,2156986.7903652405,0.0
1041240,0.0,0.0,0.996555780951657,2153013.1519208336,0.0
1041300,0.0,0.0,0.996555780951657,2151957.1558116674,0.0
1041360,0.0,0.0,0.996555780951657,2154928.4941303236,0.0
1041420,0.0,0.0,0.996555780951657,2154993.789293161,0.0
1041480,0.0,0.0,0.996555780951657,2156797.7230473594,0.0
1041540,0.0,0.0,0.996555780951657,2150837.216446216,0.0
1041600,0.0,0.0,0.996555780951657,2151921.478881234,0.0
1041660,0.0,0.0,0.996555780951657,2152436.1043652883,0.0
1041720,0.0,0.0,0.996555780951657,2155100.066797961,0.0
1041780,0.0,0.0,0.996555780951657,2155802.026833667,0.0
1041840,0.0,0.0,0.996555780951657,2153138.089293657,0.0
1041900,0.0,0.0,0.996555780951657,2153844.786742883,0.0
1041960,0.0,0.0,0.996555780951657,2151260.3737034337,0.0
1042020,0.0,0.0,0.996555780951657,2153802.5056422106,0.0
1042080,0.0,0.0,0.996555780951657,2157539.7631975804,0.0
1042140,0.0,0.0,0.996555780951657,2154893.959830184,0.0
1042200,0.0,0.0,0.996555780951657,2154244.3264668453,0.0
1042260,0.0,0.0,0.996555780951657,2151494.8457462904,0.0
1042320,0.0,0.0,0.996555780951657,2153157.2735287687,0.0
1042380,0.0,0.0,0.996555780951657,2155673.398647904,0.0
1042440,0.0,0.0,0.996555780951657,2156036.572036082,0.0
1042500,0.0,0.0,0.996555780951657,2152287.431864243,0.0
1042560,0.0,0.0,0.996555780951657,2152894.8495875406,0.0
1042620,0.0,0.0,0.996555780951657,2152534.3378580534,0.0
1042680,0.0,0.0,0.996555780951657,2155902.7432068717,0.0
1042740,0.0,0.0,0.996555780951657,2155558.486593689,0.0
1042800,0.0,0.0,0.996555780951657,2155602.0367761357,0.0
1042860,0.0,0.0,0.996555780951657,2149364.0424968954,0.0
1042920,0.0,0.0,0.996555780951657,2152583.632090651,0.0
1042980,0.0,0.0,0.996555780951657,2155309.907122088,0.0
1043040,0.0,0.0,0.996555780951657,2155077.8860996873,0.0
1043100,0.0,0.0,0.996555780951657,2157200.6617905027,0.0
1043160,0.0,0.0,0.996555780951657,2152957.8136192947,0.0
1043220,0.0,0.0,0.996555780951657,2152074.5296571846,0.0
1043280,0.0,0.0,0.996555780951657,2153663.6152499435,0.0
1043340,0.0,0.0,0.996555780951657,2155192.950356894,0.0
1043400,0.0,0.0,0.996555780951657,2155040.4405092755,0.0
1043460,0.0,0.0,0.996555780951657,2154954.0864465972,0.0
1043520,0.0,0.0,0.996555780951657,2149951.9059639857,0.0
1043580,0.0,0.0,0.996555780951657,2152767.963687938,0.0
1043640,0.0,0.0,0.996555780951657,2156167.6824378604,0.0
1043700,0.0,0.0,0.996555780951657,2155397.670311014,0.0
1043760,0.0,0.0,0.996555780951657,2156044.240801432,0.0
1043820,0.0,0.0,0.996555780951657,2148749.4085641373,0.0
1043880,0.0,0.0,0.996555780951657,2152313.6842470686,0.0
1043940,0.0,0.0,0.996555780951657,2154334.917357141,0.0
1044000,0.0,0.0,0.996555780951657,2157198.626971016,0.0
1044060,0.0,0.0,0.996555780951657,2154910.03442377,0.0
1044120,0.0,0.0,0.996555780951657,2154186.28303691,0.0
1044180,0.0,0.0,0.996555780951657,2151539.7700894866,0.0
1044240,0.0,0.0,0.996555780951657,2153168.629987576,0.0
1044300,0.0,0.0,0.996555780951657,2155613.517127814,0.0
1044360,0.0,0.0,0.996555780951657,2155979.25962116,0.0
1044420,0.0,0.0,0.996555780951657,2151821.7028246624,0.0
1044480,0.0,0.0,0.996555780951657,2153057.484471391,0.0
1044540,0.0,0.0,0.996555780951657,2152718.349518906,0.0
1044600,0.0,0.0,0.996555780951657,2154486.8761333893,0.0
1044660,0.0,0.0,0.996555780951657,2157668.4056243272,0.0
1044720,0.0,0.0,0.996555780951657,2154286.395822868,0.0
1044780,0.0,0.0,0.996555780951657,2153030.1595578426,0.0
1044840,0.0,0.0,0.996555780951657,2152054.9679444153,0.0
1044900,0.0,0.0,0.996555780951657,2154021.8790712296,0.0
1044960,0.0,0.0,0.996555780951657,2158178.322905596,0.0
1045020,0.0,0.0,0.996555780951657,2154243.8805448036,0.0
1045080,0.0,0.0,0.996555780951657,2154481.7257910664,0.0
1045140,0.0,0.0,0.996555780951657,2150264.925444595,0.0
1045200,0.0,0.0,0.996555780951657,2153671.8079466517,0.0
1045260,0.0,0.0,0.996555780951657,2155265.0883413567,0.0
1045320,0.0,0.0,0.996555780951657,2154636.695403897,0.0
1045380,0.0,0.0,0.996555780951657,2155000.2765229116,0.0
1045440,0.0,0.0,0.996555780951657,2149800.8312693583,0.0
1045500,0.0,0.0,0.996555780951657,2152883.866148865,0.0
1045560,0.0,0.0,0.996555780951657,2156460.3715746356,0.0
1045620,0.0,0.0,0.996555780951657,2155263.17506018,0.0
1045680,0.0,0.0,0.996555780951657,2156110.1105317315,0.0
1045740,0.0,0.0,0.996555780951657,2152035.578798564,0.0
1045800,0.0,0.0,0.996555780951657,2152192.699589954,0.0
1045860,0.0,0.0,0.996555780951657,2154697.3934689052,0.0
1045920,0.0,0.0,0.996555780951657,2155774.9102681857,0.0
1045980,0.0,0.0,0.996555780951657,2154084.710783198,0.0
1046040,0.0,0.0,0.996555780951657,2154106.8105915645,0.0
1046100,0.0,0.0,0.996555780951657,2150667.4636422973,0.0
1046160,0.0,0.0,0.996555780951657,2153425.6907523572,0.0
1046220,0.0,0.0,0.996555780951657,2157043.046118646,0.0
1046280,0.0,0.0,0.996555780951657,2154531.381356609,0.0
1046340,0.0,0.0,0.996555780951657,2154374.5408946276,0.0
1046400,0.0,0.0,0.996555780951657,2151053.6740517267,0.0
1046460,0.0,0.0,0.996555780951657,2153893.6759570204,0.0
1046520,0.0,0.0,0.996555780951657,2154454.236196151,0.0
1046580,0.0,0.0,0.996555780951657,2157965.6040781303,0.0
1046640,0.0,0.0,0.996555780951657,2154135.3739631358,0.0
1046700,0.0,0.0,0.996555780951657,2153209.9016068173,0.0
1046760,0.0,0.0,0.996555780951657,2152186.9045851696,0.0
1046820,0.0,0.0,0.996555780951657,2154049.4271778134,0.0
1046880,0.0,0.0,0.996555780951657,2155719.0257035787,0.0
1046940,0.0,0.0,0.996555780951657,2155769.9432933973,0.0
1047000,0.0,0.0,0.996555780951657,2150614.13863086,0.0
1047060,0.0,0.0,0.996555780951657,2152494.212484818,0.0
1047120,0.0,0.0,0.996555780951657,2154274.099354239,0.0
1047180,0.0,0.0,0.996555780951657,2155059.317858632,0.0
1047240,0.0,0.0,0.996555780951657,2157291.7093009865,0.0
1047300,0.0,0.0,0.996555780951657,2153441.3289518617,0.0
1047360,0.0,0.0,0.996555780951657,2152131.80596931,0.0
1047420,0.0,0.0,0.996555780951657,2154060.9223439246,0.0
1047480,0.0,0.0,0.996555780951657,2154759.1055031023,0.0
1047540,0.0,0.0,0.996555780951657,2156807.2452866635,0.0
1047600,0.0,0.0,0.996555780951657,2151704.4721651343,0.0
1047660,0.0,0.0,0.996555780951657,2152254.4579279744,0.0
1047720,0.0,0.0,0.996555780951657,2152186.8482518513,0.0
1047780,0.0,0.0,0.996555780951657,2154748.088943806,0.0
1047840,0.0,0.0,0.996555780951657,2155648.243901879,0.0
1047900,0.0,0.0,0.996555780951657,2153715.1291031023,0.0
1047960,0.0,0.0,0.996555780951657,2154207.4402858163,0.0
1048020,0.0,0.0,0.996555780951657,2150686.4990730775,0.0
1048080,0.0,0.0,0.996555780951657,2153487.667915545,0.0
1048140,0.0,0.0,0.996555780951657,2157297.7463632156,0.0
1048200,0.0,0.0,0.996555780951657,2155090.2729492807,0.0
1048260,0.0,0.0,0.996555780951657,2154824.780553587,0.0
1048320,0.0,0.0,0.996555780951657,2151457.153629298,0.0
1048380,0.0,0.0,0.996555780951657,2152793.452211455,0.0
1048440,0.0,0.0,0.996555780951657,2155454.6181530603,0.0
1048500,0.0,0.0,0.996555780951657,2156034.7171067675,0.0
1048560,0.0,0.0,0.996555780951657,2152894.441907543,0.0
1048620,0.0,0.0,0.996555780951657,2153236.0557284136,0.0
1048680,0.0,0.0,0.996555780951657,2151885.639100815,0.0
1048740,0.0,0.0,0.996555780951657,2155546.6098609297,0.0
1048800,0.0,0.0,0.996555780951657,2155453.773658987,0.0
1048860,0.0,0.0,0.996555780951657,2156290.1516976864,0.0
1048920,0.0,0.0,0.996555780951657,2149681.896399033,0.0
1048980,0.0,0.0,0.996555780951657,2152625.7981229564,0.0
1049040,0.0,0.0,0.996555780951657,2154619.3566640397,0.0
1049100,0.0,0.0,0.996555780951657,2154931.259687033,0.0
1049160,0.0,0.0,0.996555780951657,2157497.7770395325,0.0
1049220,0.0,0.0,0.996555780951657,2153357.998549605,0.0
1049280,0.0,0.0,0.996555780951657,2152233.071511187,0.0
1049340,0.0,0.0,0.996555780951657,2153181.449302877,0.0
1049400,0.0,0.0,0.996555780951657,2154877.8731020596,0.0
1049460,0.0,0.0,0.996555780951657,2155362.713148862,0.0
1049520,0.0,0.0,0.996555780951657,2155257.5326639866,0.0
1049580,0.0,0.0,0.996555780951657,2149932.9993560296,0.0
1049640,0.0,0.0,0.996555780951657,2152565.940102352,0.0
1049700,0.0,0.0,0.996555780951657,2155634.927385058,0.0
1049760,0.0,0.0,0.996555780951657,2155370.369631218,0.0
1049820,0.0,0.0,0.996555780951657,2156496.657487604,0.0
1049880,0.0,0.0,0.996555780951657,2148893.9434700147,0.0
1049940,0.0,0.0,0.996555780951657,2152217.0630239896,0.0
1050000,0.0,0.0,0.996555780951657,2153816.423659077,0.0
1050060,0.0,0.0,0.996555780951657,2157370.224384431,0.0
1050120,0.0,0.0,0.996555780951657,2155079.526988238,0.0
1050180,0.0,0.0,0.996555780951657,2154788.0069360835,0.0
1050240,0.0,0.0,0.996555780951657,2151476.969546355,0.0
1050300,0.0,0.0,0.996555780951657,2152845.2988925437,0.0
1050360,0.0,0.0,0.996555780951657,2155433.5133215403,0.0
1050420,0.0,0.0,0.996555780951657,2155968.873816635,0.0
1050480,0.0,0.0,0.996555780951657,2152436.1324405787,0.0
1050540,0.0,0.0,0.996555780951657,2153372.9010410667,0.0
1050600,0.0,0.0,0.996555780951657,2152042.6809177236,0.0
1050660,0.0,0.0,0.996555780951657,2154195.3389123525,0.0
1050720,0.0,0.0,0.996555780951657,2157650.260226734,0.0
1050780,0.0,0.0,0.996555780951657,2154600.513550235,0.0
1050840,0.0,0.0,0.996555780951657,2153535.005527758,0.0
1050900,0.0,0.0,0.996555780951657,2151728.5107479827,0.0
1050960,0.0,0.0,0.996555780951657,2153627.048036046,0.0
1051020,0.0,0.0,0.996555780951657,2155833.0264327,0.0
1051080,0.0,0.0,0.996555780951657,2155959.189711448,0.0
1051140,0.0,0.0,0.996555780951657,2151832.567030359,0.0
1051200,0.0,0.0,0.996555780951657,2150715.9044363787,0.0
1051260,0.0,0.0,0.996555780951657,2152970.293044572,0.0
1051320,0.0,0.0,0.996555780951657,2157875.9566599624,0.0
1051380,0.0,0.0,0.996555780951657,2154789.341643419,0.0
1051440,0.0,0.0,0.996555780951657,2155357.40870254,0.0
1051500,0.0,0.0,0.996555780951657,2149513.011164611,0.0
1051560,0.0,0.0,0.996555780951657,2152706.521408274,0.0
1051620,0.0,0.0,0.996555780951657,2155837.665455728,0.0
1051680,0.0,0.0,0.996555780951657,2155242.6748149223,0.0
1051740,0.0,0.0,0.996555780951657,2156632.148436094,0.0
1051800,0.0,0.0,0.996555780951657,2152450.421757766,0.0
1051860,0.0,0.0,0.996555780951657,2152054.066046421,0.0
1051920,0.0,0.0,0.996555780951657,2154228.7060124916,0.0
1051980,0.0,0.0,0.996555780951657,2155543.7014386486,0.0
1052040,0.0,0.0,0.996555780951657,2154597.6520558703,0.0
1052100,0.0,0.0,0.996555780951657,2154516.3308777404,0.0
1052160,0.0,0.0,0.996555780951657,2150248.0461530215,0.0
1052220,0.0,0.0,0.996555780951657,2153082.1577984947,0.0
1052280,0.0,0.0,0.996555780951657,2156670.1329544103,0.0
1052340,0.0,0.0,0.996555780951657,2155116.0093110353,0.0
1052400,0.0,0.0,0.996555780951657,2154710.071125672,0.0
1052460,0.0,0.0,0.996555780951657,2151241.417686689,0.0
1052520,0.0,0.0,0.996555780951657,2153023.246813993,0.0
1052580,0.0,0.0,0.996555780951657,2154149.4061266794,0.0
1052640,0.0,0.0,0.996555780951657,2157999.8105286406,0.0
1052700,0.0,0.0,0.996555780951657,2154456.5883035096,0.0
1052760,0.0,0.0,0.996555780951657,2153766.234960934,0.0
1052820,0.0,0.0,0.996555780951657,2151825.4754249966,0.0
1052880,0.0,0.0,0.996555780951657,2153643.451356232,0.0
1052940,0.0,0.0,0.996555780951657,2155739.961581518,0.0
1053000,0.0,0.0,0.996555780951657,2155908.9477610164,0.0
1053060,0.0,0.0,0.996555780951657,2151181.4527081195,0.0
1053120,0.0,0.0,0.996555780951657,2152677.13876347,0.0
1053180,0.0,0.0,0.996555780951657,2153554.769485253,0.0
1053240,0.0,0.0,0.996555780951657,2154828.1374672954,0.0
1053300,0.0,0.0,0.996555780951657,2157509.732344525,0.0
1053360,0.0,0.0,0.996555780951657,2153860.4451519996,0.0
1053420,0.0,0.0,0.996555780951657,2152472.6998881586,0.0
1053480,0.0,0.0,0.996555780951657,2152539.618609656,0.0
1053540,0.0,0.0,0.996555780951657,2154501.09108303,0.0
1053600,0.0,0.0,0.996555780951657,2157865.1776074837,0.0
1053660,0.0,0.0,0.996555780951657,2153813.856957754,0.0
1053720,0.0,0.0,0.996555780951657,2153911.936399562,0.0
1053780,0.0,0.0,0.996555780951657,2151179.90702198,0.0
1053840,0.0,0.0,0.996555780951657,2154167.056260768,0.0
1053900,0.0,0.0,0.996555780951657,2155599.6423090873,0.0
1053960,0.0,0.0,0.996555780951657,2154158.770189763,0.0
1054020,0.0,0.0,0.996555780951657,2154624.067836143,0.0
1054080,0.0,0.0,0.996555780951657,2150166.4554298376,0.0
1054140,0.0,0.0,0.996555780951657,2153154.63090459,0.0
1054200,0.0,0.0,0.996555780951657,2156931.718237576,0.0
1054260,0.0,0.0,0.996555780951657,2155223.5725383786,0.0
1054320,0.0,0.0,0.996555780951657,2155484.38797222,0.0
1054380,0.0,0.0,0.996555780951657,2151654.9700030633,0.0
1054440,0.0,0.0,0.996555780951657,2152443.5273805745,0.0
1054500,0.0,0.0,0.996555780951657,2155112.909612956,0.0
1054560,0.0,0.0,0.996555780951657,2155947.2226208393,0.0
1054620,0.0,0.0,0.996555780951657,2153528.5077902176,0.0
1054680,0.0,0.0,0.996555780951657,2153665.7057586014,0.0
1054740,0.0,0.0,0.996555780951657,2151224.281946358,0.0
1054800,0.0,0.0,0.996555780951657,2155049.4048805716,0.0
1054860,0.0,0.0,0.996555780951657,2155263.6488925866,0.0
1054920,0.0,0.0,0.996555780951657,2156994.3674789537,0.0
1054980,0.0,0.0,0.996555780951657,2150252.0285673253,0.0
1055040,0.0,0.0,0.996555780951657,2152839.4725428014,0.0
1055100,0.0,0.0,0.996555780951657,2153819.584702887,0.0
1055160,0.0,0.0,0.996555780951657,2154705.882338088,0.0
1055220,0.0,0.0,0.996555780951657,2157737.236186798,0.0
1055280,0.0,0.0,0.996555780951657,2153777.632009275,0.0
1055340,0.0,0.0,0.996555780951657,2152584.787180567,0.0
1055400,0.0,0.0,0.996555780951657,2152670.1872953,0.0
1055460,0.0,0.0,0.996555780951657,2154490.0044371863,0.0
1055520,0.0,0.0,0.996555780951657,2155602.4939451106,0.0
1055580,0.0,0.0,0.996555780951657,2155541.367095356,0.0
1055640,0.0,0.0,0.996555780951657,2150151.8468199,0.0
1055700,0.0,0.0,0.996555780951657,2152449.657493395,0.0
1055760,0.0,0.0,0.996555780951657,2154993.4475252465,0.0
1055820,0.0,0.0,0.996555780951657,2155261.3000599514,0.0
1055880,0.0,0.0,0.996555780951657,2156922.5825257176,0.0
1055940,0.0,0.0,0.996555780951657,2149379.087375042,0.0
1056000,0.0,0.0,0.996555780951657,2152268.779968568,0.0
1056060,0.0,0.0,0.996555780951657,2153247.8034516177,0.0
1056120,0.0,0.0,0.996555780951657,2157404.837403311,0.0
1056180,0.0,0.0,0.996555780951657,2155191.2271496565,0.0
1056240,0.0,0.0,0.996555780951657,2155444.9198737745,0.0
1056300,0.0,0.0,0.996555780951657,2151619.89738968,0.0
1056360,0.0,0.0,0.996555780951657,2152548.944145756,0.0
1056420,0.0,0.0,0.996555780951657,2155148.031046666,0.0
1056480,0.0,0.0,0.996555780951657,2155886.47369693,0.0
1056540,0.0,0.0,0.996555780951657,2153067.689096642,0.0
1056600,0.0,0.0,0.996555780951657,2153748.9304903895,0.0
1056660,0.0,0.0,0.996555780951657,2151366.0638156645,0.0
1056720,0.0,0.0,0.996555780951657,2153862.2881447696,0.0
1056780,0.0,0.0,0.996555780951657,2157530.8630191274,0.0
1056840,0.0,0.0,0.996555780951657,2154877.031124054,0.0
1056900,0.0,0.0,0.996555780951657,2154123.987056402,0.0
1056960,0.0,0.0,0.996555780951657,2151504.719216908,0.0
1057020,0.0,0.0,0.996555780951657,2153213.450268576,0.0
1057080,0.0,0.0,0.996555780951657,2155707.20947191,0.0
1057140,0.0,0.0,0.996555780951657,2156040.1967166867,0.0
1057200,0.0,0.0,0.996555780951657,2152625.1869991757,0.0
1057260,0.0,0.0,0.996555780951657,2150538.97420367,0.0
1057320,0.0,0.0,0.996555780951657,2152710.264455052,0.0
1057380,0.0,0.0,0.996555780951657,2157436.532010332,0.0
1057440,0.0,0.0,0.996555780951657,2155083.6522690505,0.0
1057500,0.0,0.0,0.996555780951657,2155621.9710408063,0.0
1057560,0.0,0.0,0.996555780951657,2149589.9967509606,0.0
1057620,0.0,0.0,0.996555780951657,2152624.228829221,0.0
1057680,0.0,0.0,0.996555780951657,2155212.1209594635,0.0
1057740,0.0,0.0,0.996555780951657,2155155.459509646,0.0
1057800,0.0,0.0,0.996555780951657,2157054.4090033094,0.0
1057860,0.0,0.0,0.996555780951657,2152865.779435207,0.0
1057920,0.0,0.0,0.996555780951657,2152043.1819296833,0.0
1057980,0.0,0.0,0.996555780951657,2153746.90824216,0.0
1058040,0.0,0.0,0.996555780951657,2155270.389220822,0.0
1058100,0.0,0.0,0.996555780951657,2155018.844784857,0.0
1058160,0.0,0.0,0.996555780951657,2154876.9453165904,0.0
1058220,0.0,0.0,0.996555780951657,2150010.8712706272,0.0
1058280,0.0,0.0,0.996555780951657,2152796.3489006194,0.0
1058340,0.0,0.0,0.996555780951657,2156217.8702622023,0.0
1058400,0.0,0.0,0.996555780951657,2155583.469175078,0.0
1058460,0.0,0.0,0.996555780951657,2154986.6469411356,0.0
1058520,0.0,0.0,0.996555780951657,2151628.9742162414,0.0
1058580,0.0,0.0,0.996555780951657,2152172.7936596465,0.0
1058640,0.0,0.0,0.996555780951657,2153846.7433834393,0.0
1058700,0.0,0.0,0.996555780951657,2157909.911244506,0.0
1058760,0.0,0.0,0.996555780951657,2154714.1986935697,0.0
1058820,0.0,0.0,0.996555780951657,2154334.900980305,0.0
1058880,0.0,0.0,0.996555780951657,2151589.739089557,0.0
1058940,0.0,0.0,0.996555780951657,2153264.482449235,0.0
1059000,0.0,0.0,0.996555780951657,2155664.030736507,0.0
1059060,0.0,0.0,0.996555780951657,2155978.5985645247,0.0
1059120,0.0,0.0,0.996555780951657,2151781.839809973,0.0
1059180,0.0,0.0,0.996555780951657,2152943.7738237293,0.0
1059240,0.0,0.0,0.996555780951657,2152852.2319790972,0.0
1059300,0.0,0.0,0.996555780951657,2154563.8289689473,0.0
1059360,0.0,0.0,0.996555780951657,2157614.899917602,0.0
1059420,0.0,0.0,0.996555780951657,2154233.512106119,0.0
1059480,0.0,0.0,0.996555780951657,2152904.192967533,0.0
1059540,0.0,0.0,0.996555780951657,2152113.9445179654,0.0
1059600,0.0,0.0,0.996555780951657,2154105.5261962432,0.0
1059660,0.0,0.0,0.996555780951657,2158087.3786535515,0.0
1059720,0.0,0.0,0.996555780951657,2154220.8466590126,0.0
1059780,0.0,0.0,0.996555780951657,2154364.366671438,0.0
1059840,0.0,0.0,0.996555780951657,2150395.1451443816,0.0
1059900,0.0,0.0,0.996555780951657,2153740.646804731,0.0
1059960,0.0,0.0,0.996555780951657,2155332.536535881,0.0
1060020,0.0,0.0,0.996555780951657,2154627.476769748,0.0
1060080,0.0,0.0,0.996555780951657,2154940.106307271,0.0
1060140,0.0,0.0,0.996555780951657,2149865.4580304865,0.0
1060200,0.0,0.0,0.996555780951657,2152901.991340044,0.0
1060260,0.0,0.0,0.996555780951657,2156492.38929684,0.0
1060320,0.0,0.0,0.996555780951657,2155283.0232008644,0.0
1060380,0.0,0.0,0.996555780951657,2156012.052185012,0.0
1060440,0.0,0.0,0.996555780951657,2151988.145664189,0.0
1060500,0.0,0.0,0.996555780951657,2152202.6611301587,0.0
1060560,0.0,0.0,0.996555780951657,2154741.116612775,0.0
1060620,0.0,0.0,0.996555780951657,2155808.345367387,0.0
1060680,0.0,0.0,0.996555780951657,2154072.968425326,0.0
1060740,0.0,0.0,0.996555780951657,2154045.358403672,0.0
1060800,0.0,0.0,0.996555780951657,2150721.50079284,0.0
1060860,0.0,0.0,0.996555780951657,2154517.2497413494,0.0
1060920,0.0,0.0,0.996555780951657,2155051.7691904525,0.0
1060980,0.0,0.0,0.996555780951657,2157522.779637302,0.0
1061040,0.0,0.0,0.996555780951657,2150861.16910635,0.0
1061100,0.0,0.0,0.996555780951657,2153099.4071354605,0.0
1061160,0.0,0.0,0.996555780951657,2153073.0945811146,0.0
1061220,0.0,0.0,0.996555780951657,2154470.6108215763,0.0
1061280,0.0,0.0,0.996555780951657,2157837.461434588,0.0
1061340,0.0,0.0,0.996555780951657,2154128.6762731015,0.0
1061400,0.0,0.0,0.996555780951657,2153003.1566969696,0.0
1061460,0.0,0.0,0.996555780951657,2152244.3659436195,0.0
1061520,0.0,0.0,0.996555780951657,2154121.39526492,0.0
1061580,0.0,0.0,0.996555780951657,2155734.503145126,0.0
1061640,0.0,0.0,0.996555780951657,2155743.8222176535,0.0
1061700,0.0,0.0,0.996555780951657,2150600.6957412213,0.0
1061760,0.0,0.0,0.996555780951657,2152449.25666815,0.0
1061820,0.0,0.0,0.996555780951657,2154352.141223755,0.0
1061880,0.0,0.0,0.996555780951657,2155107.8018941125,0.0
1061940,0.0,0.0,0.996555780951657,2157220.510597558,0.0
1062000,0.0,0.0,0.996555780951657,2153389.681314306,0.0
1062060,0.0,0.0,0.996555780951657,2152074.8478105324,0.0
1062120,0.0,0.0,0.996555780951657,2154108.6714129746,0.0
1062180,0.0,0.0,0.996555780951657,2154808.1619515237,0.0
1062240,0.0,0.0,0.996555780951657,2156804.9662669655,0.0
1062300,0.0,0.0,0.996555780951657,2151719.1041811346,0.0
1062360,0.0,0.0,0.996555780951657,2152205.6852923217,0.0
1062420,0.0,0.0,0.996555780951657,2152199.1830443926,0.0
1062480,0.0,0.0,0.996555780951657,2154790.1826323667,0.0
1062540,0.0,0.0,0.996555780951657,2155683.350921775,0.0
1062600,0.0,0.0,0.996555780951657,2153710.2145441216,0.0
1062660,0.0,0.0,0.996555780951657,2154149.76436169,0.0
1062720,0.0,0.0,0.996555780951657,2150743.415505502,0.0
1062780,0.0,0.0,0.996555780951657,2153515.6415950055,0.0
1062840,0.0,0.0,0.996555780951657,2157293.2481061877,0.0
1062900,0.0,0.0,0.996555780951657,2155093.004240391,0.0
1062960,0.0,0.0,0.996555780951657,2154754.03451011,0.0
1063020,0.0,0.0,0.996555780951657,2151447.497855031,0.0
1063080,0.0,0.0,0.996555780951657,2152815.633535875,0.0
1063140,0.0,0.0,0.996555780951657,2155476.531590474,0.0
1063200,0.0,0.0,0.996555780951657,2156045.5755328205,0.0
1063260,0.0,0.0,0.996555780951657,2153488.518420042,0.0
1063320,0.0,0.0,0.996555780951657,2150602.6679557236,0.0
1063380,0.0,0.0,0.996555780951657,2152520.287124775,0.0
1063440,0.0,0.0,0.996555780951657,2156863.1558920043,0.0
1063500,0.0,0.0,0.996555780951657,2155278.409790708,0.0
1063560,0.0,0.0,0.996555780951657,2155835.5415881732,0.0
1063620,0.0,0.0,0.996555780951657,2149949.682470919,0.0
1063680,0.0,0.0,0.996555780951657,2152665.147378309,0.0
1063740,0.0,0.0,0.996555780951657,2154513.785704803,0.0
1063800,0.0,0.0,0.996555780951657,2155000.935558563,0.0
1063860,0.0,0.0,0.996555780951657,2157405.151125366,0.0
1063920,0.0,0.0,0.996555780951657,2153293.937979743,0.0
1063980,0.0,0.0,0.996555780951657,2152187.505959495,0.0
1064040,0.0,0.0,0.996555780951657,2153238.0383697315,0.0
1064100,0.0,0.0,0.996555780951657,2154939.7288515535,0.0
1064160,0.0,0.0,0.996555780951657,2155359.7119022184,0.0
1064220,0.0,0.0,0.996555780951657,2155210.993468732,0.0
1064280,0.0,0.0,0.996555780951657,2149964.0421967716,0.0
1064340,0.0,0.0,0.996555780951657,2152569.628616379,0.0
1064400,0.0,0.0,0.996555780951657,2155675.197838824,0.0
1064460,0.0,0.0,0.996555780951657,2155397.170745094,0.0
1064520,0.0,0.0,0.996555780951657,2156421.586899049,0.0
1064580,0.0,0.0,0.996555780951657,2148962.008765061,0.0
1064640,0.0,0.0,0.996555780951657,2152202.0751897465,0.0
1064700,0.0,0.0,0.996555780951657,2153870.3576601557,0.0
1064760,0.0,0.0,0.996555780951657,2157339.7847797815,0.0
1064820,0.0,0.0,0.996555780951657,2155083.0365566155,0.0
1064880,0.0,0.0,0.996555780951657,2154701.2393203494,0.0
1064940,0.0,0.0,0.996555780951657,2151468.6658726656,0.0
1065000,0.0,0.0,0.996555780951657,2152867.7826666553,0.0
1065060,0.0,0.0,0.996555780951657,2155458.0519370576,0.0
1065120,0.0,0.0,0.996555780951657,2155982.137386187,0.0
1065180,0.0,0.0,0.996555780951657,2152441.821062625,0.0
1065240,0.0,0.0,0.996555780951657,2153324.211579443,0.0
1065300,0.0,0.0,0.996555780951657,2152081.1736679655,0.0
1065360,0.0,0.0,0.996555780951657,2154222.072981093,0.0
1065420,0.0,0.0,0.996555780951657,2157628.4077456775,0.0
1065480,0.0,0.0,0.996555780951657,2154594.967579455,0.0
1065540,0.0,0.0,0.996555780951657,2153486.4655373837,0.0
1065600,0.0,0.0,0.996555780951657,2151735.4660615097,0.0
1065660,0.0,0.0,0.996555780951657,2153649.6085693445,0.0
1065720,0.0,0.0,0.996555780951657,2158199.1941407523,0.0
1065780,0.0,0.0,0.996555780951657,2154590.9587248233,0.0
1065840,0.0,0.0,0.996555780951657,2154878.2925055493,0.0
1065900,0.0,0.0,0.996555780951657,2149631.3419359145,0.0
1065960,0.0,0.0,0.996555780951657,2153249.548575935,0.0
1066020,0.0,0.0,0.996555780951657,2154977.1333356155,0.0
1066080,0.0,0.0,0.996555780951657,2155035.3406903865,0.0
1066140,0.0,0.0,0.996555780951657,2155254.9047498647,0.0
1066200,0.0,0.0,0.996555780951657,2149718.5040511107,0.0
1066260,0.0,0.0,0.996555780951657,2152696.2758170236,0.0
1066320,0.0,0.0,0.996555780951657,2155929.334505886,0.0
1066380,0.0,0.0,0.996555780951657,2155266.4921922777,0.0
1066440,0.0,0.0,0.996555780951657,2156546.6176493894,0.0
1066500,0.0,0.0,0.996555780951657,2152402.608754097,0.0
1066560,0.0,0.0,0.996555780951657,2152044.786576214,0.0
1066620,0.0,0.0,0.996555780951657,2154276.237351169,0.0
1066680,0.0,0.0,0.996555780951657,2155584.5553939063,0.0
1066740,0.0,0.0,0.996555780951657,2154588.8828334687,0.0
1066800,0.0,0.0,0.996555780951657,2154459.7760972525,0.0
1066860,0.0,0.0,0.996555780951657,2150296.7625962878,0.0
1066920,0.0,0.0,0.996555780951657,2153884.348758347,0.0
1066980,0.0,0.0,0.996555780951657,2154769.7540265718,0.0
1067040,0.0,0.0,0.996555780951657,2158000.5197422532,0.0
1067100,0.0,0.0,0.996555780951657,2151520.313576047,0.0
1067160,0.0,0.0,0.996555780951657,2153445.305315092,0.0
1067220,0.0,0.0,0.996555780951657,2152275.589278736,0.0
1067280,0.0,0.0,0.996555780951657,2154181.0789027615,0.0
1067340,0.0,0.0,0.996555780951657,2157847.2322922675,0.0
1067400,0.0,0.0,0.996555780951657,2154459.943800254,0.0
1067460,0.0,0.0,0.996555780951657,2153544.2814331474,0.0
1067520,0.0,0.0,0.996555780951657,2151865.0157485674,0.0
1067580,0.0,0.0,0.996555780951657,2153714.100247855,0.0
1067640,0.0,0.0,0.996555780951657,2155765.9691612474,0.0
1067700,0.0,0.0,0.996555780951657,2155898.3130267123,0.0
1067760,0.0,0.0,0.996555780951657,2151158.3548056316,0.0
1067820,0.0,0.0,0.996555780951657,2152603.5217651925,0.0
1067880,0.0,0.0,0.996555780951657,2153641.520986731,0.0
1067940,0.0,0.0,0.996555780951657,2154882.3905725507,0.0
1068000,0.0,0.0,0.996555780951657,2157451.2426427896,0.0
1068060,0.0,0.0,0.996555780951657,2153814.7328274916,0.0
1068120,0.0,0.0,0.996555780951657,2152395.847198964,0.0
1068180,0.0,0.0,0.996555780951657,2153196.922876987,0.0
1068240,0.0,0.0,0.996555780951657,2154515.0348109934,0.0
1068300,0.0,0.0,0.996555780951657,2156741.845841505,0.0
1068360,0.0,0.0,0.996555780951657,2152616.1472991044,0.0
1068420,0.0,0.0,0.996555780951657,2152582.1768380273,0.0
1068480,0.0,0.0,0.996555780951657,2152022.026706489,0.0
1068540,0.0,0.0,0.996555780951657,2154370.9663264262,0.0
1068600,0.0,0.0,0.996555780951657,2155474.80285789,0.0
1068660,0.0,0.0,0.996555780951657,2154243.056972849,0.0
1068720,0.0,0.0,0.996555780951657,2154518.115184468,0.0
1068780,0.0,0.0,0.996555780951657,2150262.294662737,0.0
1068840,0.0,0.0,0.996555780951657,2153205.689450486,0.0
1068900,0.0,0.0,0.996555780951657,2156957.3936748663,0.0
1068960,0.0,0.0,0.996555780951657,2155232.9433850707,0.0
1069020,0.0,0.0,0.996555780951657,2155337.2575630187,0.0
1069080,0.0,0.0,0.996555780951657,2151596.9245739025,0.0
1069140,0.0,0.0,0.996555780951657,2152484.993611386,0.0
1069200,0.0,0.0,0.996555780951657,2155173.1518644863,0.0
1069260,0.0,0.0,0.996555780951657,2155980.5873148385,0.0
1069320,0.0,0.0,0.996555780951657,2154330.1794494134,0.0
1069380,0.0,0.0,0.996555780951657,2150944.0841511525,0.0
1069440,0.0,0.0,0.996555780951657,2152430.340217994,0.0
1069500,0.0,0.0,0.996555780951657,2156192.2431826177,0.0
1069560,0.0,0.0,0.996555780951657,2155371.082250159,0.0
1069620,0.0,0.0,0.996555780951657,2155977.569704474,0.0
1069680,0.0,0.0,0.996555780951657,2150491.34772506,0.0
1069740,0.0,0.0,0.996555780951657,2152835.9456830504,0.0
1069800,0.0,0.0,0.996555780951657,2153805.0791975004,0.0
1069860,0.0,0.0,0.996555780951657,2154803.846411189,0.0
1069920,0.0,0.0,0.996555780951657,2157642.076084927,0.0
1069980,0.0,0.0,0.996555780951657,2153690.8799591307,0.0
1070040,0.0,0.0,0.996555780951657,2152478.960851709,0.0
1070100,0.0,0.0,0.996555780951657,2152757.6194239245,0.0
1070160,0.0,0.0,0.996555780951657,2154587.635503653,0.0
1070220,0.0,0.0,0.996555780951657,2155600.817703959,0.0
1070280,0.0,0.0,0.996555780951657,2155485.5229534497,0.0
1070340,0.0,0.0,0.996555780951657,2150154.168519807,0.0
1070400,0.0,0.0,0.996555780951657,2152434.3474606588,0.0
1070460,0.0,0.0,0.996555780951657,2155083.1736398907,0.0
1070520,0.0,0.0,0.996555780951657,2155310.075679675,0.0
1070580,0.0,0.0,0.996555780951657,2156820.273452147,0.0
1070640,0.0,0.0,0.996555780951657,2149427.273591299,0.0
1070700,0.0,0.0,0.996555780951657,2152219.1269222805,0.0
1070760,0.0,0.0,0.996555780951657,2153338.544242254,0.0
1070820,0.0,0.0,0.996555780951657,2157369.7525845403,0.0
1070880,0.0,0.0,0.996555780951657,2155202.3209777856,0.0
1070940,0.0,0.0,0.996555780951657,2155307.2805666835,0.0
1071000,0.0,0.0,0.996555780951657,2151577.6558644944,0.0
1071060,0.0,0.0,0.996555780951657,2152577.063793531,0.0
1071120,0.0,0.0,0.996555780951657,2155195.750465758,0.0
1071180,0.0,0.0,0.996555780951657,2155916.3770424784,0.0
1071240,0.0,0.0,0.996555780951657,2153049.807961409,0.0
1071300,0.0,0.0,0.996555780951657,2153672.623311804,0.0
1071360,0.0,0.0,0.996555780951657,2151442.2655099547,0.0
1071420,0.0,0.0,0.996555780951657,2153906.600947736,0.0
1071480,0.0,0.0,0.996555780951657,2157517.4031845885,0.0
1071540,0.0,0.0,0.996555780951657,2154866.525107185,0.0
1071600,0.0,0.0,0.996555780951657,2154035.419776588,0.0
1071660,0.0,0.0,0.996555780951657,2151512.016707817,0.0
1071720,0.0,0.0,0.996555780951657,2153253.8594792434,0.0
1071780,0.0,0.0,0.996555780951657,2158126.610803851,0.0
1071840,0.0,0.0,0.996555780951657,2154866.3868549746,0.0
1071900,0.0,0.0,0.996555780951657,2155302.049645619,0.0
1071960,0.0,0.0,0.996555780951657,2149099.302083589,0.0
1072020,0.0,0.0,0.996555780951657,2152815.5974719534,0.0
1072080,0.0,0.0,0.996555780951657,2154629.2166198944,0.0
1072140,0.0,0.0,0.996555780951657,2155328.8639535625,0.0
1072200,0.0,0.0,0.996555780951657,2155489.2831019554,0.0
1072260,0.0,0.0,0.996555780951657,2149817.269978076,0.0
1072320,0.0,0.0,0.996555780951657,2152587.303088083,0.0
1072380,0.0,0.0,0.996555780951657,2155338.5531238248,0.0
1072440,0.0,0.0,0.996555780951657,2155195.974419521,0.0
1072500,0.0,0.0,0.996555780951657,2156952.0722450907,0.0
1072560,0.0,0.0,0.996555780951657,2152801.30317497,0.0
1072620,0.0,0.0,0.996555780951657,2152009.338130218,0.0
1072680,0.0,0.0,0.996555780951657,2153814.495381162,0.0
1072740,0.0,0.0,0.996555780951657,2155330.9964865143,0.0
1072800,0.0,0.0,0.996555780951657,2155004.4613868436,0.0
1072860,0.0,0.0,0.996555780951657,2154811.1795993405,0.0
1072920,0.0,0.0,0.996555780951657,2150061.3179362654,0.0
1072980,0.0,0.0,0.996555780951657,2152821.047319805,0.0
1073040,0.0,0.0,0.996555780951657,2156253.7200415893,0.0
1073100,0.0,0.0,0.996555780951657,2155579.2619709168,0.0
1073160,0.0,0.0,0.996555780951657,2154955.4086090233,0.0
1073220,0.0,0.0,0.996555780951657,2151579.5813246537,0.0
1073280,0.0,0.0,0.996555780951657,2152233.4304951853,0.0
1073340,0.0,0.0,0.996555780951657,2153888.8029090054,0.0
1073400,0.0,0.0,0.996555780951657,2157883.401264493,0.0
1073460,0.0,0.0,0.996555780951657,2154705.7977139424,0.0
1073520,0.0,0.0,0.996555780951657,2154242.808954111,0.0
1073580,0.0,0.0,0.996555780951657,2151598.013575044,0.0
1073640,0.0,0.0,0.996555780951657,2153301.416427262,0.0
1073700,0.0,0.0,0.996555780951657,2155686.73199327,0.0
1073760,0.0,0.0,0.996555780951657,2155982.572892133,0.0
1073820,0.0,0.0,0.996555780951657,2151783.149843682,0.0
1073880,0.0,0.0,0.996555780951657,2152891.5282373223,0.0
1073940,0.0,0.0,0.996555780951657,2152896.0063441815,0.0
1074000,0.0,0.0,0.996555780951657,2154596.279243372,0.0
1074060,0.0,0.0,0.996555780951657,2157584.3293068553,0.0
1074120,0.0,0.0,0.996555780951657,2154218.3319822615,0.0
1074180,0.0,0.0,0.996555780951657,2152853.443799456,0.0
1074240,0.0,0.0,0.996555780951657,2152244.5263806847,0.0
1074300,0.0,0.0,0.996555780951657,2154166.749432616,0.0
1074360,0.0,0.0,0.996555780951657,2156586.5401367466,0.0
1074420,0.0,0.0,0.996555780951657,2153526.853550268,0.0
1074480,0.0,0.0,0.996555780951657,2152990.7421228588,0.0
1074540,0.0,0.0,0.996555780951657,2151962.440903145,0.0
1074600,0.0,0.0,0.996555780951657,2153892.062767578,0.0
1074660,0.0,0.0,0.996555780951657,2155204.063363816,0.0
1074720,0.0,0.0,0.996555780951657,2154714.7491470175,0.0
1074780,0.0,0.0,0.996555780951657,2154875.9319534176,0.0
1074840,0.0,0.0,0.996555780951657,2149911.456490825,0.0
1074900,0.0,0.0,0.996555780951657,2152925.797885039,0.0
1074960,0.0,0.0,0.996555780951657,2156516.914375392,0.0
1075020,0.0,0.0,0.996555780951657,2155303.2308512903,0.0
1075080,0.0,0.0,0.996555780951657,2155907.061390203,0.0
1075140,0.0,0.0,0.996555780951657,2151937.535125484,0.0
1075200,0.0,0.0,0.996555780951657,2152216.612735625,0.0
1075260,0.0,0.0,0.996555780951657,2154787.7449798854,0.0
1075320,0.0,0.0,0.996555780951657,2155842.4913990893,0.0
1075380,0.0,0.0,0.996555780951657,2154057.3097616686,0.0
1075440,0.0,0.0,0.996555780951657,2153979.2380495095,0.0
1075500,0.0,0.0,0.996555780951657,2150779.3275298215,0.0
1075560,0.0,0.0,0.996555780951657,2154552.92195783,0.0
1075620,0.0,0.0,0.996555780951657,2155093.5610027993,0.0
1075680,0.0,0.0,0.996555780951657,2157435.0412439774,0.0
1075740,0.0,0.0,0.996555780951657,2150886.7096052924,0.0
1075800,0.0,0.0,0.996555780951657,2153039.21264239,0.0
1075860,0.0,0.0,0.996555780951657,2153125.440882775,0.0
1075920,0.0,0.0,0.996555780951657,2154505.3976858137,0.0
1075980,0.0,0.0,0.996555780951657,2157800.239166398,0.0
1076040,0.0,0.0,0.996555780951657,2154111.5846331716,0.0
1076100,0.0,0.0,0.996555780951657,2152945.15911545,0.0
1076160,0.0,0.0,0.996555780951657,2152264.0700490605,0.0
1076220,0.0,0.0,0.996555780951657,2154154.4656638103,0.0
1076280,0.0,0.0,0.996555780951657,2155746.95165372,0.0
1076340,0.0,0.0,0.996555780951657,2155732.8548157564,0.0
1076400,0.0,0.0,0.996555780951657,2150616.401559,0.0
1076460,0.0,0.0,0.996555780951657,2152425.0673817396,0.0
1076520,0.0,0.0,0.996555780951657,2154371.927243594,0.0
1076580,0.0,0.0,0.996555780951657,2155130.6541411197,0.0
1076640,0.0,0.0,0.996555780951657,2157185.901082322,0.0
1076700,0.0,0.0,0.996555780951657,2150093.0798851056,0.0
1076760,0.0,0.0,0.996555780951657,2152437.0710177138,0.0
1076820,0.0,0.0,0.996555780951657,2152758.917447919,0.0
1076880,0.0,0.0,0.996555780951657,2157252.9036221933,0.0
1076940,0.0,0.0,0.996555780951657,2155253.591108229,0.0
1077000,0.0,0.0,0.996555780951657,2155966.7488544597,0.0
1077060,0.0,0.0,0.996555780951657,2151914.9111947934,0.0
1077120,0.0,0.0,0.996555780951657,2152333.5959949354,0.0
1077180,0.0,0.0,0.996555780951657,2154822.3896091725,0.0
1077240,0.0,0.0,0.996555780951657,2155768.0024863025,0.0
1077300,0.0,0.0,0.996555780951657,2153662.680766066,0.0
1077360,0.0,0.0,0.996555780951657,2154078.761871275,0.0
1077420,0.0,0.0,0.996555780951657,2150818.149253966,0.0
1077480,0.0,0.0,0.996555780951657,2153555.152283213,0.0
1077540,0.0,0.0,0.996555780951657,2157294.6516175796,0.0
1077600,0.0,0.0,0.996555780951657,2155091.3516837964,0.0
1077660,0.0,0.0,0.996555780951657,2154663.0221810136,0.0
1077720,0.0,0.0,0.996555780951657,2151437.1999628986,0.0
1077780,0.0,0.0,0.996555780951657,2152849.1291635297,0.0
1077840,0.0,0.0,0.996555780951657,2157915.3325661086,0.0
1077900,0.0,0.0,0.996555780951657,2155074.315586336,0.0
1077960,0.0,0.0,0.996555780951657,2155731.3993346137,0.0
1078020,0.0,0.0,0.996555780951657,2148708.432983315,0.0
1078080,0.0,0.0,0.996555780951657,2152385.158317037,0.0
1078140,0.0,0.0,0.996555780951657,2154221.617923762,0.0
1078200,0.0,0.0,0.996555780951657,2155530.7685673395,0.0
1078260,0.0,0.0,0.996555780951657,2155689.0967938993,0.0
1078320,0.0,0.0,0.996555780951657,2150177.392840889,0.0
1078380,0.0,0.0,0.996555780951657,2152590.376821628,0.0
1078440,0.0,0.0,0.996555780951657,2154652.440603825,0.0
1078500,0.0,0.0,0.996555780951657,2155051.4443647936,0.0
1078560,0.0,0.0,0.996555780951657,2157313.260061123,0.0
1078620,0.0,0.0,0.996555780951657,2153232.833092599,0.0
1078680,0.0,0.0,0.996555780951657,2152122.787166843,0.0
1078740,0.0,0.0,0.996555780951657,2153305.383362084,0.0
1078800,0.0,0.0,0.996555780951657,2155006.713194975,0.0
1078860,0.0,0.0,0.996555780951657,2155352.86310081,0.0
1078920,0.0,0.0,0.996555780951657,2155155.5887704175,0.0
1078980,0.0,0.0,0.996555780951657,2149996.646276694,0.0
1079040,0.0,0.0,0.996555780951657,2152578.7064883253,0.0
1079100,0.0,0.0,0.996555780951657,2155723.4698484186,0.0
1079160,0.0,0.0,0.996555780951657,2155940.136053091,0.0
1079220,0.0,0.0,0.996555780951657,2155198.8662365293,0.0
1079280,0.0,0.0,0.996555780951657,2152117.017849982,0.0
1079340,0.0,0.0,0.996555780951657,2151403.529261298,0.0
1079400,0.0,0.0,0.996555780951657,2153574.120202427,0.0
1079460,0.0,0.0,0.996555780951657,2157693.3352005854,0.0
1079520,0.0,0.0,0.996555780951657,2154917.508078367,0.0
1079580,0.0,0.0,0.996555780951657,2154839.991116757,0.0
1079640,0.0,0.0,0.996555780951657,2151493.543337836,0.0
1079700,0.0,0.0,0.996555780951657,2152933.038332421,0.0
1079760,0.0,0.0,0.996555780951657,2155516.8252249253,0.0
1079820,0.0,0.0,0.996555780951657,2155995.116017236,0.0
1079880,0.0,0.0,0.996555780951657,2152406.660166139,0.0
1079940,0.0,0.0,0.996555780951657,2153217.034388145,0.0
1080000,0.0,0.0,0.996555780951657,2152198.2741058827,0.0
1080060,0.0,0.0,0.996555780951657,2154291.3473035614,0.0
1080120,0.0,0.0,0.996555780951657,2157597.0328102466,0.0
1080180,0.0,0.0,0.996555780951657,2154559.6477029496,0.0
1080240,0.0,0.0,0.996555780951657,2153365.113818367,0.0
1080300,0.0,0.0,0.996555780951657,2151348.5572978337,0.0
1080360,0.0,0.0,0.996555780951657,2153810.3276864686,0.0
1080420,0.0,0.0,0.996555780951657,2156356.371704571,0.0
1080480,0.0,0.0,0.996555780951657,2154378.3662002464,0.0
1080540,0.0,0.0,0.996555780951657,2153381.129626701,0.0
1080600,0.0,0.0,0.996555780951657,2152040.8377601122,0.0
1080660,0.0,0.0,0.996555780951657,2153409.003378211,0.0
1080720,0.0,0.0,0.996555780951657,2154904.8993136785,0.0
1080780,0.0,0.0,0.996555780951657,2155093.816021289,0.0
1080840,0.0,0.0,0.996555780951657,2155182.354255767,0.0
1080900,0.0,0.0,0.996555780951657,2149754.5780614205,0.0
1080960,0.0,0.0,0.996555780951657,2152712.4875187282,0.0
1081020,0.0,0.0,0.996555780951657,2156004.4468161375,0.0
1081080,0.0,0.0,0.996555780951657,2155306.2516127583,0.0
1081140,0.0,0.0,0.996555780951657,2156400.8564291103,0.0
1081200,0.0,0.0,0.996555780951657,2152317.2871094714,0.0
1081260,0.0,0.0,0.996555780951657,2152045.0243623466,0.0
1081320,0.0,0.0,0.996555780951657,2154359.5515286815,0.0
1081380,0.0,0.0,0.996555780951657,2155648.469981148,0.0
1081440,0.0,0.0,0.996555780951657,2154554.2693875185,0.0
1081500,0.0,0.0,0.996555780951657,2154365.297826308,0.0
1081560,0.0,0.0,0.996555780951657,2150376.802308151,0.0
1081620,0.0,0.0,0.996555780951657,2153961.90101227,0.0
1081680,0.0,0.0,0.996555780951657,2154838.588121784,0.0
1081740,0.0,0.0,0.996555780951657,2157874.7838021624,0.0
1081800,0.0,0.0,0.996555780951657,2151522.4445952815,0.0
1081860,0.0,0.0,0.996555780951657,2153350.2036149814,0.0
1081920,0.0,0.0,0.996555780951657,2152379.3323952868,0.0
1081980,0.0,0.0,0.996555780951657,2154236.2477436746,0.0
1082040,0.0,0.0,0.996555780951657,2157812.128821351,0.0
1082100,0.0,0.0,0.996555780951657,2154433.5233162083,0.0
1082160,0.0,0.0,0.996555780951657,2153439.7000403027,0.0
1082220,0.0,0.0,0.996555780951657,2151895.8521733168,0.0
1082280,0.0,0.0,0.996555780951657,2153769.3955558934,0.0
1082340,0.0,0.0,0.996555780951657,2155785.716782852,0.0
1082400,0.0,0.0,0.996555780951657,2155888.157341822,0.0
1082460,0.0,0.0,0.996555780951657,2151152.0082416963,0.0
1082520,0.0,0.0,0.996555780951657,2152548.1173990984,0.0
1082580,0.0,0.0,0.996555780951657,2153699.408892632,0.0
1082640,0.0,0.0,0.996555780951657,2154922.802945875,0.0
1082700,0.0,0.0,0.996555780951657,2157404.960661617,0.0
1082760,0.0,0.0,0.996555780951657,2150819.787372124,0.0
1082820,0.0,0.0,0.996555780951657,2152715.5447419677,0.0
1082880,0.0,0.0,0.996555780951657,2152273.3127301685,0.0
1082940,0.0,0.0,0.996555780951657,2156983.887693025,0.0
1083000,0.0,0.0,0.996555780951657,2155244.9067746485,0.0
1083060,0.0,0.0,0.996555780951657,2156496.2484979252,0.0
1083120,0.0,0.0,0.996555780951657,2152273.126108054,0.0
1083180,0.0,0.0,0.996555780951657,2152196.0118257115,0.0
1083240,0.0,0.0,0.996555780951657,2154425.6430735053,0.0
1083300,0.0,0.0,0.996555780951657,2155581.2907737996,0.0
1083360,0.0,0.0,0.996555780951657,2154189.048994353,0.0
1083420,0.0,0.0,0.996555780951657,2154432.240241522,0.0
1083480,0.0,0.0,0.996555780951657,2150353.96018364,0.0
1083540,0.0,0.0,0.996555780951657,2153249.426817124,0.0
1083600,0.0,0.0,0.996555780951657,2156981.6223788797,0.0
1083660,0.0,0.0,0.996555780951657,2155238.745639745,0.0
1083720,0.0,0.0,0.996555780951657,2155219.1240755212,0.0
1083780,0.0,0.0,0.996555780951657,2151555.3295689584,0.0
1083840,0.0,0.0,0.996555780951657,2152520.3216004893,0.0
1083900,0.0,0.0,0.996555780951657,2155220.823735662,0.0
1083960,0.0,0.0,0.996555780951657,2156006.3598576486,0.0
1084020,0.0,0.0,0.996555780951657,2154257.075073505,0.0
1084080,0.0,0.0,0.996555780951657,2150924.567988641,0.0
1084140,0.0,0.0,0.996555780951657,2152411.6694198204,0.0
1084200,0.0,0.0,0.996555780951657,2156205.7603311045,0.0
1084260,0.0,0.0,0.996555780951657,2155398.978560785,0.0
1084320,0.0,0.0,0.996555780951657,2155968.20516698,0.0
1084380,0.0,0.0,0.996555780951657,2150502.131023098,0.0
1084440,0.0,0.0,0.996555780951657,2152779.0432327106,0.0
1084500,0.0,0.0,0.996555780951657,2153860.951389673,0.0
1084560,0.0,0.0,0.996555780951657,2154841.6888501635,0.0
1084620,0.0,0.0,0.996555780951657,2157590.6355244014,0.0
1084680,0.0,0.0,0.996555780951657,2153662.8229645514,0.0
1084740,0.0,0.0,0.996555780951657,2152425.9408647297,0.0
1084800,0.0,0.0,0.996555780951657,2152787.5894505545,0.0
1084860,0.0,0.0,0.996555780951657,2154627.007402665,0.0
1084920,0.0,0.0,0.996555780951657,2155608.9912500847,0.0
1084980,0.0,0.0,0.996555780951657,2155462.5871088915,0.0
1085040,0.0,0.0,0.996555780951657,2150172.4405545215,0.0
1085100,0.0,0.0,0.996555780951657,2152423.44197489,0.0
1085160,0.0,0.0,0.996555780951657,2155105.080207853,0.0
1085220,0.0,0.0,0.996555780951657,2156180.4012262155,0.0
1085280,0.0,0.0,0.996555780951657,2155388.824800109,0.0
1085340,0.0,0.0,0.996555780951657,2152793.7918139664,0.0
1085400,0.0,0.0,0.996555780951657,2150619.6848206166,0.0
1085460,0.0,0.0,0.996555780951657,2153267.0437888913,0.0
1085520,0.0,0.0,0.996555780951657,2157384.6299643414,0.0
1085580,0.0,0.0,0.996555780951657,2155066.6978446804,0.0
1085640,0.0,0.0,0.996555780951657,2155452.37373404,0.0
1085700,0.0,0.0,0.996555780951657,2151584.3216051743,0.0
1085760,0.0,0.0,0.996555780951657,2152599.2167617534,0.0
1085820,0.0,0.0,0.996555780951657,2155249.087026102,0.0
1085880,0.0,0.0,0.996555780951657,2155936.3400267786,0.0
1085940,0.0,0.0,0.996555780951657,2153034.9547212534,0.0
1086000,0.0,0.0,0.996555780951657,2153591.1202376466,0.0
1086060,0.0,0.0,0.996555780951657,2151523.2303248886,0.0
1086120,0.0,0.0,0.996555780951657,2153954.6276141414,0.0
1086180,0.0,0.0,0.996555780951657,2157503.181974745,0.0
1086240,0.0,0.0,0.996555780951657,2154853.2792230453,0.0
1086300,0.0,0.0,0.996555780951657,2153942.243099521,0.0
1086360,0.0,0.0,0.996555780951657,2151521.909416323,0.0
1086420,0.0,0.0,0.996555780951657,2153298.4992508953,0.0
1086480,0.0,0.0,0.996555780951657,2158075.919230001,0.0
1086540,0.0,0.0,0.996555780951657,2154871.7951657586,0.0
1086600,0.0,0.0,0.996555780951657,2155234.876692082,0.0
1086660,0.0,0.0,0.996555780951657,2149182.193495365,0.0
1086720,0.0,0.0,0.996555780951657,2152849.370249502,0.0
1086780,0.0,0.0,0.996555780951657,2154675.8135490096,0.0
1086840,0.0,0.0,0.996555780951657,2155339.690989199,0.0
1086900,0.0,0.0,0.996555780951657,2155467.1997318915,0.0
1086960,0.0,0.0,0.996555780951657,2149845.395904188,0.0
1087020,0.0,0.0,0.996555780951657,2152573.43074046,0.0
1087080,0.0,0.0,0.996555780951657,2155361.872918374,0.0
1087140,0.0,0.0,0.996555780951657,2155220.0994230113,0.0
1087200,0.0,0.0,0.996555780951657,2156899.7984622065,0.0
1087260,0.0,0.0,0.996555780951657,2152776.543036839,0.0
1087320,0.0,0.0,0.996555780951657,2151992.4207048328,0.0
1087380,0.0,0.0,0.996555780951657,2153836.211747626,0.0
1087440,0.0,0.0,0.996555780951657,2155357.2507388247,0.0
1087500,0.0,0.0,0.996555780951657,2155011.942871186,0.0
1087560,0.0,0.0,0.996555780951657,2154783.2059450233,0.0
1087620,0.0,0.0,0.996555780951657,2150087.0483854203,0.0
1087680,0.0,0.0,0.996555780951657,2153272.708227834,0.0
1087740,0.0,0.0,0.996555780951657,2154507.090383085,0.0
1087800,0.0,0.0,0.996555780951657,2158257.783363617,0.0
1087860,0.0,0.0,0.996555780951657,2152194.7298986157,0.0
1087920,0.0,0.0,0.996555780951657,2153747.2143668644,0.0
1087980,0.0,0.0,0.996555780951657,2151586.776712457,0.0
1088040,0.0,0.0,0.996555780951657,2153913.6044999873,0.0
1088100,0.0,0.0,0.996555780951657,2157722.5127987666,0.0
1088160,0.0,0.0,0.996555780951657,2154727.35354758,0.0
1088220,0.0,0.0,0.996555780951657,2154053.8297034134,0.0
1088280,0.0,0.0,0.996555780951657,2151608.2787580434,0.0
1088340,0.0,0.0,0.996555780951657,2153349.4953608424,0.0
1088400,0.0,0.0,0.996555780951657,2155714.219088431,0.0
1088460,0.0,0.0,0.996555780951657,2155986.0946324314,0.0
1088520,0.0,0.0,0.996555780951657,2151769.811851581,0.0
1088580,0.0,0.0,0.996555780951657,2152826.867082281,0.0
1088640,0.0,0.0,0.996555780951657,2152959.181754134,0.0
1088700,0.0,0.0,0.996555780951657,2154639.2549578194,0.0
1088760,0.0,0.0,0.996555780951657,2157547.8933248566,0.0
1088820,0.0,0.0,0.996555780951657,2151613.743606735,0.0
1088880,0.0,0.0,0.996555780951657,2153071.1255057645,0.0
1088940,0.0,0.0,0.996555780951657,2151804.690417768,0.0
1089000,0.0,0.0,0.996555780951657,2156563.0721122585,0.0
1089060,0.0,0.0,0.996555780951657,2155163.2311814977,0.0
1089120,0.0,0.0,0.996555780951657,2157014.157493055,0.0
1089180,0.0,0.0,0.996555780951657,2152686.4911925998,0.0
1089240,0.0,0.0,0.996555780951657,2152167.902009501,0.0
1089300,0.0,0.0,0.996555780951657,2153952.7036501174,0.0
1089360,0.0,0.0,0.996555780951657,2155319.4307487854,0.0
1089420,0.0,0.0,0.996555780951657,2154671.8895169757,0.0
1089480,0.0,0.0,0.996555780951657,2154798.1195843793,0.0
1089540,0.0,0.0,0.996555780951657,2149991.7374789366,0.0
1089600,0.0,0.0,0.996555780951657,2152955.9154065275,0.0
1089660,0.0,0.0,0.996555780951657,2156558.2699504374,0.0
1089720,0.0,0.0,0.996555780951657,2155321.0235330826,0.0
1089780,0.0,0.0,0.996555780951657,2155792.031562847,0.0
1089840,0.0,0.0,0.996555780951657,2151880.5754801277,0.0
1089900,0.0,0.0,0.996555780951657,2152236.609964767,0.0
1089960,0.0,0.0,0.996555780951657,2154841.879464316,0.0
1090020,0.0,0.0,0.996555780951657,2155879.3107536878,0.0
1090080,0.0,0.0,0.996555780951657,2155085.2287000683,0.0
1090140,0.0,0.0,0.996555780951657,2151382.2048900407,0.0
1090200,0.0,0.0,0.996555780951657,2152418.702339961,0.0
1090260,0.0,0.0,0.996555780951657,2155446.4668381917,0.0
1090320,0.0,0.0,0.996555780951657,2155394.328751313,0.0
1090380,0.0,0.0,0.996555780951657,2156059.159916987,0.0
1090440,0.0,0.0,0.996555780951657,2151108.247581216,0.0
1090500,0.0,0.0,0.996555780951657,2153034.92069908,0.0
1090560,0.0,0.0,0.996555780951657,2153127.5450752922,0.0
1090620,0.0,0.0,0.996555780951657,2154596.1933522974,0.0
1090680,0.0,0.0,0.996555780951657,2157743.5354836243,0.0
1090740,0.0,0.0,0.996555780951657,2154044.722755161,0.0
1090800,0.0,0.0,0.996555780951657,2152834.301262621,0.0
1090860,0.0,0.0,0.996555780951657,2152330.8381597763,0.0
1090920,0.0,0.0,0.996555780951657,2154241.1771002808,0.0
1090980,0.0,0.0,0.996555780951657,2155758.0999202253,0.0
1091040,0.0,0.0,0.996555780951657,2155697.0469992883,0.0
1091100,0.0,0.0,0.996555780951657,2150599.6775865415,0.0
1091160,0.0,0.0,0.996555780951657,2152385.7719938243,0.0
1091220,0.0,0.0,0.996555780951657,2154458.2892337823,0.0
1091280,0.0,0.0,0.996555780951657,2156286.760682416,0.0
1091340,0.0,0.0,0.996555780951657,2155510.2631487483,0.0
1091400,0.0,0.0,0.996555780951657,2153516.435874463,0.0
1091460,0.0,0.0,0.996555780951657,2149982.8970380737,0.0
1091520,0.0,0.0,0.996555780951657,2153008.125640505,0.0
1091580,0.0,0.0,0.996555780951657,2156976.5611177674,0.0
1091640,0.0,0.0,0.996555780951657,2155147.918801154,0.0
1091700,0.0,0.0,0.996555780951657,2156003.9799473835,0.0
1091760,0.0,0.0,0.996555780951657,2151873.9270705823,0.0
1091820,0.0,0.0,0.996555780951657,2152339.960439023,0.0
1091880,0.0,0.0,0.996555780951657,2154915.488186911,0.0
1091940,0.0,0.0,0.996555780951657,2155817.2875215914,0.0
1092000,0.0,0.0,0.996555780951657,2153619.408220613,0.0
1092060,0.0,0.0,0.996555780951657,2153961.811288932,0.0
1092120,0.0,0.0,0.996555780951657,2150940.614341168,0.0
1092180,0.0,0.0,0.996555780951657,2153624.536485905,0.0
1092240,0.0,0.0,0.996555780951657,2157304.069338683,0.0
1092300,0.0,0.0,0.996555780951657,2155078.9490797175,0.0
1092360,0.0,0.0,0.996555780951657,2154515.576334858,0.0
1092420,0.0,0.0,0.996555780951657,2151426.540753388,0.0
1092480,0.0,0.0,0.996555780951657,2152912.690639442,0.0
1092540,0.0,0.0,0.996555780951657,2157872.0942206765,0.0
1092600,0.0,0.0,0.996555780951657,2155083.2713735653,0.0
1092660,0.0,0.0,0.996555780951657,2155638.1495965202,0.0
1092720,0.0,0.0,0.996555780951657,2148825.9056739365,0.0
1092780,0.0,0.0,0.996555780951657,2152436.9159805025,0.0
1092840,0.0,0.0,0.996555780951657,2154297.476205133,0.0
1092900,0.0,0.0,0.996555780951657,2155543.203063926,0.0
1092960,0.0,0.0,0.996555780951657,2155665.0317981453,0.0
1093020,0.0,0.0,0.996555780951657,2150182.070753263,0.0
1093080,0.0,0.0,0.996555780951657,2152552.329113338,0.0
1093140,0.0,0.0,0.996555780951657,2154717.706609866,0.0
1093200,0.0,0.0,0.996555780951657,2155093.0153847584,0.0
1093260,0.0,0.0,0.996555780951657,2157240.0905592935,0.0
1093320,0.0,0.0,0.996555780951657,2153187.44560856,0.0
1093380,0.0,0.0,0.996555780951657,2152079.234115675,0.0
1093440,0.0,0.0,0.996555780951657,2153351.8937336104,0.0
1093500,0.0,0.0,0.996555780951657,2155055.9129326153,0.0
1093560,0.0,0.0,0.996555780951657,2155352.0101821357,0.0
1093620,0.0,0.0,0.996555780951657,2155113.632396909,0.0
1093680,0.0,0.0,0.996555780951657,2150025.3421429563,0.0
1093740,0.0,0.0,0.996555780951657,2152639.9728513365,0.0
1093800,0.0,0.0,0.996555780951657,2154193.9193766043,0.0
1093860,0.0,0.0,0.996555780951657,2158450.435742091,0.0
1093920,0.0,0.0,0.996555780951657,2152813.201162052,0.0
1093980,0.0,0.0,0.996555780951657,2154102.7429743046,0.0
1094040,0.0,0.0,0.996555780951657,2150929.6974233636,0.0
1094100,0.0,0.0,0.996555780951657,2153622.898026249,0.0
1094160,0.0,0.0,0.996555780951657,2157522.327870782,0.0
1094220,0.0,0.0,0.996555780951657,2154942.1988939676,0.0
1094280,0.0,0.0,0.996555780951657,2154621.1150453063,0.0
1094340,0.0,0.0,0.996555780951657,2151481.690678955,0.0
1094400,0.0,0.0,0.996555780951657,2152990.3570186687,0.0
1094460,0.0,0.0,0.996555780951657,2155560.9639706635,0.0
1094520,0.0,0.0,0.996555780951657,2156012.028672899,0.0
1094580,0.0,0.0,0.996555780951657,2152374.516154112,0.0
1094640,0.0,0.0,0.996555780951657,2153129.0432205535,0.0
1094700,0.0,0.0,0.996555780951657,2152290.0176984905,0.0
1094760,0.0,0.0,0.996555780951657,2154348.8002006654,0.0
1094820,0.0,0.0,0.996555780951657,2157567.295432048,0.0
1094880,0.0,0.0,0.996555780951657,2154530.817485176,0.0
1094940,0.0,0.0,0.996555780951657,2153267.4180366206,0.0
1095000,0.0,0.0,0.996555780951657,2151434.3597969017,0.0
1095060,0.0,0.0,0.996555780951657,2153860.605399135,0.0
1095120,0.0,0.0,0.996555780951657,2156388.6819217163,0.0
1095180,0.0,0.0,0.996555780951657,2154359.4550070595,0.0
1095240,0.0,0.0,0.996555780951657,2153336.753854973,0.0
1095300,0.0,0.0,0.996555780951657,2152001.0035088565,0.0
1095360,0.0,0.0,0.996555780951657,2153454.281763746,0.0
1095420,0.0,0.0,0.996555780951657,2154953.179822684,0.0
1095480,0.0,0.0,0.996555780951657,2155096.469284546,0.0
1095540,0.0,0.0,0.996555780951657,2155144.376196384,0.0
1095600,0.0,0.0,0.996555780951657,2149794.1308024605,0.0
1095660,0.0,0.0,0.996555780951657,2152715.0988536193,0.0
1095720,0.0,0.0,0.996555780951657,2156025.971359456,0.0
1095780,0.0,0.0,0.996555780951657,2155326.9360641255,0.0
1095840,0.0,0.0,0.996555780951657,2156337.12515246,0.0
1095900,0.0,0.0,0.996555780951657,2152286.1579905306,0.0
1095960,0.0,0.0,0.996555780951657,2152041.3763308036,0.0
1096020,0.0,0.0,0.996555780951657,2154386.9036226883,0.0
1096080,0.0,0.0,0.996555780951657,2155674.8708649753,0.0
1096140,0.0,0.0,0.996555780951657,2155887.0542083676,0.0
1096200,0.0,0.0,0.996555780951657,2151894.149492581,0.0
1096260,0.0,0.0,0.996555780951657,2152580.5512212734,0.0
1096320,0.0,0.0,0.996555780951657,2154590.111131831,0.0
1096380,0.0,0.0,0.996555780951657,2155283.5830955193,0.0
1096440,0.0,0.0,0.996555780951657,2156079.576094101,0.0
1096500,0.0,0.0,0.996555780951657,2151761.6658537793,0.0
1096560,0.0,0.0,0.996555780951657,2153357.173987941,0.0
1096620,0.0,0.0,0.996555780951657,2152378.2193470644,0.0
1096680,0.0,0.0,0.996555780951657,2154305.402897351,0.0
1096740,0.0,0.0,0.996555780951657,2157794.117758019,0.0
1096800,0.0,0.0,0.996555780951657,2154394.638100903,0.0
1096860,0.0,0.0,0.996555780951657,2153349.5090952786,0.0
1096920,0.0,0.0,0.996555780951657,2151931.0367852254,0.0
1096980,0.0,0.0,0.996555780951657,2153829.8760817577,0.0
1097040,0.0,0.0,0.996555780951657,2155804.953441509,0.0
1097100,0.0,0.0,0.996555780951657,2155874.723756173,0.0
1097160,0.0,0.0,0.996555780951657,2151142.498643647,0.0
1097220,0.0,0.0,0.996555780951657,2152493.4111894644,0.0
1097280,0.0,0.0,0.996555780951657,2153761.839978737,0.0
1097340,0.0,0.0,0.996555780951657,2154965.492548481,0.0
1097400,0.0,0.0,0.996555780951657,2157355.927370227,0.0
1097460,0.0,0.0,0.996555780951657,2150854.556111839,0.0
1097520,0.0,0.0,0.996555780951657,2152659.478720845,0.0
1097580,0.0,0.0,0.996555780951657,2152319.5413209866,0.0
1097640,0.0,0.0,0.996555780951657,2156965.5855357815,0.0
1097700,0.0,0.0,0.996555780951657,2155268.7070351965,0.0
1097760,0.0,0.0,0.996555780951657,2156414.6544019524,0.0
1097820,0.0,0.0,0.996555780951657,2152238.469661954,0.0
1097880,0.0,0.0,0.996555780951657,2152188.707520791,0.0
1097940,0.0,0.0,0.996555780951657,2154456.4823767315,0.0
1098000,0.0,0.0,0.996555780951657,2155611.124935679,0.0
1098060,0.0,0.0,0.996555780951657,2154193.4385135286,0.0
1098120,0.0,0.0,0.996555780951657,2154390.9516276577,0.0
1098180,0.0,0.0,0.996555780951657,2150392.610281958,0.0
1098240,0.0,0.0,0.996555780951657,2153265.34747937,0.0
1098300,0.0,0.0,0.996555780951657,2156978.750840449,0.0
1098360,0.0,0.0,0.996555780951657,2155247.3085754993,0.0
1098420,0.0,0.0,0.996555780951657,2155167.776700421,0.0
1098480,0.0,0.0,0.996555780951657,2151540.1877893656,0.0
1098540,0.0,0.0,0.996555780951657,2152530.314266158,0.0
1098600,0.0,0.0,0.996555780951657,2157518.69040197,0.0
1098660,0.0,0.0,0.996555780951657,2155215.8824919295,0.0
1098720,0.0,0.0,0.996555780951657,2156042.099159591,0.0
1098780,0.0,0.0,0.996555780951657,2148660.3700064304,0.0
1098840,0.0,0.0,0.996555780951657,2152053.304685626,0.0
1098900,0.0,0.0,0.996555780951657,2153856.995231838,0.0
1098960,0.0,0.0,0.996555780951657,2155643.4355702284,0.0
1099020,0.0,0.0,0.996555780951657,2155819.506376997,0.0
1099080,0.0,0.0,0.996555780951657,2150720.4559380114,0.0
1099140,0.0,0.0,0.996555780951657,2152687.954257031,0.0
1099200,0.0,0.0,0.996555780951657,2153972.7876865612,0.0
1099260,0.0,0.0,0.996555780951657,2154885.146617512,0.0
1099320,0.0,0.0,0.996555780951657,2157528.4206548696,0.0
1099380,0.0,0.0,0.996555780951657,2153624.3129149824,0.0
1099440,0.0,0.0,0.996555780951657,2152357.2600757484,0.0
1099500,0.0,0.0,0.996555780951657,2152831.7633567075,0.0
1099560,0.0,0.0,0.996555780951657,2154678.9047325836,0.0
1099620,0.0,0.0,0.996555780951657,2155613.780911621,0.0
1099680,0.0,0.0,0.996555780951657,2155429.9152550832,0.0
1099740,0.0,0.0,0.996555780951657,2150186.7759052417,0.0
1099800,0.0,0.0,0.996555780951657,2151984.9122974067,0.0
1099860,0.0,0.0,0.996555780951657,2153838.1425816244,0.0
1099920,0.0,0.0,0.996555780951657,2158539.563582107,0.0
1099980,0.0,0.0,0.996555780951657,2153413.611832714,0.0
1100040,0.0,0.0,0.996555780951657,2154493.839736916,0.0
1100100,0.0,0.0,0.996555780951657,2150309.8527958267,0.0
1100160,0.0,0.0,0.996555780951657,2153321.3252420826,0.0
1100220,0.0,0.0,0.996555780951657,2157210.1434265077,0.0
1100280,0.0,0.0,0.996555780951657,2155103.3901580875,0.0
1100340,0.0,0.0,0.996555780951657,2155240.354361259,0.0
1100400,0.0,0.0,0.996555780951657,2151534.531695482,0.0
1100460,0.0,0.0,0.996555780951657,2152645.372085222,0.0
1100520,0.0,0.0,0.996555780951657,2155302.8805452483,0.0
1100580,0.0,0.0,0.996555780951657,2155967.712762183,0.0
1100640,0.0,0.0,0.996555780951657,2153001.8328420366,0.0
1100700,0.0,0.0,0.996555780951657,2153500.5219942057,0.0
1100760,0.0,0.0,0.996555780951657,2151615.4534624694,0.0
1100820,0.0,0.0,0.996555780951657,2154010.8980602645,0.0
1100880,0.0,0.0,0.996555780951657,2157488.6151509117,0.0
1100940,0.0,0.0,0.996555780951657,2154834.5249033617,0.0
1101000,0.0,0.0,0.996555780951657,2153837.2505364534,0.0
1101060,0.0,0.0,0.996555780951657,2150588.0100950683,0.0
1101120,0.0,0.0,0.996555780951657,2153482.9418846564,0.0
1101180,0.0,0.0,0.996555780951657,2156086.8195961844,0.0
1101240,0.0,0.0,0.996555780951657,2155149.7333625588,0.0
1101300,0.0,0.0,0.996555780951657,2153727.1360025927,0.0
1101360,0.0,0.0,0.996555780951657,2152225.5450637056,0.0
1101420,0.0,0.0,0.996555780951657,2152958.2434349637,0.0
1101480,0.0,0.0,0.996555780951657,2154613.4895304735,0.0
1101540,0.0,0.0,0.996555780951657,2155393.8000569637,0.0
1101600,0.0,0.0,0.996555780951657,2155423.6413079672,0.0
1101660,0.0,0.0,0.996555780951657,2149836.326185694,0.0
1101720,0.0,0.0,0.996555780951657,2152565.2860307186,0.0
1101780,0.0,0.0,0.996555780951657,2155439.9949465515,0.0
1101840,0.0,0.0,0.996555780951657,2155266.9152303473,0.0
1101900,0.0,0.0,0.996555780951657,2156782.610422255,0.0
1101960,0.0,0.0,0.996555780951657,2152701.521060604,0.0
1102020,0.0,0.0,0.996555780951657,2151968.1130211335,0.0
1102080,0.0,0.0,0.996555780951657,2153911.209482629,0.0
1102140,0.0,0.0,0.996555780951657,2155422.0617903597,0.0
1102200,0.0,0.0,0.996555780951657,2156577.9579926496,0.0
1102260,0.0,0.0,0.996555780951657,2152405.4369957866,0.0
1102320,0.0,0.0,0.996555780951657,2152857.3108520336,0.0
1102380,0.0,0.0,0.996555780951657,2153708.4091256773,0.0
1102440,0.0,0.0,0.996555780951657,2155090.617555671,0.0
1102500,0.0,0.0,0.996555780951657,2156032.7631257693,0.0
1102560,0.0,0.0,0.996555780951657,2152407.102964124,0.0
1102620,0.0,0.0,0.996555780951657,2153690.8551501636,0.0
1102680,0.0,0.0,0.996555780951657,2151688.471628442,0.0
1102740,0.0,0.0,0.996555780951657,2154006.4778613406,0.0
1102800,0.0,0.0,0.996555780951657,2157728.882686547,0.0
1102860,0.0,0.0,0.996555780951657,2154683.6102452986,0.0
1102920,0.0,0.0,0.996555780951657,2153896.7192323976,0.0
1102980,0.0,0.0,0.996555780951657,2151642.8950550556,0.0
1103040,0.0,0.0,0.996555780951657,2153436.4699654854,0.0
1103100,0.0,0.0,0.996555780951657,2155754.05884725,0.0
1103160,0.0,0.0,0.996555780951657,2155981.893274677,0.0
1103220,0.0,0.0,0.996555780951657,2151726.4363946333,0.0
1103280,0.0,0.0,0.996555780951657,2152729.035097885,0.0
1103340,0.0,0.0,0.996555780951657,2153074.248366543,0.0
1103400,0.0,0.0,0.996555780951657,2154709.467933703,0.0
1103460,0.0,0.0,0.996555780951657,2157494.567203796,0.0
1103520,0.0,0.0,0.996555780951657,2151617.4847182604,0.0
1103580,0.0,0.0,0.996555780951657,2152982.649288017,0.0
1103640,0.0,0.0,0.996555780951657,2151872.6467700084,0.0
1103700,0.0,0.0,0.996555780951657,2156567.032177736,0.0
1103760,0.0,0.0,0.996555780951657,2155205.298061309,0.0
1103820,0.0,0.0,0.996555780951657,2156896.474905128,0.0
1103880,0.0,0.0,0.996555780951657,2152626.4788370407,0.0
1103940,0.0,0.0,0.996555780951657,2152139.9708938035,0.0
1104000,0.0,0.0,0.996555780951657,2154012.104621616,0.0
1104060,0.0,0.0,0.996555780951657,2155373.7334183333,0.0
1104120,0.0,0.0,0.996555780951657,2154661.781996298,0.0
1104180,0.0,0.0,0.996555780951657,2154738.1165248747,0.0
1104240,0.0,0.0,0.996555780951657,2150049.476045142,0.0
1104300,0.0,0.0,0.996555780951657,2152978.5852835104,0.0
1104360,0.0,0.0,0.996555780951657,2156580.471385955,0.0
1104420,0.0,0.0,0.996555780951657,2155335.8172422536,0.0
1104480,0.0,0.0,0.996555780951657,2155706.226983903,0.0
1104540,0.0,0.0,0.996555780951657,2151840.392521078,0.0
1104600,0.0,0.0,0.996555780951657,2152250.856814667,0.0
1104660,0.0,0.0,0.996555780951657,2157035.362033738,0.0
1104720,0.0,0.0,0.996555780951657,2155266.5348444683,0.0
1104780,0.0,0.0,0.996555780951657,2156333.1767053152,0.0
1104840,0.0,0.0,0.996555780951657,2148830.6930389423,0.0
1104900,0.0,0.0,0.996555780951657,2151801.743683701,0.0
1104960,0.0,0.0,0.996555780951657,2153466.354782872,0.0
1105020,0.0,0.0,0.996555780951657,2155642.9615046466,0.0
1105080,0.0,0.0,0.996555780951657,2155899.555977386,0.0
1105140,0.0,0.0,0.996555780951657,2151295.102773525,0.0
1105200,0.0,0.0,0.996555780951657,2152914.5982550173,0.0
1105260,0.0,0.0,0.996555780951657,2153270.303269971,0.0
1105320,0.0,0.0,0.996555780951657,2154657.310454655,0.0
1105380,0.0,0.0,0.996555780951657,2157680.506432002,0.0
1105440,0.0,0.0,0.996555780951657,2153998.8878483647,0.0
1105500,0.0,0.0,0.996555780951657,2152728.350065828,0.0
1105560,0.0,0.0,0.996555780951657,2152385.431021615,0.0
1105620,0.0,0.0,0.996555780951657,2154310.992667355,0.0
1105680,0.0,0.0,0.996555780951657,2155768.0024865386,0.0
1105740,0.0,0.0,0.996555780951657,2155665.4449077984,0.0
1105800,0.0,0.0,0.996555780951657,2150591.353827198,0.0
1105860,0.0,0.0,0.996555780951657,2152356.3997118752,0.0
1105920,0.0,0.0,0.996555780951657,2154524.04041425,0.0
1105980,0.0,0.0,0.996555780951657,2156293.050642493,0.0
1106040,0.0,0.0,0.996555780951657,2155511.3438160745,0.0
1106100,0.0,0.0,0.996555780951657,2153426.5981847933,0.0
1106160,0.0,0.0,0.996555780951657,2150059.3096358785,0.0
1106220,0.0,0.0,0.996555780951657,2153026.897494419,0.0
1106280,0.0,0.0,0.996555780951657,2156988.3235683306,0.0
1106340,0.0,0.0,0.996555780951657,2155163.4915003665,0.0
1106400,0.0,0.0,0.996555780951657,2155914.1901662843,0.0
1106460,0.0,0.0,0.996555780951657,2151836.1082199505,0.0
1106520,0.0,0.0,0.996555780951657,2152351.370657086,0.0
1106580,0.0,0.0,0.996555780951657,2154949.08054125,0.0
1106640,0.0,0.0,0.996555780951657,2155843.4625138873,0.0
1106700,0.0,0.0,0.996555780951657,2153617.2304417123,0.0
1106760,0.0,0.0,0.996555780951657,2153909.4839490126,0.0
1106820,0.0,0.0,0.996555780951657,2150986.9269660674,0.0
1106880,0.0,0.0,0.996555780951657,2153651.0384996682,0.0
1106940,0.0,0.0,0.996555780951657,2157296.0616504047,0.0
1107000,0.0,0.0,0.996555780951657,2155080.1147463596,0.0
1107060,0.0,0.0,0.996555780951657,2154456.0728909946,0.0
1107120,0.0,0.0,0.996555780951657,2149816.581420431,0.0
1107180,0.0,0.0,0.996555780951657,2153104.2392322393,0.0
1107240,0.0,0.0,0.996555780951657,2155700.6928331605,0.0
1107300,0.0,0.0,0.996555780951657,2155866.323304966,0.0
1107360,0.0,0.0,0.996555780951657,2154100.529171229,0.0
1107420,0.0,0.0,0.996555780951657,2152620.235245639,0.0
1107480,0.0,0.0,0.996555780951657,2152474.3313407386,0.0
1107540,0.0,0.0,0.996555780951657,2154236.2756442786,0.0
1107600,0.0,0.0,0.996555780951657,2155594.994611905,0.0
1107660,0.0,0.0,0.996555780951657,2155657.2166832783,0.0
1107720,0.0,0.0,0.996555780951657,2150138.643784134,0.0
1107780,0.0,0.0,0.996555780951657,2152521.797324592,0.0
1107840,0.0,0.0,0.996555780951657,2154777.779061418,0.0
1107900,0.0,0.0,0.996555780951657,2155136.714385761,0.0
1107960,0.0,0.0,0.996555780951657,2157162.382670544,0.0
1108020,0.0,0.0,0.996555780951657,2153137.57908356,0.0
1108080,0.0,0.0,0.996555780951657,2152037.6356793623,0.0
1108140,0.0,0.0,0.996555780951657,2153402.4249387844,0.0
1108200,0.0,0.0,0.996555780951657,2155107.846284748,0.0
1108260,0.0,0.0,0.996555780951657,2155348.7199491146,0.0
1108320,0.0,0.0,0.996555780951657,2155067.282034201,0.0
1108380,0.0,0.0,0.996555780951657,2150054.7518112888,0.0
1108440,0.0,0.0,0.996555780951657,2152686.2242602007,0.0
1108500,0.0,0.0,0.996555780951657,2154238.034809837,0.0
1108560,0.0,0.0,0.996555780951657,2158378.259671956,0.0
1108620,0.0,0.0,0.996555780951657,2152828.8700336693,0.0
1108680,0.0,0.0,0.996555780951657,2154042.615617277,0.0
1108740,0.0,0.0,0.996555780951657,2150989.94305103,0.0
1108800,0.0,0.0,0.996555780951657,2153650.2317301244,0.0
1108860,0.0,0.0,0.996555780951657,2157511.808226845,0.0
1108920,0.0,0.0,0.996555780951657,2154943.0090700467,0.0
1108980,0.0,0.0,0.996555780951657,2154551.7179535488,0.0
1109040,0.0,0.0,0.996555780951657,2151478.5782957263,0.0
1109100,0.0,0.0,0.996555780951657,2153012.669835917,0.0
1109160,0.0,0.0,0.996555780951657,2155580.1866292157,0.0
1109220,0.0,0.0,0.996555780951657,2156020.2558314484,0.0
1109280,0.0,0.0,0.996555780951657,2152382.493788707,0.0
1109340,0.0,0.0,0.996555780951657,2153086.9624420474,0.0
1109400,0.0,0.0,0.996555780951657,2152318.851965698,0.0
1109460,0.0,0.0,0.996555780951657,2154372.2619572855,0.0
1109520,0.0,0.0,0.996555780951657,2157546.16907049,0.0
1109580,0.0,0.0,0.996555780951657,2152431.5891879043,0.0
1109640,0.0,0.0,0.996555780951657,2153381.9462598306,0.0
1109700,0.0,0.0,0.996555780951657,2151461.835748628,0.0
1109760,0.0,0.0,0.996555780951657,2156008.6847003493,0.0
1109820,0.0,0.0,0.996555780951657,2155059.5713185645,0.0
1109880,0.0,0.0,0.996555780951657,2157361.741117281,0.0
1109940,0.0,0.0,0.996555780951657,2153064.83548576,0.0
1110000,0.0,0.0,0.996555780951657,2152241.3949426534,0.0
1110060,0.0,0.0,0.996555780951657,2153495.5568654425,0.0
1110120,0.0,0.0,0.996555780951657,2155052.9342255406,0.0
1110180,0.0,0.0,0.996555780951657,2155074.9233394964,0.0
1110240,0.0,0.0,0.996555780951657,2155092.277239933,0.0
1110300,0.0,0.0,0.996555780951657,2149846.2597556636,0.0
1110360,0.0,0.0,0.996555780951657,2152723.718723519,0.0
1110420,0.0,0.0,0.996555780951657,2156062.4895555894,0.0
1110480,0.0,0.0,0.996555780951657,2155350.035941243,0.0
1110540,0.0,0.0,0.996555780951657,2156255.554975765,0.0
1110600,0.0,0.0,0.996555780951657,2152242.674279863,0.0
1110660,0.0,0.0,0.996555780951657,2152041.4675672185,0.0
1110720,0.0,0.0,0.996555780951657,2156406.0338416426,0.0
1110780,0.0,0.0,0.996555780951657,2155228.005924648,0.0
1110840,0.0,0.0,0.996555780951657,2156581.1084129005,0.0
1110900,0.0,0.0,0.996555780951657,2149327.2873416934,0.0
1110960,0.0,0.0,0.996555780951657,2151673.683418168,0.0
1111020,0.0,0.0,0.996555780951657,2153059.1368241375,0.0
1111080,0.0,0.0,0.996555780951657,2155531.5987075353,0.0
1111140,0.0,0.0,0.996555780951657,2155917.5508621396,0.0
1111200,0.0,0.0,0.996555780951657,2151929.5609704764,0.0
1111260,0.0,0.0,0.996555780951657,2153230.1018520636,0.0
1111320,0.0,0.0,0.996555780951657,2152520.2951535922,0.0
1111380,0.0,0.0,0.996555780951657,2154369.4975008694,0.0
1111440,0.0,0.0,0.996555780951657,2157746.7189251315,0.0
1111500,0.0,0.0,0.996555780951657,2154358.8776711775,0.0
1111560,0.0,0.0,0.996555780951657,2153227.884102629,0.0
1111620,0.0,0.0,0.996555780951657,2151973.84770711,0.0
1111680,0.0,0.0,0.996555780951657,2153898.5693173804,0.0
1111740,0.0,0.0,0.996555780951657,2155824.5475154594,0.0
1111800,0.0,0.0,0.996555780951657,2155856.5915706386,0.0
1111860,0.0,0.0,0.996555780951657,2151125.0849124226,0.0
1111920,0.0,0.0,0.996555780951657,2152437.1829402894,0.0
1111980,0.0,0.0,0.996555780951657,2153835.5421043583,0.0
1112040,0.0,0.0,0.996555780951657,2156276.3534852928,0.0
1112100,0.0,0.0,0.996555780951657,2155581.6328665544,0.0
1112160,0.0,0.0,0.996555780951657,2154196.4538109647,0.0
1112220,0.0,0.0,0.996555780951657,2149572.9233164177,0.0
1112280,0.0,0.0,0.996555780951657,2152804.594378747,0.0
1112340,0.0,0.0,0.996555780951657,2156489.1971614463,0.0
1112400,0.0,0.0,0.996555780951657,2155186.2829442043,0.0
1112460,0.0,0.0,0.996555780951657,2156437.8704611575,0.0
1112520,0.0,0.0,0.996555780951657,2152201.6752095483,0.0
1112580,0.0,0.0,0.996555780951657,2152157.833594725,0.0
1112640,0.0,0.0,0.996555780951657,2154545.915126314,0.0
1112700,0.0,0.0,0.996555780951657,2155665.2670144313,0.0
1112760,0.0,0.0,0.996555780951657,2154162.784917681,0.0
1112820,0.0,0.0,0.996555780951657,2154292.7164777927,0.0
1112880,0.0,0.0,0.996555780951657,2150488.4694684176,0.0
1112940,0.0,0.0,0.996555780951657,2153318.3912757053,0.0
1113000,0.0,0.0,0.996555780951657,2157002.098772188,0.0
1113060,0.0,0.0,0.996555780951657,2155249.5035014623,0.0
1113120,0.0,0.0,0.996555780951657,2155039.1053025224,0.0
1113180,0.0,0.0,0.996555780951657,2149228.1225860296,0.0
1113240,0.0,0.0,0.996555780951657,2152775.7663411945,0.0
1113300,0.0,0.0,0.996555780951657,2155272.212042581,0.0
1113360,0.0,0.0,0.996555780951657,2156449.65920713,0.0
1113420,0.0,0.0,0.996555780951657,2154420.004378122,0.0
1113480,0.0,0.0,0.996555780951657,2153103.364531831,0.0
1113540,0.0,0.0,0.996555780951657,2152064.445120057,0.0
1113600,0.0,0.0,0.996555780951657,2153865.3367198915,0.0
1113660,0.0,0.0,0.996555780951657,2155692.7321140133,0.0
1113720,0.0,0.0,0.996555780951657,2155823.195615624,0.0
1113780,0.0,0.0,0.996555780951657,2150641.0986580513,0.0
1113840,0.0,0.0,0.996555780951657,2152604.3850413966,0.0
1113900,0.0,0.0,0.996555780951657,2154094.9964579972,0.0
1113960,0.0,0.0,0.996555780951657,2154957.3869314576,0.0
1114020,0.0,0.0,0.996555780951657,2157434.3551501315,0.0
1114080,0.0,0.0,0.996555780951657,2153549.992311874,0.0
1114140,0.0,0.0,0.996555780951657,2152261.4008006966,0.0
1114200,0.0,0.0,0.996555780951657,2152913.116593624,0.0
1114260,0.0,0.0,0.996555780951657,2154764.932857042,0.0
1114320,0.0,0.0,0.996555780951657,2155609.030432973,0.0
1114380,0.0,0.0,0.996555780951657,2155371.080658356,0.0
1114440,0.0,0.0,0.996555780951657,2150193.8066331525,0.0
1114500,0.0,0.0,0.996555780951657,2152069.7595747584,0.0
1114560,0.0,0.0,0.996555780951657,2153905.068457273,0.0
1114620,0.0,0.0,0.996555780951657,2158455.317069924,0.0
1114680,0.0,0.0,0.996555780951657,2153411.0783556746,0.0
1114740,0.0,0.0,0.996555780951657,2154407.3758555753,0.0
1114800,0.0,0.0,0.996555780951657,2150408.706878101,0.0
1114860,0.0,0.0,0.996555780951657,2153359.912119963,0.0
1114920,0.0,0.0,0.996555780951657,2157222.1466094293,0.0
1114980,0.0,0.0,0.996555780951657,2155107.4373992113,0.0
1115040,0.0,0.0,0.996555780951657,2155126.8852580776,0.0
1115100,0.0,0.0,0.996555780951657,2151508.9871186134,0.0
1115160,0.0,0.0,0.996555780951657,2152678.2047429946,0.0
1115220,0.0,0.0,0.996555780951657,2155341.7986482508,0.0
1115280,0.0,0.0,0.996555780951657,2155988.723357854,0.0
1115340,0.0,0.0,0.996555780951657,2152986.8953533364,0.0
1115400,0.0,0.0,0.996555780951657,2153431.631880655,0.0
1115460,0.0,0.0,0.996555780951657,2151679.6047434104,0.0
1115520,0.0,0.0,0.996555780951657,2154052.1133668367,0.0
1115580,0.0,0.0,0.996555780951657,2157472.7507262165,0.0
1115640,0.0,0.0,0.996555780951657,2153185.186951822,0.0
1115700,0.0,0.0,0.996555780951657,2153736.055952808,0.0
1115760,0.0,0.0,0.996555780951657,2151196.957927109,0.0
1115820,0.0,0.0,0.996555780951657,2155371.04289798,0.0
1115880,0.0,0.0,0.996555780951657,2154885.710402599,0.0
1115940,0.0,0.0,0.996555780951657,2157671.9270878,0.0
1116000,0.0,0.0,0.996555780951657,2153451.5190762533,0.0
1116060,0.0,0.0,0.996555780951657,2152473.597398394,0.0
1116120,0.0,0.0,0.996555780951657,2153023.34500935,0.0
1116180,0.0,0.0,0.996555780951657,2154730.678261636,0.0
1116240,0.0,0.0,0.996555780951657,2155377.416595072,0.0
1116300,0.0,0.0,0.996555780951657,2155368.137297257,0.0
1116360,0.0,0.0,0.996555780951657,2149875.986958398,0.0
1116420,0.0,0.0,0.996555780951657,2152559.3326610522,0.0
1116480,0.0,0.0,0.996555780951657,2155507.7056539357,0.0
1116540,0.0,0.0,0.996555780951657,2155304.0678236936,0.0
1116600,0.0,0.0,0.996555780951657,2156685.685694458,0.0
1116660,0.0,0.0,0.996555780951657,2152641.27560738,0.0
1116720,0.0,0.0,0.996555780951657,2151950.6426288597,0.0
1116780,0.0,0.0,0.996555780951657,2153970.6961968755,0.0
1116840,0.0,0.0,0.996555780951657,2155474.1472917525,0.0
1116900,0.0,0.0,0.996555780951657,2156490.8543721647,0.0
1116960,0.0,0.0,0.996555780951657,2152376.897502105,0.0
1117020,0.0,0.0,0.996555780951657,2152781.3144604363,0.0
1117080,0.0,0.0,0.996555780951657,2153765.525911293,0.0
1117140,0.0,0.0,0.996555780951657,2155132.51478243,0.0
1117200,0.0,0.0,0.996555780951657,2156055.0546988146,0.0
1117260,0.0,0.0,0.996555780951657,2152404.573687007,0.0
1117320,0.0,0.0,0.996555780951657,2153624.7695606262,0.0
1117380,0.0,0.0,0.996555780951657,2151753.8674166817,0.0
1117440,0.0,0.0,0.996555780951657,2154043.7775757816,0.0
1117500,0.0,0.0,0.996555780951657,2157706.627755032,0.0
1117560,0.0,0.0,0.996555780951657,2154673.9349073176,0.0
1117620,0.0,0.0,0.996555780951657,2153822.170029225,0.0
1117680,0.0,0.0,0.996555780951657,2151653.639299909,0.0
1117740,0.0,0.0,0.996555780951657,2153470.080563352,0.0
1117800,0.0,0.0,0.996555780951657,2155772.2485814206,0.0
1117860,0.0,0.0,0.996555780951657,2155981.464044726,0.0
1117920,0.0,0.0,0.996555780951657,2151730.240299429,0.0
1117980,0.0,0.0,0.996555780951657,2152684.512038347,0.0
1118040,0.0,0.0,0.996555780951657,2153108.396376892,0.0
1118100,0.0,0.0,0.996555780951657,2156125.8469434124,0.0
1118160,0.0,0.0,0.996555780951657,2155582.727778716,0.0
1118220,0.0,0.0,0.996555780951657,2155002.1887074434,0.0
1118280,0.0,0.0,0.996555780951657,2149294.2607428893,0.0
1118340,0.0,0.0,0.996555780951657,2152657.166450567,0.0
1118400,0.0,0.0,0.996555780951657,2155886.7393990494,0.0
1118460,0.0,0.0,0.996555780951657,2155138.7622247757,0.0
1118520,0.0,0.0,0.996555780951657,2156915.9255751576,0.0
1118580,0.0,0.0,0.996555780951657,2152611.692788325,0.0
1118640,0.0,0.0,0.996555780951657,2152070.2212784197,0.0
1118700,0.0,0.0,0.996555780951657,2154080.1379901087,0.0
1118760,0.0,0.0,0.996555780951657,2155420.1643568785,0.0
1118820,0.0,0.0,0.996555780951657,2154652.7568431124,0.0
1118880,0.0,0.0,0.996555780951657,2154672.961148657,0.0
1118940,0.0,0.0,0.996555780951657,2150109.0768645355,0.0
1119000,0.0,0.0,0.996555780951657,2153005.418369399,0.0
1119060,0.0,0.0,0.996555780951657,2156604.0643514697,0.0
1119120,0.0,0.0,0.996555780951657,2155349.707028209,0.0
1119180,0.0,0.0,0.996555780951657,2155615.421664466,0.0
1119240,0.0,0.0,0.996555780951657,2151797.60780028,0.0
1119300,0.0,0.0,0.996555780951657,2152268.643254961,0.0
1119360,0.0,0.0,0.996555780951657,2157016.2950984268,0.0
1119420,0.0,0.0,0.996555780951657,2155290.658770891,0.0
1119480,0.0,0.0,0.996555780951657,2156290.3766956367,0.0
1119540,0.0,0.0,0.996555780951657,2148899.754074428,0.0
1119600,0.0,0.0,0.996555780951657,2151811.2851756783,0.0
1119660,0.0,0.0,0.996555780951657,2153506.993618019,0.0
1119720,0.0,0.0,0.996555780951657,2155664.0984612126,0.0
1119780,0.0,0.0,0.996555780951657,2155902.2760305037,0.0
1119840,0.0,0.0,0.996555780951657,2151303.5477249045,0.0
1119900,0.0,0.0,0.996555780951657,2152865.715399198,0.0
1119960,0.0,0.0,0.996555780951657,2153309.1878184346,0.0
1120020,0.0,0.0,0.996555780951657,2154687.3436497413,0.0
1120080,0.0,0.0,0.996555780951657,2157645.3597350656,0.0
1120140,0.0,0.0,0.996555780951657,2153983.7825103346,0.0
1120200,0.0,0.0,0.996555780951657,2152683.084400974,0.0
1120260,0.0,0.0,0.996555780951657,2152401.7430404774,0.0
1120320,0.0,0.0,0.996555780951657,2154339.094036035,0.0
1120380,0.0,0.0,0.996555780951657,2155778.824026282,0.0
1120440,0.0,0.0,0.996555780951657,2155653.4599268166,0.0
1120500,0.0,0.0,0.996555780951657,2150615.088467622,0.0
1120560,0.0,0.0,0.996555780951657,2151452.666186888,0.0
1120620,0.0,0.0,0.996555780951657,2153532.2461264143,0.0
1120680,0.0,0.0,0.996555780951657,2158419.266781717,0.0
1120740,0.0,0.0,0.996555780951657,2153962.899961181,0.0
1120800,0.0,0.0,0.996555780951657,2154804.827640375,0.0
1120860,0.0,0.0,0.996555780951657,2149888.922400284,0.0
1120920,0.0,0.0,0.996555780951657,2153072.0926610096,0.0
1120980,0.0,0.0,0.996555780951657,2156808.2202532394,0.0
1121040,0.0,0.0,0.996555780951657,2155208.5618415745,0.0
1121100,0.0,0.0,0.996555780951657,2155750.757647608,0.0
1121160,0.0,0.0,0.996555780951657,2151776.2188563226,0.0
1121220,0.0,0.0,0.996555780951657,2152375.2470585657,0.0
1121280,0.0,0.0,0.996555780951657,2154993.131484467,0.0
1121340,0.0,0.0,0.996555780951657,2155876.9171014517,0.0
1121400,0.0,0.0,0.996555780951657,2153601.2363243853,0.0
1121460,0.0,0.0,0.996555780951657,2153841.765006821,0.0
1121520,0.0,0.0,0.996555780951657,2151050.2282350534,0.0
1121580,0.0,0.0,0.996555780951657,2153688.8932509352,0.0
1121640,0.0,0.0,0.996555780951657,2157291.452745544,0.0
1121700,0.0,0.0,0.996555780951657,2153923.6648748596,0.0
1121760,0.0,0.0,0.996555780951657,2154117.3377852943,0.0
1121820,0.0,0.0,0.996555780951657,2151048.7991244285,0.0
1121880,0.0,0.0,0.996555780951657,2154604.2416461348,0.0
1121940,0.0,0.0,0.996555780951657,2154643.8157247496,0.0
1122000,0.0,0.0,0.996555780951657,2157915.6654452966,0.0
1122060,0.0,0.0,0.996555780951657,2153843.6049645464,0.0
1122120,0.0,0.0,0.996555780951657,2152869.880661686,0.0
1122180,0.0,0.0,0.996555780951657,2152540.6549493014,0.0
1122240,0.0,0.0,0.996555780951657,2154350.0570558487,0.0
1122300,0.0,0.0,0.996555780951657,2155593.654858485,0.0
1122360,0.0,0.0,0.996555780951657,2155615.1624386706,0.0
1122420,0.0,0.0,0.996555780951657,2150149.879223288,0.0
1122480,0.0,0.0,0.996555780951657,2152489.475578518,0.0
1122540,0.0,0.0,0.996555780951657,2154858.5975121455,0.0
1122600,0.0,0.0,0.996555780951657,2155182.9978898927,0.0
1122660,0.0,0.0,0.996555780951657,2157075.9259721367,0.0
1122720,0.0,0.0,0.996555780951657,2153079.279052173,0.0
1122780,0.0,0.0,0.996555780951657,2151994.7539379704,0.0
1122840,0.0,0.0,0.996555780951657,2153462.494160913,0.0
1122900,0.0,0.0,0.996555780951657,2155166.5054864096,0.0
1122960,0.0,0.0,0.996555780951657,2157098.8646940067,0.0
1123020,0.0,0.0,0.996555780951657,2152894.4056519805,0.0
1123080,0.0,0.0,0.996555780951657,2153141.402195214,0.0
1123140,0.0,0.0,0.996555780951657,2152853.5959569793,0.0
1123200,0.0,0.0,0.996555780951657,2154855.097686875,0.0
1123260,0.0,0.0,0.996555780951657,2155948.738809669,0.0
1123320,0.0,0.0,0.996555780951657,2153040.0493513756,0.0
1123380,0.0,0.0,0.996555780951657,2153984.5965298205,0.0
1123440,0.0,0.0,0.996555780951657,2151106.2445855546,0.0
1123500,0.0,0.0,0.996555780951657,2153725.4547277167,0.0
1123560,0.0,0.0,0.996555780951657,2157545.2131904876,0.0
1123620,0.0,0.0,0.996555780951657,2154918.257466312,0.0
1123680,0.0,0.0,0.996555780951657,2154409.4343455746,0.0
1123740,0.0,0.0,0.996555780951657,2151483.345890736,0.0
1123800,0.0,0.0,0.996555780951657,2153080.301277111,0.0
1123860,0.0,0.0,0.996555780951657,2155626.5639413362,0.0
1123920,0.0,0.0,0.996555780951657,2156030.7301444225,0.0
1123980,0.0,0.0,0.996555780951657,2152343.810467765,0.0
1124040,0.0,0.0,0.996555780951657,2152992.124138098,0.0
1124100,0.0,0.0,0.996555780951657,2152420.0648446116,0.0
1124160,0.0,0.0,0.996555780951657,2155861.0008786316,0.0
1124220,0.0,0.0,0.996555780951657,2155522.9264520956,0.0
1124280,0.0,0.0,0.996555780951657,2155748.023473214,0.0
1124340,0.0,0.0,0.996555780951657,2149313.8625575197,0.0
1124400,0.0,0.0,0.996555780951657,2152611.325897778,0.0
1124460,0.0,0.0,0.996555780951657,2155231.1467843177,0.0
1124520,0.0,0.0,0.996555780951657,2155036.2292648815,0.0
1124580,0.0,0.0,0.996555780951657,2157290.6473033703,0.0
1124640,0.0,0.0,0.996555780951657,2153016.597711243,0.0
1124700,0.0,0.0,0.996555780951657,2152110.663773032,0.0
1124760,0.0,0.0,0.996555780951657,2153602.351346239,0.0
1124820,0.0,0.0,0.996555780951657,2155137.2284556017,0.0
1124880,0.0,0.0,0.996555780951657,2155054.4468158316,0.0
1124940,0.0,0.0,0.996555780951657,2155007.8749357997,0.0
1125000,0.0,0.0,0.996555780951657,2149910.1974126883,0.0
1125060,0.0,0.0,0.996555780951657,2152749.9742058343,0.0
1125120,0.0,0.0,0.996555780951657,2156129.9828846776,0.0
1125180,0.0,0.0,0.996555780951657,2155379.9809895367,0.0
1125240,0.0,0.0,0.996555780951657,2156124.4499793784,0.0
1125300,0.0,0.0,0.996555780951657,2152166.611652252,0.0
1125360,0.0,0.0,0.996555780951657,2152052.514156377,0.0
1125420,0.0,0.0,0.996555780951657,2156423.699279471,0.0
1125480,0.0,0.0,0.996555780951657,2155269.5969921052,0.0
1125540,0.0,0.0,0.996555780951657,2156530.81957009,0.0
1125600,0.0,0.0,0.996555780951657,2149378.5200559706,0.0
1125660,0.0,0.0,0.996555780951657,2151670.02594371,0.0
1125720,0.0,0.0,0.996555780951657,2153119.4732488603,0.0
1125780,0.0,0.0,0.996555780951657,2155569.8366492796,0.0
1125840,0.0,0.0,0.996555780951657,2155931.9799255566,0.0
1125900,0.0,0.0,0.996555780951657,2151912.010989654,0.0
1125960,0.0,0.0,0.996555780951657,2153150.2577273822,0.0
1126020,0.0,0.0,0.996555780951657,2152603.475599923,0.0
1126080,0.0,0.0,0.996555780951657,2154419.4875922715,0.0
1126140,0.0,0.0,0.996555780951657,2157709.46970805,0.0
1126200,0.0,0.0,0.996555780951657,2154332.458379035,0.0
1126260,0.0,0.0,0.996555780951657,2153141.9192022453,0.0
1126320,0.0,0.0,0.996555780951657,2152003.9192473046,0.0
1126380,0.0,0.0,0.996555780951657,2153948.7956671193,0.0
1126440,0.0,0.0,0.996555780951657,2155840.174259005,0.0
1126500,0.0,0.0,0.996555780951657,2155842.4787839064,0.0
1126560,0.0,0.0,0.996555780951657,2151197.473758283,0.0
1126620,0.0,0.0,0.996555780951657,2150994.376312239,0.0
1126680,0.0,0.0,0.996555780951657,2153218.4795069844,0.0
1126740,0.0,0.0,0.996555780951657,2158219.9335365403,0.0
1126800,0.0,0.0,0.996555780951657,2154414.5716963653,0.0
1126860,0.0,0.0,0.996555780951657,2155123.365475397,0.0
1126920,0.0,0.0,0.996555780951657,2149584.7836270873,0.0
1126980,0.0,0.0,0.996555780951657,2152858.427893498,0.0
1127040,0.0,0.0,0.996555780951657,2156333.871676563,0.0
1127100,0.0,0.0,0.996555780951657,2155242.730105573,0.0
1127160,0.0,0.0,0.996555780951657,2156261.243091065,0.0
1127220,0.0,0.0,0.996555780951657,2152120.3416156573,0.0
1127280,0.0,0.0,0.996555780951657,2152172.895780067,0.0
1127340,0.0,0.0,0.996555780951657,2154611.6501553743,0.0
1127400,0.0,0.0,0.996555780951657,2155717.983708223,0.0
1127460,0.0,0.0,0.996555780951657,2154135.396717096,0.0
1127520,0.0,0.0,0.996555780951657,2154209.9523632424,0.0
1127580,0.0,0.0,0.996555780951657,2150567.2731741713,0.0
1127640,0.0,0.0,0.996555780951657,2153363.118963364,0.0
1127700,0.0,0.0,0.996555780951657,2157016.4462130084,0.0
1127760,0.0,0.0,0.996555780951657,2155251.300806686,0.0
1127820,0.0,0.0,0.996555780951657,2154933.982555449,0.0
1127880,0.0,0.0,0.996555780951657,2149327.644798734,0.0
1127940,0.0,0.0,0.996555780951657,2152805.9959284407,0.0
1128000,0.0,0.0,0.996555780951657,2155329.456721559,0.0
1128060,0.0,0.0,0.996555780951657,2156413.103292564,0.0
1128120,0.0,0.0,0.996555780951657,2154395.8593815966,0.0
1128180,0.0,0.0,0.996555780951657,2153015.2656619456,0.0
1128240,0.0,0.0,0.996555780951657,2152095.0991558116,0.0
1128300,0.0,0.0,0.996555780951657,2153912.213519199,0.0
1128360,0.0,0.0,0.996555780951657,2155708.8295296566,0.0
1128420,0.0,0.0,0.996555780951657,2155812.160167023,0.0
1128480,0.0,0.0,0.996555780951657,2150649.7594638728,0.0
1128540,0.0,0.0,0.996555780951657,2152563.4263370642,0.0
1128600,0.0,0.0,0.996555780951657,2154136.6364265187,0.0
1128660,0.0,0.0,0.996555780951657,2154989.7419407014,0.0
1128720,0.0,0.0,0.996555780951657,2157388.152525122,0.0
1128780,0.0,0.0,0.996555780951657,2153524.952316374,0.0
1128840,0.0,0.0,0.996555780951657,2152220.545622786,0.0
1128900,0.0,0.0,0.996555780951657,2152938.4577582935,0.0
1128960,0.0,0.0,0.996555780951657,2154798.571672688,0.0
1129020,0.0,0.0,0.996555780951657,2157609.777278839,0.0
1129080,0.0,0.0,0.996555780951657,2153401.308894198,0.0
1129140,0.0,0.0,0.996555780951657,2153581.403654978,0.0
1129200,0.0,0.0,0.996555780951657,2151915.8732001344,0.0
1129260,0.0,0.0,0.996555780951657,2154493.9944282165,0.0
1129320,0.0,0.0,0.996555780951657,2155768.587705617,0.0
1129380,0.0,0.0,0.996555780951657,2153648.0344181736,0.0
1129440,0.0,0.0,0.996555780951657,2154357.3854004038,0.0
1129500,0.0,0.0,0.996555780951657,2150526.5636647493,0.0
1129560,0.0,0.0,0.996555780951657,2153404.317903234,0.0
1129620,0.0,0.0,0.996555780951657,2157272.2752577066,0.0
1129680,0.0,0.0,0.996555780951657,2155102.022040548,0.0
1129740,0.0,0.0,0.996555780951657,2155022.709760423,0.0
1129800,0.0,0.0,0.996555780951657,2151487.472487017,0.0
1129860,0.0,0.0,0.996555780951657,2152715.2989892396,0.0
1129920,0.0,0.0,0.996555780951657,2155382.649260379,0.0
1129980,0.0,0.0,0.996555780951657,2156008.471580314,0.0
1130040,0.0,0.0,0.996555780951657,2152968.0382927186,0.0
1130100,0.0,0.0,0.996555780951657,2153358.6452954914,0.0
1130160,0.0,0.0,0.996555780951657,2151748.3387913667,0.0
1130220,0.0,0.0,0.996555780951657,2154096.9429804953,0.0
1130280,0.0,0.0,0.996555780951657,2157456.390215967,0.0
1130340,0.0,0.0,0.996555780951657,2153197.754071719,0.0
1130400,0.0,0.0,0.996555780951657,2153683.2589452313,0.0
1130460,0.0,0.0,0.996555780951657,2151217.492283349,0.0
1130520,0.0,0.0,0.996555780951657,2155377.4348278344,0.0
1130580,0.0,0.0,0.996555780951657,2154922.2704781042,0.0
1130640,0.0,0.0,0.996555780951657,2157609.258490025,0.0
1130700,0.0,0.0,0.996555780951657,2153423.6809423603,0.0
1130760,0.0,0.0,0.996555780951657,2152424.7192879613,0.0
1130820,0.0,0.0,0.996555780951657,2153052.4399936777,0.0
1130880,0.0,0.0,0.996555780951657,2154767.880741922,0.0
1130940,0.0,0.0,0.996555780951657,2155386.2802606663,0.0
1131000,0.0,0.0,0.996555780951657,2155344.493613573,0.0
1131060,0.0,0.0,0.996555780951657,2149902.8977778116,0.0
1131120,0.0,0.0,0.996555780951657,2152552.2404191694,0.0
1131180,0.0,0.0,0.996555780951657,2155522.378146048,0.0
1131240,0.0,0.0,0.996555780951657,2155324.2382998434,0.0
1131300,0.0,0.0,0.996555780951657,2156640.956237538,0.0
1131360,0.0,0.0,0.996555780951657,2152620.801747988,0.0
1131420,0.0,0.0,0.996555780951657,2151939.404628627,0.0
1131480,0.0,0.0,0.996555780951657,2155675.1431758646,0.0
1131540,0.0,0.0,0.996555780951657,2155148.852245036,0.0
1131600,0.0,0.0,0.996555780951657,2156718.790745778,0.0
1131660,0.0,0.0,0.996555780951657,2150081.613887643,0.0
1131720,0.0,0.0,0.996555780951657,2151707.3550766585,0.0
1131780,0.0,0.0,0.996555780951657,2152724.8969702995,0.0
1131840,0.0,0.0,0.996555780951657,2155355.356726545,0.0
1131900,0.0,0.0,0.996555780951657,2155888.836287139,0.0
1131960,0.0,0.0,0.996555780951657,2152567.4642552556,0.0
1132020,0.0,0.0,0.996555780951657,2153522.222788419,0.0
1132080,0.0,0.0,0.996555780951657,2151855.59609259,0.0
1132140,0.0,0.0,0.996555780951657,2154091.27568885,0.0
1132200,0.0,0.0,0.996555780951657,2157677.559694151,0.0
1132260,0.0,0.0,0.996555780951657,2154658.1938250638,0.0
1132320,0.0,0.0,0.996555780951657,2153723.6553415437,0.0
1132380,0.0,0.0,0.996555780951657,2151671.6928774845,0.0
1132440,0.0,0.0,0.996555780951657,2153516.9128357954,0.0
1132500,0.0,0.0,0.996555780951657,2155794.43139325,0.0
1132560,0.0,0.0,0.996555780951657,2155978.0850196723,0.0
1132620,0.0,0.0,0.996555780951657,2151941.66456398,0.0
1132680,0.0,0.0,0.996555780951657,2150646.7435580823,0.0
1132740,0.0,0.0,0.996555780951657,2152915.3430082374,0.0
1132800,0.0,0.0,0.996555780951657,2157886.8284063777,0.0
1132860,0.0,0.0,0.996555780951657,2154795.5169771877,0.0
1132920,0.0,0.0,0.996555780951657,2155431.0441605877,0.0
1132980,0.0,0.0,0.996555780951657,2149447.75255482,0.0
1133040,0.0,0.0,0.996555780951657,2152705.580287932,0.0
1133100,0.0,0.0,0.996555780951657,2155749.4116575606,0.0
1133160,0.0,0.0,0.996555780951657,2155205.1191725167,0.0
1133220,0.0,0.0,0.996555780951657,2156760.253233404,0.0
1133280,0.0,0.0,0.996555780951657,2152528.0278279395,0.0
1133340,0.0,0.0,0.996555780951657,2152062.865128869,0.0
1133400,0.0,0.0,0.996555780951657,2154150.7815396013,0.0
1133460,0.0,0.0,0.996555780951657,2155483.077723499,0.0
1133520,0.0,0.0,0.996555780951657,2154630.914650438,0.0
1133580,0.0,0.0,0.996555780951657,2154597.398770089,0.0
1133640,0.0,0.0,0.996555780951657,2150177.1797998883,0.0
1133700,0.0,0.0,0.996555780951657,2153039.789675528,0.0
1133760,0.0,0.0,0.996555780951657,2156633.263427735,0.0
1133820,0.0,0.0,0.996555780951657,2155362.401846497,0.0
1133880,0.0,0.0,0.996555780951657,2155512.3316442063,0.0
1133940,0.0,0.0,0.996555780951657,2148917.9560707193,0.0
1134000,0.0,0.0,0.996555780951657,2152515.980128432,0.0
1134060,0.0,0.0,0.996555780951657,2154847.186691428,0.0
1134120,0.0,0.0,0.996555780951657,2156877.171134167,0.0
1134180,0.0,0.0,0.996555780951657,2154682.917561611,0.0
1134240,0.0,0.0,0.996555780951657,2153579.564461694,0.0
1134300,0.0,0.0,0.996555780951657,2151754.769684253,0.0
1134360,0.0,0.0,0.996555780951657,2153529.786156266,0.0
1134420,0.0,0.0,0.996555780951657,2155710.317205208,0.0
1134480,0.0,0.0,0.996555780951657,2155929.1177498363,0.0
1134540,0.0,0.0,0.996555780951657,2151223.349101198,0.0
1134600,0.0,0.0,0.996555780951657,2152773.2443485926,0.0
1134660,0.0,0.0,0.996555780951657,2153422.470348508,0.0
1134720,0.0,0.0,0.996555780951657,2154757.0707166092,0.0
1134780,0.0,0.0,0.996555780951657,2157578.58228306,0.0
1134840,0.0,0.0,0.996555780951657,2153926.941749131,0.0
1134900,0.0,0.0,0.996555780951657,2152578.7383858473,0.0
1134960,0.0,0.0,0.996555780951657,2152465.035040605,0.0
1135020,0.0,0.0,0.996555780951657,2154416.724578122,0.0
1135080,0.0,0.0,0.996555780951657,2157962.5509743267,0.0
1135140,0.0,0.0,0.996555780951657,2153852.9514856176,0.0
1135200,0.0,0.0,0.996555780951657,2154029.0500413715,0.0
1135260,0.0,0.0,0.996555780951657,2151048.2856984357,0.0
1135320,0.0,0.0,0.996555780951657,2154095.7854568698,0.0
1135380,0.0,0.0,0.996555780951657,2155539.937722562,0.0
1135440,0.0,0.0,0.996555780951657,2154184.069549098,0.0
1135500,0.0,0.0,0.996555780951657,2154694.671317798,0.0
1135560,0.0,0.0,0.996555780951657,2150088.93112242,0.0
1135620,0.0,0.0,0.996555780951657,2153120.4646716304,0.0
1135680,0.0,0.0,0.996555780951657,2156904.653050182,0.0
1135740,0.0,0.0,0.996555780951657,2155216.0641101166,0.0
1135800,0.0,0.0,0.996555780951657,2155589.51213544,0.0
1135860,0.0,0.0,0.996555780951657,2151700.641244764,0.0
1135920,0.0,0.0,0.996555780951657,2152416.064717114,0.0
1135980,0.0,0.0,0.996555780951657,2155068.5612859474,0.0
1136040,0.0,0.0,0.996555780951657,2155921.44362181,0.0
1136100,0.0,0.0,0.996555780951657,2153554.7620873908,0.0
1136160,0.0,0.0,0.996555780951657,2153732.9057620745,0.0
1136220,0.0,0.0,0.996555780951657,2151159.1138310153,0.0
1136280,0.0,0.0,0.996555780951657,2153756.5561600206,0.0
1136340,0.0,0.0,0.996555780951657,2157294.1278482703,0.0
1136400,0.0,0.0,0.996555780951657,2153906.8721572985,0.0
1136460,0.0,0.0,0.996555780951657,2154041.7528842394,0.0
1136520,0.0,0.0,0.996555780951657,2151061.2367920773,0.0
1136580,0.0,0.0,0.996555780951657,2154656.0120117557,0.0
1136640,0.0,0.0,0.996555780951657,2154703.349570017,0.0
1136700,0.0,0.0,0.996555780951657,2157838.1712590554,0.0
1136760,0.0,0.0,0.996555780951657,2153799.586984091,0.0
1136820,0.0,0.0,0.996555780951657,2152775.2514667455,0.0
1136880,0.0,0.0,0.996555780951657,2152591.730349348,0.0
1136940,0.0,0.0,0.996555780951657,2154413.011914426,0.0
1137000,0.0,0.0,0.996555780951657,2155601.7808816587,0.0
1137060,0.0,0.0,0.996555780951657,2155585.446101424,0.0
1137120,0.0,0.0,0.996555780951657,2150160.0779212634,0.0
1137180,0.0,0.0,0.996555780951657,2152467.051849006,0.0
1137240,0.0,0.0,0.996555780951657,2154909.9961360167,0.0
1137300,0.0,0.0,0.996555780951657,2155218.2689318806,0.0
1137360,0.0,0.0,0.996555780951657,2157009.6277196486,0.0
1137420,0.0,0.0,0.996555780951657,2153038.2546742405,0.0
1137480,0.0,0.0,0.996555780951657,2151964.307861889,0.0
1137540,0.0,0.0,0.996555780951657,2154884.9882248915,0.0
1137600,0.0,0.0,0.996555780951657,2154980.461883957,0.0
1137660,0.0,0.0,0.996555780951657,2156801.074706154,0.0
1137720,0.0,0.0,0.996555780951657,2150876.4598488803,0.0
1137780,0.0,0.0,0.996555780951657,2151939.872453214,0.0
1137840,0.0,0.0,0.996555780951657,2152420.4409307754,0.0
1137900,0.0,0.0,0.996555780951657,2155081.7090004096,0.0
1137960,0.0,0.0,0.996555780951657,2155793.789027385,0.0
1138020,0.0,0.0,0.996555780951657,2153167.710284489,0.0
1138080,0.0,0.0,0.996555780951657,2153866.8382706605,0.0
1138140,0.0,0.0,0.996555780951657,2151226.103219891,0.0
1138200,0.0,0.0,0.996555780951657,2153784.662734105,0.0
1138260,0.0,0.0,0.996555780951657,2157531.1759126205,0.0
1138320,0.0,0.0,0.996555780951657,2154905.2349603563,0.0
1138380,0.0,0.0,0.996555780951657,2154277.6525933016,0.0
1138440,0.0,0.0,0.996555780951657,2151488.923468825,0.0
1138500,0.0,0.0,0.996555780951657,2153136.729438227,0.0
1138560,0.0,0.0,0.996555780951657,2155663.326429516,0.0
1138620,0.0,0.0,0.996555780951657,2156037.688984824,0.0
1138680,0.0,0.0,0.996555780951657,2152317.085489469,0.0
1138740,0.0,0.0,0.996555780951657,2152913.6906616613,0.0
1138800,0.0,0.0,0.996555780951657,2152499.4083960806,0.0
1138860,0.0,0.0,0.996555780951657,2155887.1753661805,0.0
1138920,0.0,0.0,0.996555780951657,2155553.393230799,0.0
1138980,0.0,0.0,0.996555780951657,2155640.527499725,0.0
1139040,0.0,0.0,0.996555780951657,2149368.520073776,0.0
1139100,0.0,0.0,0.996555780951657,2152584.227873704,0.0
1139160,0.0,0.0,0.996555780951657,2155276.6637382815,0.0
1139220,0.0,0.0,0.996555780951657,2155070.5068777916,0.0
1139280,0.0,0.0,0.996555780951657,2157219.939076015,0.0
1139340,0.0,0.0,0.996555780951657,2152978.4951848,0.0
1139400,0.0,0.0,0.996555780951657,2152080.078570418,0.0
1139460,0.0,0.0,0.996555780951657,2153639.4070431334,0.0
1139520,0.0,0.0,0.996555780951657,2155177.152905633,0.0
1139580,0.0,0.0,0.996555780951657,2155057.171679584,0.0
1139640,0.0,0.0,0.996555780951657,2154970.9292174615,0.0
1139700,0.0,0.0,0.996555780951657,2149944.8045352553,0.0
1139760,0.0,0.0,0.996555780951657,2152756.6822567224,0.0
1139820,0.0,0.0,0.996555780951657,2156143.7729984634,0.0
1139880,0.0,0.0,0.996555780951657,2155396.9926028894,0.0
1139940,0.0,0.0,0.996555780951657,2156069.3790300745,0.0
1140000,0.0,0.0,0.996555780951657,2148746.00168323,0.0
1140060,0.0,0.0,0.996555780951657,2152306.957167809,0.0
1140120,0.0,0.0,0.996555780951657,2154309.589424781,0.0
1140180,0.0,0.0,0.996555780951657,2157210.7859023637,0.0
1140240,0.0,0.0,0.996555780951657,2154919.0264024283,0.0
1140300,0.0,0.0,0.996555780951657,2154216.847321154,0.0
1140360,0.0,0.0,0.996555780951657,2151533.3117872286,0.0
1140420,0.0,0.0,0.996555780951657,2153152.1047211504,0.0
1140480,0.0,0.0,0.996555780951657,2155606.330638931,0.0
1140540,0.0,0.0,0.996555780951657,2155979.7934076968,0.0
1140600,0.0,0.0,0.996555780951657,2151849.0409151847,0.0
1140660,0.0,0.0,0.996555780951657,2153072.9254276333,0.0
1140720,0.0,0.0,0.996555780951657,2152685.7104208847,0.0
1140780,0.0,0.0,0.996555780951657,2154473.0941654574,0.0
1140840,0.0,0.0,0.996555780951657,2157670.871324592,0.0
1140900,0.0,0.0,0.996555780951657,2154301.9497606857,0.0
1140960,0.0,0.0,0.996555780951657,2153053.6729088044,0.0
1141020,0.0,0.0,0.996555780951657,2152037.818215276,0.0
1141080,0.0,0.0,0.996555780951657,2154003.0749414014,0.0
1141140,0.0,0.0,0.996555780951657,2155855.4511790904,0.0
1141200,0.0,0.0,0.996555780951657,2155825.427540176,0.0
1141260,0.0,0.0,0.996555780951657,2151182.3991249506,0.0
1141320,0.0,0.0,0.996555780951657,2151034.3334723962,0.0
1141380,0.0,0.0,0.996555780951657,2153248.257493081,0.0
1141440,0.0,0.0,0.996555780951657,2158175.6278486988,0.0
1141500,0.0,0.0,0.996555780951657,2154430.4462113734,0.0
1141560,0.0,0.0,0.996555780951657,2155081.0047458583,0.0
1141620,0.0,0.0,0.996555780951657,2149636.364101322,0.0
1141680,0.0,0.0,0.996555780951657,2152862.7732280213,0.0
1141740,0.0,0.0,0.996555780951657,2156349.329975522,0.0
1141800,0.0,0.0,0.996555780951657,2155260.8129688133,0.0
1141860,0.0,0.0,0.996555780951657,2156195.899464323,0.0
1141920,0.0,0.0,0.996555780951657,2152091.991197632,0.0
1141980,0.0,0.0,0.996555780951657,2152172.5601592953,0.0
1142040,0.0,0.0,0.996555780951657,2154635.735560645,0.0
1142100,0.0,0.0,0.996555780951657,2155741.219565536,0.0
1142160,0.0,0.0,0.996555780951657,2154141.3724039565,0.0
1142220,0.0,0.0,0.996555780951657,2154172.4190330165,0.0
1142280,0.0,0.0,0.996555780951657,2150598.27743431,0.0
1142340,0.0,0.0,0.996555780951657,2153378.283537822,0.0
1142400,0.0,0.0,0.996555780951657,2157010.3592271986,0.0
1142460,0.0,0.0,0.996555780951657,2154587.8922131485,0.0
1142520,0.0,0.0,0.996555780951657,2154423.3929308476,0.0
1142580,0.0,0.0,0.996555780951657,2151065.0236542933,0.0
1142640,0.0,0.0,0.996555780951657,2153804.0616473015,0.0
1142700,0.0,0.0,0.996555780951657,2154411.7286077742,0.0
1142760,0.0,0.0,0.996555780951657,2157991.6229933156,0.0
1142820,0.0,0.0,0.996555780951657,2154174.0049067605,0.0
1142880,0.0,0.0,0.996555780951657,2153285.599017876,0.0
1142940,0.0,0.0,0.996555780951657,2152141.2434512894,0.0
1143000,0.0,0.0,0.996555780951657,2153997.7258586073,0.0
1143060,0.0,0.0,0.996555780951657,2155719.9254115266,0.0
1143120,0.0,0.0,0.996555780951657,2155789.3075858233,0.0
1143180,0.0,0.0,0.996555780951657,2150657.9310652865,0.0
1143240,0.0,0.0,0.996555780951657,2152516.246928784,0.0
1143300,0.0,0.0,0.996555780951657,2154198.8281678064,0.0
1143360,0.0,0.0,0.996555780951657,2155030.328835675,0.0
1143420,0.0,0.0,0.996555780951657,2157330.639798074,0.0
1143480,0.0,0.0,0.996555780951657,2153487.594896631,0.0
1143540,0.0,0.0,0.996555780951657,2152169.390440128,0.0
1143600,0.0,0.0,0.996555780951657,2153978.749686147,0.0
1143660,0.0,0.0,0.996555780951657,2154725.1062437966,0.0
1143720,0.0,0.0,0.996555780951657,2156804.533627618,0.0
1143780,0.0,0.0,0.996555780951657,2151768.509406652,0.0
1143840,0.0,0.0,0.996555780951657,2152295.1852799347,0.0
1143900,0.0,0.0,0.996555780951657,2152168.4889451643,0.0
1143960,0.0,0.0,0.996555780951657,2154706.6955871573,0.0
1144020,0.0,0.0,0.996555780951657,2155624.1778497505,0.0
1144080,0.0,0.0,0.996555780951657,2153758.5384737216,0.0
1144140,0.0,0.0,0.996555780951657,2154250.649820443,0.0
1144200,0.0,0.0,0.996555780951657,2150630.8302518157,0.0
1144260,0.0,0.0,0.996555780951657,2153456.6524373787,0.0
1144320,0.0,0.0,0.996555780951657,2157276.0975327757,0.0
1144380,0.0,0.0,0.996555780951657,2155101.719266214,0.0
1144440,0.0,0.0,0.996555780951657,2154888.5251737116,0.0
1144500,0.0,0.0,0.996555780951657,2151464.9457332008,0.0
1144560,0.0,0.0,0.996555780951657,2152761.442051473,0.0
1144620,0.0,0.0,0.996555780951657,2155428.342975053,0.0
1144680,0.0,0.0,0.996555780951657,2156028.5972818923,0.0
1144740,0.0,0.0,0.996555780951657,2152939.8493457367,0.0
1144800,0.0,0.0,0.996555780951657,2153276.1176978108,0.0
1144860,0.0,0.0,0.996555780951657,2151828.5838167956,0.0
1144920,0.0,0.0,0.996555780951657,2155512.8718634574,0.0
1144980,0.0,0.0,0.996555780951657,2155437.3096161042,0.0
1145040,0.0,0.0,0.996555780951657,2156355.1006497303,0.0
1145100,0.0,0.0,0.996555780951657,2149708.713378209,0.0
1145160,0.0,0.0,0.996555780951657,2152642.3629429936,0.0
1145220,0.0,0.0,0.996555780951657,2154561.1995217693,0.0
1145280,0.0,0.0,0.996555780951657,2154912.1639197553,0.0
1145340,0.0,0.0,0.996555780951657,2157526.653064132,0.0
1145400,0.0,0.0,0.996555780951657,2153391.0128692193,0.0
1145460,0.0,0.0,0.996555780951657,2152258.5741704023,0.0
1145520,0.0,0.0,0.996555780951657,2153142.539055157,0.0
1145580,0.0,0.0,0.996555780951657,2154847.3648549058,0.0
1145640,0.0,0.0,0.996555780951657,2155379.9055716866,0.0
1145700,0.0,0.0,0.996555780951657,2155282.208982327,0.0
1145760,0.0,0.0,0.996555780951657,2149933.9698682586,0.0
1145820,0.0,0.0,0.996555780951657,2152555.8000899306,0.0
1145880,0.0,0.0,0.996555780951657,2155593.250381151,0.0
1145940,0.0,0.0,0.996555780951657,2155362.0366828367,0.0
1146000,0.0,0.0,0.996555780951657,2156534.6422711783,0.0
1146060,0.0,0.0,0.996555780951657,2148902.225387965,0.0
1146120,0.0,0.0,0.996555780951657,2152217.9132035896,0.0
1146180,0.0,0.0,0.996555780951657,2153775.328602051,0.0
1146240,0.0,0.0,0.996555780951657,2157381.1091332105,0.0
1146300,0.0,0.0,0.996555780951657,2155087.3595093354,0.0
1146360,0.0,0.0,0.996555780951657,2154839.38242528,0.0
1146420,0.0,0.0,0.996555780951657,2151480.374364336,0.0
1146480,0.0,0.0,0.996555780951657,2152823.1797191068,0.0
1146540,0.0,0.0,0.996555780951657,2155415.6530709635,0.0
1146600,0.0,0.0,0.996555780951657,2155963.9641335183,0.0
1146660,0.0,0.0,0.996555780951657,2152472.844491771,0.0
1146720,0.0,0.0,0.996555780951657,2153401.2430815627,0.0
1146780,0.0,0.0,0.996555780951657,2151995.9626473268,0.0
1146840,0.0,0.0,0.996555780951657,2154172.40951215,0.0
1146900,0.0,0.0,0.996555780951657,2157649.4095498836,0.0
1146960,0.0,0.0,0.996555780951657,2154619.109347463,0.0
1147020,0.0,0.0,0.996555780951657,2153575.5164285386,0.0
1147080,0.0,0.0,0.996555780951657,2151710.658139256,0.0
1147140,0.0,0.0,0.996555780951657,2153599.229923965,0.0
1147200,0.0,0.0,0.996555780951657,2155826.606751077,0.0
1147260,0.0,0.0,0.996555780951657,2155966.1335762385,0.0
1147320,0.0,0.0,0.996555780951657,2151875.8957563746,0.0
1147380,0.0,0.0,0.996555780951657,2150697.9845709354,0.0
1147440,0.0,0.0,0.996555780951657,2152952.6506206803,0.0
1147500,0.0,0.0,0.996555780951657,2157859.1269468223,0.0
1147560,0.0,0.0,0.996555780951657,2154805.7472277046,0.0
1147620,0.0,0.0,0.996555780951657,2155376.4815673735,0.0
1147680,0.0,0.0,0.996555780951657,2149506.277099037,0.0
1147740,0.0,0.0,0.996555780951657,2152700.229145586,0.0
1147800,0.0,0.0,0.996555780951657,2155803.4525287757,0.0
1147860,0.0,0.0,0.996555780951657,2155237.275340257,0.0
1147920,0.0,0.0,0.996555780951657,2156663.039543572,0.0
1147980,0.0,0.0,0.996555780951657,2152475.2719174833,0.0
1148040,0.0,0.0,0.996555780951657,2152051.2053402495,0.0
1148100,0.0,0.0,0.996555780951657,2154201.0845563915,0.0
1148160,0.0,0.0,0.996555780951657,2155527.644110624,0.0
1148220,0.0,0.0,0.996555780951657,2154621.5415974436,0.0
1148280,0.0,0.0,0.996555780951657,2154539.8534865496,0.0
1148340,0.0,0.0,0.996555780951657,2150227.9839660465,0.0
1148400,0.0,0.0,0.996555780951657,2153064.552534058,0.0
1148460,0.0,0.0,0.996555780951657,2156648.2162216073,0.0
1148520,0.0,0.0,0.996555780951657,2155141.7006545663,0.0
1148580,0.0,0.0,0.996555780951657,2154727.4804732963,0.0
1148640,0.0,0.0,0.996555780951657,2151258.0900123715,0.0
1148700,0.0,0.0,0.996555780951657,2152977.8345987853,0.0
1148760,0.0,0.0,0.996555780951657,2154131.609795944,0.0
1148820,0.0,0.0,0.996555780951657,2158000.716019857,0.0
1148880,0.0,0.0,0.996555780951657,2154471.554666977,0.0
1148940,0.0,0.0,0.996555780951657,2153799.6431427337,0.0
1149000,0.0,0.0,0.996555780951657,2151809.729704884,0.0
1149060,0.0,0.0,0.996555780951657,2153621.63746914,0.0
1149120,0.0,0.0,0.996555780951657,2155737.167235876,0.0
1149180,0.0,0.0,0.996555780951657,2155914.094086906,0.0
1149240,0.0,0.0,0.996555780951657,2151209.750449155,0.0
1149300,0.0,0.0,0.996555780951657,2152692.0381884873,0.0
1149360,0.0,0.0,0.996555780951657,2153517.4641955686,0.0
1149420,0.0,0.0,0.996555780951657,2154813.8859535092,0.0
1149480,0.0,0.0,0.996555780951657,2157519.8226583367,0.0
1149540,0.0,0.0,0.996555780951657,2153880.918352389,0.0
1149600,0.0,0.0,0.996555780951657,2152494.841085596,0.0
1149660,0.0,0.0,0.996555780951657,2152515.9636428347,0.0
1149720,0.0,0.0,0.996555780951657,2154479.9426147724,0.0
1149780,0.0,0.0,0.996555780951657,2157882.5067625465,0.0
1149840,0.0,0.0,0.996555780951657,2153834.837683394,0.0
1149900,0.0,0.0,0.996555780951657,2153937.3801344517,0.0
1149960,0.0,0.0,0.996555780951657,2151137.3042212627,0.0
1150020,0.0,0.0,0.996555780951657,2154145.4254754307,0.0
1150080,0.0,0.0,0.996555780951657,2155586.027693231,0.0
1150140,0.0,0.0,0.996555780951657,2154182.245932093,0.0
1150200,0.0,0.0,0.996555780951657,2154642.0467580208,0.0
1150260,0.0,0.0,0.996555780951657,2150146.2254140778,0.0
1150320,0.0,0.0,0.996555780951657,2153140.864038117,0.0
1150380,0.0,0.0,0.996555780951657,2156912.8161183083,0.0
1150440,0.0,0.0,0.996555780951657,2155227.2028031484,0.0
1150500,0.0,0.0,0.996555780951657,2155513.6189630264,0.0
1150560,0.0,0.0,0.996555780951657,2151670.542696056,0.0
1150620,0.0,0.0,0.996555780951657,2152429.9907167996,0.0
1150680,0.0,0.0,0.996555780951657,2155095.6543856296,0.0
1150740,0.0,0.0,0.996555780951657,2155941.1436066176,0.0
1150800,0.0,0.0,0.996555780951657,2153554.8032125887,0.0
1150860,0.0,0.0,0.996555780951657,2153685.655966133,0.0
1150920,0.0,0.0,0.996555780951657,2151196.9496297077,0.0
1150980,0.0,0.0,0.996555780951657,2155025.561662458,0.0
1151040,0.0,0.0,0.996555780951657,2155253.4434830043,0.0
1151100,0.0,0.0,0.996555780951657,2157023.995061145,0.0
1151160,0.0,0.0,0.996555780951657,2150277.2597976127,0.0
1151220,0.0,0.0,0.996555780951657,2152852.250430371,0.0
1151280,0.0,0.0,0.996555780951657,2153784.056126394,0.0
1151340,0.0,0.0,0.996555780951657,2154694.574804908,0.0
1151400,0.0,0.0,0.996555780951657,2157745.7327627675,0.0
1151460,0.0,0.0,0.996555780951657,2153795.0876324065,0.0
1151520,0.0,0.0,0.996555780951657,2152603.8221479454,0.0
1151580,0.0,0.0,0.996555780951657,2152648.9256556127,0.0
1151640,0.0,0.0,0.996555780951657,2154472.2958136927,0.0
1151700,0.0,0.0,0.996555780951657,2155610.0443502567,0.0
1151760,0.0,0.0,0.996555780951657,2155552.339640617,0.0
1151820,0.0,0.0,0.996555780951657,2150167.1331483326,0.0
1151880,0.0,0.0,0.996555780951657,2152447.7634877553,0.0
1151940,0.0,0.0,0.996555780951657,2154964.651363412,0.0
1152000,0.0,0.0,0.996555780951657,2155254.6953149103,0.0
1152060,0.0,0.0,0.996555780951657,2156939.391332712,0.0
1152120,0.0,0.0,0.996555780951657,2152993.2667410607,0.0
1152180,0.0,0.0,0.996555780951657,2151934.973591113,0.0
1152240,0.0,0.0,0.996555780951657,2154904.8773052627,0.0
1152300,0.0,0.0,0.996555780951657,2155018.9719879967,0.0
1152360,0.0,0.0,0.996555780951657,2156788.845780739,0.0
1152420,0.0,0.0,0.996555780951657,2150911.3525859853,0.0
1152480,0.0,0.0,0.996555780951657,2151902.7369777304,0.0
1152540,0.0,0.0,0.996555780951657,2152439.241558139,0.0
1152600,0.0,0.0,0.996555780951657,2155112.817405823,0.0
1152660,0.0,0.0,0.996555780951657,2155818.059727962,0.0
1152720,0.0,0.0,0.996555780951657,2153170.1806816813,0.0
1152780,0.0,0.0,0.996555780951657,2153815.989850499,0.0
1152840,0.0,0.0,0.996555780951657,2151271.4327931073,0.0
1152900,0.0,0.0,0.996555780951657,2153810.1458341293,0.0
1152960,0.0,0.0,0.996555780951657,2157516.822801605,0.0
1153020,0.0,0.0,0.996555780951657,2154904.938036472,0.0
1153080,0.0,0.0,0.996555780951657,2154221.353764446,0.0
1153140,0.0,0.0,0.996555780951657,2151488.8530453052,0.0
1153200,0.0,0.0,0.996555780951657,2153157.0547990236,0.0
1153260,0.0,0.0,0.996555780951657,2155678.669348843,0.0
1153320,0.0,0.0,0.996555780951657,2156042.402016952,0.0
1153380,0.0,0.0,0.996555780951657,2152718.8461076203,0.0
1153440,0.0,0.0,0.996555780951657,2150525.8648045757,0.0
1153500,0.0,0.0,0.996555780951657,2152685.2745008026,0.0
1153560,0.0,0.0,0.996555780951657,2157396.980806939,0.0
1153620,0.0,0.0,0.996555780951657,2155098.124811714,0.0
1153680,0.0,0.0,0.996555780951657,2155654.247579907,0.0
1153740,0.0,0.0,0.996555780951657,2149596.826022668,0.0
1153800,0.0,0.0,0.996555780951657,2152630.6644496885,0.0
1153860,0.0,0.0,0.996555780951657,2155137.4904856803,0.0
1153920,0.0,0.0,0.996555780951657,2155133.0659646303,0.0
1153980,0.0,0.0,0.996555780951657,2157113.0531890267,0.0
1154040,0.0,0.0,0.996555780951657,2152916.3031027284,0.0
1154100,0.0,0.0,0.996555780951657,2152058.3650814425,0.0
1154160,0.0,0.0,0.996555780951657,2153690.3455015933,0.0
1154220,0.0,0.0,0.996555780951657,2155230.0777220665,0.0
1154280,0.0,0.0,0.996555780951657,2155051.3977974625,0.0
1154340,0.0,0.0,0.996555780951657,2154920.93297137,0.0
1154400,0.0,0.0,0.996555780951657,2149986.5415243767,0.0
1154460,0.0,0.0,0.996555780951657,2152770.6621553544,0.0
1154520,0.0,0.0,0.996555780951657,2156169.394814191,0.0
1154580,0.0,0.0,0.996555780951657,2155615.6783471173,0.0
1154640,0.0,0.0,0.996555780951657,2155013.986997216,0.0
1154700,0.0,0.0,0.996555780951657,2151680.0340214283,0.0
1154760,0.0,0.0,0.996555780951657,2152091.2475673347,0.0
1154820,0.0,0.0,0.996555780951657,2153812.065625615,0.0
1154880,0.0,0.0,0.996555780951657,2157905.3261820204,0.0
1154940,0.0,0.0,0.996555780951657,2154733.6179098203,0.0
1155000,0.0,0.0,0.996555780951657,2154405.0003731004,0.0
1155060,0.0,0.0,0.996555780951657,2151575.460021449,0.0
1155120,0.0,0.0,0.996555780951657,2153226.3826288586,0.0
1155180,0.0,0.0,0.996555780951657,2155647.889394627,0.0
1155240,0.0,0.0,0.996555780951657,2155979.821849587,0.0
1155300,0.0,0.0,0.996555780951657,2151828.408796387,0.0
1155360,0.0,0.0,0.996555780951657,2152981.0601722677,0.0
1155420,0.0,0.0,0.996555780951657,2152786.645677999,0.0
1155480,0.0,0.0,0.996555780951657,2154533.219446161,0.0
1155540,0.0,0.0,0.996555780951657,2157627.023115022,0.0
1155600,0.0,0.0,0.996555780951657,2154264.422242316,0.0
1155660,0.0,0.0,0.996555780951657,2152954.732382896,0.0
1155720,0.0,0.0,0.996555780951657,2152079.749656178,0.0
1155780,0.0,0.0,0.996555780951657,2154066.3414542405,0.0
1155840,0.0,0.0,0.996555780951657,2158111.643258763,0.0
1155900,0.0,0.0,0.996555780951657,2154248.3258530316,0.0
1155960,0.0,0.0,0.996555780951657,2154412.364152108,0.0
1156020,0.0,0.0,0.996555780951657,2150327.4790866324,0.0
1156080,0.0,0.0,0.996555780951657,2153701.6940829977,0.0
1156140,0.0,0.0,0.996555780951657,2155303.021683178,0.0
1156200,0.0,0.0,0.996555780951657,2154655.7738552266,0.0
1156260,0.0,0.0,0.996555780951657,2154969.015460834,0.0
1156320,0.0,0.0,0.996555780951657,2149841.3496774607,0.0
1156380,0.0,0.0,0.996555780951657,2152884.7717423565,0.0
1156440,0.0,0.0,0.996555780951657,2156456.8305365643,0.0
1156500,0.0,0.0,0.996555780951657,2155281.259116062,0.0
1156560,0.0,0.0,0.996555780951657,2156059.935568798,0.0
1156620,0.0,0.0,0.996555780951657,2152018.588633332,0.0
1156680,0.0,0.0,0.996555780951657,2152188.5816383543,0.0
1156740,0.0,0.0,0.996555780951657,2154708.605741749,0.0
1156800,0.0,0.0,0.996555780951657,2155792.0480763875,0.0
1156860,0.0,0.0,0.996555780951657,2154107.2790053813,0.0
1156920,0.0,0.0,0.996555780951657,2154079.4273304734,0.0
1156980,0.0,0.0,0.996555780951657,2150684.4709162125,0.0
1157040,0.0,0.0,0.996555780951657,2154476.5398221454,0.0
1157100,0.0,0.0,0.996555780951657,2155030.4182821168,0.0
1157160,0.0,0.0,0.996555780951657,2157566.661918609,0.0
1157220,0.0,0.0,0.996555780951657,2150895.4845292154,0.0
1157280,0.0,0.0,0.996555780951657,2153127.052450378,0.0
1157340,0.0,0.0,0.996555780951657,2153018.434784393,0.0
1157400,0.0,0.0,0.996555780951657,2154449.447426112,0.0
1157460,0.0,0.0,0.996555780951657,2157846.4127665684,0.0
1157520,0.0,0.0,0.996555780951657,2154151.8004622306,0.0
1157580,0.0,0.0,0.996555780951657,2153041.2019678717,0.0
1157640,0.0,0.0,0.996555780951657,2152216.931995388,0.0
1157700,0.0,0.0,0.996555780951657,2154092.953591451,0.0
1157760,0.0,0.0,0.996555780951657,2155737.4577929024,0.0
1157820,0.0,0.0,0.996555780951657,2155756.168340848,0.0
1157880,0.0,0.0,0.996555780951657,2150629.1583898445,0.0
1157940,0.0,0.0,0.996555780951657,2152457.3992865174,0.0
1158000,0.0,0.0,0.996555780951657,2154308.3618264897,0.0
1158060,0.0,0.0,0.996555780951657,2155092.8684197,0.0
1158120,0.0,0.0,0.996555780951657,2157241.675494793,0.0
1158180,0.0,0.0,0.996555780951657,2153417.309612343,0.0
1158240,0.0,0.0,0.996555780951657,2152093.1215826827,0.0
1158300,0.0,0.0,0.996555780951657,2154057.4010697925,0.0
1158360,0.0,0.0,0.996555780951657,2154789.5321392277,0.0
1158420,0.0,0.0,0.996555780951657,2156804.0705500264,0.0
1158480,0.0,0.0,0.996555780951657,2151764.235764372,0.0
1158540,0.0,0.0,0.996555780951657,2152229.144505352,0.0
1158600,0.0,0.0,0.996555780951657,2152186.278344416,0.0
1158660,0.0,0.0,0.996555780951657,2154765.757016649,0.0
1158720,0.0,0.0,0.996555780951657,2155670.554159406,0.0
1158780,0.0,0.0,0.996555780951657,2153740.009464669,0.0
1158840,0.0,0.0,0.996555780951657,2154174.776156414,0.0
1158900,0.0,0.0,0.996555780951657,2150710.0185729894,0.0
1158960,0.0,0.0,0.996555780951657,2153496.2255831608,0.0
1159020,0.0,0.0,0.996555780951657,2157278.5621538456,0.0
1159080,0.0,0.0,0.996555780951657,2155101.726354471,0.0
1159140,0.0,0.0,0.996555780951657,2154791.5976871992,0.0
1159200,0.0,0.0,0.996555780951657,2151450.906101652,0.0
1159260,0.0,0.0,0.996555780951657,2152794.939157288,0.0
1159320,0.0,0.0,0.996555780951657,2155460.579329548,0.0
1159380,0.0,0.0,0.996555780951657,2156042.869265185,0.0
1159440,0.0,0.0,0.996555780951657,2153534.4388615484,0.0
1159500,0.0,0.0,0.996555780951657,2150613.029074991,0.0
1159560,0.0,0.0,0.996555780951657,2152513.7534525483,0.0
1159620,0.0,0.0,0.996555780951657,2156832.7084161364,0.0
1159680,0.0,0.0,0.996555780951657,2155283.604393902,0.0
1159740,0.0,0.0,0.996555780951657,2155845.280391995,0.0
1159800,0.0,0.0,0.996555780951657,2149972.977421129,0.0
1159860,0.0,0.0,0.996555780951657,2152673.292210201,0.0
1159920,0.0,0.0,0.996555780951657,2154476.1610179795,0.0
1159980,0.0,0.0,0.996555780951657,2154989.9279385423,0.0
1160040,0.0,0.0,0.996555780951657,2157423.150616009,0.0
1160100,0.0,0.0,0.996555780951657,2153316.095699835,0.0
1160160,0.0,0.0,0.996555780951657,2152201.3002218846,0.0
1160220,0.0,0.0,0.996555780951657,2153211.778575168,0.0
1160280,0.0,0.0,0.996555780951657,2154920.508848984,0.0
1160340,0.0,0.0,0.996555780951657,2155373.3064784673,0.0
1160400,0.0,0.0,0.996555780951657,2155227.6079684314,0.0
1160460,0.0,0.0,0.996555780951657,2149965.925181085,0.0
1160520,0.0,0.0,0.996555780951657,2152560.9593338734,0.0
1160580,0.0,0.0,0.996555780951657,2155646.368029902,0.0
1160640,0.0,0.0,0.996555780951657,2155393.0296227755,0.0
1160700,0.0,0.0,0.996555780951657,2156446.1853186665,0.0
1160760,0.0,0.0,0.996555780951657,2148972.5215811054,0.0
1160820,0.0,0.0,0.996555780951657,2152200.5315583027,0.0
1160880,0.0,0.0,0.996555780951657,2153842.311764863,0.0
1160940,0.0,0.0,0.996555780951657,2157346.169825536,0.0
1161000,0.0,0.0,0.996555780951657,2155089.8219742994,0.0
1161060,0.0,0.0,0.996555780951657,2154734.889274033,0.0
1161120,0.0,0.0,0.996555780951657,2151469.7801401317,0.0
1161180,0.0,0.0,0.996555780951657,2152851.691925781,0.0
1161240,0.0,0.0,0.996555780951657,2155446.102296692,0.0
1161300,0.0,0.0,0.996555780951657,2155979.682380722,0.0
1161360,0.0,0.0,0.996555780951657,2152470.5555212516,0.0
1161420,0.0,0.0,0.996555780951657,2153342.8651015144,0.0
1161480,0.0,0.0,0.996555780951657,2152047.749158286,0.0
1161540,0.0,0.0,0.996555780951657,2154206.01636363,0.0
1161600,0.0,0.0,0.996555780951657,2157626.6468673036,0.0
1161660,0.0,0.0,0.996555780951657,2154609.2688416694,0.0
1161720,0.0,0.0,0.996555780951657,2153514.3525622664,0.0
1161780,0.0,0.0,0.996555780951657,2151721.7932066107,0.0
1161840,0.0,0.0,0.996555780951657,2153629.4288290148,0.0
1161900,0.0,0.0,0.996555780951657,2158201.437228402,0.0
1161960,0.0,0.0,0.996555780951657,2154604.864785439,0.0
1162020,0.0,0.0,0.996555780951657,2154901.01896753,0.0
1162080,0.0,0.0,0.996555780951657,2149600.496454227,0.0
1162140,0.0,0.0,0.996555780951657,2153228.0533282664,0.0
1162200,0.0,0.0,0.996555780951657,2154960.1682616947,0.0
1162260,0.0,0.0,0.996555780951657,2155050.1980507225,0.0
1162320,0.0,0.0,0.996555780951657,2155267.647529873,0.0
1162380,0.0,0.0,0.996555780951657,2149716.668802302,0.0
1162440,0.0,0.0,0.996555780951657,2152689.6708260416,0.0
1162500,0.0,0.0,0.996555780951657,2155903.2454579975,0.0
1162560,0.0,0.0,0.996555780951657,2155263.7190394034,0.0
1162620,0.0,0.0,0.996555780951657,2156568.7717828266,0.0
1162680,0.0,0.0,0.996555780951657,2152421.358870031,0.0
1162740,0.0,0.0,0.996555780951657,2152041.0253547616,0.0
1162800,0.0,0.0,0.996555780951657,2154255.095268384,0.0
1162860,0.0,0.0,0.996555780951657,2155573.1702297963,0.0
1162920,0.0,0.0,0.996555780951657,2154608.9163876604,0.0
1162980,0.0,0.0,0.996555780951657,2154477.4781494476,0.0
1163040,0.0,0.0,0.996555780951657,2150281.636086003,0.0
1163100,0.0,0.0,0.996555780951657,2153093.2034974345,0.0
1163160,0.0,0.0,0.996555780951657,2156665.0125394836,0.0
1163220,0.0,0.0,0.996555780951657,2155143.7147925803,0.0
1163280,0.0,0.0,0.996555780951657,2154694.283481098,0.0
1163340,0.0,0.0,0.996555780951657,2151233.7942031147,0.0
1163400,0.0,0.0,0.996555780951657,2153013.810791296,0.0
1163460,0.0,0.0,0.996555780951657,2154168.8329873555,0.0
1163520,0.0,0.0,0.996555780951657,2157965.439851408,0.0
1163580,0.0,0.0,0.996555780951657,2154460.6102934615,0.0
1163640,0.0,0.0,0.996555780951657,2153726.5396702103,0.0
1163700,0.0,0.0,0.996555780951657,2151823.5789155285,0.0
1163760,0.0,0.0,0.996555780951657,2153654.5246454687,0.0
1163820,0.0,0.0,0.996555780951657,2155753.676394704,0.0
1163880,0.0,0.0,0.996555780951657,2155911.6798615195,0.0
1163940,0.0,0.0,0.996555780951657,2151221.07527179,0.0
1164000,0.0,0.0,0.996555780951657,2152651.773774175,0.0
1164060,0.0,0.0,0.996555780951657,2153545.5388362575,0.0
1164120,0.0,0.0,0.996555780951657,2154839.7182860957,0.0
1164180,0.0,0.0,0.996555780951657,2157487.9824850857,0.0
1164240,0.0,0.0,0.996555780951657,2153867.9864466186,0.0
1164300,0.0,0.0,0.996555780951657,2152459.169316631,0.0
1164360,0.0,0.0,0.996555780951657,2153090.716930514,0.0
1164420,0.0,0.0,0.996555780951657,2154467.43311786,0.0
1164480,0.0,0.0,0.996555780951657,2156727.8912943644,0.0
1164540,0.0,0.0,0.996555780951657,2152696.303386021,0.0
1164600,0.0,0.0,0.996555780951657,2152635.4642866403,0.0
1164660,0.0,0.0,0.996555780951657,2152013.0406956105,0.0
1164720,0.0,0.0,0.996555780951657,2154314.3836752637,0.0
1164780,0.0,0.0,0.996555780951657,2155438.2004830614,0.0
1164840,0.0,0.0,0.996555780951657,2154288.6988641783,0.0
1164900,0.0,0.0,0.996555780951657,2154569.382097968,0.0
1164960,0.0,0.0,0.996555780951657,2150206.0104753007,0.0
1165020,0.0,0.0,0.996555780951657,2153171.74738123,0.0
1165080,0.0,0.0,0.996555780951657,2156920.65297486,0.0
1165140,0.0,0.0,0.996555780951657,2155238.5445642746,0.0
1165200,0.0,0.0,0.996555780951657,2155414.0064693023,0.0
1165260,0.0,0.0,0.996555780951657,2151630.964233131,0.0
1165320,0.0,0.0,0.996555780951657,2152453.091901463,0.0
1165380,0.0,0.0,0.996555780951657,2155133.2836595657,0.0
1165440,0.0,0.0,0.996555780951657,2155965.042873772,0.0
1165500,0.0,0.0,0.996555780951657,2154414.768551994,0.0
1165560,0.0,0.0,0.996555780951657,2150982.586359326,0.0
1165620,0.0,0.0,0.996555780951657,2152434.1059312653,0.0
1165680,0.0,0.0,0.996555780951657,2156132.7992508914,0.0
1165740,0.0,0.0,0.996555780951657,2155366.059862183,0.0
1165800,0.0,0.0,0.996555780951657,2155987.834174962,0.0
1165860,0.0,0.0,0.996555780951657,2150532.874498682,0.0
1165920,0.0,0.0,0.996555780951657,2152869.242282842,0.0
1165980,0.0,0.0,0.996555780951657,2153734.256413116,0.0
1166040,0.0,0.0,0.996555780951657,2154776.396082554,0.0
1166100,0.0,0.0,0.996555780951657,2157670.1843291605,0.0
1166160,0.0,0.0,0.996555780951657,2153727.800878811,0.0
1166220,0.0,0.0,0.996555780951657,2152521.535145012,0.0
1166280,0.0,0.0,0.996555780951657,2152713.8699421417,0.0
1166340,0.0,0.0,0.996555780951657,2154548.704729287,0.0
1166400,0.0,0.0,0.996555780951657,2155612.982634065,0.0
1166460,0.0,0.0,0.996555780951657,2155510.4628372076,0.0
1166520,0.0,0.0,0.996555780951657,2150174.269728493,0.0
1166580,0.0,0.0,0.996555780951657,2152431.552775785,0.0
1166640,0.0,0.0,0.996555780951657,2155029.5283691566,0.0
1166700,0.0,0.0,0.996555780951657,2155294.3980373256,0.0
1166760,0.0,0.0,0.996555780951657,2156859.687904614,0.0
1166820,0.0,0.0,0.996555780951657,2149456.6587227,0.0
1166880,0.0,0.0,0.996555780951657,2152233.389194321,0.0
1166940,0.0,0.0,0.996555780951657,2153290.318376789,0.0
1167000,0.0,0.0,0.996555780951657,2157372.493119296,0.0
1167060,0.0,0.0,0.996555780951657,2155205.9157645847,0.0
1167120,0.0,0.0,0.996555780951657,2155367.468796783,0.0
1167180,0.0,0.0,0.996555780951657,2151598.645434774,0.0
1167240,0.0,0.0,0.996555780951657,2152555.9892761484,0.0
1167300,0.0,0.0,0.996555780951657,2155168.8207151787,0.0
1167360,0.0,0.0,0.996555780951657,2155905.2511476087,0.0
1167420,0.0,0.0,0.996555780951657,2153090.0233452753,0.0
1167480,0.0,0.0,0.996555780951657,2153707.811831796,0.0
1167540,0.0,0.0,0.996555780951657,2151391.6126821884,0.0
1167600,0.0,0.0,0.996555780951657,2153879.095191206,0.0
1167660,0.0,0.0,0.996555780951657,2157509.3718690253,0.0
1167720,0.0,0.0,0.996555780951657,2154883.4085239964,0.0
1167780,0.0,0.0,0.996555780951657,2154085.376227891,0.0
1167840,0.0,0.0,0.996555780951657,2151501.3308678013,0.0
1167900,0.0,0.0,0.996555780951657,2153222.881625422,0.0
1167960,0.0,0.0,0.996555780951657,2158125.9077614467,0.0
1168020,0.0,0.0,0.996555780951657,2154880.01906158,0.0
1168080,0.0,0.0,0.996555780951657,2155338.0098240385,0.0
1168140,0.0,0.0,0.996555780951657,2149058.358623786,0.0
1168200,0.0,0.0,0.996555780951657,2152784.236697307,0.0
1168260,0.0,0.0,0.996555780951657,2154599.27656836,0.0
1168320,0.0,0.0,0.996555780951657,2155342.0542925866,0.0
1168380,0.0,0.0,0.996555780951657,2155505.627408761,0.0
1168440,0.0,0.0,0.996555780951657,2149826.4336856166,0.0
1168500,0.0,0.0,0.996555780951657,2152586.137162271,0.0
1168560,0.0,0.0,0.996555780951657,2155296.467574487,0.0
1168620,0.0,0.0,0.996555780951657,2155185.7626753687,0.0
1168680,0.0,0.0,0.996555780951657,2156983.12848429,0.0
1168740,0.0,0.0,0.996555780951657,2152830.1421030383,0.0
1168800,0.0,0.0,0.996555780951657,2152014.1160633904,0.0
1168860,0.0,0.0,0.996555780951657,2153781.842106306,0.0
1168920,0.0,0.0,0.996555780951657,2155309.556129323,0.0
1168980,0.0,0.0,0.996555780951657,2155026.28581665,0.0
1169040,0.0,0.0,0.996555780951657,2154836.364580726,0.0
1169100,0.0,0.0,0.996555780951657,2150048.0886716857,0.0
1169160,0.0,0.0,0.996555780951657,2152804.2653916907,0.0
1169220,0.0,0.0,0.996555780951657,2156224.6179101425,0.0
1169280,0.0,0.0,0.996555780951657,2155601.4803595073,0.0
1169340,0.0,0.0,0.996555780951657,2154972.410399041,0.0
1169400,0.0,0.0,0.996555780951657,2151608.6922818543,0.0
1169460,0.0,0.0,0.996555780951657,2152183.3837546417,0.0
1169520,0.0,0.0,0.996555780951657,2153868.2741052215,0.0
1169580,0.0,0.0,0.996555780951657,2157878.7763125263,0.0
1169640,0.0,0.0,0.996555780951657,2154719.166430227,0.0
1169700,0.0,0.0,0.996555780951657,2154282.407202008,0.0
1169760,0.0,0.0,0.996555780951657,2151587.771144667,0.0
1169820,0.0,0.0,0.996555780951657,2153277.9330172013,0.0
1169880,0.0,0.0,0.996555780951657,2155678.0502906796,0.0
1169940,0.0,0.0,0.996555780951657,2155984.542381454,0.0
1170000,0.0,0.0,0.996555780951657,2151815.4079580735,0.0
1170060,0.0,0.0,0.996555780951657,2152912.252883881,0.0
1170120,0.0,0.0,0.996555780951657,2152854.861324578,0.0
1170180,0.0,0.0,0.996555780951657,2154578.045990601,0.0
1170240,0.0,0.0,0.996555780951657,2157590.459530857,0.0
1170300,0.0,0.0,0.996555780951657,2154238.765036533,0.0
1170360,0.0,0.0,0.996555780951657,2152883.313168948,0.0
1170420,0.0,0.0,0.996555780951657,2152194.4280734085,0.0
1170480,0.0,0.0,0.996555780951657,2154146.0877382606,0.0
1170540,0.0,0.0,0.996555780951657,2156575.4569955487,0.0
1170600,0.0,0.0,0.996555780951657,2153570.381999929,0.0
1170660,0.0,0.0,0.996555780951657,2153013.3518703138,0.0
1170720,0.0,0.0,0.996555780951657,2151964.5050044055,0.0
1170780,0.0,0.0,0.996555780951657,2153865.5263361447,0.0
1170840,0.0,0.0,0.996555780951657,2155187.08911576,0.0
1170900,0.0,0.0,0.996555780951657,2154735.295206814,0.0
1170960,0.0,0.0,0.996555780951657,2154894.9572251164,0.0
1171020,0.0,0.0,0.996555780951657,2149896.102152721,0.0
1171080,0.0,0.0,0.996555780951657,2152913.039649092,0.0
1171140,0.0,0.0,0.996555780951657,2156492.64600237,0.0
1171200,0.0,0.0,0.996555780951657,2155303.815711876,0.0
1171260,0.0,0.0,0.996555780951657,2155937.2681582826,0.0
1171320,0.0,0.0,0.996555780951657,2151957.3336215485,0.0
1171380,0.0,0.0,0.996555780951657,2152205.621957743,0.0
1171440,0.0,0.0,0.996555780951657,2154766.0881745866,0.0
1171500,0.0,0.0,0.996555780951657,2155832.802060214,0.0
1171560,0.0,0.0,0.996555780951657,2154082.9698209735,0.0
1171620,0.0,0.0,0.996555780951657,2154001.334057729,0.0
1171680,0.0,0.0,0.996555780951657,2150754.3831770313,0.0
1171740,0.0,0.0,0.996555780951657,2154524.206874723,0.0
1171800,0.0,0.0,0.996555780951657,2155080.1159680407,0.0
1171860,0.0,0.0,0.996555780951657,2157462.9854966165,0.0
1171920,0.0,0.0,0.996555780951657,2150914.8525801343,0.0
1171980,0.0,0.0,0.996555780951657,2153056.2403742247,0.0
1172040,0.0,0.0,0.996555780951657,2153087.085918718,0.0
1172100,0.0,0.0,0.996555780951657,2154491.3565314203,0.0
1172160,0.0,0.0,0.996555780951657,2157805.142334122,0.0
1172220,0.0,0.0,0.996555780951657,2154128.6572453734,0.0
1172280,0.0,0.0,0.996555780951657,2152970.194912341,0.0
1172340,0.0,0.0,0.996555780951657,2152243.881293558,0.0
1172400,0.0,0.0,0.996555780951657,2154134.5898200446,0.0
1172460,0.0,0.0,0.996555780951657,2155750.2442272906,0.0
1172520,0.0,0.0,0.996555780951657,2155742.102193505,0.0
1172580,0.0,0.0,0.996555780951657,2150639.300825854,0.0
1172640,0.0,0.0,0.996555780951657,2152429.029980853,0.0
1172700,0.0,0.0,0.996555780951657,2154339.6177990832,0.0
1172760,0.0,0.0,0.996555780951657,2155120.7204129235,0.0
1172820,0.0,0.0,0.996555780951657,2157200.187334481,0.0
1172880,0.0,0.0,0.996555780951657,2150122.7125643855,0.0
1172940,0.0,0.0,0.996555780951657,2152450.732853241,0.0
1173000,0.0,0.0,0.996555780951657,2152734.0512284464,0.0
1173060,0.0,0.0,0.996555780951657,2157244.7618807266,0.0
1173120,0.0,0.0,0.996555780951657,2155253.7043519956,0.0
1173180,0.0,0.0,0.996555780951657,2155995.3477348494,0.0
1173240,0.0,0.0,0.996555780951657,2151931.7374268896,0.0
1173300,0.0,0.0,0.996555780951657,2152325.368072721,0.0
1173360,0.0,0.0,0.996555780951657,2154804.371004882,0.0
1173420,0.0,0.0,0.996555780951657,2155759.645092938,0.0
1173480,0.0,0.0,0.996555780951657,2153687.4331974518,0.0
1173540,0.0,0.0,0.996555780951657,2154096.7911982075,0.0
1173600,0.0,0.0,0.996555780951657,2150793.1755709606,0.0
1173660,0.0,0.0,0.996555780951657,2153540.125774831,0.0
1173720,0.0,0.0,0.996555780951657,2157282.858328479,0.0
1173780,0.0,0.0,0.996555780951657,2155099.155442823,0.0
1173840,0.0,0.0,0.996555780951657,2154690.6144945333,0.0
1173900,0.0,0.0,0.996555780951657,2151438.62202792,0.0
1173960,0.0,0.0,0.996555780951657,2152832.676038343,0.0
1174020,0.0,0.0,0.996555780951657,2155494.6233166745,0.0
1174080,0.0,0.0,0.996555780951657,2156056.2876323066,0.0
1174140,0.0,0.0,0.996555780951657,2153486.4809303842,0.0
1174200,0.0,0.0,0.996555780951657,2150615.891601416,0.0
1174260,0.0,0.0,0.996555780951657,2152510.67399977,0.0
1174320,0.0,0.0,0.996555780951657,2156824.1997597506,0.0
1174380,0.0,0.0,0.996555780951657,2155306.456930147,0.0
1174440,0.0,0.0,0.996555780951657,2155829.320072366,0.0
1174500,0.0,0.0,0.996555780951657,2149995.7796477913,0.0
1174560,0.0,0.0,0.996555780951657,2152637.608756646,0.0
1174620,0.0,0.0,0.996555780951657,2154512.802366917,0.0
1174680,0.0,0.0,0.996555780951657,2155019.6852664067,0.0
1174740,0.0,0.0,0.996555780951657,2157372.722673673,0.0
1174800,0.0,0.0,0.996555780951657,2153291.912911412,0.0
1174860,0.0,0.0,0.996555780951657,2152167.2382303993,0.0
1174920,0.0,0.0,0.996555780951657,2153235.1573580755,0.0
1174980,0.0,0.0,0.996555780951657,2154951.248559706,0.0
1175040,0.0,0.0,0.996555780951657,2155381.724560491,0.0
1175100,0.0,0.0,0.996555780951657,2155204.3902525217,0.0
1175160,0.0,0.0,0.996555780951657,2149990.407170463,0.0
1175220,0.0,0.0,0.996555780951657,2152557.8227252658,0.0
1175280,0.0,0.0,0.996555780951657,2155654.5973067735,0.0
1175340,0.0,0.0,0.996555780951657,2155967.1525076814,0.0
1175400,0.0,0.0,0.996555780951657,2155225.1993787866,0.0
1175460,0.0,0.0,0.996555780951657,2152196.1135387192,0.0
1175520,0.0,0.0,0.996555780951657,2151306.2880363166,0.0
1175580,0.0,0.0,0.996555780951657,2153533.156340178,0.0
1175640,0.0,0.0,0.996555780951657,2157675.4367666407,0.0
1175700,0.0,0.0,0.996555780951657,2154933.1890530465,0.0
1175760,0.0,0.0,0.996555780951657,2154928.1125239097,0.0
1175820,0.0,0.0,0.996555780951657,2151495.751658394,0.0
1175880,0.0,0.0,0.996555780951657,2152890.9396301694,0.0
1175940,0.0,0.0,0.996555780951657,2155487.112902952,0.0
1176000,0.0,0.0,0.996555780951657,2155988.212458307,0.0
1176060,0.0,0.0,0.996555780951657,2152462.842981476,0.0
1176120,0.0,0.0,0.996555780951657,2153268.389239113,0.0
1176180,0.0,0.0,0.996555780951657,2152120.337258304,0.0
1176240,0.0,0.0,0.996555780951657,2154251.034982431,0.0
1176300,0.0,0.0,0.996555780951657,2157601.3580683684,0.0
1176360,0.0,0.0,0.996555780951657,2154591.225355928,0.0
1176420,0.0,0.0,0.996555780951657,2153434.260277628,0.0
1176480,0.0,0.0,0.996555780951657,2151257.5744736036,0.0
1176540,0.0,0.0,0.996555780951657,2153768.703527431,0.0
1176600,0.0,0.0,0.996555780951657,2156326.1212037597,0.0
1176660,0.0,0.0,0.996555780951657,2154446.50978773,0.0
1176720,0.0,0.0,0.996555780951657,2153422.618441512,0.0
1176780,0.0,0.0,0.996555780951657,2152065.179458696,0.0
1176840,0.0,0.0,0.996555780951657,2153359.232946311,0.0
1176900,0.0,0.0,0.996555780951657,2154867.1087082275,0.0
1176960,0.0,0.0,0.996555780951657,2155118.3409474376,0.0
1177020,0.0,0.0,0.996555780951657,2155214.2376854024,0.0
1177080,0.0,0.0,0.996555780951657,2149739.972256874,0.0
1177140,0.0,0.0,0.996555780951657,2152698.8513258747,0.0
1177200,0.0,0.0,0.996555780951657,2155955.972964574,0.0
1177260,0.0,0.0,0.996555780951657,2155297.9192991327,0.0
1177320,0.0,0.0,0.996555780951657,2156453.6559802643,0.0
1177380,0.0,0.0,0.996555780951657,2152356.236128504,0.0
1177440,0.0,0.0,0.996555780951657,2152037.5155541785,0.0
1177500,0.0,0.0,0.996555780951657,2154317.4307647143,0.0
1177560,0.0,0.0,0.996555780951657,2155623.846085357,0.0
1177620,0.0,0.0,0.996555780951657,2154588.956409012,0.0
1177680,0.0,0.0,0.996555780951657,2154404.829766365,0.0
1177740,0.0,0.0,0.996555780951657,2150342.8428275264,0.0
1177800,0.0,0.0,0.996555780951657,2153910.6148512866,0.0
1177860,0.0,0.0,0.996555780951657,2154809.879878048,0.0
1177920,0.0,0.0,0.996555780951657,2157919.440183861,0.0
1177980,0.0,0.0,0.996555780951657,2151562.317013931,0.0
1178040,0.0,0.0,0.996555780951657,2153386.8547520735,0.0
1178100,0.0,0.0,0.996555780951657,2152316.108981382,0.0
1178160,0.0,0.0,0.996555780951657,2154209.3747753357,0.0
1178220,0.0,0.0,0.996555780951657,2157815.3530788817,0.0
1178280,0.0,0.0,0.996555780951657,2154456.5920753474,0.0
1178340,0.0,0.0,0.996555780951657,2153490.036714973,0.0
1178400,0.0,0.0,0.996555780951657,2151870.6027074535,0.0
1178460,0.0,0.0,0.996555780951657,2153735.9845466665,0.0
1178520,0.0,0.0,0.996555780951657,2155781.616508966,0.0
1178580,0.0,0.0,0.996555780951657,2155897.6118341563,0.0
1178640,0.0,0.0,0.996555780951657,2151188.4592156187,0.0
1178700,0.0,0.0,0.996555780951657,2152570.211816117,0.0
1178760,0.0,0.0,0.996555780951657,2153647.1244417434,0.0
1178820,0.0,0.0,0.996555780951657,2154901.370207788,0.0
1178880,0.0,0.0,0.996555780951657,2157423.327434157,0.0
1178940,0.0,0.0,0.996555780951657,2150860.2991654165,0.0
1179000,0.0,0.0,0.996555780951657,2152743.3982915035,0.0
1179060,0.0,0.0,0.996555780951657,2152237.408366844,0.0
1179120,0.0,0.0,0.996555780951657,2156965.9125267914,0.0
1179180,0.0,0.0,0.996555780951657,2155238.45519422,0.0
1179240,0.0,0.0,0.996555780951657,2156540.3450253285,0.0
1179300,0.0,0.0,0.996555780951657,2152301.7762677707,0.0
1179360,0.0,0.0,0.996555780951657,2152192.0779276537,0.0
1179420,0.0,0.0,0.996555780951657,2154394.632035048,0.0
1179480,0.0,0.0,0.996555780951657,2155563.1615604167,0.0
1179540,0.0,0.0,0.996555780951657,2154218.7490173117,0.0
1179600,0.0,0.0,0.996555780951657,2154460.182254266,0.0
1179660,0.0,0.0,0.996555780951657,2150322.9610054116,0.0
1179720,0.0,0.0,0.996555780951657,2153228.890811144,0.0
1179780,0.0,0.0,0.996555780951657,2156959.8422773853,0.0
1179840,0.0,0.0,0.996555780951657,2155244.3059316673,0.0
1179900,0.0,0.0,0.996555780951657,2155261.005265771,0.0
1179960,0.0,0.0,0.996555780951657,2151571.965569575,0.0
1180020,0.0,0.0,0.996555780951657,2152500.2782131326,0.0
1180080,0.0,0.0,0.996555780951657,2155198.329965113,0.0
1180140,0.0,0.0,0.996555780951657,2155999.0973594976,0.0
1180200,0.0,0.0,0.996555780951657,2154307.9501675284,0.0
1180260,0.0,0.0,0.996555780951657,2150948.8675685227,0.0
1180320,0.0,0.0,0.996555780951657,2152410.6061589182,0.0
1180380,0.0,0.0,0.996555780951657,2156166.97099599,0.0
1180440,0.0,0.0,0.996555780951657,2155398.656494455,0.0
1180500,0.0,0.0,0.996555780951657,2155975.549121115,0.0
1180560,0.0,0.0,0.996555780951657,2150531.4696293552,0.0
1180620,0.0,0.0,0.996555780951657,2152796.0957681388,0.0
1180680,0.0,0.0,0.996555780951657,2153817.6447136886,0.0
1180740,0.0,0.0,0.996555780951657,2154826.348309681,0.0
1180800,0.0,0.0,0.996555780951657,2157605.99070439,0.0
1180860,0.0,0.0,0.996555780951657,2153686.219946508,0.0
1180920,0.0,0.0,0.996555780951657,2152449.5314607006,0.0
1180980,0.0,0.0,0.996555780951657,2152759.773295566,0.0
1181040,0.0,0.0,0.996555780951657,2154603.693811478,0.0
1181100,0.0,0.0,0.996555780951657,2155618.4838875444,0.0
1181160,0.0,0.0,0.996555780951657,2155478.404402673,0.0
1181220,0.0,0.0,0.996555780951657,2150187.3583982387,0.0
1181280,0.0,0.0,0.996555780951657,2152419.5376521624,0.0
1181340,0.0,0.0,0.996555780951657,2155070.319748064,0.0
1181400,0.0,0.0,0.996555780951657,2156188.439181149,0.0
1181460,0.0,0.0,0.996555780951657,2155396.7833829233,0.0
1181520,0.0,0.0,0.996555780951657,2152833.4883642658,0.0
1181580,0.0,0.0,0.996555780951657,2150580.140571896,0.0
1181640,0.0,0.0,0.996555780951657,2153251.456595728,0.0
1181700,0.0,0.0,0.996555780951657,2157366.942040632,0.0
1181760,0.0,0.0,0.996555780951657,2155071.5607263343,0.0
1181820,0.0,0.0,0.996555780951657,2155486.768224186,0.0
1181880,0.0,0.0,0.996555780951657,2151596.0749597987,0.0
1181940,0.0,0.0,0.996555780951657,2152583.4861402675,0.0
1182000,0.0,0.0,0.996555780951657,2155232.2492765663,0.0
1182060,0.0,0.0,0.996555780951657,2155930.5295195747,0.0
1182120,0.0,0.0,0.996555780951657,2153064.558650592,0.0
1182180,0.0,0.0,0.996555780951657,2153612.8839592314,0.0
1182240,0.0,0.0,0.996555780951657,2151489.5812538187,0.0
1182300,0.0,0.0,0.996555780951657,2153936.4141340735,0.0
1182360,0.0,0.0,0.996555780951657,2157496.837036326,0.0
1182420,0.0,0.0,0.996555780951657,2154866.0245335973,0.0
1182480,0.0,0.0,0.996555780951657,2153974.1861664713,0.0
1182540,0.0,0.0,0.996555780951657,2151513.318190534,0.0
1182600,0.0,0.0,0.996555780951657,2153277.2147839437,0.0
1182660,0.0,0.0,0.996555780951657,2158072.2546679326,0.0
1182720,0.0,0.0,0.996555780951657,2154883.1344370754,0.0
1182780,0.0,0.0,0.996555780951657,2155258.504358671,0.0
1182840,0.0,0.0,0.996555780951657,2149156.3557924,0.0
1182900,0.0,0.0,0.996555780951657,2152827.1371150212,0.0
1182960,0.0,0.0,0.996555780951657,2154655.8781582247,0.0
1183020,0.0,0.0,0.996555780951657,2155350.8543992913,0.0
1183080,0.0,0.0,0.996555780951657,2155478.906252883,0.0
1183140,0.0,0.0,0.996555780951657,2149853.8530419255,0.0
1183200,0.0,0.0,0.996555780951657,2152570.7694923887,0.0
1183260,0.0,0.0,0.996555780951657,2155331.2956602103,0.0
1183320,0.0,0.0,0.996555780951657,2155214.032267575,0.0
1183380,0.0,0.0,0.996555780951657,2156920.5558697865,0.0
1183440,0.0,0.0,0.996555780951657,2152797.2907700385,0.0
1183500,0.0,0.0,0.996555780951657,2151994.306592744,0.0
1183560,0.0,0.0,0.996555780951657,2153812.3902726094,0.0
1183620,0.0,0.0,0.996555780951657,2155342.5609769253,0.0
1183680,0.0,0.0,0.996555780951657,2155029.415569944,0.0
1183740,0.0,0.0,0.996555780951657,2154801.121899328,0.0
1183800,0.0,0.0,0.996555780951657,2150078.4064823575,0.0
1183860,0.0,0.0,0.996555780951657,2153242.181656925,0.0
1183920,0.0,0.0,0.996555780951657,2154491.468177178,0.0
1183980,0.0,0.0,0.996555780951657,2158272.487147813,0.0
1184040,0.0,0.0,0.996555780951657,2152222.501057762,0.0
1184100,0.0,0.0,0.996555780951657,2153765.727729654,0.0
1184160,0.0,0.0,0.996555780951657,2151553.1676420206,0.0
1184220,0.0,0.0,0.996555780951657,2153899.168119712,0.0
1184280,0.0,0.0,0.996555780951657,2157716.378015848,0.0
1184340,0.0,0.0,0.996555780951657,2154738.4362223614,0.0
1184400,0.0,0.0,0.996555780951657,2154082.016922764,0.0
1184460,0.0,0.0,0.996555780951657,2151599.221885792,0.0
1184520,0.0,0.0,0.996555780951657,2153331.6344473343,0.0
1184580,0.0,0.0,0.996555780951657,2155708.4775716937,0.0
1184640,0.0,0.0,0.996555780951657,2155988.4825180005,0.0
1184700,0.0,0.0,0.996555780951657,2151796.478314567,0.0
1184760,0.0,0.0,0.996555780951657,2152841.1537014227,0.0
1184820,0.0,0.0,0.996555780951657,2152927.40410878,0.0
1184880,0.0,0.0,0.996555780951657,2154625.8065630803,0.0
1184940,0.0,0.0,0.996555780951657,2157551.938563739,0.0
1185000,0.0,0.0,0.996555780951657,2154209.4529179265,0.0
1185060,0.0,0.0,0.996555780951657,2152808.7224462493,0.0
1185120,0.0,0.0,0.996555780951657,2152251.6742854365,0.0
1185180,0.0,0.0,0.996555780951657,2154188.793396871,0.0
1185240,0.0,0.0,0.996555780951657,2156593.093878615,0.0
1185300,0.0,0.0,0.996555780951657,2153572.1414270233,0.0
1185360,0.0,0.0,0.996555780951657,2152974.745491279,0.0
1185420,0.0,0.0,0.996555780951657,2151945.391600693,0.0
1185480,0.0,0.0,0.996555780951657,2153901.129881389,0.0
1185540,0.0,0.0,0.996555780951657,2155224.903692507,0.0
1185600,0.0,0.0,0.996555780951657,2154739.932149664,0.0
1185660,0.0,0.0,0.996555780951657,2154857.8226212235,0.0
1185720,0.0,0.0,0.996555780951657,2149935.798537324,0.0
1185780,0.0,0.0,0.996555780951657,2152921.3677725894,0.0
1185840,0.0,0.0,0.996555780951657,2156499.2787582045,0.0
1185900,0.0,0.0,0.996555780951657,2155318.3127938523,0.0
1185960,0.0,0.0,0.996555780951657,2155882.7075887457,0.0
1186020,0.0,0.0,0.996555780951657,2151934.5577355027,0.0
1186080,0.0,0.0,0.996555780951657,2152208.2585895476,0.0
1186140,0.0,0.0,0.996555780951657,2154784.8755937014,0.0
1186200,0.0,0.0,0.996555780951657,2155850.9566873233,0.0
1186260,0.0,0.0,0.996555780951657,2155187.1052658977,0.0
1186320,0.0,0.0,0.996555780951657,2151435.047532457,0.0
1186380,0.0,0.0,0.996555780951657,2152441.234411262,0.0
1186440,0.0,0.0,0.996555780951657,2155363.427084698,0.0
1186500,0.0,0.0,0.996555780951657,2155376.6986451945,0.0
1186560,0.0,0.0,0.996555780951657,2156062.972740239,0.0
1186620,0.0,0.0,0.996555780951657,2151163.065148069,0.0
1186680,0.0,0.0,0.996555780951657,2153084.231741012,0.0
1186740,0.0,0.0,0.996555780951657,2153039.211736746,0.0
1186800,0.0,0.0,0.996555780951657,2154557.783062788,0.0
1186860,0.0,0.0,0.996555780951657,2157767.396448688,0.0
1186920,0.0,0.0,0.996555780951657,2154085.2704855097,0.0
1186980,0.0,0.0,0.996555780951657,2152899.1641577655,0.0
1187040,0.0,0.0,0.996555780951657,2152283.423417817,0.0
1187100,0.0,0.0,0.996555780951657,2154191.4229245507,0.0
1187160,0.0,0.0,0.996555780951657,2155762.211854069,0.0
1187220,0.0,0.0,0.996555780951657,2155720.631622687,0.0
1187280,0.0,0.0,0.996555780951657,2150640.4679517476,0.0
1187340,0.0,0.0,0.996555780951657,2152397.642895234,0.0
1187400,0.0,0.0,0.996555780951657,2154388.493907431,0.0
1187460,0.0,0.0,0.996555780951657,2156287.6673593777,0.0
1187520,0.0,0.0,0.996555780951657,2155516.1671271836,0.0
1187580,0.0,0.0,0.996555780951657,2153599.2814400014,0.0
1187640,0.0,0.0,0.996555780951657,2149918.7796548996,0.0
1187700,0.0,0.0,0.996555780951657,2152985.674539242,0.0
1187760,0.0,0.0,0.996555780951657,2156937.581907684,0.0
1187820,0.0,0.0,0.996555780951657,2155146.9022114296,0.0
1187880,0.0,0.0,0.996555780951657,2156069.2800449505,0.0
1187940,0.0,0.0,0.996555780951657,2151910.516986705,0.0
1188000,0.0,0.0,0.996555780951657,2152320.5324560646,0.0
1188060,0.0,0.0,0.996555780951657,2154877.8184508467,0.0
1188120,0.0,0.0,0.996555780951657,2155798.188927737,0.0
1188180,0.0,0.0,0.996555780951657,2153662.911881691,0.0
1188240,0.0,0.0,0.996555780951657,2154004.5684365635,0.0
1188300,0.0,0.0,0.996555780951657,2150886.8295224137,0.0
1188360,0.0,0.0,0.996555780951657,2153592.3486711243,0.0
1188420,0.0,0.0,0.996555780951657,2157286.7394296653,0.0
1188480,0.0,0.0,0.996555780951657,2155093.138126527,0.0
1188540,0.0,0.0,0.996555780951657,2154575.983925943,0.0
1188600,0.0,0.0,0.996555780951657,2151427.93928027,0.0
1188660,0.0,0.0,0.996555780951657,2152878.9744893597,0.0
1188720,0.0,0.0,0.996555780951657,2157861.7405460505,0.0
1188780,0.0,0.0,0.996555780951657,2155092.4989343216,0.0
1188840,0.0,0.0,0.996555780951657,2155677.5797337163,0.0
1188900,0.0,0.0,0.996555780951657,2148791.385002891,0.0
1188960,0.0,0.0,0.996555780951657,2152404.1396807907,0.0
1189020,0.0,0.0,0.996555780951657,2154260.5080597573,0.0
1189080,0.0,0.0,0.996555780951657,2155550.58294592,0.0
1189140,0.0,0.0,0.996555780951657,2155679.765955569,0.0
1189200,0.0,0.0,0.996555780951657,2150210.753530095,0.0
1189260,0.0,0.0,0.996555780951657,2152561.219325302,0.0
1189320,0.0,0.0,0.996555780951657,2154665.0885224636,0.0
1189380,0.0,0.0,0.996555780951657,2155076.233492813,0.0
1189440,0.0,0.0,0.996555780951657,2157270.8251440558,0.0
1189500,0.0,0.0,0.996555780951657,2153220.594668387,0.0
1189560,0.0,0.0,0.996555780951657,2152096.9381100843,0.0
1189620,0.0,0.0,0.996555780951657,2153313.728635929,0.0
1189680,0.0,0.0,0.996555780951657,2155027.427555332,0.0
1189740,0.0,0.0,0.996555780951657,2155370.553218306,0.0
1189800,0.0,0.0,0.996555780951657,2155140.1133734724,0.0
1189860,0.0,0.0,0.996555780951657,2150023.5093775447,0.0
1189920,0.0,0.0,0.996555780951657,2152593.874772069,0.0
1189980,0.0,0.0,0.996555780951657,2154166.9860937297,0.0
1190040,0.0,0.0,0.996555780951657,2158470.06146966,0.0
1190100,0.0,0.0,0.996555780951657,2152847.449480301,0.0
1190160,0.0,0.0,0.996555780951657,2154134.435081081,0.0
1190220,0.0,0.0,0.996555780951657,2150881.813143462,0.0
1190280,0.0,0.0,0.996555780951657,2153600.8510401626,0.0
1190340,0.0,0.0,0.996555780951657,2157508.4404435037,0.0
1190400,0.0,0.0,0.996555780951657,2154953.3348351517,0.0
1190460,0.0,0.0,0.996555780951657,2154667.578550213,0.0
1190520,0.0,0.0,0.996555780951657,2151479.663262436,0.0
1190580,0.0,0.0,0.996555780951657,2152965.7088823696,0.0
1190640,0.0,0.0,0.996555780951657,2155545.565331983,0.0
1190700,0.0,0.0,0.996555780951657,2156010.148694932,0.0
1190760,0.0,0.0,0.996555780951657,2152410.4669249207,0.0
1190820,0.0,0.0,0.996555780951657,2153155.858521618,0.0
1190880,0.0,0.0,0.996555780951657,2152245.060608265,0.0
1190940,0.0,0.0,0.996555780951657,2154326.260648467,0.0
1191000,0.0,0.0,0.996555780951657,2157568.6928927596,0.0
1191060,0.0,0.0,0.996555780951657,2154550.8375003,0.0
1191120,0.0,0.0,0.996555780951657,2153305.2087016213,0.0
1191180,0.0,0.0,0.996555780951657,2151380.374718028,0.0
1191240,0.0,0.0,0.996555780951657,2153836.2452636682,0.0
1191300,0.0,0.0,0.996555780951657,2156371.7941177324,0.0
1191360,0.0,0.0,0.996555780951657,2154404.411614369,0.0
1191420,0.0,0.0,0.996555780951657,2153361.782309248,0.0
1191480,0.0,0.0,0.996555780951657,2152012.153534367,0.0
1191540,0.0,0.0,0.996555780951657,2153423.9508782597,0.0
1191600,0.0,0.0,0.996555780951657,2154931.6973575507,0.0
1191660,0.0,0.0,0.996555780951657,2155114.088346233,0.0
1191720,0.0,0.0,0.996555780951657,2155163.7123557567,0.0
1191780,0.0,0.0,0.996555780951657,2149787.03028195,0.0
1191840,0.0,0.0,0.996555780951657,2152704.8612402924,0.0
1191900,0.0,0.0,0.996555780951657,2155995.0339805167,0.0
1191960,0.0,0.0,0.996555780951657,2155323.4987314725,0.0
1192020,0.0,0.0,0.996555780951657,2156368.1085280324,0.0
1192080,0.0,0.0,0.996555780951657,2152310.254629137,0.0
1192140,0.0,0.0,0.996555780951657,2152034.9107035715,0.0
1192200,0.0,0.0,0.996555780951657,2154360.3131743185,0.0
1192260,0.0,0.0,0.996555780951657,2155660.5733304014,0.0
1192320,0.0,0.0,0.996555780951657,2155928.919411393,0.0
1192380,0.0,0.0,0.996555780951657,2151920.9961015773,0.0
1192440,0.0,0.0,0.996555780951657,2152596.368933816,0.0
1192500,0.0,0.0,0.996555780951657,2154544.734423033,0.0
1192560,0.0,0.0,0.996555780951657,2155273.4660652005,0.0
1192620,0.0,0.0,0.996555780951657,2156077.8593496378,0.0
1192680,0.0,0.0,0.996555780951657,2151793.3467558976,0.0
1192740,0.0,0.0,0.996555780951657,2153377.6280096397,0.0
1192800,0.0,0.0,0.996555780951657,2152338.974685423,0.0
1192860,0.0,0.0,0.996555780951657,2154288.419672214,0.0
1192920,0.0,0.0,0.996555780951657,2157795.6089143,0.0
1192980,0.0,0.0,0.996555780951657,2154411.0899780933,0.0
1193040,0.0,0.0,0.996555780951657,2153380.239027305,0.0
1193100,0.0,0.0,0.996555780951657,2151913.092073008,0.0
1193160,0.0,0.0,0.996555780951657,2153807.871920017,0.0
1193220,0.0,0.0,0.996555780951657,2155803.650487472,0.0
1193280,0.0,0.0,0.996555780951657,2155881.963924355,0.0
1193340,0.0,0.0,0.996555780951657,2151169.6762525546,0.0
1193400,0.0,0.0,0.996555780951657,2152505.0463740886,0.0
1193460,0.0,0.0,0.996555780951657,2153726.0785536054,0.0
1193520,0.0,0.0,0.996555780951657,2154952.0558095435,0.0
1193580,0.0,0.0,0.996555780951657,2157367.371261405,0.0
1193640,0.0,0.0,0.996555780951657,2150887.9669083883,0.0
1193700,0.0,0.0,0.996555780951657,2152677.0110931,0.0
1193760,0.0,0.0,0.996555780951657,2152294.5983011536,0.0
1193820,0.0,0.0,0.996555780951657,2156950.736228953,0.0
1193880,0.0,0.0,0.996555780951657,2155265.7114925357,0.0
1193940,0.0,0.0,0.996555780951657,2156443.3875957527,0.0
1194000,0.0,0.0,0.996555780951657,2152258.254220094,0.0
1194060,0.0,0.0,0.996555780951657,2152184.3578382144,0.0
1194120,0.0,0.0,0.996555780951657,2154434.6658416204,0.0
1194180,0.0,0.0,0.996555780951657,2155599.3957313937,0.0
1194240,0.0,0.0,0.996555780951657,2154216.7946215635,0.0
1194300,0.0,0.0,0.996555780951657,2154410.095033367,0.0
1194360,0.0,0.0,0.996555780951657,2150371.1393530057,0.0
1194420,0.0,0.0,0.996555780951657,2153250.168512297,0.0
1194480,0.0,0.0,0.996555780951657,2156962.0809532236,0.0
1194540,0.0,0.0,0.996555780951657,2155252.4612499136,0.0
1194600,0.0,0.0,0.996555780951657,2155196.7612993116,0.0
1194660,0.0,0.0,0.996555780951657,2151551.4192475933,0.0
1194720,0.0,0.0,0.996555780951657,2152515.116533118,0.0
1194780,0.0,0.0,0.996555780951657,2157500.825951364,0.0
1194840,0.0,0.0,0.996555780951657,2155219.0246718335,0.0
1194900,0.0,0.0,0.996555780951657,2156058.6724672825,0.0
1194960,0.0,0.0,0.996555780951657,2148658.4433204336,0.0
1195020,0.0,0.0,0.996555780951657,2152038.9243441047,0.0
1195080,0.0,0.0,0.996555780951657,2153837.404311553,0.0
1195140,0.0,0.0,0.996555780951657,2155644.754195685,0.0
1195200,0.0,0.0,0.996555780951657,2155824.5325225764,0.0
1195260,0.0,0.0,0.996555780951657,2150744.825375379,0.0
1195320,0.0,0.0,0.996555780951657,2152698.508439174,0.0
1195380,0.0,0.0,0.996555780951657,2153939.835483935,0.0
1195440,0.0,0.0,0.996555780951657,2154874.531333997,0.0
1195500,0.0,0.0,0.996555780951657,2157539.0361987264,0.0
1195560,0.0,0.0,0.996555780951657,2153642.6039126627,0.0
1195620,0.0,0.0,0.996555780951657,2152373.3798985374,0.0
1195680,0.0,0.0,0.996555780951657,2152809.9760647872,0.0
1195740,0.0,0.0,0.996555780951657,2154661.601662173,0.0
1195800,0.0,0.0,0.996555780951657,2155622.344355814,0.0
1195860,0.0,0.0,0.996555780951657,2155442.350242701,0.0
1195920,0.0,0.0,0.996555780951657,2150199.3043822753,0.0
1195980,0.0,0.0,0.996555780951657,2152410.1773743816,0.0
1196040,0.0,0.0,0.996555780951657,2155114.868040527,0.0
1196100,0.0,0.0,0.996555780951657,2156191.9866838013,0.0
1196160,0.0,0.0,0.996555780951657,2155390.3015677496,0.0
1196220,0.0,0.0,0.996555780951657,2152770.073474935,0.0
1196280,0.0,0.0,0.996555780951657,2150638.8936944357,0.0
1196340,0.0,0.0,0.996555780951657,2153273.8248123634,0.0
1196400,0.0,0.0,0.996555780951657,2157362.4170408235,0.0
1196460,0.0,0.0,0.996555780951657,2155080.4740311485,0.0
1196520,0.0,0.0,0.996555780951657,2155409.900230366,0.0
1196580,0.0,0.0,0.996555780951657,2151575.0832589027,0.0
1196640,0.0,0.0,0.996555780951657,2152599.1449055453,0.0
1196700,0.0,0.0,0.996555780951657,2155256.3648822447,0.0
1196760,0.0,0.0,0.996555780951657,2155947.4569943715,0.0
1196820,0.0,0.0,0.996555780951657,2153070.039002008,0.0
1196880,0.0,0.0,0.996555780951657,2153568.0791962654,0.0
1196940,0.0,0.0,0.996555780951657,2151524.4394635293,0.0
1197000,0.0,0.0,0.996555780951657,2153959.351180533,0.0
1197060,0.0,0.0,0.996555780951657,2157481.216452189,0.0
1197120,0.0,0.0,0.996555780951657,2154865.41969134,0.0
1197180,0.0,0.0,0.996555780951657,2153928.273857319,0.0
1197240,0.0,0.0,0.996555780951657,2150481.4773042887,0.0
1197300,0.0,0.0,0.996555780951657,2153432.379962807,0.0
1197360,0.0,0.0,0.996555780951657,2156040.391006909,0.0
1197420,0.0,0.0,0.996555780951657,2155226.5227083946,0.0
1197480,0.0,0.0,0.996555780951657,2153775.117438224,0.0
1197540,0.0,0.0,0.996555780951657,2152276.7086112616,0.0
1197600,0.0,0.0,0.996555780951657,2152898.9443619885,0.0
1197660,0.0,0.0,0.996555780951657,2154563.3461588765,0.0
1197720,0.0,0.0,0.996555780951657,2155413.070553374,0.0
1197780,0.0,0.0,0.996555780951657,2155456.785116037,0.0
1197840,0.0,0.0,0.996555780951657,2149841.4795356067,0.0
1197900,0.0,0.0,0.996555780951657,2152560.6479695346,0.0
1197960,0.0,0.0,0.996555780951657,2155373.444771471,0.0
1198020,0.0,0.0,0.996555780951657,2155248.772753969,0.0
1198080,0.0,0.0,0.996555780951657,2156840.4314064197,0.0
1198140,0.0,0.0,0.996555780951657,2152750.6605163272,0.0
1198200,0.0,0.0,0.996555780951657,2151973.8547184058,0.0
1198260,0.0,0.0,0.996555780951657,2153857.081145416,0.0
1198320,0.0,0.0,0.996555780951657,2155385.656212212,0.0
1198380,0.0,0.0,0.996555780951657,2156651.647292702,0.0
1198440,0.0,0.0,0.996555780951657,2152452.397138986,0.0
1198500,0.0,0.0,0.996555780951657,2152903.813872771,0.0
1198560,0.0,0.0,0.996555780951657,2153623.2172486926,0.0
1198620,0.0,0.0,0.996555780951657,2155060.599698726,0.0
1198680,0.0,0.0,0.996555780951657,2156019.786629943,0.0
1198740,0.0,0.0,0.996555780951657,2152456.704941832,0.0
1198800,0.0,0.0,0.996555780951657,2153735.2682670113,0.0
1198860,0.0,0.0,0.996555780951657,2151619.4445761573,0.0
1198920,0.0,0.0,0.996555780951657,2153972.9608404017,0.0
1198980,0.0,0.0,0.996555780951657,2157725.3852463006,0.0
1199040,0.0,0.0,0.996555780951657,2154705.930233509,0.0
1199100,0.0,0.0,0.996555780951657,2153960.8277519858,0.0
1199160,0.0,0.0,0.996555780951657,2151623.148091436,0.0
1199220,0.0,0.0,0.996555780951657,2153397.7790331836,0.0
1199280,0.0,0.0,0.996555780951657,2155741.113997456,0.0
1199340,0.0,0.0,0.996555780951657,2155987.2456733272,0.0
1199400,0.0,0.0,0.996555780951657,2151771.33235697,0.0
1199460,0.0,0.0,0.996555780951657,2152762.5209902185,0.0
1199520,0.0,0.0,0.996555780951657,2153012.2644474506,0.0
1199580,0.0,0.0,0.996555780951657,2154680.3293801756,0.0
1199640,0.0,0.0,0.996555780951657,2157508.8436049134,0.0
1199700,0.0,0.0,0.996555780951657,2151665.3747173063,0.0
1199760,0.0,0.0,0.996555780951657,2153018.6922767805,0.0
1199820,0.0,0.0,0.996555780951657,2151835.5324680596,0.0
1199880,0.0,0.0,0.996555780951657,2156537.107366375,0.0
1199940,0.0,0.0,0.996555780951657,2155192.37031783,0.0
1200000,0.0,0.0,0.996555780951657,2156943.8497767765,0.0
1200060,0.0,0.0,0.996555780951657,2152661.257462736,0.0
1200120,0.0,0.0,0.996555780951657,2152145.42598428,0.0
1200180,0.0,0.0,0.996555780951657,2153973.318852708,0.0
1200240,0.0,0.0,0.996555780951657,2155348.1918490026,0.0
1200300,0.0,0.0,0.996555780951657,2154690.3567175865,0.0
1200360,0.0,0.0,0.996555780951657,2154769.1285004555,0.0
1200420,0.0,0.0,0.996555780951657,2150023.4508408224,0.0
1200480,0.0,0.0,0.996555780951657,2152958.177099827,0.0
1200540,0.0,0.0,0.996555780951657,2156549.0398212727,0.0
1200600,0.0,0.0,0.996555780951657,2155336.658871696,0.0
1200660,0.0,0.0,0.996555780951657,2155752.994963426,0.0
1200720,0.0,0.0,0.996555780951657,2151868.7604722474,0.0
1200780,0.0,0.0,0.996555780951657,2152233.3997915564,0.0
1200840,0.0,0.0,0.996555780951657,2157004.787885961,0.0
1200900,0.0,0.0,0.996555780951657,2155263.095395671,0.0
1200960,0.0,0.0,0.996555780951657,2156355.857561226,0.0
1201020,0.0,0.0,0.996555780951657,2148839.898989846,0.0
1201080,0.0,0.0,0.996555780951657,2151788.631829964,0.0
1201140,0.0,0.0,0.996555780951657,2153436.0857082405,0.0
1201200,0.0,0.0,0.996555780951657,2155636.2639074707,0.0
1201260,0.0,0.0,0.996555780951657,2155901.982660224,0.0
1201320,0.0,0.0,0.996555780951657,2151330.353472467,0.0
1201380,0.0,0.0,0.996555780951657,2152938.580252454,0.0
1201440,0.0,0.0,0.996555780951657,2153220.5233387817,0.0
1201500,0.0,0.0,0.996555780951657,2154637.154991033,0.0
1201560,0.0,0.0,0.996555780951657,2157692.405463692,0.0
1201620,0.0,0.0,0.996555780951657,2154023.296468376,0.0
1201680,0.0,0.0,0.996555780951657,2152761.7561480585,0.0
1201740,0.0,0.0,0.996555780951657,2152356.9436537824,0.0
1201800,0.0,0.0,0.996555780951657,2154283.1809394155,0.0
1201860,0.0,0.0,0.996555780951657,2155772.6383661884,0.0
1201920,0.0,0.0,0.996555780951657,2155680.059778517,0.0
1201980,0.0,0.0,0.996555780951657,2150618.106359284,0.0
1202040,0.0,0.0,0.996555780951657,2152359.5456930674,0.0
1202100,0.0,0.0,0.996555780951657,2154482.68754116,0.0
1202160,0.0,0.0,0.996555780951657,2156294.8150816816,0.0
1202220,0.0,0.0,0.996555780951657,2155516.573346951,0.0
1202280,0.0,0.0,0.996555780951657,2153474.436409607,0.0
1202340,0.0,0.0,0.996555780951657,2150022.2877058494,0.0
1202400,0.0,0.0,0.996555780951657,2153011.9801875586,0.0
1202460,0.0,0.0,0.996555780951657,2156963.49456015,0.0
1202520,0.0,0.0,0.996555780951657,2155164.8765161466,0.0
1202580,0.0,0.0,0.996555780951657,2155951.2488721404,0.0
1202640,0.0,0.0,0.996555780951657,2151857.6209549797,0.0
1202700,0.0,0.0,0.996555780951657,2152337.9506296422,0.0
1202760,0.0,0.0,0.996555780951657,2154926.3574665063,0.0
1202820,0.0,0.0,0.996555780951657,2155833.216985515,0.0
1202880,0.0,0.0,0.996555780951657,2153647.2898333417,0.0
1202940,0.0,0.0,0.996555780951657,2153934.5698127933,0.0
1203000,0.0,0.0,0.996555780951657,2150953.865497264,0.0
1203060,0.0,0.0,0.996555780951657,2153630.7989103952,0.0
1203120,0.0,0.0,0.996555780951657,2157283.9027796746,0.0
1203180,0.0,0.0,0.996555780951657,2155090.5172240934,0.0
1203240,0.0,0.0,0.996555780951657,2154492.3835357255,0.0
1203300,0.0,0.0,0.996555780951657,2149776.928081617,0.0
1203360,0.0,0.0,0.996555780951657,2153084.4656687286,0.0
1203420,0.0,0.0,0.996555780951657,2155677.350091883,0.0
1203480,0.0,0.0,0.996555780951657,2155899.9571366003,0.0
1203540,0.0,0.0,0.996555780951657,2154119.334247855,0.0
1203600,0.0,0.0,0.996555780951657,2152647.1793284174,0.0
1203660,0.0,0.0,0.996555780951657,2152450.0945444917,0.0
1203720,0.0,0.0,0.996555780951657,2154214.818013282,0.0
1203780,0.0,0.0,0.996555780951657,2155601.2700660424,0.0
1203840,0.0,0.0,0.996555780951657,2155668.0518423743,0.0
1203900,0.0,0.0,0.996555780951657,2150159.6107637766,0.0
1203960,0.0,0.0,0.996555780951657,2152524.537606339,0.0
1204020,0.0,0.0,0.996555780951657,2154742.573197808,0.0
1204080,0.0,0.0,0.996555780951657,2155127.0930403317,0.0
1204140,0.0,0.0,0.996555780951657,2157181.4973340286,0.0
1204200,0.0,0.0,0.996555780951657,2153160.0689202496,0.0
1204260,0.0,0.0,0.996555780951657,2152046.8366740462,0.0
1204320,0.0,0.0,0.996555780951657,2153376.3042627457,0.0
1204380,0.0,0.0,0.996555780951657,2155089.6419387264,0.0
1204440,0.0,0.0,0.996555780951657,2155363.216951996,0.0
1204500,0.0,0.0,0.996555780951657,2155085.194927169,0.0
1204560,0.0,0.0,0.996555780951657,2150054.5435576695,0.0
1204620,0.0,0.0,0.996555780951657,2152653.848757519,0.0
1204680,0.0,0.0,0.996555780951657,2154220.076407025,0.0
1204740,0.0,0.0,0.996555780951657,2158388.798140582,0.0
1204800,0.0,0.0,0.996555780951657,2152856.482441147,0.0
1204860,0.0,0.0,0.996555780951657,2154063.295935942,0.0
1204920,0.0,0.0,0.996555780951657,2150957.073313628,0.0
1204980,0.0,0.0,0.996555780951657,2153634.6858564946,0.0
1205040,0.0,0.0,0.996555780951657,2157500.9023905396,0.0
1205100,0.0,0.0,0.996555780951657,2154952.0637978897,0.0
1205160,0.0,0.0,0.996555780951657,2154582.8588131554,0.0
1205220,0.0,0.0,0.996555780951657,2151476.1204220657,0.0
1205280,0.0,0.0,0.996555780951657,2152994.745845461,0.0
1205340,0.0,0.0,0.996555780951657,2155569.723713996,0.0
1205400,0.0,0.0,0.996555780951657,2156019.739974965,0.0
1205460,0.0,0.0,0.996555780951657,2152410.795371649,0.0
1205520,0.0,0.0,0.996555780951657,2153104.841155876,0.0
1205580,0.0,0.0,0.996555780951657,2152286.119336049,0.0
1205640,0.0,0.0,0.996555780951657,2154356.3155179457,0.0
1205700,0.0,0.0,0.996555780951657,2157546.1212936426,0.0
1205760,0.0,0.0,0.996555780951657,2152465.478161183,0.0
1205820,0.0,0.0,0.996555780951657,2153400.24470611,0.0
1205880,0.0,0.0,0.996555780951657,2151446.3125761645,0.0
1205940,0.0,0.0,0.996555780951657,2155982.1321316133,0.0
1206000,0.0,0.0,0.996555780951657,2155051.3177272896,0.0
1206060,0.0,0.0,0.996555780951657,2157380.609174729,0.0
1206120,0.0,0.0,0.996555780951657,2153083.876241735,0.0
1206180,0.0,0.0,0.996555780951657,2152250.259597042,0.0
1206240,0.0,0.0,0.996555780951657,2153472.8383115786,0.0
1206300,0.0,0.0,0.996555780951657,2155037.5852047605,0.0
1206360,0.0,0.0,0.996555780951657,2155090.154256272,0.0
1206420,0.0,0.0,0.996555780951657,2155106.8366078064,0.0
1206480,0.0,0.0,0.996555780951657,2149841.75556196,0.0
1206540,0.0,0.0,0.996555780951657,2152714.6366414228,0.0
1206600,0.0,0.0,0.996555780951657,2156038.4246269194,0.0
1206660,0.0,0.0,0.996555780951657,2155348.5884202924,0.0
1206720,0.0,0.0,0.996555780951657,2156278.3349687364,0.0
1206780,0.0,0.0,0.996555780951657,2152261.0446504457,0.0
1206840,0.0,0.0,0.996555780951657,2152035.2086510127,0.0
1206900,0.0,0.0,0.996555780951657,2154406.6873355783,0.0
1206960,0.0,0.0,0.996555780951657,2155698.6424515154,0.0
1207020,0.0,0.0,0.996555780951657,2155861.1195104853,0.0
1207080,0.0,0.0,0.996555780951657,2151901.6782860463,0.0
1207140,0.0,0.0,0.996555780951657,2152541.824736248,0.0
1207200,0.0,0.0,0.996555780951657,2154574.1475940184,0.0
1207260,0.0,0.0,0.996555780951657,2155305.8108913493,0.0
1207320,0.0,0.0,0.996555780951657,2156089.276849009,0.0
1207380,0.0,0.0,0.996555780951657,2151801.2731604925,0.0
1207440,0.0,0.0,0.996555780951657,2153321.6192847257,0.0
1207500,0.0,0.0,0.996555780951657,2152388.260295555,0.0
1207560,0.0,0.0,0.996555780951657,2154320.277797167,0.0
1207620,0.0,0.0,0.996555780951657,2157766.6274746303,0.0
1207680,0.0,0.0,0.996555780951657,2154400.439130671,0.0
1207740,0.0,0.0,0.996555780951657,2153323.09507142,0.0
1207800,0.0,0.0,0.996555780951657,2151925.979705166,0.0
1207860,0.0,0.0,0.996555780951657,2153836.4178204467,0.0
1207920,0.0,0.0,0.996555780951657,2155817.1550047714,0.0
1207980,0.0,0.0,0.996555780951657,2155876.8655044315,0.0
1208040,0.0,0.0,0.996555780951657,2151182.7128341137,0.0
1208100,0.0,0.0,0.996555780951657,2152473.2974189096,0.0
1208160,0.0,0.0,0.996555780951657,2153745.820353855,0.0
1208220,0.0,0.0,0.996555780951657,2156263.8212062544,0.0
1208280,0.0,0.0,0.996555780951657,2155580.0544925192,0.0
1208340,0.0,0.0,0.996555780951657,2154302.835907821,0.0
1208400,0.0,0.0,0.996555780951657,2149511.7795664347,0.0
1208460,0.0,0.0,0.996555780951657,2152786.2876817896,0.0
1208520,0.0,0.0,0.996555780951657,2156430.9038451184,0.0
1208580,0.0,0.0,0.996555780951657,2155176.448175922,0.0
1208640,0.0,0.0,0.996555780951657,2156513.161238417,0.0
1208700,0.0,0.0,0.996555780951657,2152251.156215452,0.0
1208760,0.0,0.0,0.996555780951657,2152146.0290012746,0.0
1208820,0.0,0.0,0.996555780951657,2154493.8427784042,0.0
1208880,0.0,0.0,0.996555780951657,2155634.433950895,0.0
1208940,0.0,0.0,0.996555780951657,2154209.121704302,0.0
1209000,0.0,0.0,0.996555780951657,2154344.284364154,0.0
1209060,0.0,0.0,0.996555780951657,2150433.447698825,0.0
1209120,0.0,0.0,0.996555780951657,2153281.883361129,0.0
1209180,0.0,0.0,0.996555780951657,2156970.99077709,0.0
1209240,0.0,0.0,0.996555780951657,2155258.637242563,0.0
1209300,0.0,0.0,0.996555780951657,2155112.3219776605,0.0
1209360,0.0,0.0,0.996555780951657,2149162.374002684,0.0
1209420,0.0,0.0,0.996555780951657,2152744.817045661,0.0
1209480,0.0,0.0,0.996555780951657,2155221.082987462,0.0
1209540,0.0,0.0,0.996555780951657,2156499.56713204,0.0
1209600,0.0,0.0,0.996555780951657,2154448.919247168,0.0
1209660,0.0,0.0,0.996555780951657,2153168.8279393106,0.0
1209720,0.0,0.0,0.996555780951657,2152028.048490837,0.0
1209780,0.0,0.0,0.996555780951657,2153824.0662086345,0.0
1209840,0.0,0.0,0.996555780951657,2155691.4712540465,0.0
1209900,0.0,0.0,0.996555780951657,2155836.059915732,0.0
1209960,0.0,0.0,0.996555780951657,2150680.4355388824,0.0
1210020,0.0,0.0,0.996555780951657,2152628.660499953,0.0
1210080,0.0,0.0,0.996555780951657,2154029.888969945,0.0
1210140,0.0,0.0,0.996555780951657,2154932.5938727697,0.0
1210200,0.0,0.0,0.996555780951657,2157463.9125015205,0.0
1210260,0.0,0.0,0.996555780951657,2153587.5375477057,0.0
1210320,0.0,0.0,0.996555780951657,2152296.271853707,0.0
1210380,0.0,0.0,0.996555780951657,2152869.5944956183,0.0
1210440,0.0,0.0,0.996555780951657,2154728.0400476884,0.0
1210500,0.0,0.0,0.996555780951657,2155623.026662788,0.0
1210560,0.0,0.0,0.996555780951657,2155398.4397672997,0.0
1210620,0.0,0.0,0.996555780951657,2150209.493900232,0.0
1210680,0.0,0.0,0.996555780951657,2152018.5915547577,0.0
1210740,0.0,0.0,0.996555780951657,2153872.841599991,0.0
1210800,0.0,0.0,0.996555780951657,2158469.6632942175,0.0
1210860,0.0,0.0,0.996555780951657,2153446.279813178,0.0
1210920,0.0,0.0,0.996555780951657,2154444.4068567604,0.0
1210980,0.0,0.0,0.996555780951657,2150359.4493814576,0.0
1211040,0.0,0.0,0.996555780951657,2153335.8976853816,0.0
1211100,0.0,0.0,0.996555780951657,2157198.8853807915,0.0
1211160,0.0,0.0,0.996555780951657,2155114.9960695365,0.0
1211220,0.0,0.0,0.996555780951657,2155181.348386849,0.0
1211280,0.0,0.0,0.996555780951657,2151521.6738327704,0.0
1211340,0.0,0.0,0.996555780951657,2152653.3075335505,0.0
1211400,0.0,0.0,0.996555780951657,2155317.713787106,0.0
1211460,0.0,0.0,0.996555780951657,2155981.125008651,0.0
1211520,0.0,0.0,0.996555780951657,2153026.588864504,0.0
1211580,0.0,0.0,0.996555780951657,2153465.6741124126,0.0
1211640,0.0,0.0,0.996555780951657,2151630.6513679563,0.0
1211700,0.0,0.0,0.996555780951657,2154024.6096522114,0.0
1211760,0.0,0.0,0.996555780951657,2157467.4916125867,0.0
1211820,0.0,0.0,0.996555780951657,2153228.152025064,0.0
1211880,0.0,0.0,0.996555780951657,2153766.287795696,0.0
1211940,0.0,0.0,0.996555780951657,2151181.2630069377,0.0
1212000,0.0,0.0,0.996555780951657,2155327.704511957,0.0
1212060,0.0,0.0,0.996555780951657,2154867.5344429403,0.0
1212120,0.0,0.0,0.996555780951657,2157698.1835683384,0.0
1212180,0.0,0.0,0.996555780951657,2153479.2284924383,0.0
1212240,0.0,0.0,0.996555780951657,2152500.460771827,0.0
1212300,0.0,0.0,0.996555780951657,2152989.99959004,0.0
1212360,0.0,0.0,0.996555780951657,2154703.7916215686,0.0
1212420,0.0,0.0,0.996555780951657,2155391.6230055434,0.0
1212480,0.0,0.0,0.996555780951657,2155387.416933682,0.0
1212540,0.0,0.0,0.996555780951657,2149880.655430536,0.0
1212600,0.0,0.0,0.996555780951657,2152553.243133387,0.0
1212660,0.0,0.0,0.996555780951657,2155469.1657905425,0.0
1212720,0.0,0.0,0.996555780951657,2155295.9154005777,0.0
1212780,0.0,0.0,0.996555780951657,2156717.200170718,0.0
1212840,0.0,0.0,0.996555780951657,2152669.6634775964,0.0
1212900,0.0,0.0,0.996555780951657,2151950.7876036325,0.0
1212960,0.0,0.0,0.996555780951657,2153938.9815998827,0.0
1213020,0.0,0.0,0.996555780951657,2155454.5242038523,0.0
1213080,0.0,0.0,0.996555780951657,2156533.2809934416,0.0
1213140,0.0,0.0,0.996555780951657,2152406.874151598,0.0
1213200,0.0,0.0,0.996555780951657,2152805.2664766596,0.0
1213260,0.0,0.0,0.996555780951657,2153712.988894978,0.0
1213320,0.0,0.0,0.996555780951657,2155116.078446282,0.0
1213380,0.0,0.0,0.996555780951657,2156049.118250913,0.0
1213440,0.0,0.0,0.996555780951657,2152438.656559954,0.0
1213500,0.0,0.0,0.996555780951657,2153649.5439030863,0.0
1213560,0.0,0.0,0.996555780951657,2151712.2973150276,0.0
1213620,0.0,0.0,0.996555780951657,2154023.744094282,0.0
1213680,0.0,0.0,0.996555780951657,2157702.938989182,0.0
1213740,0.0,0.0,0.996555780951657,2154689.08306756,0.0
1213800,0.0,0.0,0.996555780951657,2153859.300359582,0.0
1213860,0.0,0.0,0.996555780951657,2151640.136634969,0.0
1213920,0.0,0.0,0.996555780951657,2153446.0074807038,0.0
1213980,0.0,0.0,0.996555780951657,2155765.273743861,0.0
1214040,0.0,0.0,0.996555780951657,2155985.7828469956,0.0
1214100,0.0,0.0,0.996555780951657,2151761.5843841573,0.0
1214160,0.0,0.0,0.996555780951657,2152703.2860862333,0.0
1214220,0.0,0.0,0.996555780951657,2153068.797968097,0.0
1214280,0.0,0.0,0.996555780951657,2156114.1853690366,0.0
1214340,0.0,0.0,0.996555780951657,2155579.6354917437,0.0
1214400,0.0,0.0,0.996555780951657,2155046.9063890553,0.0
1214460,0.0,0.0,0.996555780951657,2149283.571789844,0.0
1214520,0.0,0.0,0.996555780951657,2152653.2821653765,0.0
1214580,0.0,0.0,0.996555780951657,2155853.5853197165,0.0
1214640,0.0,0.0,0.996555780951657,2155133.0076338155,0.0
1214700,0.0,0.0,0.996555780951657,2156941.6418339396,0.0
1214760,0.0,0.0,0.996555780951657,2152634.2197878454,0.0
1214820,0.0,0.0,0.996555780951657,2152070.258585197,0.0
1214880,0.0,0.0,0.996555780951657,2154054.62742788,0.0
1214940,0.0,0.0,0.996555780951657,2155404.7795234136,0.0
1215000,0.0,0.0,0.996555780951657,2154674.24688362,0.0
1215060,0.0,0.0,0.996555780951657,2154693.0939907013,0.0
1215120,0.0,0.0,0.996555780951657,2150092.469208426,0.0
1215180,0.0,0.0,0.996555780951657,2152990.674721527,0.0
1215240,0.0,0.0,0.996555780951657,2156582.200683179,0.0
1215300,0.0,0.0,0.996555780951657,2155351.892450602,0.0
1215360,0.0,0.0,0.996555780951657,2155645.537300227,0.0
1215420,0.0,0.0,0.996555780951657,2151816.2848558733,0.0
1215480,0.0,0.0,0.996555780951657,2152255.5111201447,0.0
1215540,0.0,0.0,0.996555780951657,2156991.941074282,0.0
1215600,0.0,0.0,0.996555780951657,2155290.042156768,0.0
1215660,0.0,0.0,0.996555780951657,2156305.637371826,0.0
1215720,0.0,0.0,0.996555780951657,2148911.1509049693,0.0
1215780,0.0,0.0,0.996555780951657,2151801.027489815,0.0
1215840,0.0,0.0,0.996555780951657,2153486.043714167,0.0
1215900,0.0,0.0,0.996555780951657,2155660.615012758,0.0
1215960,0.0,0.0,0.996555780951657,2155904.882343211,0.0
1216020,0.0,0.0,0.996555780951657,2151331.22676013,0.0
1216080,0.0,0.0,0.996555780951657,2152880.7015368193,0.0
1216140,0.0,0.0,0.996555780951657,2153273.56548971,0.0
1216200,0.0,0.0,0.996555780951657,2154673.789299136,0.0
1216260,0.0,0.0,0.996555780951657,2157652.5728723407,0.0
1216320,0.0,0.0,0.996555780951657,2154001.919454534,0.0
1216380,0.0,0.0,0.996555780951657,2152705.475255442,0.0
1216440,0.0,0.0,0.996555780951657,2152380.5891279476,0.0
1216500,0.0,0.0,0.996555780951657,2154319.404594721,0.0
1216560,0.0,0.0,0.996555780951657,2155783.257884868,0.0
1216620,0.0,0.0,0.996555780951657,2155664.330776116,0.0
1216680,0.0,0.0,0.996555780951657,2150638.444330402,0.0
1216740,0.0,0.0,0.996555780951657,2151427.76427986,0.0
1216800,0.0,0.0,0.996555780951657,2153516.1309690606,0.0
1216860,0.0,0.0,0.996555780951657,2158415.349268678,0.0
1216920,0.0,0.0,0.996555780951657,2153984.24725919,0.0
1216980,0.0,0.0,0.996555780951657,2154821.905018567,0.0
1217040,0.0,0.0,0.996555780951657,2149869.3316738363,0.0
1217100,0.0,0.0,0.996555780951657,2153060.813879778,0.0
1217160,0.0,0.0,0.996555780951657,2156788.1844745767,0.0
1217220,0.0,0.0,0.996555780951657,2155210.8750710427,0.0
1217280,0.0,0.0,0.996555780951657,2155777.6424611523,0.0
1217340,0.0,0.0,0.996555780951657,2151791.8754257797,0.0
1217400,0.0,0.0,0.996555780951657,2152364.105308962,0.0
1217460,0.0,0.0,0.996555780951657,2154976.191867412,0.0
1217520,0.0,0.0,0.996555780951657,2155870.1652277936,0.0
1217580,0.0,0.0,0.996555780951657,2153626.151052461,0.0
1217640,0.0,0.0,0.996555780951657,2153860.1003804808,0.0
1217700,0.0,0.0,0.996555780951657,2151024.9729110757,0.0
1217760,0.0,0.0,0.996555780951657,2153673.1989840837,0.0
1217820,0.0,0.0,0.996555780951657,2157281.4804944335,0.0
1217880,0.0,0.0,0.996555780951657,2155085.6545458687,0.0
1217940,0.0,0.0,0.996555780951657,2154403.9528683764,0.0
1218000,0.0,0.0,0.996555780951657,2149858.130824625,0.0
1218060,0.0,0.0,0.996555780951657,2153115.715941313,0.0
1218120,0.0,0.0,0.996555780951657,2155718.3314657975,0.0
1218180,0.0,0.0,0.996555780951657,2155877.886171442,0.0
1218240,0.0,0.0,0.996555780951657,2154094.8574239537,0.0
1218300,0.0,0.0,0.996555780951657,2152583.0429041823,0.0
1218360,0.0,0.0,0.996555780951657,2152478.775201528,0.0
1218420,0.0,0.0,0.996555780951657,2154254.750662262,0.0
1218480,0.0,0.0,0.996555780951657,2155613.4944790127,0.0
1218540,0.0,0.0,0.996555780951657,2155652.453966484,0.0
1218600,0.0,0.0,0.996555780951657,2150178.896612456,0.0
1218660,0.0,0.0,0.996555780951657,2152501.89245029,0.0
1218720,0.0,0.0,0.996555780951657,2154767.158772546,0.0
1218780,0.0,0.0,0.996555780951657,2155152.0820376286,0.0
1218840,0.0,0.0,0.996555780951657,2157137.761513111,0.0
1218900,0.0,0.0,0.996555780951657,2153139.6253215563,0.0
1218960,0.0,0.0,0.996555780951657,2152022.654258634,0.0
1219020,0.0,0.0,0.996555780951657,2153394.718169912,0.0
1219080,0.0,0.0,0.996555780951657,2155115.038558136,0.0
1219140,0.0,0.0,0.996555780951657,2157180.085982345,0.0
1219200,0.0,0.0,0.996555780951657,2152949.7145663523,0.0
1219260,0.0,0.0,0.996555780951657,2153208.6990607455,0.0
1219320,0.0,0.0,0.996555780951657,2152745.445808785,0.0
1219380,0.0,0.0,0.996555780951657,2154809.6237852033,0.0
1219440,0.0,0.0,0.996555780951657,2155924.0649984116,0.0
1219500,0.0,0.0,0.996555780951657,2153096.6534810346,0.0
1219560,0.0,0.0,0.996555780951657,2154040.402018243,0.0
1219620,0.0,0.0,0.996555780951657,2151028.0285527147,0.0
1219680,0.0,0.0,0.996555780951657,2153684.738353235,0.0
1219740,0.0,0.0,0.996555780951657,2157529.665466862,0.0
1219800,0.0,0.0,0.996555780951657,2154937.867239301,0.0
1219860,0.0,0.0,0.996555780951657,2154491.156777372,0.0
1219920,0.0,0.0,0.996555780951657,2151476.3754225303,0.0
1219980,0.0,0.0,0.996555780951657,2153036.402350654,0.0
1220040,0.0,0.0,0.996555780951657,2155600.957541225,0.0
1220100,0.0,0.0,0.996555780951657,2156029.0221818276,0.0
1220160,0.0,0.0,0.996555780951657,2152398.44183616,0.0
1220220,0.0,0.0,0.996555780951657,2153039.882264785,0.0
1220280,0.0,0.0,0.996555780951657,2152346.1647436214,0.0
1220340,0.0,0.0,0.996555780951657,2155828.5714124045,0.0
1220400,0.0,0.0,0.996555780951657,2155506.982332879,0.0
1220460,0.0,0.0,0.996555780951657,2155833.7184955752,0.0
1220520,0.0,0.0,0.996555780951657,2149313.315901613,0.0
1220580,0.0,0.0,0.996555780951657,2152620.9449316347,0.0
1220640,0.0,0.0,0.996555780951657,2155165.434556179,0.0
1220700,0.0,0.0,0.996555780951657,2155016.444543205,0.0
1220760,0.0,0.0,0.996555780951657,2157335.2407408794,0.0
1220820,0.0,0.0,0.996555780951657,2153057.964788632,0.0
1220880,0.0,0.0,0.996555780951657,2152128.726506802,0.0
1220940,0.0,0.0,0.996555780951657,2153554.988397568,0.0
1221000,0.0,0.0,0.996555780951657,2155102.68309125,0.0
1221060,0.0,0.0,0.996555780951657,2155080.8839575383,0.0
1221120,0.0,0.0,0.996555780951657,2155041.927461162,0.0
1221180,0.0,0.0,0.996555780951657,2149893.179219067,0.0
1221240,0.0,0.0,0.996555780951657,2152731.4412484304,0.0
1221300,0.0,0.0,0.996555780951657,2156086.5549450503,0.0
1221360,0.0,0.0,0.996555780951657,2155374.692197468,0.0
1221420,0.0,0.0,0.996555780951657,2156176.2737869928,0.0
1221480,0.0,0.0,0.996555780951657,2152203.744271917,0.0
1221540,0.0,0.0,0.996555780951657,2152040.1557142204,0.0
1221600,0.0,0.0,0.996555780951657,2156379.960561058,0.0
1221660,0.0,0.0,0.996555780951657,2155258.8259378043,0.0
1221720,0.0,0.0,0.996555780951657,2156551.9963644147,0.0
1221780,0.0,0.0,0.996555780951657,2149408.5425543874,0.0
1221840,0.0,0.0,0.996555780951657,2151666.7429480143,0.0
1221900,0.0,0.0,0.996555780951657,2153085.8830141034,0.0
1221960,0.0,0.0,0.996555780951657,2155554.431094819,0.0
1222020,0.0,0.0,0.996555780951657,2155929.467022657,0.0
1222080,0.0,0.0,0.996555780951657,2151953.53854713,0.0
1222140,0.0,0.0,0.996555780951657,2153182.977196711,0.0
1222200,0.0,0.0,0.996555780951657,2152546.00071944,0.0
1222260,0.0,0.0,0.996555780951657,2154393.3166206903,0.0
1222320,0.0,0.0,0.996555780951657,2157716.3593618125,0.0
1222380,0.0,0.0,0.996555780951657,2154357.30591132,0.0
1222440,0.0,0.0,0.996555780951657,2153187.329525848,0.0
1222500,0.0,0.0,0.996555780951657,2151976.570349919,0.0
1222560,0.0,0.0,0.996555780951657,2153915.6687717885,0.0
1222620,0.0,0.0,0.996555780951657,2155838.1838760427,0.0
1222680,0.0,0.0,0.996555780951657,2155854.7144101523,0.0
1222740,0.0,0.0,0.996555780951657,2151240.1191787026,0.0
1222800,0.0,0.0,0.996555780951657,2150963.6501710657,0.0
1222860,0.0,0.0,0.996555780951657,2153195.343362362,0.0
1222920,0.0,0.0,0.996555780951657,2158210.717732404,0.0
1222980,0.0,0.0,0.996555780951657,2154437.1132902177,0.0
1223040,0.0,0.0,0.996555780951657,2155148.6072539743,0.0
1223100,0.0,0.0,0.996555780951657,2149563.2913534087,0.0
1223160,0.0,0.0,0.996555780951657,2152846.678272493,0.0
1223220,0.0,0.0,0.996555780951657,2156299.5488156504,0.0
1223280,0.0,0.0,0.996555780951657,2155239.7989580873,0.0
1223340,0.0,0.0,0.996555780951657,2156301.6556931254,0.0
1223400,0.0,0.0,0.996555780951657,2152147.441647778,0.0
1223460,0.0,0.0,0.996555780951657,2152163.4540036125,0.0
1223520,0.0,0.0,0.996555780951657,2154582.5155993938,0.0
1223580,0.0,0.0,0.996555780951657,2155702.5268005445,0.0
1223640,0.0,0.0,0.996555780951657,2154165.4781754394,0.0
1223700,0.0,0.0,0.996555780951657,2154238.4309098837,0.0
1223760,0.0,0.0,0.996555780951657,2150536.066825857,0.0
1223820,0.0,0.0,0.996555780951657,2153341.195643427,0.0
1223880,0.0,0.0,0.996555780951657,2156997.520600861,0.0
1223940,0.0,0.0,0.996555780951657,2155258.772042303,0.0
1224000,0.0,0.0,0.996555780951657,2154974.72044007,0.0
1224060,0.0,0.0,0.996555780951657,2149291.7632014644,0.0
1224120,0.0,0.0,0.996555780951657,2152786.3646315136,0.0
1224180,0.0,0.0,0.996555780951657,2155300.0794718773,0.0
1224240,0.0,0.0,0.996555780951657,2156444.04335893,0.0
1224300,0.0,0.0,0.996555780951657,2154414.3956996063,0.0
1224360,0.0,0.0,0.996555780951657,2153051.2425672146,0.0
1224420,0.0,0.0,0.996555780951657,2152072.012157095,0.0
1224480,0.0,0.0,0.996555780951657,2153887.691759871,0.0
1224540,0.0,0.0,0.996555780951657,2155709.918716252,0.0
1224600,0.0,0.0,0.996555780951657,2155820.916240634,0.0
1224660,0.0,0.0,0.996555780951657,2150677.4671486896,0.0
1224720,0.0,0.0,0.996555780951657,2152574.872560692,0.0
1224780,0.0,0.0,0.996555780951657,2154095.8448150065,0.0
1224840,0.0,0.0,0.996555780951657,2154975.731530355,0.0
1224900,0.0,0.0,0.996555780951657,2157404.885425143,0.0
1224960,0.0,0.0,0.996555780951657,2153548.9857826955,0.0
1225020,0.0,0.0,0.996555780951657,2152240.0770433587,0.0
1225080,0.0,0.0,0.996555780951657,2152910.4326740773,0.0
1225140,0.0,0.0,0.996555780951657,2154776.158255121,0.0
1225200,0.0,0.0,0.996555780951657,2157636.1635144,0.0
1225260,0.0,0.0,0.996555780951657,2153426.035448747,0.0
1225320,0.0,0.0,0.996555780951657,2153609.1432738523,0.0
1225380,0.0,0.0,0.996555780951657,2151866.5242107688,0.0
1225440,0.0,0.0,0.996555780951657,2154472.1666622907,0.0
1225500,0.0,0.0,0.996555780951657,2155755.8398475214,0.0
1225560,0.0,0.0,0.996555780951657,2153675.9675739952,0.0
1225620,0.0,0.0,0.996555780951657,2154378.4649571925,0.0
1225680,0.0,0.0,0.996555780951657,2150497.80206282,0.0
1225740,0.0,0.0,0.996555780951657,2153387.8018314345,0.0
1225800,0.0,0.0,0.996555780951657,2157256.5507969786,0.0
1225860,0.0,0.0,0.996555780951657,2155108.7704742374,0.0
1225920,0.0,0.0,0.996555780951657,2155056.5123648997,0.0
1225980,0.0,0.0,0.996555780951657,2151493.8594388845,0.0
1226040,0.0,0.0,0.996555780951657,2152697.787035701,0.0
1226100,0.0,0.0,0.996555780951657,2155367.269821868,0.0
1226160,0.0,0.0,0.996555780951657,2156004.7254145546,0.0
1226220,0.0,0.0,0.996555780951657,2152997.448679333,0.0
1226280,0.0,0.0,0.996555780951657,2153379.9486652655,0.0
1226340,0.0,0.0,0.996555780951657,2151715.208003488,0.0
1226400,0.0,0.0,0.996555780951657,2154078.584780432,0.0
1226460,0.0,0.0,0.996555780951657,2157451.9049406867,0.0
1226520,0.0,0.0,0.996555780951657,2153231.694979412,0.0
1226580,0.0,0.0,0.996555780951657,2153703.3418992246,0.0
1226640,0.0,0.0,0.996555780951657,2151205.9977066875,0.0
1226700,0.0,0.0,0.996555780951657,2155344.844977692,0.0
1226760,0.0,0.0,0.996555780951657,2154910.847566395,0.0
1226820,0.0,0.0,0.996555780951657,2157625.741060067,0.0
1226880,0.0,0.0,0.996555780951657,2153443.4996755063,0.0
1226940,0.0,0.0,0.996555780951657,2152441.383390679,0.0
1227000,0.0,0.0,0.996555780951657,2153028.469657865,0.0
1227060,0.0,0.0,0.996555780951657,2154749.6399013605,0.0
1227120,0.0,0.0,0.996555780951657,2155398.0395879853,0.0
1227180,0.0,0.0,0.996555780951657,2155358.267752154,0.0
1227240,0.0,0.0,0.996555780951657,2149907.9607134354,0.0
1227300,0.0,0.0,0.996555780951657,2152546.422240008,0.0
1227360,0.0,0.0,0.996555780951657,2155493.8700875244,0.0
1227420,0.0,0.0,0.996555780951657,2155319.4700057674,0.0
1227480,0.0,0.0,0.996555780951657,2156662.5258949646,0.0
1227540,0.0,0.0,0.996555780951657,2152641.4623108585,0.0
1227600,0.0,0.0,0.996555780951657,2151938.2322899248,0.0
1227660,0.0,0.0,0.996555780951657,2155640.7776471055,0.0
1227720,0.0,0.0,0.996555780951657,2155141.166254996,0.0
1227780,0.0,0.0,0.996555780951657,2156725.0524986032,0.0
1227840,0.0,0.0,0.996555780951657,2150113.634484277,0.0
1227900,0.0,0.0,0.996555780951657,2151714.5270096473,0.0
1227960,0.0,0.0,0.996555780951657,2152708.8771000705,0.0
1228020,0.0,0.0,0.996555780951657,2155343.4878987074,0.0
1228080,0.0,0.0,0.996555780951657,2155884.9889568742,0.0
1228140,0.0,0.0,0.996555780951657,2152594.9227066636,0.0
1228200,0.0,0.0,0.996555780951657,2153539.6638128995,0.0
1228260,0.0,0.0,0.996555780951657,2151824.0377185764,0.0
1228320,0.0,0.0,0.996555780951657,2154076.4341624333,0.0
1228380,0.0,0.0,0.996555780951657,2157673.958006038,0.0
1228440,0.0,0.0,0.996555780951657,2154670.7098580077,0.0
1228500,0.0,0.0,0.996555780951657,2153750.458850236,0.0
1228560,0.0,0.0,0.996555780951657,2151660.3649144624,0.0
1228620,0.0,0.0,0.996555780951657,2153498.3964942526,0.0
1228680,0.0,0.0,0.996555780951657,2155789.851163307,0.0
1228740,0.0,0.0,0.996555780951657,2155982.1354126404,0.0
1228800,0.0,0.0,0.996555780951657,2151747.778538955,0.0
1228860,0.0,0.0,0.996555780951657,2152641.7389563518,0.0
1228920,0.0,0.0,0.996555780951657,2153130.0670026047,0.0
1228980,0.0,0.0,0.996555780951657,2156129.0768188373,0.0
1229040,0.0,0.0,0.996555780951657,2155599.1579184285,0.0
1229100,0.0,0.0,0.996555780951657,2154961.9505464,0.0
1229160,0.0,0.0,0.996555780951657,2149342.5658861287,0.0
1229220,0.0,0.0,0.996555780951657,2152643.0003338763,0.0
1229280,0.0,0.0,0.996555780951657,2155878.238916678,0.0
1229340,0.0,0.0,0.996555780951657,2155158.690060015,0.0
1229400,0.0,0.0,0.996555780951657,2156875.998699662,0.0
1229460,0.0,0.0,0.996555780951657,2152602.866627119,0.0
1229520,0.0,0.0,0.996555780951657,2152055.798175375,0.0
1229580,0.0,0.0,0.996555780951657,2154082.4915769524,0.0
1229640,0.0,0.0,0.996555780951657,2155434.875947899,0.0
1229700,0.0,0.0,0.996555780951657,2154680.0799023896,0.0
1229760,0.0,0.0,0.996555780951657,2154658.458583257,0.0
1229820,0.0,0.0,0.996555780951657,2150125.243917237,0.0
1229880,0.0,0.0,0.996555780951657,2153000.3807318425,0.0
1229940,0.0,0.0,0.996555780951657,2156583.4018488657,0.0
1230000,0.0,0.0,0.996555780951657,2155363.9097339227,0.0
1230060,0.0,0.0,0.996555780951657,2155599.853630388,0.0
1230120,0.0,0.0,0.996555780951657,2148857.3910562294,0.0
1230180,0.0,0.0,0.996555780951657,2152487.6373374974,0.0
1230240,0.0,0.0,0.996555780951657,2154778.7462633327,0.0
1230300,0.0,0.0,0.996555780951657,2156926.178318585,0.0
1230360,0.0,0.0,0.996555780951657,2154711.4499189723,0.0
1230420,0.0,0.0,0.996555780951657,2153668.9108369285,0.0
1230480,0.0,0.0,0.996555780951657,2151722.6151447264,0.0
1230540,0.0,0.0,0.996555780951657,2153480.4616899407,0.0
1230600,0.0,0.0,0.996555780951657,2155697.5678584934,0.0
1230660,0.0,0.0,0.996555780951657,2155936.7396783214,0.0
1230720,0.0,0.0,0.996555780951657,2151275.8559652227,0.0
1230780,0.0,0.0,0.996555780951657,2152816.0494456817,0.0
1230840,0.0,0.0,0.996555780951657,2153340.8054208546,0.0
1230900,0.0,0.0,0.996555780951657,2154721.400570114,0.0
1230960,0.0,0.0,0.996555780951657,2157604.8091941234,0.0
1231020,0.0,0.0,0.996555780951657,2153968.8353389804,0.0
1231080,0.0,0.0,0.996555780951657,2152634.8885649,0.0
1231140,0.0,0.0,0.996555780951657,2152416.8613323513,0.0
1231200,0.0,0.0,0.996555780951657,2154368.902344895,0.0
1231260,0.0,0.0,0.996555780951657,2158006.4201262877,0.0
1231320,0.0,0.0,0.996555780951657,2153890.274439091,0.0
1231380,0.0,0.0,0.996555780951657,2154089.5218242942,0.0
1231440,0.0,0.0,0.996555780951657,2150959.079620267,0.0
1231500,0.0,0.0,0.996555780951657,2154049.82406717,0.0
1231560,0.0,0.0,0.996555780951657,2155507.139651529,0.0
1231620,0.0,0.0,0.996555780951657,2154222.6800054875,0.0
1231680,0.0,0.0,0.996555780951657,2154733.6730390918,0.0
1231740,0.0,0.0,0.996555780951657,2150045.2904602443,0.0
1231800,0.0,0.0,0.996555780951657,2153095.028104019,0.0
1231860,0.0,0.0,0.996555780951657,2156870.124932021,0.0
1231920,0.0,0.0,0.996555780951657,2155218.787258968,0.0
1231980,0.0,0.0,0.996555780951657,2155652.5255943537,0.0
1232040,0.0,0.0,0.996555780951657,2151733.433560568,0.0
1232100,0.0,0.0,0.996555780951657,2152392.374311394,0.0
1232160,0.0,0.0,0.996555780951657,2155034.0807641875,0.0
1232220,0.0,0.0,0.996555780951657,2155906.499507275,0.0
1232280,0.0,0.0,0.996555780951657,2153598.0555239394,0.0
1232340,0.0,0.0,0.996555780951657,2153774.9188253675,0.0
1232400,0.0,0.0,0.996555780951657,2151106.8396979864,0.0
1232460,0.0,0.0,0.996555780951657,2153723.7933059237,0.0
1232520,0.0,0.0,0.996555780951657,2157280.2499650223,0.0
1232580,0.0,0.0,0.996555780951657,2153952.1223773146,0.0
1232640,0.0,0.0,0.996555780951657,2154076.388598722,0.0
1232700,0.0,0.0,0.996555780951657,2151054.093328843,0.0
1232760,0.0,0.0,0.996555780951657,2154599.79748739,0.0
1232820,0.0,0.0,0.996555780951657,2154678.366395403,0.0
1232880,0.0,0.0,0.996555780951657,2157862.056265836,0.0
1232940,0.0,0.0,0.996555780951657,2153829.539422119,0.0
1233000,0.0,0.0,0.996555780951657,2152816.4403201253,0.0
1233060,0.0,0.0,0.996555780951657,2152555.6158505334,0.0
1233120,0.0,0.0,0.996555780951657,2154379.533915573,0.0
1233180,0.0,0.0,0.996555780951657,2155610.7260035607,0.0
1233240,0.0,0.0,0.996555780951657,2155603.856426269,0.0
1233300,0.0,0.0,0.996555780951657,2150183.249781061,0.0
1233360,0.0,0.0,0.996555780951657,2152469.007975567,0.0
1233420,0.0,0.0,0.996555780951657,2154861.5087161073,0.0
1233480,0.0,0.0,0.996555780951657,2155203.7221660595,0.0
1233540,0.0,0.0,0.996555780951657,2157041.1540307566,0.0
1233600,0.0,0.0,0.996555780951657,2153071.3078809804,0.0
1233660,0.0,0.0,0.996555780951657,2151975.706833374,0.0
1233720,0.0,0.0,0.996555780951657,2154830.761077249,0.0
1233780,0.0,0.0,0.996555780951657,2154961.700398901,0.0
1233840,0.0,0.0,0.996555780951657,2156805.3853116073,0.0
1233900,0.0,0.0,0.996555780951657,2150922.038368141,0.0
1233960,0.0,0.0,0.996555780951657,2151964.642713719,0.0
1234020,0.0,0.0,0.996555780951657,2152400.794150621,0.0
1234080,0.0,0.0,0.996555780951657,2155057.3050139276,0.0
1234140,0.0,0.0,0.996555780951657,2155782.0223374926,0.0
1234200,0.0,0.0,0.996555780951657,2153203.2185891634,0.0
1234260,0.0,0.0,0.996555780951657,2153896.5680622496,0.0
1234320,0.0,0.0,0.996555780951657,2151182.134105756,0.0
1234380,0.0,0.0,0.996555780951657,2153761.6180363735,0.0
1234440,0.0,0.0,0.996555780951657,2157521.2285440974,0.0
1234500,0.0,0.0,0.996555780951657,2154918.58714444,0.0
1234560,0.0,0.0,0.996555780951657,2154321.4435654213,0.0
1234620,0.0,0.0,0.996555780951657,2151482.4335290957,0.0
1234680,0.0,0.0,0.996555780951657,2153110.836200466,0.0
1234740,0.0,0.0,0.996555780951657,2155649.8951440146,0.0
1234800,0.0,0.0,0.996555780951657,2156038.4324309938,0.0
1234860,0.0,0.0,0.996555780951657,2152352.308341227,0.0
1234920,0.0,0.0,0.996555780951657,2152938.856285632,0.0
1234980,0.0,0.0,0.996555780951657,2152455.9745315067,0.0
1235040,0.0,0.0,0.996555780951657,2155867.843386896,0.0
1235100,0.0,0.0,0.996555780951657,2155546.028843714,0.0
1235160,0.0,0.0,0.996555780951657,2155689.2143771746,0.0
1235220,0.0,0.0,0.996555780951657,2149372.312800218,0.0
1235280,0.0,0.0,0.996555780951657,2152586.486251785,0.0
1235340,0.0,0.0,0.996555780951657,2155236.3283306765,0.0
1235400,0.0,0.0,0.996555780951657,2155060.379807382,0.0
1235460,0.0,0.0,0.996555780951657,2157244.8360310965,0.0
1235520,0.0,0.0,0.996555780951657,2153003.8608112233,0.0
1235580,0.0,0.0,0.996555780951657,2152088.2520653773,0.0
1235640,0.0,0.0,0.996555780951657,2153609.9912247835,0.0
1235700,0.0,0.0,0.996555780951657,2155157.16282082,0.0
1235760,0.0,0.0,0.996555780951657,2155076.029029847,0.0
1235820,0.0,0.0,0.996555780951657,2154991.728995703,0.0
1235880,0.0,0.0,0.996555780951657,2149935.721861989,0.0
1235940,0.0,0.0,0.996555780951657,2152743.662858924,0.0
1236000,0.0,0.0,0.996555780951657,2156115.4806621387,0.0
1236060,0.0,0.0,0.996555780951657,2155395.270423883,0.0
1236120,0.0,0.0,0.996555780951657,2156100.4488346563,0.0
1236180,0.0,0.0,0.996555780951657,2148740.042580555,0.0
1236240,0.0,0.0,0.996555780951657,2152299.7824334796,0.0
1236300,0.0,0.0,0.996555780951657,2154279.093694733,0.0
1236360,0.0,0.0,0.996555780951657,2157225.263945277,0.0
1236420,0.0,0.0,0.996555780951657,2154929.065262484,0.0
1236480,0.0,0.0,0.996555780951657,2154254.4071036763,0.0
1236540,0.0,0.0,0.996555780951657,2151526.3558014156,0.0
1236600,0.0,0.0,0.996555780951657,2153132.592399986,0.0
1236660,0.0,0.0,0.996555780951657,2155597.2146161054,0.0
1236720,0.0,0.0,0.996555780951657,2155979.9354086826,0.0
1236780,0.0,0.0,0.996555780951657,2151879.540408007,0.0
1236840,0.0,0.0,0.996555780951657,2153092.1459469413,0.0
1236900,0.0,0.0,0.996555780951657,2152647.705200994,0.0
1236960,0.0,0.0,0.996555780951657,2154456.5216161157,0.0
1237020,0.0,0.0,0.996555780951657,2157674.3698158124,0.0
1237080,0.0,0.0,0.996555780951657,2154319.6595665314,0.0
1237140,0.0,0.0,0.996555780951657,2153081.948728414,0.0
1237200,0.0,0.0,0.996555780951657,2152018.3528274014,0.0
1237260,0.0,0.0,0.996555780951657,2153981.034003187,0.0
1237320,0.0,0.0,0.996555780951657,2155855.4092990346,0.0
1237380,0.0,0.0,0.996555780951657,2155834.4527960764,0.0
1237440,0.0,0.0,0.996555780951657,2151213.6092065847,0.0
1237500,0.0,0.0,0.996555780951657,2151012.937483407,0.0
1237560,0.0,0.0,0.996555780951657,2153231.8441941277,0.0
1237620,0.0,0.0,0.996555780951657,2158166.0011347947,0.0
1237680,0.0,0.0,0.996555780951657,2154449.156949829,0.0
1237740,0.0,0.0,0.996555780951657,2155098.201332184,0.0
1237800,0.0,0.0,0.996555780951657,2149622.928214453,0.0
1237860,0.0,0.0,0.996555780951657,2152853.2729625823,0.0
1237920,0.0,0.0,0.996555780951657,2156324.3375062803,0.0
1237980,0.0,0.0,0.996555780951657,2155260.082446836,0.0
1238040,0.0,0.0,0.996555780951657,2156222.908442142,0.0
1238100,0.0,0.0,0.996555780951657,2152110.9805329344,0.0
1238160,0.0,0.0,0.996555780951657,2152164.6204177435,0.0
1238220,0.0,0.0,0.996555780951657,2154614.890719439,0.0
1238280,0.0,0.0,0.996555780951657,2155731.0786027634,0.0
1238340,0.0,0.0,0.996555780951657,2154165.10107106,0.0
1238400,0.0,0.0,0.996555780951657,2154192.166336888,0.0
1238460,0.0,0.0,0.996555780951657,2150576.1697630393,0.0
1238520,0.0,0.0,0.996555780951657,2153362.057742912,0.0
1238580,0.0,0.0,0.996555780951657,2156995.6027671928,0.0
1238640,0.0,0.0,0.996555780951657,2154614.669991324,0.0
1238700,0.0,0.0,0.996555780951657,2154439.5176515323,0.0
1238760,0.0,0.0,0.996555780951657,2151070.02083725,0.0
1238820,0.0,0.0,0.996555780951657,2153766.137920704,0.0
1238880,0.0,0.0,0.996555780951657,2154397.9054027805,0.0
1238940,0.0,0.0,0.996555780951657,2157996.174538896,0.0
1239000,0.0,0.0,0.996555780951657,2154189.0783968004,0.0
1239060,0.0,0.0,0.996555780951657,2153310.559766855,0.0
1239120,0.0,0.0,0.996555780951657,2152123.5640055556,0.0
1239180,0.0,0.0,0.996555780951657,2153979.257712739,0.0
1239240,0.0,0.0,0.996555780951657,2155722.1647464545,0.0
1239300,0.0,0.0,0.996555780951657,2155796.5453626565,0.0
1239360,0.0,0.0,0.996555780951657,2150680.9770871056,0.0
1239420,0.0,0.0,0.996555780951657,2152522.526052715,0.0
1239480,0.0,0.0,0.996555780951657,2154167.401150078,0.0
1239540,0.0,0.0,0.996555780951657,2155020.5249769883,0.0
1239600,0.0,0.0,0.996555780951657,2157342.6663140287,0.0
1239660,0.0,0.0,0.996555780951657,2153506.5089197904,0.0
1239720,0.0,0.0,0.996555780951657,2152182.824517296,0.0
1239780,0.0,0.0,0.996555780951657,2152955.4253372643,0.0
1239840,0.0,0.0,0.996555780951657,2154827.4392158613,0.0
1239900,0.0,0.0,0.996555780951657,2157564.9621024146,0.0
1239960,0.0,0.0,0.996555780951657,2153411.0555081973,0.0
1240020,0.0,0.0,0.996555780951657,2153532.7821442713,0.0
1240080,0.0,0.0,0.996555780951657,2151928.7617738517,0.0
1240140,0.0,0.0,0.996555780951657,2154511.3067058655,0.0
1240200,0.0,0.0,0.996555780951657,2155789.3655233155,0.0
1240260,0.0,0.0,0.996555780951657,2153679.9180119606,0.0
1240320,0.0,0.0,0.996555780951657,2154329.5444338047,0.0
1240380,0.0,0.0,0.996555780951657,2150547.775634666,0.0
1240440,0.0,0.0,0.996555780951657,2153409.2053044303,0.0
1240500,0.0,0.0,0.996555780951657,2157251.474611911,0.0
1240560,0.0,0.0,0.996555780951657,2155114.8624481596,0.0
1240620,0.0,0.0,0.996555780951657,2154993.615567107,0.0
1240680,0.0,0.0,0.996555780951657,2151481.6990863737,0.0
1240740,0.0,0.0,0.996555780951657,2152713.374838392,0.0
1240800,0.0,0.0,0.996555780951657,2155386.1860636286,0.0
1240860,0.0,0.0,0.996555780951657,2156016.657468338,0.0
1240920,0.0,0.0,0.996555780951657,2153005.196107388,0.0
1240980,0.0,0.0,0.996555780951657,2153340.590747288,0.0
1241040,0.0,0.0,0.996555780951657,2151741.776733375,0.0
1241100,0.0,0.0,0.996555780951657,2155461.6370269107,0.0
1241160,0.0,0.0,0.996555780951657,2155409.5476903473,0.0
1241220,0.0,0.0,0.996555780951657,2156456.1253914875,0.0
1241280,0.0,0.0,0.996555780951657,2149742.8400349165,0.0
1241340,0.0,0.0,0.996555780951657,2152672.8956167214,0.0
1241400,0.0,0.0,0.996555780951657,2154474.4247683226,0.0
1241460,0.0,0.0,0.996555780951657,2154881.133178428,0.0
1241520,0.0,0.0,0.996555780951657,2157572.0381945977,0.0
1241580,0.0,0.0,0.996555780951657,2153439.7716615316,0.0
1241640,0.0,0.0,0.996555780951657,2152300.9014535868,0.0
1241700,0.0,0.0,0.996555780951657,2153085.4030617275,0.0
1241760,0.0,0.0,0.996555780951657,2154800.4967048923,0.0
1241820,0.0,0.0,0.996555780951657,2155402.0138378013,0.0
1241880,0.0,0.0,0.996555780951657,2155318.602736514,0.0
1241940,0.0,0.0,0.996555780951657,2149934.3514606906,0.0
1242000,0.0,0.0,0.996555780951657,2152543.527335548,0.0
1242060,0.0,0.0,0.996555780951657,2155533.018484409,0.0
1242120,0.0,0.0,0.996555780951657,2155347.5361472955,0.0
1242180,0.0,0.0,0.996555780951657,2156591.7837620713,0.0
1242240,0.0,0.0,0.996555780951657,2148908.785532208,0.0
1242300,0.0,0.0,0.996555780951657,2152222.398376674,0.0
1242360,0.0,0.0,0.996555780951657,2153715.3964601615,0.0
1242420,0.0,0.0,0.996555780951657,2157397.7482885052,0.0
1242480,0.0,0.0,0.996555780951657,2155096.626737269,0.0
1242540,0.0,0.0,0.996555780951657,2154916.256203746,0.0
1242600,0.0,0.0,0.996555780951657,2151487.643917604,0.0
1242660,0.0,0.0,0.996555780951657,2152792.364961433,0.0
1242720,0.0,0.0,0.996555780951657,2155388.9195235847,0.0
1242780,0.0,0.0,0.996555780951657,2155955.405953423,0.0
1242840,0.0,0.0,0.996555780951657,2152520.944719004,0.0
1242900,0.0,0.0,0.996555780951657,2153443.7072593025,0.0
1242960,0.0,0.0,0.996555780951657,2151930.3559885677,0.0
1243020,0.0,0.0,0.996555780951657,2154139.413779506,0.0
1243080,0.0,0.0,0.996555780951657,2157649.5458076946,0.0
1243140,0.0,0.0,0.996555780951657,2154643.7784929867,0.0
1243200,0.0,0.0,0.996555780951657,2153634.3589369664,0.0
1243260,0.0,0.0,0.996555780951657,2151687.220126871,0.0
1243320,0.0,0.0,0.996555780951657,2153560.343133867,0.0
1243380,0.0,0.0,0.996555780951657,2155816.277899224,0.0
1243440,0.0,0.0,0.996555780951657,2155974.888275823,0.0
1243500,0.0,0.0,0.996555780951657,2151933.236507884,0.0
1243560,0.0,0.0,0.996555780951657,2150673.8965496635,0.0
1243620,0.0,0.0,0.996555780951657,2152929.2072978723,0.0
1243680,0.0,0.0,0.996555780951657,2157839.669915927,0.0
1243740,0.0,0.0,0.996555780951657,2154824.649738228,0.0
1243800,0.0,0.0,0.996555780951657,2155402.779638023,0.0
1243860,0.0,0.0,0.996555780951657,2149495.5017302325,0.0
1243920,0.0,0.0,0.996555780951657,2152693.473242281,0.0
1243980,0.0,0.0,0.996555780951657,2155758.0655710585,0.0
1244040,0.0,0.0,0.996555780951657,2155228.354914261,0.0
1244100,0.0,0.0,0.996555780951657,2156706.345159064,0.0
1244160,0.0,0.0,0.996555780951657,2152508.8683349555,0.0
1244220,0.0,0.0,0.996555780951657,2152049.121709346,0.0
1244280,0.0,0.0,0.996555780951657,2154164.195149323,0.0
1244340,0.0,0.0,0.996555780951657,2155505.0485246154,0.0
1244400,0.0,0.0,0.996555780951657,2154650.8677868927,0.0
1244460,0.0,0.0,0.996555780951657,2154571.911218788,0.0
1244520,0.0,0.0,0.996555780951657,2150201.055205817,0.0
1244580,0.0,0.0,0.996555780951657,2153041.843221351,0.0
1244640,0.0,0.0,0.996555780951657,2156620.1937327767,0.0
1244700,0.0,0.0,0.996555780951657,2155172.2637824826,0.0
1244760,0.0,0.0,0.996555780951657,2154750.2538499963,0.0
1244820,0.0,0.0,0.996555780951657,2151280.82889198,0.0
1244880,0.0,0.0,0.996555780951657,2152920.5587986535,0.0
1244940,0.0,0.0,0.996555780951657,2154107.8231109995,0.0
1245000,0.0,0.0,0.996555780951657,2158003.45075415,0.0
1245060,0.0,0.0,0.996555780951657,2154490.0236046733,0.0
1245120,0.0,0.0,0.996555780951657,2153844.7489986015,0.0
1245180,0.0,0.0,0.996555780951657,2151790.3637762694,0.0
1245240,0.0,0.0,0.996555780951657,2153593.3600282604,0.0
1245300,0.0,0.0,0.996555780951657,2155732.3985690675,0.0
1245360,0.0,0.0,0.996555780951657,2155920.113234828,0.0
1245420,0.0,0.0,0.996555780951657,2151243.4152071453,0.0
1245480,0.0,0.0,0.996555780951657,2152712.8322104784,0.0
1245540,0.0,0.0,0.996555780951657,2153470.5823620167,0.0
1245600,0.0,0.0,0.996555780951657,2154794.9367166203,0.0
1245660,0.0,0.0,0.996555780951657,2157533.567152186,0.0
1245720,0.0,0.0,0.996555780951657,2153906.2776635876,0.0
1245780,0.0,0.0,0.996555780951657,2152524.211058167,0.0
1245840,0.0,0.0,0.996555780951657,2152486.793093514,0.0
1245900,0.0,0.0,0.996555780951657,2154452.8777294857,0.0
1245960,0.0,0.0,0.996555780951657,2157905.4199363836,0.0
1246020,0.0,0.0,0.996555780951657,2153859.546511313,0.0
1246080,0.0,0.0,0.996555780951657,2153970.575522232,0.0
1246140,0.0,0.0,0.996555780951657,2151084.702438222,0.0
1246200,0.0,0.0,0.996555780951657,2154118.3523939126,0.0
1246260,0.0,0.0,0.996555780951657,2155568.240055691,0.0
1246320,0.0,0.0,0.996555780951657,2154209.089200308,0.0
1246380,0.0,0.0,0.996555780951657,2154664.8575355383,0.0
1246440,0.0,0.0,0.996555780951657,2150120.9605045775,0.0
1246500,0.0,0.0,0.996555780951657,2153124.3271087944,0.0
1246560,0.0,0.0,0.996555780951657,2156890.457081822,0.0
1246620,0.0,0.0,0.996555780951657,2155230.675650688,0.0
1246680,0.0,0.0,0.996555780951657,2155550.3427587147,0.0
1246740,0.0,0.0,0.996555780951657,2151690.1283999663,0.0
1246800,0.0,0.0,0.996555780951657,2152414.0809545936,0.0
1246860,0.0,0.0,0.996555780951657,2155074.477305976,0.0
1246920,0.0,0.0,0.996555780951657,2155933.1087462055,0.0
1246980,0.0,0.0,0.996555780951657,2153584.894121763,0.0
1247040,0.0,0.0,0.996555780951657,2153710.6198344305,0.0
1247100,0.0,0.0,0.996555780951657,2151164.161605585,0.0
1247160,0.0,0.0,0.996555780951657,2154997.3942055493,0.0
1247220,0.0,0.0,0.996555780951657,2155240.4133453155,0.0
1247280,0.0,0.0,0.996555780951657,2157060.413768165,0.0
1247340,0.0,0.0,0.996555780951657,2150304.634382741,0.0
1247400,0.0,0.0,0.996555780951657,2152868.8541277093,0.0
1247460,0.0,0.0,0.996555780951657,2153742.2794468007,0.0
1247520,0.0,0.0,0.996555780951657,2154680.5083112293,0.0
1247580,0.0,0.0,0.996555780951657,2157756.643767199,0.0
1247640,0.0,0.0,0.996555780951657,2153815.4057592284,0.0
1247700,0.0,0.0,0.996555780951657,2152627.3986099367,0.0
1247760,0.0,0.0,0.996555780951657,2152624.282757225,0.0
1247820,0.0,0.0,0.996555780951657,2154451.097052423,0.0
1247880,0.0,0.0,0.996555780951657,2155617.9072118234,0.0
1247940,0.0,0.0,0.996555780951657,2155565.123246149,0.0
1248000,0.0,0.0,0.996555780951657,2150184.2695641774,0.0
1248060,0.0,0.0,0.996555780951657,2152446.498323806,0.0
1248120,0.0,0.0,0.996555780951657,2154931.555233975,0.0
1248180,0.0,0.0,0.996555780951657,2155246.3443127526,0.0
1248240,0.0,0.0,0.996555780951657,2156959.4652869846,0.0
1248300,0.0,0.0,0.996555780951657,2153015.9242981593,0.0
1248360,0.0,0.0,0.996555780951657,2151940.457303155,0.0
1248420,0.0,0.0,0.996555780951657,2154865.0295219133,0.0
1248480,0.0,0.0,0.996555780951657,2155007.3237402,0.0
1248540,0.0,0.0,0.996555780951657,2156792.059551678,0.0
1248600,0.0,0.0,0.996555780951657,2150948.5213718787,0.0
1248660,0.0,0.0,0.996555780951657,2151919.113152939,0.0
1248720,0.0,0.0,0.996555780951657,2152424.645591658,0.0
1248780,0.0,0.0,0.996555780951657,2155096.2529961346,0.0
1248840,0.0,0.0,0.996555780951657,2155811.012202411,0.0
1248900,0.0,0.0,0.996555780951657,2153197.8349950197,0.0
1248960,0.0,0.0,0.996555780951657,2153835.728031263,0.0
1249020,0.0,0.0,0.996555780951657,2151240.5287634935,0.0
1249080,0.0,0.0,0.996555780951657,2153793.800284812,0.0
1249140,0.0,0.0,0.996555780951657,2157508.586017109,0.0
1249200,0.0,0.0,0.996555780951657,2154915.5678722826,0.0
1249260,0.0,0.0,0.996555780951657,2154251.3338031904,0.0
1249320,0.0,0.0,0.996555780951657,2151483.3351034364,0.0
1249380,0.0,0.0,0.996555780951657,2153138.1161525617,0.0
1249440,0.0,0.0,0.996555780951657,2155669.4207346085,0.0
1249500,0.0,0.0,0.996555780951657,2156043.6268546265,0.0
1249560,0.0,0.0,0.996555780951657,2152756.796093913,0.0
1249620,0.0,0.0,0.996555780951657,2150523.787949583,0.0
1249680,0.0,0.0,0.996555780951657,2152675.5938040996,0.0
1249740,0.0,0.0,0.996555780951657,2157374.6737561375,0.0
1249800,0.0,0.0,0.996555780951657,2155107.678558615,0.0
1249860,0.0,0.0,0.996555780951657,2155665.023219653,0.0
1249920,0.0,0.0,0.996555780951657,2149606.476165635,0.0
1249980,0.0,0.0,0.996555780951657,2152631.022964187,0.0
1250040,0.0,0.0,0.996555780951657,2155107.2156955013,0.0
1250100,0.0,0.0,0.996555780951657,2155126.600509457,0.0
1250160,0.0,0.0,0.996555780951657,2157131.1874836925,0.0
1250220,0.0,0.0,0.996555780951657,2152935.587011452,0.0
1250280,0.0,0.0,0.996555780951657,2152062.6584376423,0.0
1250340,0.0,0.0,0.996555780951657,2153667.797624889,0.0
1250400,0.0,0.0,0.996555780951657,2155215.71186539,0.0
1250460,0.0,0.0,0.996555780951657,2155067.4321519863,0.0
1250520,0.0,0.0,0.996555780951657,2154936.7436665883,0.0
1250580,0.0,0.0,0.996555780951657,2149980.197300855,0.0
1250640,0.0,0.0,0.996555780951657,2152759.6265091733,0.0
1250700,0.0,0.0,0.996555780951657,2156147.064948959,0.0
1250760,0.0,0.0,0.996555780951657,2155415.581651452,0.0
1250820,0.0,0.0,0.996555780951657,2156019.9154273653,0.0
1250880,0.0,0.0,0.996555780951657,2148817.128047933,0.0
1250940,0.0,0.0,0.996555780951657,2152298.86691722,0.0
1251000,0.0,0.0,0.996555780951657,2154332.1695610895,0.0
1251060,0.0,0.0,0.996555780951657,2157194.2765565943,0.0
1251120,0.0,0.0,0.996555780951657,2154925.983193394,0.0
1251180,0.0,0.0,0.996555780951657,2154169.5221226215,0.0
1251240,0.0,0.0,0.996555780951657,2151529.949924652,0.0
1251300,0.0,0.0,0.996555780951657,2153161.133234326,0.0
1251360,0.0,0.0,0.996555780951657,2155619.089993529,0.0
1251420,0.0,0.0,0.996555780951657,2155987.0925515885,0.0
1251480,0.0,0.0,0.996555780951657,2151887.013057886,0.0
1251540,0.0,0.0,0.996555780951657,2153044.3387712785,0.0
1251600,0.0,0.0,0.996555780951657,2152684.234072963,0.0
1251660,0.0,0.0,0.996555780951657,2154484.2930994397,0.0
1251720,0.0,0.0,0.996555780951657,2157647.0885394793,0.0
1251780,0.0,0.0,0.996555780951657,2154310.093554368,0.0
1251840,0.0,0.0,0.996555780951657,2153036.5083686137,0.0
1251900,0.0,0.0,0.996555780951657,2152029.3511293936,0.0
1251960,0.0,0.0,0.996555780951657,2154005.552392229,0.0
1252020,0.0,0.0,0.996555780951657,2158151.909444749,0.0
1252080,0.0,0.0,0.996555780951657,2154286.524746749,0.0
1252140,0.0,0.0,0.996555780951657,2154488.1747328495,0.0
1252200,0.0,0.0,0.996555780951657,2150224.21571693,0.0
1252260,0.0,0.0,0.996555780951657,2153642.6106700273,0.0
1252320,0.0,0.0,0.996555780951657,2155256.1495559197,0.0
1252380,0.0,0.0,0.996555780951657,2154693.7096502003,0.0
1252440,0.0,0.0,0.996555780951657,2155012.919247752,0.0
1252500,0.0,0.0,0.996555780951657,2149804.341776185,0.0
1252560,0.0,0.0,0.996555780951657,2152861.0651164176,0.0
1252620,0.0,0.0,0.996555780951657,2156404.9362048814,0.0
1252680,0.0,0.0,0.996555780951657,2155276.0578914788,0.0
1252740,0.0,0.0,0.996555780951657,2156133.245444411,0.0
1252800,0.0,0.0,0.996555780951657,2152064.4615253145,0.0
1252860,0.0,0.0,0.996555780951657,2152170.0688454704,0.0
1252920,0.0,0.0,0.996555780951657,2154660.2773587685,0.0
1252980,0.0,0.0,0.996555780951657,2155766.166447219,0.0
1253040,0.0,0.0,0.996555780951657,2154153.8386215493,0.0
1253100,0.0,0.0,0.996555780951657,2154130.864601048,0.0
1253160,0.0,0.0,0.996555780951657,2150630.4623767915,0.0
1253220,0.0,0.0,0.996555780951657,2154418.3861539373,0.0
1253280,0.0,0.0,0.996555780951657,2154997.5469410922,0.0
1253340,0.0,0.0,0.996555780951657,2157633.0749275703,0.0
1253400,0.0,0.0,0.996555780951657,2150938.674228458,0.0
1253460,0.0,0.0,0.996555780951657,2153170.132013234,0.0
1253520,0.0,0.0,0.996555780951657,2152940.4457918922,0.0
1253580,0.0,0.0,0.996555780951657,2154417.846060626,0.0
1253640,0.0,0.0,0.996555780951657,2157860.950972952,0.0
1253700,0.0,0.0,0.996555780951657,2154183.6201933403,0.0
1253760,0.0,0.0,0.996555780951657,2153098.190789887,0.0
1253820,0.0,0.0,0.996555780951657,2152179.266641495,0.0
1253880,0.0,0.0,0.996555780951657,2154052.0520571414,0.0
1253940,0.0,0.0,0.996555780951657,2155739.4804687602,0.0
1254000,0.0,0.0,0.996555780951657,2155772.9050057307,0.0
1254060,0.0,0.0,0.996555780951657,2150665.9128392395,0.0
1254120,0.0,0.0,0.996555780951657,2152471.9480765364,0.0
1254180,0.0,0.0,0.996555780951657,2154248.0132758203,0.0
1254240,0.0,0.0,0.996555780951657,2155070.4823571974,0.0
1254300,0.0,0.0,0.996555780951657,2157272.4346581637,0.0
1254360,0.0,0.0,0.996555780951657,2153455.1703268765,0.0
1254420,0.0,0.0,0.996555780951657,2152121.231545824,0.0
1254480,0.0,0.0,0.996555780951657,2153989.7351558083,0.0
1254540,0.0,0.0,0.996555780951657,2154762.5754946545,0.0
1254600,0.0,0.0,0.996555780951657,2156802.5080233617,0.0
1254660,0.0,0.0,0.996555780951657,2151819.715829075,0.0
1254720,0.0,0.0,0.996555780951657,2152261.997425057,0.0
1254780,0.0,0.0,0.996555780951657,2152170.0171715147,0.0
1254840,0.0,0.0,0.996555780951657,2154732.065375055,0.0
1254900,0.0,0.0,0.996555780951657,2155651.7682113005,0.0
1254960,0.0,0.0,0.996555780951657,2153777.178779339,0.0
1255020,0.0,0.0,0.996555780951657,2154209.8682307587,0.0
1255080,0.0,0.0,0.996555780951657,2150664.893270338,0.0
1255140,0.0,0.0,0.996555780951657,2153470.274754271,0.0
1255200,0.0,0.0,0.996555780951657,2157260.030582037,0.0
1255260,0.0,0.0,0.996555780951657,2155111.9786481336,0.0
1255320,0.0,0.0,0.996555780951657,2154843.3196399994,0.0
1255380,0.0,0.0,0.996555780951657,2151456.9030253715,0.0
1255440,0.0,0.0,0.996555780951657,2152767.9453427573,0.0
1255500,0.0,0.0,0.996555780951657,2155438.802481108,0.0
1255560,0.0,0.0,0.996555780951657,2156038.3234848324,0.0
1255620,0.0,0.0,0.996555780951657,2153593.1063109897,0.0
1255680,0.0,0.0,0.996555780951657,2150626.657654729,0.0
1255740,0.0,0.0,0.996555780951657,2152506.6695836736,0.0
1255800,0.0,0.0,0.996555780951657,2156795.911651483,0.0
1255860,0.0,0.0,0.996555780951657,2155288.058050468,0.0
1255920,0.0,0.0,0.996555780951657,2155857.625554541,0.0
1255980,0.0,0.0,0.996555780951657,2150000.1149100387,0.0
1256040,0.0,0.0,0.996555780951657,2152686.127702219,0.0
1256100,0.0,0.0,0.996555780951657,2154428.2107341825,0.0
1256160,0.0,0.0,0.996555780951657,2154974.589565294,0.0
1256220,0.0,0.0,0.996555780951657,2157447.606624092,0.0
1256280,0.0,0.0,0.996555780951657,2153344.243936601,0.0
1256340,0.0,0.0,0.996555780951657,2152220.862360691,0.0
1256400,0.0,0.0,0.996555780951657,2153178.6767360107,0.0
1256460,0.0,0.0,0.996555780951657,2154895.2670639344,0.0
1256520,0.0,0.0,0.996555780951657,2155388.880509022,0.0
1256580,0.0,0.0,0.996555780951657,2155248.846659617,0.0
1256640,0.0,0.0,0.996555780951657,2149967.501240827,0.0
1256700,0.0,0.0,0.996555780951657,2152551.1000612243,0.0
1256760,0.0,0.0,0.996555780951657,2155610.7554544867,0.0
1256820,0.0,0.0,0.996555780951657,2155386.714984955,0.0
1256880,0.0,0.0,0.996555780951657,2156477.981670875,0.0
1256940,0.0,0.0,0.996555780951657,2148982.6773688863,0.0
1257000,0.0,0.0,0.996555780951657,2152199.9783299253,0.0
1257060,0.0,0.0,0.996555780951657,2153807.2134233746,0.0
1257120,0.0,0.0,0.996555780951657,2157354.575372363,0.0
1257180,0.0,0.0,0.996555780951657,2155097.2931949287,0.0
1257240,0.0,0.0,0.996555780951657,2154778.0042589386,0.0
1257300,0.0,0.0,0.996555780951657,2151472.141994724,0.0
1257360,0.0,0.0,0.996555780951657,2152832.158987082,0.0
1257420,0.0,0.0,0.996555780951657,2155430.8205438918,0.0
1257480,0.0,0.0,0.996555780951657,2155975.971134568,0.0
1257540,0.0,0.0,0.996555780951657,2152503.639524202,0.0
1257600,0.0,0.0,0.996555780951657,2153366.8820685125,0.0
1257660,0.0,0.0,0.996555780951657,2152007.2478346163,0.0
1257720,0.0,0.0,0.996555780951657,2154186.0875844634,0.0
1257780,0.0,0.0,0.996555780951657,2157625.2767319097,0.0
1257840,0.0,0.0,0.996555780951657,2154625.940294559,0.0
1257900,0.0,0.0,0.996555780951657,2153549.1420414285,0.0
1257960,0.0,0.0,0.996555780951657,2151705.963815127,0.0
1258020,0.0,0.0,0.996555780951657,2153604.989097463,0.0
1258080,0.0,0.0,0.996555780951657,2158205.727083931,0.0
1258140,0.0,0.0,0.996555780951657,2154620.298881198,0.0
1258200,0.0,0.0,0.996555780951657,2154929.1340975515,0.0
1258260,0.0,0.0,0.996555780951657,2149563.1290664757,0.0
1258320,0.0,0.0,0.996555780951657,2153202.5592679135,0.0
1258380,0.0,0.0,0.996555780951657,2154939.325251136,0.0
1258440,0.0,0.0,0.996555780951657,2155066.3632667772,0.0
1258500,0.0,0.0,0.996555780951657,2155282.882962018,0.0
1258560,0.0,0.0,0.996555780951657,2149713.843149914,0.0
1258620,0.0,0.0,0.996555780951657,2152682.6401902265,0.0
1258680,0.0,0.0,0.996555780951657,2155873.0705855107,0.0
1258740,0.0,0.0,0.996555780951657,2155259.6712199496,0.0
1258800,0.0,0.0,0.996555780951657,2156595.5567430863,0.0
1258860,0.0,0.0,0.996555780951657,2152443.4287436614,0.0
1258920,0.0,0.0,0.996555780951657,2152037.414610149,0.0
1258980,0.0,0.0,0.996555780951657,2154230.4415689195,0.0
1259040,0.0,0.0,0.996555780951657,2155559.348908325,0.0
1259100,0.0,0.0,0.996555780951657,2154631.0126702096,0.0
1259160,0.0,0.0,0.996555780951657,2154498.4669739828,0.0
1259220,0.0,0.0,0.996555780951657,2150263.9991718577,0.0
1259280,0.0,0.0,0.996555780951657,2153076.975483354,0.0
1259340,0.0,0.0,0.996555780951657,2156645.1705245203,0.0
1259400,0.0,0.0,0.996555780951657,2155167.52643175,0.0
1259460,0.0,0.0,0.996555780951657,2154710.1973173516,0.0
1259520,0.0,0.0,0.996555780951657,2151248.521505227,0.0
1259580,0.0,0.0,0.996555780951657,2152972.4993945253,0.0
1259640,0.0,0.0,0.996555780951657,2154152.7995865513,0.0
1259700,0.0,0.0,0.996555780951657,2157965.749162637,0.0
1259760,0.0,0.0,0.996555780951657,2154474.5622510943,0.0
1259820,0.0,0.0,0.996555780951657,2153756.14584062,0.0
1259880,0.0,0.0,0.996555780951657,2151809.0344825685,0.0
1259940,0.0,0.0,0.996555780951657,2153634.641360815,0.0
1260000,0.0,0.0,0.996555780951657,2155751.300571044,0.0
1260060,0.0,0.0,0.996555780951657,2155916.637815525,0.0
1260120,0.0,0.0,0.996555780951657,2151247.740067462,0.0
1260180,0.0,0.0,0.996555780951657,2152664.855631323,0.0
1260240,0.0,0.0,0.996555780951657,2153511.3721115394,0.0
1260300,0.0,0.0,0.996555780951657,2154826.8223392237,0.0
1260360,0.0,0.0,0.996555780951657,2157496.769249082,0.0
1260420,0.0,0.0,0.996555780951657,2153886.9598434423,0.0
1260480,0.0,0.0,0.996555780951657,2152479.152438752,0.0
1260540,0.0,0.0,0.996555780951657,2153048.1688213,0.0
1260600,0.0,0.0,0.996555780951657,2154451.8374134586,0.0
1260660,0.0,0.0,0.996555780951657,2156722.2604226484,0.0
1260720,0.0,0.0,0.996555780951657,2152735.741354653,0.0
1260780,0.0,0.0,0.996555780951657,2152654.001638965,0.0
1260840,0.0,0.0,0.996555780951657,2152008.662583019,0.0
1260900,0.0,0.0,0.996555780951657,2154293.3717851625,0.0
1260960,0.0,0.0,0.996555780951657,2155426.341831353,0.0
1261020,0.0,0.0,0.996555780951657,2154310.2447542166,0.0
1261080,0.0,0.0,0.996555780951657,2154586.384338103,0.0
1261140,0.0,0.0,0.996555780951657,2150187.029828296,0.0
1261200,0.0,0.0,0.996555780951657,2153158.5757666784,0.0
1261260,0.0,0.0,0.996555780951657,2156903.106138515,0.0
1261320,0.0,0.0,0.996555780951657,2155242.4236258985,0.0
1261380,0.0,0.0,0.996555780951657,2155440.807548941,0.0
1261440,0.0,0.0,0.996555780951657,2151644.72376511,0.0
1261500,0.0,0.0,0.996555780951657,2152440.0340145533,0.0
1261560,0.0,0.0,0.996555780951657,2155117.283295747,0.0
1261620,0.0,0.0,0.996555780951657,2155959.7679054076,0.0
1261680,0.0,0.0,0.996555780951657,2153567.5752373245,0.0
1261740,0.0,0.0,0.996555780951657,2153641.8808389604,0.0
1261800,0.0,0.0,0.996555780951657,2151225.7563062394,0.0
1261860,0.0,0.0,0.996555780951657,2155028.450911772,0.0
1261920,0.0,0.0,0.996555780951657,2155278.792707332,0.0
1261980,0.0,0.0,0.996555780951657,2156970.9092548667,0.0
1262040,0.0,0.0,0.996555780951657,2150335.356085831,0.0
1262100,0.0,0.0,0.996555780951657,2152813.4893374094,0.0
1262160,0.0,0.0,0.996555780951657,2153789.784632291,0.0
1262220,0.0,0.0,0.996555780951657,2154714.877862093,0.0
1262280,0.0,0.0,0.996555780951657,2157712.0697529363,0.0
1262340,0.0,0.0,0.996555780951657,2153793.776407059,0.0
1262400,0.0,0.0,0.996555780951657,2152576.38458244,0.0
1262460,0.0,0.0,0.996555780951657,2152647.6102160476,0.0
1262520,0.0,0.0,0.996555780951657,2154485.0919648195,0.0
1262580,0.0,0.0,0.996555780951657,2155628.467267822,0.0
1262640,0.0,0.0,0.996555780951657,2155548.338545717,0.0
1262700,0.0,0.0,0.996555780951657,2150204.0734471492,0.0
1262760,0.0,0.0,0.996555780951657,2152431.6917998237,0.0
1262820,0.0,0.0,0.996555780951657,2154947.665067583,0.0
1262880,0.0,0.0,0.996555780951657,2155267.578884203,0.0
1262940,0.0,0.0,0.996555780951657,2156921.545504048,0.0
1263000,0.0,0.0,0.996555780951657,2149492.508081133,0.0
1263060,0.0,0.0,0.996555780951657,2152260.339512914,0.0
1263120,0.0,0.0,0.996555780951657,2153216.879620381,0.0
1263180,0.0,0.0,0.996555780951657,2157378.3388223136,0.0
1263240,0.0,0.0,0.996555780951657,2155208.601554914,0.0
1263300,0.0,0.0,0.996555780951657,2155461.604768137,0.0
1263360,0.0,0.0,0.996555780951657,2151634.12080128,0.0
1263420,0.0,0.0,0.996555780951657,2152526.1766407075,0.0
1263480,0.0,0.0,0.996555780951657,2155127.257053188,0.0
1263540,0.0,0.0,0.996555780951657,2155886.4448388037,0.0
1263600,0.0,0.0,0.996555780951657,2153145.3373503494,0.0
1263660,0.0,0.0,0.996555780951657,2153762.473216356,0.0
1263720,0.0,0.0,0.996555780951657,2151316.7313220487,0.0
1263780,0.0,0.0,0.996555780951657,2153838.0647390704,0.0
1263840,0.0,0.0,0.996555780951657,2157498.7799458117,0.0
1263900,0.0,0.0,0.996555780951657,2154906.2370923297,0.0
1263960,0.0,0.0,0.996555780951657,2154161.292844437,0.0
1264020,0.0,0.0,0.996555780951657,2151487.9557491085,0.0
1264080,0.0,0.0,0.996555780951657,2153177.8684979007,0.0
1264140,0.0,0.0,0.996555780951657,2158128.9778221175,0.0
1264200,0.0,0.0,0.996555780951657,2154896.7680011922,0.0
1264260,0.0,0.0,0.996555780951657,2155391.7783198813,0.0
1264320,0.0,0.0,0.996555780951657,2148996.6396679464,0.0
1264380,0.0,0.0,0.996555780951657,2152739.748912932,0.0
1264440,0.0,0.0,0.996555780951657,2154554.792636391,0.0
1264500,0.0,0.0,0.996555780951657,2155357.750071847,0.0
1264560,0.0,0.0,0.996555780951657,2155528.6793533815,0.0
1264620,0.0,0.0,0.996555780951657,2149837.6558168503,0.0
1264680,0.0,0.0,0.996555780951657,2152587.287237952,0.0
1264740,0.0,0.0,0.996555780951657,2155237.7036629287,0.0
1264800,0.0,0.0,0.996555780951657,2155169.3675074233,0.0
1264860,0.0,0.0,0.996555780951657,2157028.7926385305,0.0
1264920,0.0,0.0,0.996555780951657,2152870.7319862586,0.0
1264980,0.0,0.0,0.996555780951657,2152023.4526641252,0.0
1265040,0.0,0.0,0.996555780951657,2153736.3497676835,0.0
1265100,0.0,0.0,0.996555780951657,2155278.197311585,0.0
1265160,0.0,0.0,0.996555780951657,2155053.9802265,0.0
1265220,0.0,0.0,0.996555780951657,2154872.032737934,0.0
1265280,0.0,0.0,0.996555780951657,2150029.135715518,0.0
1265340,0.0,0.0,0.996555780951657,2152782.1687678415,0.0
1265400,0.0,0.0,0.996555780951657,2156185.28512237,0.0
1265460,0.0,0.0,0.996555780951657,2155628.937627314,0.0
1265520,0.0,0.0,0.996555780951657,2154995.3588544154,0.0
1265580,0.0,0.0,0.996555780951657,2151649.409024993,0.0
1265640,0.0,0.0,0.996555780951657,2152116.7226357996,0.0
1265700,0.0,0.0,0.996555780951657,2153839.8346339515,0.0
1265760,0.0,0.0,0.996555780951657,2157874.1942770816,0.0
1265820,0.0,0.0,0.996555780951657,2154735.9831940774,0.0
1265880,0.0,0.0,0.996555780951657,2154338.354791495,0.0
1265940,0.0,0.0,0.996555780951657,2151575.311900245,0.0
1266000,0.0,0.0,0.996555780951657,2153246.3151173703,0.0
1266060,0.0,0.0,0.996555780951657,2155665.170049007,0.0
1266120,0.0,0.0,0.996555780951657,2155986.2641233243,0.0
1266180,0.0,0.0,0.996555780951657,2151855.555661625,0.0
1266240,0.0,0.0,0.996555780951657,2152942.0481212703,0.0
1266300,0.0,0.0,0.996555780951657,2152800.5630454216,0.0
1266360,0.0,0.0,0.996555780951657,2154552.9196650796,0.0
1266420,0.0,0.0,0.996555780951657,2157599.706487687,0.0
1266480,0.0,0.0,0.996555780951657,2154264.979715552,0.0
1266540,0.0,0.0,0.996555780951657,2152924.495616898,0.0
1266600,0.0,0.0,0.996555780951657,2152130.207229366,0.0
1266660,0.0,0.0,0.996555780951657,2154118.4182209647,0.0
1266720,0.0,0.0,0.996555780951657,2156560.509823235,0.0
1266780,0.0,0.0,0.996555780951657,2153622.8509622943,0.0
1266840,0.0,0.0,0.996555780951657,2153042.9946550094,0.0
1266900,0.0,0.0,0.996555780951657,2151968.953863626,0.0
1266960,0.0,0.0,0.996555780951657,2153831.1841382193,0.0
1267020,0.0,0.0,0.996555780951657,2155164.057729828,0.0
1267080,0.0,0.0,0.996555780951657,2154759.5252356185,0.0
1267140,0.0,0.0,0.996555780951657,2154919.9868013277,0.0
1267200,0.0,0.0,0.996555780951657,2149875.730302343,0.0
1267260,0.0,0.0,0.996555780951657,2152897.456715091,0.0
1267320,0.0,0.0,0.996555780951657,2156462.531470625,0.0
1267380,0.0,0.0,0.996555780951657,2155303.337791718,0.0
1267440,0.0,0.0,0.996555780951657,2155976.926384443,0.0
1267500,0.0,0.0,0.996555780951657,2151982.8242955287,0.0
1267560,0.0,0.0,0.996555780951657,2152192.6080603697,0.0
1267620,0.0,0.0,0.996555780951657,2154738.5761860204,0.0
1267680,0.0,0.0,0.996555780951657,2155819.716464456,0.0
1267740,0.0,0.0,0.996555780951657,2154113.3089016955,0.0
1267800,0.0,0.0,0.996555780951657,2154030.027243155,0.0
1267860,0.0,0.0,0.996555780951657,2150723.104287061,0.0
1267920,0.0,0.0,0.996555780951657,2154488.993647994,0.0
1267980,0.0,0.0,0.996555780951657,2155062.3996060453,0.0
1268040,0.0,0.0,0.996555780951657,2157499.200875096,0.0
1268100,0.0,0.0,0.996555780951657,2150946.4736984908,0.0
1268160,0.0,0.0,0.996555780951657,2153079.0075555183,0.0
1268220,0.0,0.0,0.996555780951657,2153040.0777623747,0.0
1268280,0.0,0.0,0.996555780951657,2154473.342096196,0.0
1268340,0.0,0.0,0.996555780951657,2157812.204256456,0.0
1268400,0.0,0.0,0.996555780951657,2154149.1123926844,0.0
1268460,0.0,0.0,0.996555780951657,2153002.2566822255,0.0
1268520,0.0,0.0,0.996555780951657,2152219.7619426316,0.0
1268580,0.0,0.0,0.996555780951657,2154109.954076522,0.0
1268640,0.0,0.0,0.996555780951657,2155753.1915316773,0.0
1268700,0.0,0.0,0.996555780951657,2155753.1258762963,0.0
1268760,0.0,0.0,0.996555780951657,2150665.4027616074,0.0
1268820,0.0,0.0,0.996555780951657,2152435.2576704873,0.0
1268880,0.0,0.0,0.996555780951657,2154301.0591912693,0.0
1268940,0.0,0.0,0.996555780951657,2155107.949401011,0.0
1269000,0.0,0.0,0.996555780951657,2157218.105441597,0.0
1269060,0.0,0.0,0.996555780951657,2150154.633945991,0.0
1269120,0.0,0.0,0.996555780951657,2152468.197052779,0.0
1269180,0.0,0.0,0.996555780951657,2152704.3406669707,0.0
1269240,0.0,0.0,0.996555780951657,2157236.114322993,0.0
1269300,0.0,0.0,0.996555780951657,2155252.970318604,0.0
1269360,0.0,0.0,0.996555780951657,2156030.502585515,0.0
1269420,0.0,0.0,0.996555780951657,2151952.0013061143,0.0
1269480,0.0,0.0,0.996555780951657,2152316.283854134,0.0
1269540,0.0,0.0,0.996555780951657,2154782.875853362,0.0
1269600,0.0,0.0,0.996555780951657,2155749.137776182,0.0
1269660,0.0,0.0,0.996555780951657,2153714.992020276,0.0
1269720,0.0,0.0,0.996555780951657,2154118.663414262,0.0
1269780,0.0,0.0,0.996555780951657,2150763.8808852374,0.0
1269840,0.0,0.0,0.996555780951657,2153522.547842164,0.0
1269900,0.0,0.0,0.996555780951657,2157269.6444258406,0.0
1269960,0.0,0.0,0.996555780951657,2155107.591698724,0.0
1270020,0.0,0.0,0.996555780951657,2154723.5074708974,0.0
1270080,0.0,0.0,0.996555780951657,2151440.9735730626,0.0
1270140,0.0,0.0,0.996555780951657,2152813.7712045563,0.0
1270200,0.0,0.0,0.996555780951657,2155480.5015949314,0.0
1270260,0.0,0.0,0.996555780951657,2156054.365557499,0.0
1270320,0.0,0.0,0.996555780951657,2153527.985747062,0.0
1270380,0.0,0.0,0.996555780951657,2150625.4423650964,0.0
1270440,0.0,0.0,0.996555780951657,2152503.994232425,0.0
1270500,0.0,0.0,0.996555780951657,2156795.8399216817,0.0
1270560,0.0,0.0,0.996555780951657,2155311.7203592495,0.0
1270620,0.0,0.0,0.996555780951657,2155838.443661803,0.0
1270680,0.0,0.0,0.996555780951657,2150017.962257273,0.0
1270740,0.0,0.0,0.996555780951657,2152644.0286619146,0.0
1270800,0.0,0.0,0.996555780951657,2154478.5817368436,0.0
1270860,0.0,0.0,0.996555780951657,2155009.9790207683,0.0
1270920,0.0,0.0,0.996555780951657,2157388.585102111,0.0
1270980,0.0,0.0,0.996555780951657,2153312.2612906704,0.0
1271040,0.0,0.0,0.996555780951657,2152179.239800953,0.0
1271100,0.0,0.0,0.996555780951657,2153211.0307740974,0.0
1271160,0.0,0.0,0.996555780951657,2154933.8530644285,0.0
1271220,0.0,0.0,0.996555780951657,2155394.4613795904,0.0
1271280,0.0,0.0,0.996555780951657,2155219.635170369,0.0
1271340,0.0,0.0,0.996555780951657,2149993.0300582214,0.0
1271400,0.0,0.0,0.996555780951657,2152549.4893851634,0.0
1271460,0.0,0.0,0.996555780951657,2155627.8519851035,0.0
1271520,0.0,0.0,0.996555780951657,2155979.6373613863,0.0
1271580,0.0,0.0,0.996555780951657,2155234.701973881,0.0
1271640,0.0,0.0,0.996555780951657,2152225.258204811,0.0
1271700,0.0,0.0,0.996555780951657,2151269.3808562425,0.0
1271760,0.0,0.0,0.996555780951657,2153518.7904190407,0.0
1271820,0.0,0.0,0.996555780951657,2157664.2569588446,0.0
1271880,0.0,0.0,0.996555780951657,2154940.5792804793,0.0
1271940,0.0,0.0,0.996555780951657,2154956.9650353156,0.0
1272000,0.0,0.0,0.996555780951657,2151496.4883505665,0.0
1272060,0.0,0.0,0.996555780951657,2152875.137077983,0.0
1272120,0.0,0.0,0.996555780951657,2155476.3860325506,0.0
1272180,0.0,0.0,0.996555780951657,2155986.4261732497,0.0
1272240,0.0,0.0,0.996555780951657,2152490.0837302767,0.0
1272300,0.0,0.0,0.996555780951657,2153285.3150383774,0.0
1272360,0.0,0.0,0.996555780951657,2152089.3687864766,0.0
1272420,0.0,0.0,0.996555780951657,2154236.125396682,0.0
1272480,0.0,0.0,0.996555780951657,2157599.6297517065,0.0
1272540,0.0,0.0,0.996555780951657,2154604.9411271256,0.0
1272600,0.0,0.0,0.996555780951657,2153459.7859122376,0.0
1272660,0.0,0.0,0.996555780951657,2151727.9505277905,0.0
1272720,0.0,0.0,0.996555780951657,2153653.7922129454,0.0
1272780,0.0,0.0,0.996555780951657,2158148.092320807,0.0
1272840,0.0,0.0,0.996555780951657,2154620.285917485,0.0
1272900,0.0,0.0,0.996555780951657,2154857.112111579,0.0
1272960,0.0,0.0,0.996555780951657,2149644.4509095,0.0
1273020,0.0,0.0,0.996555780951657,2153239.632896054,0.0
1273080,0.0,0.0,0.996555780951657,2154984.851745743,0.0
1273140,0.0,0.0,0.996555780951657,2155074.747568017,0.0
1273200,0.0,0.0,0.996555780951657,2155253.7453824477,0.0
1273260,0.0,0.0,0.996555780951657,2149749.4571883366,0.0
1273320,0.0,0.0,0.996555780951657,2152679.0454259273,0.0
1273380,0.0,0.0,0.996555780951657,2155890.5456979587,0.0
1273440,0.0,0.0,0.996555780951657,2155280.496653742,0.0
1273500,0.0,0.0,0.996555780951657,2156539.482863997,0.0
1273560,0.0,0.0,0.996555780951657,2152417.6679266626,0.0
1273620,0.0,0.0,0.996555780951657,2152029.3395647784,0.0
1273680,0.0,0.0,0.996555780951657,2154252.2576568937,0.0
1273740,0.0,0.0,0.996555780951657,2155583.40211627,0.0
1273800,0.0,0.0,0.996555780951657,2154638.007779611,0.0
1273860,0.0,0.0,0.996555780951657,2154466.629677741,0.0
1273920,0.0,0.0,0.996555780951657,2150291.0260936692,0.0
1273980,0.0,0.0,0.996555780951657,2153833.6262839534,0.0
1274040,0.0,0.0,0.996555780951657,2154764.1689287643,0.0
1274100,0.0,0.0,0.996555780951657,2157990.7504632557,0.0
1274160,0.0,0.0,0.996555780951657,2151615.59501611,0.0
1274220,0.0,0.0,0.996555780951657,2153445.7587616076,0.0
1274280,0.0,0.0,0.996555780951657,2152221.0791986887,0.0
1274340,0.0,0.0,0.996555780951657,2154167.8856185586,0.0
1274400,0.0,0.0,0.996555780951657,2157821.7927526515,0.0
1274460,0.0,0.0,0.996555780951657,2154489.285405443,0.0
1274520,0.0,0.0,0.996555780951657,2153568.6080186693,0.0
1274580,0.0,0.0,0.996555780951657,2151835.012822482,0.0
1274640,0.0,0.0,0.996555780951657,2153686.0079037063,0.0
1274700,0.0,0.0,0.996555780951657,2155773.213910221,0.0
1274760,0.0,0.0,0.996555780951657,2155910.3073876696,0.0
1274820,0.0,0.0,0.996555780951657,2151238.3307073354,0.0
1274880,0.0,0.0,0.996555780951657,2152606.659266473,0.0
1274940,0.0,0.0,0.996555780951657,2153571.12132311,0.0
1275000,0.0,0.0,0.996555780951657,2154868.2616802757,0.0
1275060,0.0,0.0,0.996555780951657,2157451.4942137105,0.0
1275120,0.0,0.0,0.996555780951657,2150910.980165387,0.0
1275180,0.0,0.0,0.996555780951657,2152786.256247572,0.0
1275240,0.0,0.0,0.996555780951657,2152185.8047239836,0.0
1275300,0.0,0.0,0.996555780951657,2156942.9083458036,0.0
1275360,0.0,0.0,0.996555780951657,2155226.8887711046,0.0
1275420,0.0,0.0,0.996555780951657,2156606.4118504743,0.0
1275480,0.0,0.0,0.996555780951657,2152343.327115731,0.0
1275540,0.0,0.0,0.996555780951657,2152188.911398698,0.0
1275600,0.0,0.0,0.996555780951657,2154350.16316305,0.0
1275660,0.0,0.0,0.996555780951657,2155535.660229815,0.0
1275720,0.0,0.0,0.996555780951657,2154257.275189447,0.0
1275780,0.0,0.0,0.996555780951657,2154500.8856433677,0.0
1275840,0.0,0.0,0.996555780951657,2150278.8511296073,0.0
1275900,0.0,0.0,0.996555780951657,2153200.604497579,0.0
1275960,0.0,0.0,0.996555780951657,2156930.4220867828,0.0
1276020,0.0,0.0,0.996555780951657,2155250.2519079195,0.0
1276080,0.0,0.0,0.996555780951657,2155321.3837964367,0.0
1276140,0.0,0.0,0.996555780951657,2151597.2959452844,0.0
1276200,0.0,0.0,0.996555780951657,2152473.3811971433,0.0
1276260,0.0,0.0,0.996555780951657,2155166.525159802,0.0
1276320,0.0,0.0,0.996555780951657,2155987.7111676703,0.0
1276380,0.0,0.0,0.996555780951657,2154376.534429032,0.0
1276440,0.0,0.0,0.996555780951657,2150980.8913170258,0.0
1276500,0.0,0.0,0.996555780951657,2152411.5040445076,0.0
1276560,0.0,0.0,0.996555780951657,2156117.069064351,0.0
1276620,0.0,0.0,0.996555780951657,2155395.7614910887,0.0
1276680,0.0,0.0,0.996555780951657,2155984.84619293,0.0
1276740,0.0,0.0,0.996555780951657,2150567.587606736,0.0
1276800,0.0,0.0,0.996555780951657,2152821.8283807496,0.0
1276860,0.0,0.0,0.996555780951657,2153759.6099842815,0.0
1276920,0.0,0.0,0.996555780951657,2154804.345503465,0.0
1276980,0.0,0.0,0.996555780951657,2157628.1755926604,0.0
1277040,0.0,0.0,0.996555780951657,2153717.1001634994,0.0
1277100,0.0,0.0,0.996555780951657,2152483.362490565,0.0
1277160,0.0,0.0,0.996555780951657,2152723.2600254915,0.0
1277220,0.0,0.0,0.996555780951657,2154571.782449034,0.0
1277280,0.0,0.0,0.996555780951657,2155629.2578929467,0.0
1277340,0.0,0.0,0.996555780951657,2155499.342014634,0.0
1277400,0.0,0.0,0.996555780951657,2150205.8536082264,0.0
1277460,0.0,0.0,0.996555780951657,2152416.1417393563,0.0
1277520,0.0,0.0,0.996555780951657,2155025.2208456597,0.0
1277580,0.0,0.0,0.996555780951657,2156197.4530368024,0.0
1277640,0.0,0.0,0.996555780951657,2155406.4061438735,0.0
1277700,0.0,0.0,0.996555780951657,2152885.8498611874,0.0
1277760,0.0,0.0,0.996555780951657,2150528.9876942737,0.0
1277820,0.0,0.0,0.996555780951657,2153231.5298955794,0.0
1277880,0.0,0.0,0.996555780951657,2157345.320775867,0.0
1277940,0.0,0.0,0.996555780951657,2155076.560377663,0.0
1278000,0.0,0.0,0.996555780951657,2155532.9680756326,0.0
1278060,0.0,0.0,0.996555780951657,2151612.610080472,0.0
1278120,0.0,0.0,0.996555780951657,2152563.874471808,0.0
1278180,0.0,0.0,0.996555780951657,2155210.1291700494,0.0
1278240,0.0,0.0,0.996555780951657,2155922.1510049836,0.0
1278300,0.0,0.0,0.996555780951657,2153099.8898099186,0.0
1278360,0.0,0.0,0.996555780951657,2153641.942449504,0.0
1278420,0.0,0.0,0.996555780951657,2151446.9840864795,0.0
1278480,0.0,0.0,0.996555780951657,2153913.034469615,0.0
1278540,0.0,0.0,0.996555780951657,2157489.7053916985,0.0
1278600,0.0,0.0,0.996555780951657,2154881.1912662997,0.0
1278660,0.0,0.0,0.996555780951657,2154015.6862741224,0.0
1278720,0.0,0.0,0.996555780951657,2151503.4457960753,0.0
1278780,0.0,0.0,0.996555780951657,2153250.5329818823,0.0
1278840,0.0,0.0,0.996555780951657,2158069.8665703447,0.0
1278900,0.0,0.0,0.996555780951657,2154895.778299894,0.0
1278960,0.0,0.0,0.996555780951657,2155288.9173915195,0.0
1279020,0.0,0.0,0.996555780951657,2149123.015547974,0.0
1279080,0.0,0.0,0.996555780951657,2152799.8846694445,0.0
1279140,0.0,0.0,0.996555780951657,2154630.477005405,0.0
1279200,0.0,0.0,0.996555780951657,2155363.0116105075,0.0
1279260,0.0,0.0,0.996555780951657,2155493.3152759126,0.0
1279320,0.0,0.0,0.996555780951657,2149863.160471796,0.0
1279380,0.0,0.0,0.996555780951657,2152568.738391864,0.0
1279440,0.0,0.0,0.996555780951657,2155294.490120729,0.0
1279500,0.0,0.0,0.996555780951657,2155205.658187357,0.0
1279560,0.0,0.0,0.996555780951657,2156946.834970054,0.0
1279620,0.0,0.0,0.996555780951657,2152822.535132847,0.0
1279680,0.0,0.0,0.996555780951657,2151997.7708830507,0.0
1279740,0.0,0.0,0.996555780951657,2153783.6753346487,0.0
1279800,0.0,0.0,0.996555780951657,2155324.123741893,0.0
1279860,0.0,0.0,0.996555780951657,2155049.1203686004,0.0
1279920,0.0,0.0,0.996555780951657,2154823.0995800956,0.0
1279980,0.0,0.0,0.996555780951657,2150067.695455036,0.0
1280040,0.0,0.0,0.996555780951657,2153206.1928334762,0.0
1280100,0.0,0.0,0.996555780951657,2154472.199227198,0.0
1280160,0.0,0.0,0.996555780951657,2158291.5923665185,0.0
1280220,0.0,0.0,0.996555780951657,2152253.025543326,0.0
1280280,0.0,0.0,0.996555780951657,2153788.845371364,0.0
1280340,0.0,0.0,0.996555780951657,2151513.311453735,0.0
1280400,0.0,0.0,0.996555780951657,2153881.8182217483,0.0
1280460,0.0,0.0,0.996555780951657,2157709.864431371,0.0
1280520,0.0,0.0,0.996555780951657,2154750.9002498416,0.0
1280580,0.0,0.0,0.996555780951657,2154116.266302849,0.0
1280640,0.0,0.0,0.996555780951657,2151589.2126962445,0.0
1280700,0.0,0.0,0.996555780951657,2153310.6520885685,0.0
1280760,0.0,0.0,0.996555780951657,2155701.1576466127,0.0
1280820,0.0,0.0,0.996555780951657,2155990.8729840606,0.0
1280880,0.0,0.0,0.996555780951657,2151826.1597434264,0.0
1280940,0.0,0.0,0.996555780951657,2152858.842480131,0.0
1281000,0.0,0.0,0.996555780951657,2152890.712128359,0.0
1281060,0.0,0.0,0.996555780951657,2154609.7262341846,0.0
1281120,0.0,0.0,0.996555780951657,2157557.153489323,0.0
1281180,0.0,0.0,0.996555780951657,2154228.1927106227,0.0
1281240,0.0,0.0,0.996555780951657,2152834.7949166526,0.0
1281300,0.0,0.0,0.996555780951657,2152206.6041473653,0.0
1281360,0.0,0.0,0.996555780951657,2154170.2505829846,0.0
1281420,0.0,0.0,0.996555780951657,2156583.381416432,0.0
1281480,0.0,0.0,0.996555780951657,2153612.4099024506,0.0
1281540,0.0,0.0,0.996555780951657,2152995.229095195,0.0
1281600,0.0,0.0,0.996555780951657,2151946.4886405133,0.0
1281660,0.0,0.0,0.996555780951657,2153877.002870964,0.0
1281720,0.0,0.0,0.996555780951657,2155209.8358786353,0.0
1281780,0.0,0.0,0.996555780951657,2154759.1415411755,0.0
1281840,0.0,0.0,0.996555780951657,2154875.102450885,0.0
1281900,0.0,0.0,0.996555780951657,2149922.4927165583,0.0
1281960,0.0,0.0,0.996555780951657,2152909.352005738,0.0
1282020,0.0,0.0,0.996555780951657,2156476.835281548,0.0
1282080,0.0,0.0,0.996555780951657,2155319.1898180936,0.0
1282140,0.0,0.0,0.996555780951657,2155909.8313250113,0.0
1282200,0.0,0.0,0.996555780951657,2151952.665309803,0.0
1282260,0.0,0.0,0.996555780951657,2152197.8906101957,0.0
1282320,0.0,0.0,0.996555780951657,2154764.904751428,0.0
1282380,0.0,0.0,0.996555780951657,2155842.2777070305,0.0
1282440,0.0,0.0,0.996555780951657,2155224.627796495,0.0
1282500,0.0,0.0,0.996555780951657,2151457.1341195013,0.0
1282560,0.0,0.0,0.996555780951657,2152446.8514771312,0.0
1282620,0.0,0.0,0.996555780951657,2155326.9609999047,0.0
1282680,0.0,0.0,0.996555780951657,2155372.7300891634,0.0
1282740,0.0,0.0,0.996555780951657,2156064.8179538203,0.0
1282800,0.0,0.0,0.996555780951657,2151190.6170476945,0.0
1282860,0.0,0.0,0.996555780951657,2153098.925178678,0.0
1282920,0.0,0.0,0.996555780951657,2153005.27568424,0.0
1282980,0.0,0.0,0.996555780951657,2154544.8686788445,0.0
1283040,0.0,0.0,0.996555780951657,2157772.325972664,0.0
1283100,0.0,0.0,0.996555780951657,2154101.491987012,0.0
1283160,0.0,0.0,0.996555780951657,2152921.6260187277,0.0
1283220,0.0,0.0,0.996555780951657,2152264.3802809706,0.0
1283280,0.0,0.0,0.996555780951657,2154172.995180704,0.0
1283340,0.0,0.0,0.996555780951657,2155765.627319347,0.0
1283400,0.0,0.0,0.996555780951657,2155729.586088571,0.0
1283460,0.0,0.0,0.996555780951657,2150662.2902108035,0.0
1283520,0.0,0.0,0.996555780951657,2152400.4388100165,0.0
1283580,0.0,0.0,0.996555780951657,2154358.3704508976,0.0
1283640,0.0,0.0,0.996555780951657,2155147.1660613883,0.0
1283700,0.0,0.0,0.996555780951657,2157160.452866798,0.0
1283760,0.0,0.0,0.996555780951657,2150197.750297008,0.0
1283820,0.0,0.0,0.996555780951657,2152415.779517645,0.0
1283880,0.0,0.0,0.996555780951657,2152754.6197475423,0.0
1283940,0.0,0.0,0.996555780951657,2157212.70440742,0.0
1284000,0.0,0.0,0.996555780951657,2155271.3573437156,0.0
1284060,0.0,0.0,0.996555780951657,2155945.721122671,0.0
1284120,0.0,0.0,0.996555780951657,2151918.416553172,0.0
1284180,0.0,0.0,0.996555780951657,2152319.1738876808,0.0
1284240,0.0,0.0,0.996555780951657,2154812.47098739,0.0
1284300,0.0,0.0,0.996555780951657,2155774.915441619,0.0
1284360,0.0,0.0,0.996555780951657,2153719.063499672,0.0
1284420,0.0,0.0,0.996555780951657,2154073.809587391,0.0
1284480,0.0,0.0,0.996555780951657,2150803.615987418,0.0
1284540,0.0,0.0,0.996555780951657,2153542.8653971967,0.0
1284600,0.0,0.0,0.996555780951657,2157261.2190157184,0.0
1284660,0.0,0.0,0.996555780951657,2155112.0938616744,0.0
1284720,0.0,0.0,0.996555780951657,2154671.860534979,0.0
1284780,0.0,0.0,0.996555780951657,2151433.8071950637,0.0
1284840,0.0,0.0,0.996555780951657,2152828.3931147563,0.0
1284900,0.0,0.0,0.996555780951657,2157850.5979653513,0.0
1284960,0.0,0.0,0.996555780951657,2155102.8478034427,0.0
1285020,0.0,0.0,0.996555780951657,2155738.7768854527,0.0
1285080,0.0,0.0,0.996555780951657,2148735.2541355193,0.0
1285140,0.0,0.0,0.996555780951657,2152356.0778780724,0.0
1285200,0.0,0.0,0.996555780951657,2154203.414945968,0.0
1285260,0.0,0.0,0.996555780951657,2155558.1363499663,0.0
1285320,0.0,0.0,0.996555780951657,2155700.8248281926,0.0
1285380,0.0,0.0,0.996555780951657,2150249.6934677553,0.0
1285440,0.0,0.0,0.996555780951657,2152579.0047117053,0.0
1285500,0.0,0.0,0.996555780951657,2154587.482557207,0.0
1285560,0.0,0.0,0.996555780951657,2155049.025254617,0.0
1285620,0.0,0.0,0.996555780951657,2157318.236323627,0.0
1285680,0.0,0.0,0.996555780951657,2153269.1823548293,0.0
1285740,0.0,0.0,0.996555780951657,2152127.078475506,0.0
1285800,0.0,0.0,0.996555780951657,2153258.1772764227,0.0
1285860,0.0,0.0,0.996555780951657,2154984.026795988,0.0
1285920,0.0,0.0,0.996555780951657,2155394.6283160714,0.0
1285980,0.0,0.0,0.996555780951657,2155179.019042554,0.0
1286040,0.0,0.0,0.996555780951657,2150020.082226927,0.0
1286100,0.0,0.0,0.996555780951657,2152528.1634021807,0.0
1286160,0.0,0.0,0.996555780951657,2154126.98545602,0.0
1286220,0.0,0.0,0.996555780951657,2158502.3365397565,0.0
1286280,0.0,0.0,0.996555780951657,2152891.0068797283,0.0
1286340,0.0,0.0,0.996555780951657,2154182.1227634423,0.0
1286400,0.0,0.0,0.996555780951657,2150812.737034997,0.0
1286460,0.0,0.0,0.996555780951657,2153569.322414415,0.0
1286520,0.0,0.0,0.996555780951657,2157490.026679275,0.0
1286580,0.0,0.0,0.996555780951657,2154967.356422926,0.0
1286640,0.0,0.0,0.996555780951657,2154736.115569234,0.0
1286700,0.0,0.0,0.996555780951657,2151478.8416487207,0.0
1286760,0.0,0.0,0.996555780951657,2152931.3718601773,0.0
1286820,0.0,0.0,0.996555780951657,2155522.661381741,0.0
1286880,0.0,0.0,0.996555780951657,2156006.15724758,0.0
1286940,0.0,0.0,0.996555780951657,2152457.3676181864,0.0
1287000,0.0,0.0,0.996555780951657,2153195.743205224,0.0
1287060,0.0,0.0,0.996555780951657,2152182.7216441203,0.0
1287120,0.0,0.0,0.996555780951657,2154294.0389233646,0.0
1287180,0.0,0.0,0.996555780951657,2157571.812783827,0.0
1287240,0.0,0.0,0.996555780951657,2154577.3713944233,0.0
1287300,0.0,0.0,0.996555780951657,2153359.5531287123,0.0
1287360,0.0,0.0,0.996555780951657,2151307.124055718,0.0
1287420,0.0,0.0,0.996555780951657,2153802.383835596,0.0
1287480,0.0,0.0,0.996555780951657,2156347.9552382748,0.0
1287540,0.0,0.0,0.996555780951657,2154461.608233558,0.0
1287600,0.0,0.0,0.996555780951657,2153395.917969758,0.0
1287660,0.0,0.0,0.996555780951657,2152029.966721602,0.0
1287720,0.0,0.0,0.996555780951657,2153383.0254762373,0.0
1287780,0.0,0.0,0.996555780951657,2154901.3496161774,0.0
1287840,0.0,0.0,0.996555780951657,2155135.374556471,0.0
1287900,0.0,0.0,0.996555780951657,2155190.120155326,0.0
1287960,0.0,0.0,0.996555780951657,2149776.404914506,0.0
1288020,0.0,0.0,0.996555780951657,2152692.50439183,0.0
1288080,0.0,0.0,0.996555780951657,2155954.5672362815,0.0
1288140,0.0,0.0,0.996555780951657,2155317.372249736,0.0
1288200,0.0,0.0,0.996555780951657,2156410.8451328324,0.0
1288260,0.0,0.0,0.996555780951657,2152342.5558297317,0.0
1288320,0.0,0.0,0.996555780951657,2152027.804326773,0.0
1288380,0.0,0.0,0.996555780951657,2154325.121278541,0.0
1288440,0.0,0.0,0.996555780951657,2155640.59454145,0.0
1288500,0.0,0.0,0.996555780951657,2155983.5856037843,0.0
1288560,0.0,0.0,0.996555780951657,2151954.681709196,0.0
1288620,0.0,0.0,0.996555780951657,2152619.4823171664,0.0
1288680,0.0,0.0,0.996555780951657,2154487.709511471,0.0
1288740,0.0,0.0,0.996555780951657,2155258.875650682,0.0
1288800,0.0,0.0,0.996555780951657,2156074.6695254655,0.0
1288860,0.0,0.0,0.996555780951657,2151831.1842496535,0.0
1288920,0.0,0.0,0.996555780951657,2153405.8914471334,0.0
1288980,0.0,0.0,0.996555780951657,2152288.553433748,0.0
1289040,0.0,0.0,0.996555780951657,2154265.9020048482,0.0
1289100,0.0,0.0,0.996555780951657,2157798.721233566,0.0
1289160,0.0,0.0,0.996555780951657,2154431.3670192077,0.0
1289220,0.0,0.0,0.996555780951657,2153421.1530949506,0.0
1289280,0.0,0.0,0.996555780951657,2151891.03887194,0.0
1289340,0.0,0.0,0.996555780951657,2153779.587505695,0.0
1289400,0.0,0.0,0.996555780951657,2155800.887543562,0.0
1289460,0.0,0.0,0.996555780951657,2155890.700922041,0.0
1289520,0.0,0.0,0.996555780951657,2151201.898529399,0.0
1289580,0.0,0.0,0.996555780951657,2152521.789255463,0.0
1289640,0.0,0.0,0.996555780951657,2153681.5727014802,0.0
1289700,0.0,0.0,0.996555780951657,2154934.293100321,0.0
1289760,0.0,0.0,0.996555780951657,2157382.5728740394,0.0
1289820,0.0,0.0,0.996555780951657,2150925.3547651856,0.0
1289880,0.0,0.0,0.996555780951657,2152700.133938454,0.0
1289940,0.0,0.0,0.996555780951657,2152263.68040625,0.0
1290000,0.0,0.0,0.996555780951657,2156933.90065339,0.0
1290060,0.0,0.0,0.996555780951657,2155260.893225584,0.0
1290120,0.0,0.0,0.996555780951657,2156480.3377859714,0.0
1290180,0.0,0.0,0.996555780951657,2152282.9180023326,0.0
1290240,0.0,0.0,0.996555780951657,2152180.0600496726,0.0
1290300,0.0,0.0,0.996555780951657,2154407.7626988837,0.0
1290360,0.0,0.0,0.996555780951657,2155584.193770759,0.0
1290420,0.0,0.0,0.996555780951657,2154243.5215670886,0.0
1290480,0.0,0.0,0.996555780951657,2154434.162698041,0.0
1290540,0.0,0.0,0.996555780951657,2150344.789770319,0.0
1290600,0.0,0.0,0.996555780951657,2153231.93654954,0.0
1290660,0.0,0.0,0.996555780951657,2156942.545449137,0.0
1290720,0.0,0.0,0.996555780951657,2155257.812705761,0.0
1290780,0.0,0.0,0.996555780951657,2155232.7320786756,0.0
1290840,0.0,0.0,0.996555780951657,2151565.9016916715,0.0
1290900,0.0,0.0,0.996555780951657,2152497.228705233,0.0
1290960,0.0,0.0,0.996555780951657,2157481.473838204,0.0
1291020,0.0,0.0,0.996555780951657,2155221.6397207845,0.0
1291080,0.0,0.0,0.996555780951657,2156078.9768582582,0.0
1291140,0.0,0.0,0.996555780951657,2148654.1389076486,0.0
1291200,0.0,0.0,0.996555780951657,2152022.3401006768,0.0
1291260,0.0,0.0,0.996555780951657,2153813.78479884,0.0
1291320,0.0,0.0,0.996555780951657,2155645.318367915,0.0
1291380,0.0,0.0,0.996555780951657,2155830.151574687,0.0
1291440,0.0,0.0,0.996555780951657,2150771.9416702813,0.0
1291500,0.0,0.0,0.996555780951657,2152712.2790523944,0.0
1291560,0.0,0.0,0.996555780951657,2153901.424106733,0.0
1291620,0.0,0.0,0.996555780951657,2154861.4142644815,0.0
1291680,0.0,0.0,0.996555780951657,2157552.2054330017,0.0
1291740,0.0,0.0,0.996555780951657,2153663.773801133,0.0
1291800,0.0,0.0,0.996555780951657,2152393.256957585,0.0
1291860,0.0,0.0,0.996555780951657,2152784.8788302266,0.0
1291920,0.0,0.0,0.996555780951657,2154641.0421661334,0.0
1291980,0.0,0.0,0.996555780951657,2155631.388913733,0.0
1292040,0.0,0.0,0.996555780951657,2155456.796637807,0.0
1292100,0.0,0.0,0.996555780951657,2150213.307417174,0.0
1292160,0.0,0.0,0.996555780951657,2152405.7404004196,0.0
1292220,0.0,0.0,0.996555780951657,2155083.57178741,0.0
1292280,0.0,0.0,0.996555780951657,2156199.4147377335,0.0
1292340,0.0,0.0,0.996555780951657,2155397.934054977,0.0
1292400,0.0,0.0,0.996555780951657,2152805.5118285967,0.0
1292460,0.0,0.0,0.996555780951657,2150603.663633947,0.0
1292520,0.0,0.0,0.996555780951657,2153259.386707255,0.0
1292580,0.0,0.0,0.996555780951657,2157346.030463213,0.0
1292640,0.0,0.0,0.996555780951657,2155085.34708758,0.0
1292700,0.0,0.0,0.996555780951657,2155440.4647402954,0.0
1292760,0.0,0.0,0.996555780951657,2151585.452289499,0.0
1292820,0.0,0.0,0.996555780951657,2152584.513364927,0.0
1292880,0.0,0.0,0.996555780951657,2155241.0350651843,0.0
1292940,0.0,0.0,0.996555780951657,2155942.486621294,0.0
1293000,0.0,0.0,0.996555780951657,2153097.7375313244,0.0
1293060,0.0,0.0,0.996555780951657,2153587.646740502,0.0
1293120,0.0,0.0,0.996555780951657,2151493.887387532,0.0
1293180,0.0,0.0,0.996555780951657,2153942.63225021,0.0
1293240,0.0,0.0,0.996555780951657,2157474.9831088223,0.0
1293300,0.0,0.0,0.996555780951657,2154877.382865746,0.0
1293360,0.0,0.0,0.996555780951657,2153957.2004396855,0.0
1293420,0.0,0.0,0.996555780951657,2150443.9182608565,0.0
1293480,0.0,0.0,0.996555780951657,2153414.7562057488,0.0
1293540,0.0,0.0,0.996555780951657,2156023.810623351,0.0
1293600,0.0,0.0,0.996555780951657,2155259.7072712826,0.0
1293660,0.0,0.0,0.996555780951657,2153792.535694162,0.0
1293720,0.0,0.0,0.996555780951657,2152293.0975352856,0.0
1293780,0.0,0.0,0.996555780951657,2152876.5660573724,0.0
1293840,0.0,0.0,0.996555780951657,2154546.292568903,0.0
1293900,0.0,0.0,0.996555780951657,2155423.175695783,0.0
1293960,0.0,0.0,0.996555780951657,2155468.320304539,0.0
1294020,0.0,0.0,0.996555780951657,2149849.1747470186,0.0
1294080,0.0,0.0,0.996555780951657,2152557.277382951,0.0
1294140,0.0,0.0,0.996555780951657,2155345.163466455,0.0
1294200,0.0,0.0,0.996555780951657,2155243.563990922,0.0
1294260,0.0,0.0,0.996555780951657,2156859.5138412328,0.0
1294320,0.0,0.0,0.996555780951657,2152770.040037407,0.0
1294380,0.0,0.0,0.996555780951657,2151974.842169319,0.0
1294440,0.0,0.0,0.996555780951657,2153834.8047524844,0.0
1294500,0.0,0.0,0.996555780951657,2155372.2423821837,0.0
1294560,0.0,0.0,0.996555780951657,2155041.301616536,0.0
1294620,0.0,0.0,0.996555780951657,2154769.543784122,0.0
1294680,0.0,0.0,0.996555780951657,2150108.1194113255,0.0
1294740,0.0,0.0,0.996555780951657,2153250.5333088418,0.0
1294800,0.0,0.0,0.996555780951657,2154517.241567769,0.0
1294860,0.0,0.0,0.996555780951657,2158213.408178197,0.0
1294920,0.0,0.0,0.996555780951657,2152270.425660905,0.0
1294980,0.0,0.0,0.996555780951657,2153726.420513353,0.0
1295040,0.0,0.0,0.996555780951657,2151572.7636252106,0.0
1295100,0.0,0.0,0.996555780951657,2153912.858492215,0.0
1295160,0.0,0.0,0.996555780951657,2157691.385024362,0.0
1295220,0.0,0.0,0.996555780951657,2154746.2688490525,0.0
1295280,0.0,0.0,0.996555780951657,2154048.403024888,0.0
1295340,0.0,0.0,0.996555780951657,2151594.6824101703,0.0
1295400,0.0,0.0,0.996555780951657,2153337.364586588,0.0
1295460,0.0,0.0,0.996555780951657,2155718.4391789637,0.0
1295520,0.0,0.0,0.996555780951657,2155993.718171552,0.0
1295580,0.0,0.0,0.996555780951657,2151835.769642505,0.0
1295640,0.0,0.0,0.996555780951657,2152818.277005345,0.0
1295700,0.0,0.0,0.996555780951657,2152917.5151765333,0.0
1295760,0.0,0.0,0.996555780951657,2154633.8635087237,0.0
1295820,0.0,0.0,0.996555780951657,2157531.7976547875,0.0
1295880,0.0,0.0,0.996555780951657,2151729.470006525,0.0
1295940,0.0,0.0,0.996555780951657,2153076.002997271,0.0
1296000,0.0,0.0,0.996555780951657,2151780.179800014,0.0
1296060,0.0,0.0,0.996555780951657,2156495.234953517,0.0
1296120,0.0,0.0,0.996555780951657,2155170.0519822733,0.0
1296180,0.0,0.0,0.996555780951657,2157018.1081195213,0.0
1296240,0.0,0.0,0.996555780951657,2152713.738013462,0.0
1296300,0.0,0.0,0.996555780951657,2152157.5617576363,0.0
1296360,0.0,0.0,0.996555780951657,2153915.282139038,0.0
1296420,0.0,0.0,0.996555780951657,2155307.9908715924,0.0
1296480,0.0,0.0,0.996555780951657,2154728.841943383,0.0
1296540,0.0,0.0,0.996555780951657,2154815.979446695,0.0
1296600,0.0,0.0,0.996555780951657,2149984.3449274884,0.0
1296660,0.0,0.0,0.996555780951657,2152929.516529403,0.0
1296720,0.0,0.0,0.996555780951657,2156503.7448499906,0.0
1296780,0.0,0.0,0.996555780951657,2155335.484318561,0.0
1296840,0.0,0.0,0.996555780951657,2155823.67610156,0.0
1296900,0.0,0.0,0.996555780951657,2151911.2166998396,0.0
1296960,0.0,0.0,0.996555780951657,2152209.751803501,0.0
1297020,0.0,0.0,0.996555780951657,2156964.9825786464,0.0
1297080,0.0,0.0,0.996555780951657,2155255.3598615625,0.0
1297140,0.0,0.0,0.996555780951657,2156389.2076460547,0.0
1297200,0.0,0.0,0.996555780951657,2148847.4067811724,0.0
1297260,0.0,0.0,0.996555780951657,2151771.7185364747,0.0
1297320,0.0,0.0,0.996555780951657,2153392.306243652,0.0
1297380,0.0,0.0,0.996555780951657,2155624.529491348,0.0
1297440,0.0,0.0,0.996555780951657,2155904.1017974694,0.0
1297500,0.0,0.0,0.996555780951657,2151376.568549982,0.0
1297560,0.0,0.0,0.996555780951657,2152975.69899566,0.0
1297620,0.0,0.0,0.996555780951657,2153150.4530430874,0.0
1297680,0.0,0.0,0.996555780951657,2154607.2907077847,0.0
1297740,0.0,0.0,0.996555780951657,2157710.7595339236,0.0
1297800,0.0,0.0,0.996555780951657,2154056.7063967036,0.0
1297860,0.0,0.0,0.996555780951657,2152811.3166533727,0.0
1297920,0.0,0.0,0.996555780951657,2152318.082643955,0.0
1297980,0.0,0.0,0.996555780951657,2154243.5327960406,0.0
1298040,0.0,0.0,0.996555780951657,2155777.1012429,0.0
1298100,0.0,0.0,0.996555780951657,2155699.971786786,0.0
1298160,0.0,0.0,0.996555780951657,2150652.524907545,0.0
1298220,0.0,0.0,0.996555780951657,2152366.616241224,0.0
1298280,0.0,0.0,0.996555780951657,2154426.254126776,0.0
1298340,0.0,0.0,0.996555780951657,2156295.9418376177,0.0
1298400,0.0,0.0,0.996555780951657,2155522.5095883682,0.0
1298460,0.0,0.0,0.996555780951657,2153540.7177593797,0.0
1298520,0.0,0.0,0.996555780951657,2149971.4175079768,0.0
1298580,0.0,0.0,0.996555780951657,2152992.5511280084,0.0
1298640,0.0,0.0,0.996555780951657,2156931.126965665,0.0
1298700,0.0,0.0,0.996555780951657,2155165.0635595266,0.0
1298760,0.0,0.0,0.996555780951657,2156003.482932033,0.0
1298820,0.0,0.0,0.996555780951657,2151887.35739848,0.0
1298880,0.0,0.0,0.996555780951657,2152321.016931669,0.0
1298940,0.0,0.0,0.996555780951657,2154895.389745577,0.0
1299000,0.0,0.0,0.996555780951657,2155818.2265421706,0.0
1299060,0.0,0.0,0.996555780951657,2153684.630179209,0.0
1299120,0.0,0.0,0.996555780951657,2153969.435073296,0.0
1299180,0.0,0.0,0.996555780951657,2150909.849219148,0.0
1299240,0.0,0.0,0.996555780951657,2153603.8645033245,0.0
1299300,0.0,0.0,0.996555780951657,2157268.799005026,0.0
1299360,0.0,0.0,0.996555780951657,2155102.9917102233,0.0
1299420,0.0,0.0,0.996555780951657,2154541.7878676066,0.0
1299480,0.0,0.0,0.996555780951657,2149724.316408065,0.0
1299540,0.0,0.0,0.996555780951657,2153058.8972414928,0.0
1299600,0.0,0.0,0.996555780951657,2155646.272526792,0.0
1299660,0.0,0.0,0.996555780951657,2155941.6846105387,0.0
1299720,0.0,0.0,0.996555780951657,2154143.311239166,0.0
1299780,0.0,0.0,0.996555780951657,2152684.296567721,0.0
1299840,0.0,0.0,0.996555780951657,2152419.3077037777,0.0
1299900,0.0,0.0,0.996555780951657,2154186.4261430637,0.0
1299960,0.0,0.0,0.996555780951657,2155607.710174904,0.0
1300020,0.0,0.0,0.996555780951657,2155681.7590879356,0.0
1300080,0.0,0.0,0.996555780951657,2150184.753059698,0.0
1300140,0.0,0.0,0.996555780951657,2152529.9038583124,0.0
1300200,0.0,0.0,0.996555780951657,2154698.2962587792,0.0
1300260,0.0,0.0,0.996555780951657,2155113.7129158163,0.0
1300320,0.0,0.0,0.996555780951657,2157206.922109119,0.0
1300380,0.0,0.0,0.996555780951657,2153188.4218504303,0.0
1300440,0.0,0.0,0.996555780951657,2152060.150673589,0.0
1300500,0.0,0.0,0.996555780951657,2153343.646144606,0.0
1300560,0.0,0.0,0.996555780951657,2155065.938646595,0.0
1300620,0.0,0.0,0.996555780951657,2155379.8965570317,0.0
1300680,0.0,0.0,0.996555780951657,2155107.9591367594,0.0
1300740,0.0,0.0,0.996555780951657,2150053.689844209,0.0
1300800,0.0,0.0,0.996555780951657,2152614.1555386707,0.0
1300860,0.0,0.0,0.996555780951657,2154197.143943731,0.0
1300920,0.0,0.0,0.996555780951657,2158403.9527107305,0.0
1300980,0.0,0.0,0.996555780951657,2152887.718050008,0.0
1301040,0.0,0.0,0.996555780951657,2154090.08410776,0.0
1301100,0.0,0.0,0.996555780951657,2150916.340813815,0.0
1301160,0.0,0.0,0.996555780951657,2153615.432392679,0.0
1301220,0.0,0.0,0.996555780951657,2157488.3651414732,0.0
1301280,0.0,0.0,0.996555780951657,2154962.308557292,0.0
1301340,0.0,0.0,0.996555780951657,2154622.265628215,0.0
1301400,0.0,0.0,0.996555780951657,2151474.001567105,0.0
1301460,0.0,0.0,0.996555780951657,2152973.0462220195,0.0
1301520,0.0,0.0,0.996555780951657,2155556.4162936523,0.0
1301580,0.0,0.0,0.996555780951657,2156018.5167076187,0.0
1301640,0.0,0.0,0.996555780951657,2152443.2861702405,0.0
1301700,0.0,0.0,0.996555780951657,2153127.687962348,0.0
1301760,0.0,0.0,0.996555780951657,2152246.84720472,0.0
1301820,0.0,0.0,0.996555780951657,2154336.644486734,0.0
1301880,0.0,0.0,0.996555780951657,2157546.7237914735,0.0
1301940,0.0,0.0,0.996555780951657,2152502.875761838,0.0
1302000,0.0,0.0,0.996555780951657,2153422.8646842414,0.0
1302060,0.0,0.0,0.996555780951657,2151428.057047729,0.0
1302120,0.0,0.0,0.996555780951657,2155952.0533509576,0.0
1302180,0.0,0.0,0.996555780951657,2155040.654535182,0.0
1302240,0.0,0.0,0.996555780951657,2157404.126890213,0.0
1302300,0.0,0.0,0.996555780951657,2153106.38918674,0.0
1302360,0.0,0.0,0.996555780951657,2152262.0188643434,0.0
1302420,0.0,0.0,0.996555780951657,2153446.1680058576,0.0
1302480,0.0,0.0,0.996555780951657,2155018.9053549026,0.0
1302540,0.0,0.0,0.996555780951657,2155106.801923347,0.0
1302600,0.0,0.0,0.996555780951657,2155124.147286303,0.0
1302660,0.0,0.0,0.996555780951657,2149836.0303191897,0.0
1302720,0.0,0.0,0.996555780951657,2152704.609855869,0.0
1302780,0.0,0.0,0.996555780951657,2156010.809107584,0.0
1302840,0.0,0.0,0.996555780951657,2155346.1597001953,0.0
1302900,0.0,0.0,0.996555780951657,2156305.5249983845,0.0
1302960,0.0,0.0,0.996555780951657,2152282.5363876657,0.0
1303020,0.0,0.0,0.996555780951657,2152028.6140720923,0.0
1303080,0.0,0.0,0.996555780951657,2154382.820868541,0.0
1303140,0.0,0.0,0.996555780951657,2155686.269460576,0.0
1303200,0.0,0.0,0.996555780951657,2155898.4146120097,0.0
1303260,0.0,0.0,0.996555780951657,2151926.3773002503,0.0
1303320,0.0,0.0,0.996555780951657,2152555.0820317194,0.0
1303380,0.0,0.0,0.996555780951657,2154532.7696853103,0.0
1303440,0.0,0.0,0.996555780951657,2155296.9682196677,0.0
1303500,0.0,0.0,0.996555780951657,2156088.193631038,0.0
1303560,0.0,0.0,0.996555780951657,2151830.951065037,0.0
1303620,0.0,0.0,0.996555780951657,2153339.6603323277,0.0
1303680,0.0,0.0,0.996555780951657,2152352.7849469236,0.0
1303740,0.0,0.0,0.996555780951657,2154304.9175603385,0.0
1303800,0.0,0.0,0.996555780951657,2157767.534148066,0.0
1303860,0.0,0.0,0.996555780951657,2154415.739271074,0.0
1303920,0.0,0.0,0.996555780951657,2153350.5806004396,0.0
1303980,0.0,0.0,0.996555780951657,2151909.4343650294,0.0
1304040,0.0,0.0,0.996555780951657,2153816.2972924113,0.0
1304100,0.0,0.0,0.996555780951657,2155816.0710134,0.0
1304160,0.0,0.0,0.996555780951657,2155883.6771542365,0.0
1304220,0.0,0.0,0.996555780951657,2151208.4019121416,0.0
1304280,0.0,0.0,0.996555780951657,2152483.4152273363,0.0
1304340,0.0,0.0,0.996555780951657,2153712.8875503233,0.0
1304400,0.0,0.0,0.996555780951657,2156259.1506389403,0.0
1304460,0.0,0.0,0.996555780951657,2155580.780792775,0.0
1304520,0.0,0.0,0.996555780951657,2154340.0054119914,0.0
1304580,0.0,0.0,0.996555780951657,2149493.8229142055,0.0
1304640,0.0,0.0,0.996555780951657,2152778.579988645,0.0
1304700,0.0,0.0,0.996555780951657,2156405.7397850365,0.0
1304760,0.0,0.0,0.996555780951657,2155174.853446404,0.0
1304820,0.0,0.0,0.996555780951657,2156536.867444847,0.0
1304880,0.0,0.0,0.996555780951657,2152269.3275580686,0.0
1304940,0.0,0.0,0.996555780951657,2152140.528267226,0.0
1305000,0.0,0.0,0.996555780951657,2154473.700169815,0.0
1305060,0.0,0.0,0.996555780951657,2155624.0127396383,0.0
1305120,0.0,0.0,0.996555780951657,2154231.327665667,0.0
1305180,0.0,0.0,0.996555780951657,2154362.0544478926,0.0
1305240,0.0,0.0,0.996555780951657,2150413.6584055633,0.0
1305300,0.0,0.0,0.996555780951657,2153267.433965393,0.0
1305360,0.0,0.0,0.996555780951657,2156955.435712158,0.0
1305420,0.0,0.0,0.996555780951657,2155263.883967596,0.0
1305480,0.0,0.0,0.996555780951657,2155139.019566017,0.0
1305540,0.0,0.0,0.996555780951657,2151534.707233297,0.0
1305600,0.0,0.0,0.996555780951657,2152524.982811228,0.0
1305660,0.0,0.0,0.996555780951657,2157452.0301153013,0.0
1305720,0.0,0.0,0.996555780951657,2155240.442147876,0.0
1305780,0.0,0.0,0.996555780951657,2156028.037068098,0.0
1305840,0.0,0.0,0.996555780951657,2148730.7418311317,0.0
1305900,0.0,0.0,0.996555780951657,2152041.3678982644,0.0
1305960,0.0,0.0,0.996555780951657,2153857.776370918,0.0
1306020,0.0,0.0,0.996555780951657,2155663.252445647,0.0
1306080,0.0,0.0,0.996555780951657,2155825.675582883,0.0
1306140,0.0,0.0,0.996555780951657,2150784.0078762793,0.0
1306200,0.0,0.0,0.996555780951657,2152668.3387028147,0.0
1306260,0.0,0.0,0.996555780951657,2153936.543205039,0.0
1306320,0.0,0.0,0.996555780951657,2154890.6767211133,0.0
1306380,0.0,0.0,0.996555780951657,2157511.4851259356,0.0
1306440,0.0,0.0,0.996555780951657,2153645.043758116,0.0
1306500,0.0,0.0,0.996555780951657,2152354.222292448,0.0
1306560,0.0,0.0,0.996555780951657,2152803.7272938974,0.0
1306620,0.0,0.0,0.996555780951657,2154669.558705804,0.0
1306680,0.0,0.0,0.996555780951657,2155641.018058334,0.0
1306740,0.0,0.0,0.996555780951657,2155439.837402559,0.0
1306800,0.0,0.0,0.996555780951657,2150232.9393864814,0.0
1306860,0.0,0.0,0.996555780951657,2151942.1028810428,0.0
1306920,0.0,0.0,0.996555780951657,2153823.3087018467,0.0
1306980,0.0,0.0,0.996555780951657,2158495.818144957,0.0
1307040,0.0,0.0,0.996555780951657,2153493.091008273,0.0
1307100,0.0,0.0,0.996555780951657,2154502.105120452,0.0
1307160,0.0,0.0,0.996555780951657,2150284.6259246487,0.0
1307220,0.0,0.0,0.996555780951657,2153300.637710681,0.0
1307280,0.0,0.0,0.996555780951657,2157165.2305720896,0.0
1307340,0.0,0.0,0.996555780951657,2155123.7697916324,0.0
1307400,0.0,0.0,0.996555780951657,2155265.406455954,0.0
1307460,0.0,0.0,0.996555780951657,2151543.822180259,0.0
1307520,0.0,0.0,0.996555780951657,2152617.657278056,0.0
1307580,0.0,0.0,0.996555780951657,2155280.864362778,0.0
1307640,0.0,0.0,0.996555780951657,2155967.9645566307,0.0
1307700,0.0,0.0,0.996555780951657,2153080.9648644733,0.0
1307760,0.0,0.0,0.996555780951657,2153518.1881082654,0.0
1307820,0.0,0.0,0.996555780951657,2151559.1789936074,0.0
1307880,0.0,0.0,0.996555780951657,2153983.7874681684,0.0
1307940,0.0,0.0,0.996555780951657,2157460.9422543077,0.0
1308000,0.0,0.0,0.996555780951657,2153283.7177657275,0.0
1308060,0.0,0.0,0.996555780951657,2153811.2648404078,0.0
1308120,0.0,0.0,0.996555780951657,2151159.8165076217,0.0
1308180,0.0,0.0,0.996555780951657,2155268.6906102356,0.0
1308240,0.0,0.0,0.996555780951657,2154839.462020814,0.0
1308300,0.0,0.0,0.996555780951657,2157738.2863455773,0.0
1308360,0.0,0.0,0.996555780951657,2153518.3486276004,0.0
1308420,0.0,0.0,0.996555780951657,2152542.2939117416,0.0
1308480,0.0,0.0,0.996555780951657,2152943.1668501957,0.0
1308540,0.0,0.0,0.996555780951657,2154664.3021606165,0.0
1308600,0.0,0.0,0.996555780951657,2155408.9358997853,0.0
1308660,0.0,0.0,0.996555780951657,2155414.624299339,0.0
1308720,0.0,0.0,0.996555780951657,2149885.818173639,0.0
1308780,0.0,0.0,0.996555780951657,2152546.9461895125,0.0
1308840,0.0,0.0,0.996555780951657,2155416.0226277197,0.0
1308900,0.0,0.0,0.996555780951657,2155282.645954317,0.0
1308960,0.0,0.0,0.996555780951657,2156762.800350918,0.0
1309020,0.0,0.0,0.996555780951657,2152709.2989766747,0.0
1309080,0.0,0.0,0.996555780951657,2151953.2419787375,0.0
1309140,0.0,0.0,0.996555780951657,2153895.1807258544,0.0
1309200,0.0,0.0,0.996555780951657,2155426.0396124213,0.0
1309260,0.0,0.0,0.996555780951657,2156591.919001727,0.0
1309320,0.0,0.0,0.996555780951657,2152446.155460467,0.0
1309380,0.0,0.0,0.996555780951657,2152841.0655384683,0.0
1309440,0.0,0.0,0.996555780951657,2153643.178809089,0.0
1309500,0.0,0.0,0.996555780951657,2155092.2365112817,0.0
1309560,0.0,0.0,0.996555780951657,2156039.6651740745,0.0
1309620,0.0,0.0,0.996555780951657,2152481.1943407888,0.0
1309680,0.0,0.0,0.996555780951657,2153685.1023205323,0.0
1309740,0.0,0.0,0.996555780951657,2151656.135673991,0.0
1309800,0.0,0.0,0.996555780951657,2153996.191557584,0.0
1309860,0.0,0.0,0.996555780951657,2157699.3008289225,0.0
1309920,0.0,0.0,0.996555780951657,2154708.2383487746,0.0
1309980,0.0,0.0,0.996555780951657,2153910.9933181363,0.0
1310040,0.0,0.0,0.996555780951657,2151623.309523307,0.0
1310100,0.0,0.0,0.996555780951657,2153413.826891395,0.0
1310160,0.0,0.0,0.996555780951657,2155754.855518337,0.0
1310220,0.0,0.0,0.996555780951657,2155990.758813198,0.0
1310280,0.0,0.0,0.996555780951657,2151800.437133738,0.0
1310340,0.0,0.0,0.996555780951657,2152730.165415468,0.0
1310400,0.0,0.0,0.996555780951657,2153017.0881070998,0.0
1310460,0.0,0.0,0.996555780951657,2156098.685593619,0.0
1310520,0.0,0.0,0.996555780951657,2155574.3203914026,0.0
1310580,0.0,0.0,0.996555780951657,2155106.2763058455,0.0
1310640,0.0,0.0,0.996555780951657,2149267.942074743,0.0
1310700,0.0,0.0,0.996555780951657,2152649.8463323326,0.0
1310760,0.0,0.0,0.996555780951657,2155811.58930115,0.0
1310820,0.0,0.0,0.996555780951657,2155124.1980021656,0.0
1310880,0.0,0.0,0.996555780951657,2156976.4333310546,0.0
1310940,0.0,0.0,0.996555780951657,2152663.3802655353,0.0
1311000,0.0,0.0,0.996555780951657,2152071.8446180364,0.0
1311060,0.0,0.0,0.996555780951657,2154021.989618967,0.0
1311120,0.0,0.0,0.996555780951657,2155384.1238201275,0.0
1311180,0.0,0.0,0.996555780951657,2154699.5737298196,0.0
1311240,0.0,0.0,0.996555780951657,2154719.351622113,0.0
1311300,0.0,0.0,0.996555780951657,2150070.952858811,0.0
1311360,0.0,0.0,0.996555780951657,2152972.5388728464,0.0
1311420,0.0,0.0,0.996555780951657,2156555.3472342496,0.0
1311480,0.0,0.0,0.996555780951657,2155353.5086806705,0.0
1311540,0.0,0.0,0.996555780951657,2155684.563761752,0.0
1311600,0.0,0.0,0.996555780951657,2151840.1677944805,0.0
1311660,0.0,0.0,0.996555780951657,2152239.7764218524,0.0
1311720,0.0,0.0,0.996555780951657,2156964.088343506,0.0
1311780,0.0,0.0,0.996555780951657,2155287.923000635,0.0
1311840,0.0,0.0,0.996555780951657,2156325.0770613807,0.0
1311900,0.0,0.0,0.996555780951657,2148922.214246987,0.0
1311960,0.0,0.0,0.996555780951657,2151789.148614971,0.0
1312020,0.0,0.0,0.996555780951657,2153459.902932644,0.0
1312080,0.0,0.0,0.996555780951657,2155655.2750824983,0.0
1312140,0.0,0.0,0.996555780951657,2155907.535123399,0.0
1312200,0.0,0.0,0.996555780951657,2151363.0976334075,0.0
1312260,0.0,0.0,0.996555780951657,2152900.5954441056,0.0
1312320,0.0,0.0,0.996555780951657,2153230.3556773863,0.0
1312380,0.0,0.0,0.996555780951657,2154656.5372936185,0.0
1312440,0.0,0.0,0.996555780951657,2157662.246864387,0.0
1312500,0.0,0.0,0.996555780951657,2154023.539693908,0.0
1312560,0.0,0.0,0.996555780951657,2152733.9005073914,0.0
1312620,0.0,0.0,0.996555780951657,2152355.4632019224,0.0
1312680,0.0,0.0,0.996555780951657,2154295.191186395,0.0
1312740,0.0,0.0,0.996555780951657,2155787.6168892686,0.0
1312800,0.0,0.0,0.996555780951657,2155677.299452737,0.0
1312860,0.0,0.0,0.996555780951657,2150665.294989644,0.0
1312920,0.0,0.0,0.996555780951657,2151398.3805348733,0.0
1312980,0.0,0.0,0.996555780951657,2153496.7811521776,0.0
1313040,0.0,0.0,0.996555780951657,2158412.5626903716,0.0
1313100,0.0,0.0,0.996555780951657,2154007.5097845434,0.0
1313160,0.0,0.0,0.996555780951657,2154842.7776155155,0.0
1313220,0.0,0.0,0.996555780951657,2149845.621779187,0.0
1313280,0.0,0.0,0.996555780951657,2153047.8353649103,0.0
1313340,0.0,0.0,0.996555780951657,2156765.104846059,0.0
1313400,0.0,0.0,0.996555780951657,2155212.804166412,0.0
1313460,0.0,0.0,0.996555780951657,2155810.2518947083,0.0
1313520,0.0,0.0,0.996555780951657,2151810.6026733513,0.0
1313580,0.0,0.0,0.996555780951657,2152351.5316306762,0.0
1313640,0.0,0.0,0.996555780951657,2154956.1421672055,0.0
1313700,0.0,0.0,0.996555780951657,2155861.6907632793,0.0
1313760,0.0,0.0,0.996555780951657,2153653.834926351,0.0
1313820,0.0,0.0,0.996555780951657,2153882.17039612,0.0
1313880,0.0,0.0,0.996555780951657,2150995.652575932,0.0
1313940,0.0,0.0,0.996555780951657,2153654.90823506,0.0
1314000,0.0,0.0,0.996555780951657,2157270.3978408827,0.0
1314060,0.0,0.0,0.996555780951657,2155095.548940373,0.0
1314120,0.0,0.0,0.996555780951657,2154435.9707914586,0.0
1314180,0.0,0.0,0.996555780951657,2149823.369627652,0.0
1314240,0.0,0.0,0.996555780951657,2153097.6025789604,0.0
1314300,0.0,0.0,0.996555780951657,2155697.5436257697,0.0
1314360,0.0,0.0,0.996555780951657,2155908.3791415473,0.0
1314420,0.0,0.0,0.996555780951657,2154112.162620514,0.0
1314480,0.0,0.0,0.996555780951657,2152606.5950564374,0.0
1314540,0.0,0.0,0.996555780951657,2152456.608449262,0.0
1314600,0.0,0.0,0.996555780951657,2154235.396292853,0.0
1314660,0.0,0.0,0.996555780951657,2155619.5281652096,0.0
1314720,0.0,0.0,0.996555780951657,2155662.5221273685,0.0
1314780,0.0,0.0,0.996555780951657,2150199.168623295,0.0
1314840,0.0,0.0,0.996555780951657,2152503.691623249,0.0
1314900,0.0,0.0,0.996555780951657,2154734.8845629636,0.0
1314960,0.0,0.0,0.996555780951657,2155143.5537769417,0.0
1315020,0.0,0.0,0.996555780951657,2157154.7557713725,0.0
1315080,0.0,0.0,0.996555780951657,2153160.3418831653,0.0
1315140,0.0,0.0,0.996555780951657,2152030.676173754,0.0
1315200,0.0,0.0,0.996555780951657,2153370.6206248826,0.0
1315260,0.0,0.0,0.996555780951657,2155098.47422458,0.0
1315320,0.0,0.0,0.996555780951657,2157206.2653986616,0.0
1315380,0.0,0.0,0.996555780951657,2152972.5578783103,0.0
1315440,0.0,0.0,0.996555780951657,2153228.9243145315,0.0
1315500,0.0,0.0,0.996555780951657,2152703.119412314,0.0
1315560,0.0,0.0,0.996555780951657,2154794.0919966963,0.0
1315620,0.0,0.0,0.996555780951657,2155916.519552623,0.0
1315680,0.0,0.0,0.996555780951657,2153123.6001349213,0.0
1315740,0.0,0.0,0.996555780951657,2154058.009415536,0.0
1315800,0.0,0.0,0.996555780951657,2150999.908851848,0.0
1315860,0.0,0.0,0.996555780951657,2153669.9955326365,0.0
1315920,0.0,0.0,0.996555780951657,2157519.9171983884,0.0
1315980,0.0,0.0,0.996555780951657,2154946.811313883,0.0
1316040,0.0,0.0,0.996555780951657,2154519.436372536,0.0
1316100,0.0,0.0,0.996555780951657,2151473.5002933084,0.0
1316160,0.0,0.0,0.996555780951657,2153019.436564062,0.0
1316220,0.0,0.0,0.996555780951657,2155591.430953305,0.0
1316280,0.0,0.0,0.996555780951657,2156028.978852678,0.0
1316340,0.0,0.0,0.996555780951657,2152425.338657684,0.0
1316400,0.0,0.0,0.996555780951657,2153056.140124439,0.0
1316460,0.0,0.0,0.996555780951657,2152315.706201598,0.0
1316520,0.0,0.0,0.996555780951657,2154382.561410731,0.0
1316580,0.0,0.0,0.996555780951657,2157520.444541394,0.0
1316640,0.0,0.0,0.996555780951657,2152520.845921799,0.0
1316700,0.0,0.0,0.996555780951657,2153366.965304217,0.0
1316760,0.0,0.0,0.996555780951657,2151458.094142328,0.0
1316820,0.0,0.0,0.996555780951657,2155950.2636722187,0.0
1316880,0.0,0.0,0.996555780951657,2155074.538565783,0.0
1316940,0.0,0.0,0.996555780951657,2157334.787140076,0.0
1317000,0.0,0.0,0.996555780951657,2153075.1575392974,0.0
1317060,0.0,0.0,0.996555780951657,2152225.584958862,0.0
1317120,0.0,0.0,0.996555780951657,2153476.919728604,0.0
1317180,0.0,0.0,0.996555780951657,2155055.068110442,0.0
1317240,0.0,0.0,0.996555780951657,2155113.89422222,0.0
1317300,0.0,0.0,0.996555780951657,2155094.672911787,0.0
1317360,0.0,0.0,0.996555780951657,2149867.7558960966,0.0
1317420,0.0,0.0,0.996555780951657,2152705.590421776,0.0
1317480,0.0,0.0,0.996555780951657,2156020.640655536,0.0
1317540,0.0,0.0,0.996555780951657,2155363.398789718,0.0
1317600,0.0,0.0,0.996555780951657,2156258.0637927344,0.0
1317660,0.0,0.0,0.996555780951657,2152261.5032139616,0.0
1317720,0.0,0.0,0.996555780951657,2152024.445789904,0.0
1317780,0.0,0.0,0.996555780951657,2156318.075017903,0.0
1317840,0.0,0.0,0.996555780951657,2155239.243188832,0.0
1317900,0.0,0.0,0.996555780951657,2156584.0668827086,0.0
1317960,0.0,0.0,0.996555780951657,2149445.2301597293,0.0
1318020,0.0,0.0,0.996555780951657,2151665.1521033538,0.0
1318080,0.0,0.0,0.996555780951657,2153035.6130227186,0.0
1318140,0.0,0.0,0.996555780951657,2155528.98470344,0.0
1318200,0.0,0.0,0.996555780951657,2155923.601355386,0.0
1318260,0.0,0.0,0.996555780951657,2152010.986467219,0.0
1318320,0.0,0.0,0.996555780951657,2153235.169888579,0.0
1318380,0.0,0.0,0.996555780951657,2152460.776341548,0.0
1318440,0.0,0.0,0.996555780951657,2154353.1704336214,0.0
1318500,0.0,0.0,0.996555780951657,2157728.061660548,0.0
1318560,0.0,0.0,0.996555780951657,2154392.474400697,0.0
1318620,0.0,0.0,0.996555780951657,2153257.4735114207,0.0
1318680,0.0,0.0,0.996555780951657,2151938.026720504,0.0
1318740,0.0,0.0,0.996555780951657,2153866.466181742,0.0
1318800,0.0,0.0,0.996555780951657,2155833.0749856713,0.0
1318860,0.0,0.0,0.996555780951657,2155871.5954457256,0.0
1318920,0.0,0.0,0.996555780951657,2151299.4795598406,0.0
1318980,0.0,0.0,0.996555780951657,2150920.011130538,0.0
1319040,0.0,0.0,0.996555780951657,2153162.4325512107,0.0
1319100,0.0,0.0,0.996555780951657,2158201.7452468355,0.0
1319160,0.0,0.0,0.996555780951657,2154464.7899578162,0.0
1319220,0.0,0.0,0.996555780951657,2155185.5231720074,0.0
1319280,0.0,0.0,0.996555780951657,2149530.9894299204,0.0
1319340,0.0,0.0,0.996555780951657,2152831.7037405837,0.0
1319400,0.0,0.0,0.996555780951657,2156251.631251133,0.0
1319460,0.0,0.0,0.996555780951657,2155233.521414325,0.0
1319520,0.0,0.0,0.996555780951657,2156361.22558808,0.0
1319580,0.0,0.0,0.996555780951657,2152186.390264976,0.0
1319640,0.0,0.0,0.996555780951657,2152152.046836539,0.0
1319700,0.0,0.0,0.996555780951657,2154541.191197064,0.0
1319760,0.0,0.0,0.996555780951657,2155679.2287969003,0.0
1319820,0.0,0.0,0.996555780951657,2154204.40735709,0.0
1319880,0.0,0.0,0.996555780951657,2154279.5742297214,0.0
1319940,0.0,0.0,0.996555780951657,2150492.3508609193,0.0
1320000,0.0,0.0,0.996555780951657,2153311.0246281084,0.0
1320060,0.0,0.0,0.996555780951657,2156972.2679869644,0.0
1320120,0.0,0.0,0.996555780951657,2155267.4236527886,0.0
1320180,0.0,0.0,0.996555780951657,2155032.7647715877,0.0
1320240,0.0,0.0,0.996555780951657,2149240.8148386762,0.0
1320300,0.0,0.0,0.996555780951657,2152760.254787637,0.0
1320360,0.0,0.0,0.996555780951657,2155259.1250978447,0.0
1320420,0.0,0.0,0.996555780951657,2156484.703004335,0.0
1320480,0.0,0.0,0.996555780951657,2154438.8012047843,0.0
1320540,0.0,0.0,0.996555780951657,2153102.8105191155,0.0
1320600,0.0,0.0,0.996555780951657,2152041.6436996134,0.0
1320660,0.0,0.0,0.996555780951657,2153853.9218767895,0.0
1320720,0.0,0.0,0.996555780951657,2155709.622177751,0.0
1320780,0.0,0.0,0.996555780951657,2155832.1440709024,0.0
1320840,0.0,0.0,0.996555780951657,2150711.6968329535,0.0
1320900,0.0,0.0,0.996555780951657,2152593.032262645,0.0
1320960,0.0,0.0,0.996555780951657,2154041.933839964,0.0
1321020,0.0,0.0,0.996555780951657,2154955.749182207,0.0
1321080,0.0,0.0,0.996555780951657,2157428.4667210393,0.0
1321140,0.0,0.0,0.996555780951657,2153580.486320752,0.0
1321200,0.0,0.0,0.996555780951657,2152268.017155122,0.0
1321260,0.0,0.0,0.996555780951657,2152873.933257243,0.0
1321320,0.0,0.0,0.996555780951657,2154745.7424303293,0.0
1321380,0.0,0.0,0.996555780951657,2157672.0893149604,0.0
1321440,0.0,0.0,0.996555780951657,2153456.630690113,0.0
1321500,0.0,0.0,0.996555780951657,2153647.5525044017,0.0
1321560,0.0,0.0,0.996555780951657,2151802.9629564346,0.0
1321620,0.0,0.0,0.996555780951657,2154443.1677829437,0.0
1321680,0.0,0.0,0.996555780951657,2155738.041679794,0.0
1321740,0.0,0.0,0.996555780951657,2153709.2668136586,0.0
1321800,0.0,0.0,0.996555780951657,2154406.785728483,0.0
1321860,0.0,0.0,0.996555780951657,2150460.358528729,0.0
1321920,0.0,0.0,0.996555780951657,2153366.7302373457,0.0
1321980,0.0,0.0,0.996555780951657,2157237.4061003504,0.0
1322040,0.0,0.0,0.996555780951657,2155116.2408045456,0.0
1322100,0.0,0.0,0.996555780951657,2155101.1717255837,0.0
1322160,0.0,0.0,0.996555780951657,2151503.2141190395,0.0
1322220,0.0,0.0,0.996555780951657,2152675.9597567637,0.0
1322280,0.0,0.0,0.996555780951657,2155347.2381516173,0.0
1322340,0.0,0.0,0.996555780951657,2155999.156857381,0.0
1322400,0.0,0.0,0.996555780951657,2153032.426966664,0.0
1322460,0.0,0.0,0.996555780951657,2153408.1576541304,0.0
1322520,0.0,0.0,0.996555780951657,2151673.7260113778,0.0
1322580,0.0,0.0,0.996555780951657,2154055.1581889377,0.0
1322640,0.0,0.0,0.996555780951657,2157447.0621644515,0.0
1322700,0.0,0.0,0.996555780951657,2153270.4544558036,0.0
1322760,0.0,0.0,0.996555780951657,2153729.067490221,0.0
1322820,0.0,0.0,0.996555780951657,2151192.1624744507,0.0
1322880,0.0,0.0,0.996555780951657,2155306.360839059,0.0
1322940,0.0,0.0,0.996555780951657,2154895.724137968,0.0
1323000,0.0,0.0,0.996555780951657,2157647.450808048,0.0
1323060,0.0,0.0,0.996555780951657,2153467.7091679857,0.0
1323120,0.0,0.0,0.996555780951657,2152463.486921722,0.0
1323180,0.0,0.0,0.996555780951657,2152999.3629537565,0.0
1323240,0.0,0.0,0.996555780951657,2154726.6342968675,0.0
1323300,0.0,0.0,0.996555780951657,2155410.9979529106,0.0
1323360,0.0,0.0,0.996555780951657,2155375.1698281076,0.0
1323420,0.0,0.0,0.996555780951657,2149913.310906499,0.0
1323480,0.0,0.0,0.996555780951657,2152540.3549018283,0.0
1323540,0.0,0.0,0.996555780951657,2155459.869245002,0.0
1323600,0.0,0.0,0.996555780951657,2155312.7822300056,0.0
1323660,0.0,0.0,0.996555780951657,2156689.4245130774,0.0
1323720,0.0,0.0,0.996555780951657,2152666.4318589624,0.0
1323780,0.0,0.0,0.996555780951657,2151937.837714108,0.0
1323840,0.0,0.0,0.996555780951657,2155601.5753225735,0.0
1323900,0.0,0.0,0.996555780951657,2155131.0447793775,0.0
1323960,0.0,0.0,0.996555780951657,2156732.620182457,0.0
1324020,0.0,0.0,0.996555780951657,2150148.254335977,0.0
1324080,0.0,0.0,0.996555780951657,2151724.048518257,0.0
1324140,0.0,0.0,0.996555780951657,2152690.053604098,0.0
1324200,0.0,0.0,0.996555780951657,2155328.8785426267,0.0
1324260,0.0,0.0,0.996555780951657,2155879.795252111,0.0
1324320,0.0,0.0,0.996555780951657,2152625.6371960007,0.0
1324380,0.0,0.0,0.996555780951657,2153561.2227926766,0.0
1324440,0.0,0.0,0.996555780951657,2151787.0287158834,0.0
1324500,0.0,0.0,0.996555780951657,2154058.7096722824,0.0
1324560,0.0,0.0,0.996555780951657,2157670.3828971013,0.0
1324620,0.0,0.0,0.996555780951657,2154684.8052717973,0.0
1324680,0.0,0.0,0.996555780951657,2153782.6826438047,0.0
1324740,0.0,0.0,0.996555780951657,2151647.7307320535,0.0
1324800,0.0,0.0,0.996555780951657,2153476.7642427078,0.0
1324860,0.0,0.0,0.996555780951657,2155783.959669613,0.0
1324920,0.0,0.0,0.996555780951657,2155986.504413184,0.0
1324980,0.0,0.0,0.996555780951657,2151776.696591763,0.0
1325040,0.0,0.0,0.996555780951657,2152657.8025166052,0.0
1325100,0.0,0.0,0.996555780951657,2153094.532133558,0.0
1325160,0.0,0.0,0.996555780951657,2156118.446216177,0.0
1325220,0.0,0.0,0.996555780951657,2155596.914079575,0.0
1325280,0.0,0.0,0.996555780951657,2155001.6512264204,0.0
1325340,0.0,0.0,0.996555780951657,2149334.26272028,0.0
1325400,0.0,0.0,0.996555780951657,2152638.6778519666,0.0
1325460,0.0,0.0,0.996555780951657,2155848.0226018857,0.0
1325520,0.0,0.0,0.996555780951657,2155153.8920294833,0.0
1325580,0.0,0.0,0.996555780951657,2156898.764730152,0.0
1325640,0.0,0.0,0.996555780951657,2152623.37897627,0.0
1325700,0.0,0.0,0.996555780951657,2152055.2559642186,0.0
1325760,0.0,0.0,0.996555780951657,2154059.147906647,0.0
1325820,0.0,0.0,0.996555780951657,2155421.1224057847,0.0
1325880,0.0,0.0,0.996555780951657,2154700.1668322347,0.0
1325940,0.0,0.0,0.996555780951657,2154676.776837592,0.0
1326000,0.0,0.0,0.996555780951657,2150110.6588317114,0.0
1326060,0.0,0.0,0.996555780951657,2152986.600515084,0.0
1326120,0.0,0.0,0.996555780951657,2156563.028072248,0.0
1326180,0.0,0.0,0.996555780951657,2155366.1995574557,0.0
1326240,0.0,0.0,0.996555780951657,2155627.0650860555,0.0
1326300,0.0,0.0,0.996555780951657,2148842.9870893587,0.0
1326360,0.0,0.0,0.996555780951657,2152476.8108806144,0.0
1326420,0.0,0.0,0.996555780951657,2154754.6305159065,0.0
1326480,0.0,0.0,0.996555780951657,2156943.935600465,0.0
1326540,0.0,0.0,0.996555780951657,2154722.80878303,0.0
1326600,0.0,0.0,0.996555780951657,2153698.1136946254,0.0
1326660,0.0,0.0,0.996555780951657,2151710.418515745,0.0
1326720,0.0,0.0,0.996555780951657,2153462.9190234286,0.0
1326780,0.0,0.0,0.996555780951657,2155694.2085190895,0.0
1326840,0.0,0.0,0.996555780951657,2155939.9524934,0.0
1326900,0.0,0.0,0.996555780951657,2151302.135540606,0.0
1326960,0.0,0.0,0.996555780951657,2152829.2511800434,0.0
1327020,0.0,0.0,0.996555780951657,2153307.926822918,0.0
1327080,0.0,0.0,0.996555780951657,2154709.0215754476,0.0
1327140,0.0,0.0,0.996555780951657,2157611.415527944,0.0
1327200,0.0,0.0,0.996555780951657,2153986.0278167073,0.0
1327260,0.0,0.0,0.996555780951657,2152655.0840578815,0.0
1327320,0.0,0.0,0.996555780951657,2152396.8970699008,0.0
1327380,0.0,0.0,0.996555780951657,2154350.613924985,0.0
1327440,0.0,0.0,0.996555780951657,2155797.1380249867,0.0
1327500,0.0,0.0,0.996555780951657,2155651.1717264922,0.0
1327560,0.0,0.0,0.996555780951657,2150661.5214102543,0.0
1327620,0.0,0.0,0.996555780951657,2151442.707021585,0.0
1327680,0.0,0.0,0.996555780951657,2153532.6356050083,0.0
1327740,0.0,0.0,0.996555780951657,2158359.0240853424,0.0
1327800,0.0,0.0,0.996555780951657,2154022.4553154265,0.0
1327860,0.0,0.0,0.996555780951657,2154793.923252391,0.0
1327920,0.0,0.0,0.996555780951657,2149901.7156562414,0.0
1327980,0.0,0.0,0.996555780951657,2153060.654593366,0.0
1328040,0.0,0.0,0.996555780951657,2156773.2530967537,0.0
1328100,0.0,0.0,0.996555780951657,2155226.190193989,0.0
1328160,0.0,0.0,0.996555780951657,2155742.390257656,0.0
1328220,0.0,0.0,0.996555780951657,2151783.813230241,0.0
1328280,0.0,0.0,0.996555780951657,2152359.0576757053,0.0
1328340,0.0,0.0,0.996555780951657,2154979.2024962986,0.0
1328400,0.0,0.0,0.996555780951657,2155881.1690134783,0.0
1328460,0.0,0.0,0.996555780951657,2153659.870453999,0.0
1328520,0.0,0.0,0.996555780951657,2153841.993522437,0.0
1328580,0.0,0.0,0.996555780951657,2151026.8439551457,0.0
1328640,0.0,0.0,0.996555780951657,2153673.5140412194,0.0
1328700,0.0,0.0,0.996555780951657,2157259.8695463506,0.0
1328760,0.0,0.0,0.996555780951657,2154013.947148067,0.0
1328820,0.0,0.0,0.996555780951657,2154129.7231617696,0.0
1328880,0.0,0.0,0.996555780951657,2151045.501717747,0.0
1328940,0.0,0.0,0.996555780951657,2154518.259589409,0.0
1329000,0.0,0.0,0.996555780951657,2154638.6206447743,0.0
1329060,0.0,0.0,0.996555780951657,2157900.4177097734,0.0
1329120,0.0,0.0,0.996555780951657,2153873.3683899594,0.0
1329180,0.0,0.0,0.996555780951657,2152882.4828153704,0.0
1329240,0.0,0.0,0.996555780951657,2152502.864866225,0.0
1329300,0.0,0.0,0.996555780951657,2154328.3592790593,0.0
1329360,0.0,0.0,0.996555780951657,2155620.904882814,0.0
1329420,0.0,0.0,0.996555780951657,2155630.5118636726,0.0
1329480,0.0,0.0,0.996555780951657,2150215.8947728304,0.0
1329540,0.0,0.0,0.996555780951657,2152475.6217698324,0.0
1329600,0.0,0.0,0.996555780951657,2154790.8661777135,0.0
1329660,0.0,0.0,0.996555780951657,2155180.1199268387,0.0
1329720,0.0,0.0,0.996555780951657,2157089.044901863,0.0
1329780,0.0,0.0,0.996555780951657,2153119.419333009,0.0
1329840,0.0,0.0,0.996555780951657,2151995.859320361,0.0
1329900,0.0,0.0,0.996555780951657,2154755.868027779,0.0
1329960,0.0,0.0,0.996555780951657,2154932.464348541,0.0
1330020,0.0,0.0,0.996555780951657,2156811.199700706,0.0
1330080,0.0,0.0,0.996555780951657,2150979.722971661,0.0
1330140,0.0,0.0,0.996555780951657,2152001.6575668417,0.0
1330200,0.0,0.0,0.996555780951657,2152373.902414539,0.0
1330260,0.0,0.0,0.996555780951657,2155021.296588158,0.0
1330320,0.0,0.0,0.996555780951657,2155763.3467799965,0.0
1330380,0.0,0.0,0.996555780951657,2153249.841014065,0.0
1330440,0.0,0.0,0.996555780951657,2153940.8256392586,0.0
1330500,0.0,0.0,0.996555780951657,2151119.7360284026,0.0
1330560,0.0,0.0,0.996555780951657,2153728.800778075,0.0
1330620,0.0,0.0,0.996555780951657,2157508.523592106,0.0
1330680,0.0,0.0,0.996555780951657,2154935.7223379747,0.0
1330740,0.0,0.0,0.996555780951657,2154385.1687070024,0.0
1330800,0.0,0.0,0.996555780951657,2151475.1358534805,0.0
1330860,0.0,0.0,0.996555780951657,2153074.92042338,0.0
1330920,0.0,0.0,0.996555780951657,2155630.01567889,0.0
1330980,0.0,0.0,0.996555780951657,2156038.306912504,0.0
1331040,0.0,0.0,0.996555780951657,2152398.067390918,0.0
1331100,0.0,0.0,0.996555780951657,2152976.066383393,0.0
1331160,0.0,0.0,0.996555780951657,2152396.3889605333,0.0
1331220,0.0,0.0,0.996555780951657,2155841.3418238964,0.0
1331280,0.0,0.0,0.996555780951657,2155534.2618993535,0.0
1331340,0.0,0.0,0.996555780951657,2155757.3121101046,0.0
1331400,0.0,0.0,0.996555780951657,2149374.7923731897,0.0
1331460,0.0,0.0,0.996555780951657,2152592.13744298,0.0
1331520,0.0,0.0,0.996555780951657,2155182.4746363466,0.0
1331580,0.0,0.0,0.996555780951657,2155045.0137050766,0.0
1331640,0.0,0.0,0.996555780951657,2157280.325761267,0.0
1331700,0.0,0.0,0.996555780951657,2153038.044166189,0.0
1331760,0.0,0.0,0.996555780951657,2152101.5645560706,0.0
1331820,0.0,0.0,0.996555780951657,2153570.748043164,0.0
1331880,0.0,0.0,0.996555780951657,2155129.2250742763,0.0
1331940,0.0,0.0,0.996555780951657,2155098.887441902,0.0
1332000,0.0,0.0,0.996555780951657,2155019.9331704183,0.0
1332060,0.0,0.0,0.996555780951657,2149922.8755878997,0.0
1332120,0.0,0.0,0.996555780951657,2152727.4617063436,0.0
1332180,0.0,0.0,0.996555780951657,2156078.871865917,0.0
1332240,0.0,0.0,0.996555780951657,2155391.542214614,0.0
1332300,0.0,0.0,0.996555780951657,2156142.7220263653,0.0
1332360,0.0,0.0,0.996555780951657,2148729.088877312,0.0
1332420,0.0,0.0,0.996555780951657,2152291.8500849735,0.0
1332480,0.0,0.0,0.996555780951657,2154238.8395459102,0.0
1332540,0.0,0.0,0.996555780951657,2157244.2237188616,0.0
1332600,0.0,0.0,0.996555780951657,2154941.0405489127,0.0
1332660,0.0,0.0,0.996555780951657,2154305.201152584,0.0
1332720,0.0,0.0,0.996555780951657,2151518.4820482614,0.0
1332780,0.0,0.0,0.996555780951657,2153107.490913459,0.0
1332840,0.0,0.0,0.996555780951657,2155584.487614607,0.0
1332900,0.0,0.0,0.996555780951657,2155979.309513265,0.0
1332960,0.0,0.0,0.996555780951657,2151915.9866262856,0.0
1333020,0.0,0.0,0.996555780951657,2153118.478615289,0.0
1333080,0.0,0.0,0.996555780951657,2152599.5532035977,0.0
1333140,0.0,0.0,0.996555780951657,2154434.7178751607,0.0
1333200,0.0,0.0,0.996555780951657,2157679.8380432897,0.0
1333260,0.0,0.0,0.996555780951657,2154341.416989509,0.0
1333320,0.0,0.0,0.996555780951657,2153119.1925382074,0.0
1333380,0.0,0.0,0.996555780951657,2151994.5143019655,0.0
1333440,0.0,0.0,0.996555780951657,2153952.918596004,0.0
1333500,0.0,0.0,0.996555780951657,2155854.3097297563,0.0
1333560,0.0,0.0,0.996555780951657,2155845.454370809,0.0
1333620,0.0,0.0,0.996555780951657,2151251.0066586556,0.0
1333680,0.0,0.0,0.996555780951657,2150986.680043732,0.0
1333740,0.0,0.0,0.996555780951657,2153211.5557700275,0.0
1333800,0.0,0.0,0.996555780951657,2158156.408795717,0.0
1333860,0.0,0.0,0.996555780951657,2154469.900295369,0.0
1333920,0.0,0.0,0.996555780951657,2155119.9712747997,0.0
1333980,0.0,0.0,0.996555780951657,2149605.5132710063,0.0
1334040,0.0,0.0,0.996555780951657,2152842.322936239,0.0
1334100,0.0,0.0,0.996555780951657,2156294.3062871005,0.0
1334160,0.0,0.0,0.996555780951657,2155258.158784175,0.0
1334220,0.0,0.0,0.996555780951657,2156257.129119858,0.0
1334280,0.0,0.0,0.996555780951657,2152134.4629639615,0.0
1334340,0.0,0.0,0.996555780951657,2152155.7760145306,0.0
1334400,0.0,0.0,0.996555780951657,2154589.4152529123,0.0
1334460,0.0,0.0,0.996555780951657,2155718.0185532444,0.0
1334520,0.0,0.0,0.996555780951657,2154192.2041202104,0.0
1334580,0.0,0.0,0.996555780951657,2154216.7890757723,0.0
1334640,0.0,0.0,0.996555780951657,2150549.3963642963,0.0
1334700,0.0,0.0,0.996555780951657,2153342.611588776,0.0
1334760,0.0,0.0,0.996555780951657,2156978.448374124,0.0
1334820,0.0,0.0,0.996555780951657,2154644.4272607174,0.0
1334880,0.0,0.0,0.996555780951657,2154458.989864074,0.0
1334940,0.0,0.0,0.996555780951657,2151076.5220522797,0.0
1335000,0.0,0.0,0.996555780951657,2153722.3592931908,0.0
1335060,0.0,0.0,0.996555780951657,2154380.902754604,0.0
1335120,0.0,0.0,0.996555780951657,2158002.5945525197,0.0
1335180,0.0,0.0,0.996555780951657,2154206.493958407,0.0
1335240,0.0,0.0,0.996555780951657,2153341.324012472,0.0
1335300,0.0,0.0,0.996555780951657,2152103.1725374325,0.0
1335360,0.0,0.0,0.996555780951657,2153957.2011181563,0.0
1335420,0.0,0.0,0.996555780951657,2155723.917339445,0.0
1335480,0.0,0.0,0.996555780951657,2155804.8147979146,0.0
1335540,0.0,0.0,0.996555780951657,2150706.5393870557,0.0
1335600,0.0,0.0,0.996555780951657,2152531.1375281345,0.0
1335660,0.0,0.0,0.996555780951657,2154131.080918847,0.0
1335720,0.0,0.0,0.996555780951657,2155008.466209629,0.0
1335780,0.0,0.0,0.996555780951657,2157357.267062349,0.0
1335840,0.0,0.0,0.996555780951657,2153528.2906826343,0.0
1335900,0.0,0.0,0.996555780951657,2152199.3778337818,0.0
1335960,0.0,0.0,0.996555780951657,2152930.066448515,0.0
1336020,0.0,0.0,0.996555780951657,2154807.579115316,0.0
1336080,0.0,0.0,0.996555780951657,2157587.827749138,0.0
1336140,0.0,0.0,0.996555780951657,2153433.955121186,0.0
1336200,0.0,0.0,0.996555780951657,2153557.088893114,0.0
1336260,0.0,0.0,0.996555780951657,2151884.455332706,0.0
1336320,0.0,0.0,0.996555780951657,2154491.6473947554,0.0
1336380,0.0,0.0,0.996555780951657,2155778.305559876,0.0
1336440,0.0,0.0,0.996555780951657,2153706.006621355,0.0
1336500,0.0,0.0,0.996555780951657,2154348.487777841,0.0
1336560,0.0,0.0,0.996555780951657,2150522.1127940095,0.0
1336620,0.0,0.0,0.996555780951657,2153393.960321879,0.0
1336680,0.0,0.0,0.996555780951657,2157236.804989676,0.0
1336740,0.0,0.0,0.996555780951657,2155121.393107449,0.0
1336800,0.0,0.0,0.996555780951657,2155023.9104312337,0.0
1336860,0.0,0.0,0.996555780951657,2151487.396927097,0.0
1336920,0.0,0.0,0.996555780951657,2152697.144160523,0.0
1336980,0.0,0.0,0.996555780951657,2155372.075965525,0.0
1337040,0.0,0.0,0.996555780951657,2156013.475046983,0.0
1337100,0.0,0.0,0.996555780951657,2153032.7668576166,0.0
1337160,0.0,0.0,0.996555780951657,2153359.828156475,0.0
1337220,0.0,0.0,0.996555780951657,2151711.526423696,0.0
1337280,0.0,0.0,0.996555780951657,2155441.4012670363,0.0
1337340,0.0,0.0,0.996555780951657,2155401.570072954,0.0
1337400,0.0,0.0,0.996555780951657,2156488.871897303,0.0
1337460,0.0,0.0,0.996555780951657,2149765.1050452203,0.0
1337520,0.0,0.0,0.996555780951657,2152681.165488167,0.0
1337580,0.0,0.0,0.996555780951657,2154440.1765750838,0.0
1337640,0.0,0.0,0.996555780951657,2154871.614625747,0.0
1337700,0.0,0.0,0.996555780951657,2157584.543980236,0.0
1337760,0.0,0.0,0.996555780951657,2153458.2914140183,0.0
1337820,0.0,0.0,0.996555780951657,2152314.822616967,0.0
1337880,0.0,0.0,0.996555780951657,2153062.949898389,0.0
1337940,0.0,0.0,0.996555780951657,2154783.863754751,0.0
1338000,0.0,0.0,0.996555780951657,2155413.3622080637,0.0
1338060,0.0,0.0,0.996555780951657,2155331.6828441587,0.0
1338120,0.0,0.0,0.996555780951657,2149939.3508399175,0.0
1338180,0.0,0.0,0.996555780951657,2152537.378959915,0.0
1338240,0.0,0.0,0.996555780951657,2155506.483839027,0.0
1338300,0.0,0.0,0.996555780951657,2155343.475869204,0.0
1338360,0.0,0.0,0.996555780951657,2156611.6793252514,0.0
1338420,0.0,0.0,0.996555780951657,2152619.802047628,0.0
1338480,0.0,0.0,0.996555780951657,2151924.4594449974,0.0
1338540,0.0,0.0,0.996555780951657,2155609.7317794585,0.0
1338600,0.0,0.0,0.996555780951657,2155166.1311945817,0.0
1338660,0.0,0.0,0.996555780951657,2156711.195411163,0.0
1338720,0.0,0.0,0.996555780951657,2150193.3510144693,0.0
1338780,0.0,0.0,0.996555780951657,2151700.9800530695,0.0
1338840,0.0,0.0,0.996555780951657,2152716.9554449413,0.0
1338900,0.0,0.0,0.996555780951657,2155357.3805129565,0.0
1338960,0.0,0.0,0.996555780951657,2155898.378359442,0.0
1339020,0.0,0.0,0.996555780951657,2152628.912889989,0.0
1339080,0.0,0.0,0.996555780951657,2153508.941714739,0.0
1339140,0.0,0.0,0.996555780951657,2151831.590452459,0.0
1339200,0.0,0.0,0.996555780951657,2154086.7588052307,0.0
1339260,0.0,0.0,0.996555780951657,2157649.7505950686,0.0
1339320,0.0,0.0,0.996555780951657,2154679.945148047,0.0
1339380,0.0,0.0,0.996555780951657,2153728.1294989726,0.0
1339440,0.0,0.0,0.996555780951657,2151653.870061927,0.0
1339500,0.0,0.0,0.996555780951657,2153500.409772115,0.0
1339560,0.0,0.0,0.996555780951657,2155797.9758050633,0.0
1339620,0.0,0.0,0.996555780951657,2155986.491943323,0.0
1339680,0.0,0.0,0.996555780951657,2152017.901374208,0.0
1339740,0.0,0.0,0.996555780951657,2150638.668300822,0.0
1339800,0.0,0.0,0.996555780951657,2152895.258031382,0.0
1339860,0.0,0.0,0.996555780951657,2157814.7740164055,0.0
1339920,0.0,0.0,0.996555780951657,2154847.963453501,0.0
1339980,0.0,0.0,0.996555780951657,2155442.4221864473,0.0
1340040,0.0,0.0,0.996555780951657,2149477.5028516306,0.0
1340100,0.0,0.0,0.996555780951657,2152686.612317923,0.0
1340160,0.0,0.0,0.996555780951657,2155690.91361145,0.0
1340220,0.0,0.0,0.996555780951657,2155212.4052354107,0.0
1340280,0.0,0.0,0.996555780951657,2156773.1979439124,0.0
1340340,0.0,0.0,0.996555780951657,2152559.1601451486,0.0
1340400,0.0,0.0,0.996555780951657,2152049.21709844,0.0
1340460,0.0,0.0,0.996555780951657,2154109.5555402357,0.0
1340520,0.0,0.0,0.996555780951657,2155469.7436906793,0.0
1340580,0.0,0.0,0.996555780951657,2154690.3585045314,0.0
1340640,0.0,0.0,0.996555780951657,2154620.0339047885,0.0
1340700,0.0,0.0,0.996555780951657,2150161.270756756,0.0
1340760,0.0,0.0,0.996555780951657,2153009.7211434213,0.0
1340820,0.0,0.0,0.996555780951657,2156580.257149395,0.0
1340880,0.0,0.0,0.996555780951657,2155211.9895200576,0.0
1340940,0.0,0.0,0.996555780951657,2154782.983508568,0.0
1341000,0.0,0.0,0.996555780951657,2151315.706164588,0.0
1341060,0.0,0.0,0.996555780951657,2152840.5265969858,0.0
1341120,0.0,0.0,0.996555780951657,2154072.711963305,0.0
1341180,0.0,0.0,0.996555780951657,2158009.4308981565,0.0
1341240,0.0,0.0,0.996555780951657,2154514.954072822,0.0
1341300,0.0,0.0,0.996555780951657,2153912.269516763,0.0
1341360,0.0,0.0,0.996555780951657,2151764.382526257,0.0
1341420,0.0,0.0,0.996555780951657,2153552.9061358343,0.0
1341480,0.0,0.0,0.996555780951657,2155723.7568386565,0.0
1341540,0.0,0.0,0.996555780951657,2155927.574336265,0.0
1341600,0.0,0.0,0.996555780951657,2151287.2790748766,0.0
1341660,0.0,0.0,0.996555780951657,2152744.9653711715,0.0
1341720,0.0,0.0,0.996555780951657,2153405.443815731,0.0
1341780,0.0,0.0,0.996555780951657,2154767.0440050005,0.0
1341840,0.0,0.0,0.996555780951657,2157554.126116869,0.0
1341900,0.0,0.0,0.996555780951657,2153940.7989813928,0.0
1341960,0.0,0.0,0.996555780951657,2152567.469569356,0.0
1342020,0.0,0.0,0.996555780951657,2152447.2541115396,0.0
1342080,0.0,0.0,0.996555780951657,2154414.600066835,0.0
1342140,0.0,0.0,0.996555780951657,2157938.9727023714,0.0
1342200,0.0,0.0,0.996555780951657,2153891.236620907,0.0
1342260,0.0,0.0,0.996555780951657,2154018.4635461853,0.0
1342320,0.0,0.0,0.996555780951657,2151013.0262766443,0.0
1342380,0.0,0.0,0.996555780951657,2154080.982960605,0.0
1342440,0.0,0.0,0.996555780951657,2155542.480785442,0.0
1342500,0.0,0.0,0.996555780951657,2154242.27310214,0.0
1342560,0.0,0.0,0.996555780951657,2154696.7222483996,0.0
1342620,0.0,0.0,0.996555780951657,2150086.160415109,0.0
1342680,0.0,0.0,0.996555780951657,2153102.6636185627,0.0
1342740,0.0,0.0,0.996555780951657,2156861.4945815313,0.0
1342800,0.0,0.0,0.996555780951657,2155233.788840596,0.0
1342860,0.0,0.0,0.996555780951657,2155601.2406720123,0.0
1342920,0.0,0.0,0.996555780951657,2151716.9752339493,0.0
1342980,0.0,0.0,0.996555780951657,2152393.7820025194,0.0
1343040,0.0,0.0,0.996555780951657,2155045.891407063,0.0
1343100,0.0,0.0,0.996555780951657,2155921.3273565085,0.0
1343160,0.0,0.0,0.996555780951657,2153622.143405275,0.0
1343220,0.0,0.0,0.996555780951657,2153745.025559511,0.0
1343280,0.0,0.0,0.996555780951657,2151121.0387801756,0.0
1343340,0.0,0.0,0.996555780951657,2154961.0744406907,0.0
1343400,0.0,0.0,0.996555780951657,2155222.0383243496,0.0
1343460,0.0,0.0,0.996555780951657,2157109.730783423,0.0
1343520,0.0,0.0,0.996555780951657,2150336.0134476605,0.0
1343580,0.0,0.0,0.996555780951657,2152892.6981195016,0.0
1343640,0.0,0.0,0.996555780951657,2153688.6734706117,0.0
1343700,0.0,0.0,0.996555780951657,2154661.256075572,0.0
1343760,0.0,0.0,0.996555780951657,2157772.114472473,0.0
1343820,0.0,0.0,0.996555780951657,2153841.0930470186,0.0
1343880,0.0,0.0,0.996555780951657,2152659.552735875,0.0
1343940,0.0,0.0,0.996555780951657,2152593.2760661626,0.0
1344000,0.0,0.0,0.996555780951657,2154423.338977667,0.0
1344060,0.0,0.0,0.996555780951657,2155626.394014185,0.0
1344120,0.0,0.0,0.996555780951657,2155581.2922451664,0.0
1344180,0.0,0.0,0.996555780951657,2150204.760390855,0.0
1344240,0.0,0.0,0.996555780951657,2152446.445764194,0.0
1344300,0.0,0.0,0.996555780951657,2154890.3581843437,0.0
1344360,0.0,0.0,0.996555780951657,2155234.722987029,0.0
1344420,0.0,0.0,0.996555780951657,2156985.7185589685,0.0
1344480,0.0,0.0,0.996555780951657,2153044.295333195,0.0
1344540,0.0,0.0,0.996555780951657,2151948.8059346783,0.0
1344600,0.0,0.0,0.996555780951657,2154817.520568405,0.0
1344660,0.0,0.0,0.996555780951657,2154991.793910527,0.0
1344720,0.0,0.0,0.996555780951657,2156796.0371247497,0.0
1344780,0.0,0.0,0.996555780951657,2150990.3587833294,0.0
1344840,0.0,0.0,0.996555780951657,2151940.055804274,0.0
1344900,0.0,0.0,0.996555780951657,2152407.103034614,0.0
1344960,0.0,0.0,0.996555780951657,2155075.3381146104,0.0
1345020,0.0,0.0,0.996555780951657,2155801.4744573985,0.0
1345080,0.0,0.0,0.996555780951657,2153229.732967078,0.0
1345140,0.0,0.0,0.996555780951657,2153861.018384776,0.0
1345200,0.0,0.0,0.996555780951657,2151202.7437671376,0.0
1345260,0.0,0.0,0.996555780951657,2153773.665701228,0.0
1345320,0.0,0.0,0.996555780951657,2157499.3418603595,0.0
1345380,0.0,0.0,0.996555780951657,2154927.7048188136,0.0
1345440,0.0,0.0,0.996555780951657,2154288.814116964,0.0
1345500,0.0,0.0,0.996555780951657,2151477.450898997,0.0
1345560,0.0,0.0,0.996555780951657,2153115.2961409166,0.0
1345620,0.0,0.0,0.996555780951657,2155657.706542673,0.0
1345680,0.0,0.0,0.996555780951657,2156044.5913641616,0.0
1345740,0.0,0.0,0.996555780951657,2152801.070320745,0.0
1345800,0.0,0.0,0.996555780951657,2150521.4287439412,0.0
1345860,0.0,0.0,0.996555780951657,2152664.6528710322,0.0
1345920,0.0,0.0,0.996555780951657,2157349.983869665,0.0
1345980,0.0,0.0,0.996555780951657,2155117.4204870914,0.0
1346040,0.0,0.0,0.996555780951657,2155677.8276569634,0.0
1346100,0.0,0.0,0.996555780951657,2149616.8042948926,0.0
1346160,0.0,0.0,0.996555780951657,2152632.6002828246,0.0
1346220,0.0,0.0,0.996555780951657,2155071.8766384353,0.0
1346280,0.0,0.0,0.996555780951657,2155118.187657205,0.0
1346340,0.0,0.0,0.996555780951657,2157153.3948495714,0.0
1346400,0.0,0.0,0.996555780951657,2152958.2290156423,0.0
1346460,0.0,0.0,0.996555780951657,2152068.739706734,0.0
1346520,0.0,0.0,0.996555780951657,2153641.530707276,0.0
1346580,0.0,0.0,0.996555780951657,2155198.370433973,0.0
1346640,0.0,0.0,0.996555780951657,2155084.986426796,0.0
1346700,0.0,0.0,0.996555780951657,2154955.4274681266,0.0
1346760,0.0,0.0,0.996555780951657,2149972.5275823483,0.0
1346820,0.0,0.0,0.996555780951657,2152747.284242651,0.0
1346880,0.0,0.0,0.996555780951657,2156121.606838495,0.0
1346940,0.0,0.0,0.996555780951657,2155414.605362714,0.0
1347000,0.0,0.0,0.996555780951657,2156047.362628324,0.0
1347060,0.0,0.0,0.996555780951657,2148813.651219518,0.0
1347120,0.0,0.0,0.996555780951657,2152291.668123212,0.0
1347180,0.0,0.0,0.996555780951657,2154304.816978986,0.0
1347240,0.0,0.0,0.996555780951657,2157206.79175604,0.0
1347300,0.0,0.0,0.996555780951657,2154935.5323974886,0.0
1347360,0.0,0.0,0.996555780951657,2154202.72577434,0.0
1347420,0.0,0.0,0.996555780951657,2151523.322843619,0.0
1347480,0.0,0.0,0.996555780951657,2153143.2392419213,0.0
1347540,0.0,0.0,0.996555780951657,2155610.9478619546,0.0
1347600,0.0,0.0,0.996555780951657,2155987.5711749955,0.0
1347660,0.0,0.0,0.996555780951657,2151915.6157933692,0.0
1347720,0.0,0.0,0.996555780951657,2153061.3751534903,0.0
1347780,0.0,0.0,0.996555780951657,2152649.621690317,0.0
1347840,0.0,0.0,0.996555780951657,2154469.242910545,0.0
1347900,0.0,0.0,0.996555780951657,2157649.837618266,0.0
1347960,0.0,0.0,0.996555780951657,2154326.5563325826,0.0
1348020,0.0,0.0,0.996555780951657,2153061.9966965583,0.0
1348080,0.0,0.0,0.996555780951657,2152011.3891064133,0.0
1348140,0.0,0.0,0.996555780951657,2153985.3306156653,0.0
1348200,0.0,0.0,0.996555780951657,2158160.0771510834,0.0
1348260,0.0,0.0,0.996555780951657,2154303.144982332,0.0
1348320,0.0,0.0,0.996555780951657,2154511.537716833,0.0
1348380,0.0,0.0,0.996555780951657,2150188.46545563,0.0
1348440,0.0,0.0,0.996555780951657,2153621.2094221334,0.0
1348500,0.0,0.0,0.996555780951657,2155240.853048949,0.0
1348560,0.0,0.0,0.996555780951657,2154712.0791399837,0.0
1348620,0.0,0.0,0.996555780951657,2155027.4080033363,0.0
1348680,0.0,0.0,0.996555780951657,2149794.400046551,0.0
1348740,0.0,0.0,0.996555780951657,2152851.356841255,0.0
1348800,0.0,0.0,0.996555780951657,2156382.0057001305,0.0
1348860,0.0,0.0,0.996555780951657,2155275.938947146,0.0
1348920,0.0,0.0,0.996555780951657,2156157.8500534617,0.0
1348980,0.0,0.0,0.996555780951657,2152081.974653413,0.0
1349040,0.0,0.0,0.996555780951657,2152162.006061771,0.0
1349100,0.0,0.0,0.996555780951657,2154640.9261282496,0.0
1349160,0.0,0.0,0.996555780951657,2155757.121825177,0.0
1349220,0.0,0.0,0.996555780951657,2154176.432938532,0.0
1349280,0.0,0.0,0.996555780951657,2154149.1993117016,0.0
1349340,0.0,0.0,0.996555780951657,2150610.012098128,0.0
1349400,0.0,0.0,0.996555780951657,2153378.143144202,0.0
1349460,0.0,0.0,0.996555780951657,2156985.8063868345,0.0
1349520,0.0,0.0,0.996555780951657,2154648.2555874414,0.0
1349580,0.0,0.0,0.996555780951657,2154418.9110820973,0.0
1349640,0.0,0.0,0.996555780951657,2151067.4054188286,0.0
1349700,0.0,0.0,0.996555780951657,2153749.750398768,0.0
1349760,0.0,0.0,0.996555780951657,2154419.409689735,0.0
1349820,0.0,0.0,0.996555780951657,2157958.697694674,0.0
1349880,0.0,0.0,0.996555780951657,2154189.981274642,0.0
1349940,0.0,0.0,0.996555780951657,2153272.9616136686,0.0
1350000,0.0,0.0,0.996555780951657,2152123.248459647,0.0
1350060,0.0,0.0,0.996555780951657,2153992.664438577,0.0
1350120,0.0,0.0,0.996555780951657,2155738.029285681,0.0
1350180,0.0,0.0,0.996555780951657,2155796.1376274973,0.0
1350240,0.0,0.0,0.996555780951657,2150720.9570136936,0.0
1350300,0.0,0.0,0.996555780951657,2152500.131746569,0.0
1350360,0.0,0.0,0.996555780951657,2154155.7985257814,0.0
1350420,0.0,0.0,0.996555780951657,2155033.4219908565,0.0
1350480,0.0,0.0,0.996555780951657,2157321.1674006237,0.0
1350540,0.0,0.0,0.996555780951657,2153512.425637087,0.0
1350600,0.0,0.0,0.996555780951657,2152169.154052583,0.0
1350660,0.0,0.0,0.996555780951657,2153890.165209939,0.0
1350720,0.0,0.0,0.996555780951657,2154719.460067102,0.0
1350780,0.0,0.0,0.996555780951657,2156799.072256863,0.0
1350840,0.0,0.0,0.996555780951657,2151895.1219517644,0.0
1350900,0.0,0.0,0.996555780951657,2152312.96998914,0.0
1350960,0.0,0.0,0.996555780951657,2152148.058970375,0.0
1351020,0.0,0.0,0.996555780951657,2154680.4542547544,0.0
1351080,0.0,0.0,0.996555780951657,2155621.1726082135,0.0
1351140,0.0,0.0,0.996555780951657,2153828.2416577595,0.0
1351200,0.0,0.0,0.996555780951657,2154264.0437059538,0.0
1351260,0.0,0.0,0.996555780951657,2150597.487300528,0.0
1351320,0.0,0.0,0.996555780951657,2153432.112824776,0.0
1351380,0.0,0.0,0.996555780951657,2157233.7797579,0.0
1351440,0.0,0.0,0.996555780951657,2155124.8250862625,0.0
1351500,0.0,0.0,0.996555780951657,2154922.128695266,0.0
1351560,0.0,0.0,0.996555780951657,2151468.558577141,0.0
1351620,0.0,0.0,0.996555780951657,2152729.248137721,0.0
1351680,0.0,0.0,0.996555780951657,2155405.7367474497,0.0
1351740,0.0,0.0,0.996555780951657,2156029.9535784493,0.0
1351800,0.0,0.0,0.996555780951657,2153676.263026086,0.0
1351860,0.0,0.0,0.996555780951657,2150647.09346665,0.0
1351920,0.0,0.0,0.996555780951657,2152499.033073978,0.0
1351980,0.0,0.0,0.996555780951657,2156746.7990417057,0.0
1352040,0.0,0.0,0.996555780951657,2155290.921478292,0.0
1352100,0.0,0.0,0.996555780951657,2155874.626853185,0.0
1352160,0.0,0.0,0.996555780951657,2150034.6396710407,0.0
1352220,0.0,0.0,0.996555780951657,2152708.4346616366,0.0
1352280,0.0,0.0,0.996555780951657,2154360.475513303,0.0
1352340,0.0,0.0,0.996555780951657,2154950.9378148722,0.0
1352400,0.0,0.0,0.996555780951657,2157484.195037453,0.0
1352460,0.0,0.0,0.996555780951657,2153383.6730136364,0.0
1352520,0.0,0.0,0.996555780951657,2152251.793845123,0.0
1352580,0.0,0.0,0.996555780951657,2153132.6389408847,0.0
1352640,0.0,0.0,0.996555780951657,2154858.5526906243,0.0
1352700,0.0,0.0,0.996555780951657,2155408.1116845626,0.0
1352760,0.0,0.0,0.996555780951657,2155278.697454279,0.0
1352820,0.0,0.0,0.996555780951657,2149968.635324768,0.0
1352880,0.0,0.0,0.996555780951657,2152539.234614811,0.0
1352940,0.0,0.0,0.996555780951657,2155562.1736519467,0.0
1353000,0.0,0.0,0.996555780951657,2155376.1848074007,0.0
1353060,0.0,0.0,0.996555780951657,2156523.3700343985,0.0
1353120,0.0,0.0,0.996555780951657,2148992.122928519,0.0
1353180,0.0,0.0,0.996555780951657,2152201.5597698074,0.0
1353240,0.0,0.0,0.996555780951657,2153758.75124154,0.0
1353300,0.0,0.0,0.996555780951657,2157366.8589428267,0.0
1353360,0.0,0.0,0.996555780951657,2155105.9587227744,0.0
1353420,0.0,0.0,0.996555780951657,2154839.094781956,0.0
1353480,0.0,0.0,0.996555780951657,2151477.0449505094,0.0
1353540,0.0,0.0,0.996555780951657,2152806.22617429,0.0
1353600,0.0,0.0,0.996555780951657,2155409.2139123236,0.0
1353660,0.0,0.0,0.996555780951657,2155969.7947901404,0.0
1353720,0.0,0.0,0.996555780951657,2152544.931476701,0.0
1353780,0.0,0.0,0.996555780951657,2153401.033236245,0.0
1353840,0.0,0.0,0.996555780951657,2151953.330974345,0.0
1353900,0.0,0.0,0.996555780951657,2154158.875002625,0.0
1353960,0.0,0.0,0.996555780951657,2157624.607047412,0.0
1354020,0.0,0.0,0.996555780951657,2154647.0336524965,0.0
1354080,0.0,0.0,0.996555780951657,2153597.009980925,0.0
1354140,0.0,0.0,0.996555780951657,2151686.1121407864,0.0
1354200,0.0,0.0,0.996555780951657,2153572.5429021935,0.0
1354260,0.0,0.0,0.996555780951657,2158213.9598919596,0.0
1354320,0.0,0.0,0.996555780951657,2154638.592730072,0.0
1354380,0.0,0.0,0.996555780951657,2154967.394596005,0.0
1354440,0.0,0.0,0.996555780951657,2149513.308956631,0.0
1354500,0.0,0.0,0.996555780951657,2153169.5459399796,0.0
1354560,0.0,0.0,0.996555780951657,2154911.1674950537,0.0
1354620,0.0,0.0,0.996555780951657,2155085.015561265,0.0
1354680,0.0,0.0,0.996555780951657,2155302.7704837755,0.0
1354740,0.0,0.0,0.996555780951657,2149709.0619984707,0.0
1354800,0.0,0.0,0.996555780951657,2152674.866831095,0.0
1354860,0.0,0.0,0.996555780951657,2155835.184477784,0.0
1354920,0.0,0.0,0.996555780951657,2155253.223134118,0.0
1354980,0.0,0.0,0.996555780951657,2156631.0899149613,0.0
1355040,0.0,0.0,0.996555780951657,2152471.7321492145,0.0
1355100,0.0,0.0,0.996555780951657,2152034.109051584,0.0
1355160,0.0,0.0,0.996555780951657,2154199.1964618596,0.0
1355220,0.0,0.0,0.996555780951657,2155540.9456327036,0.0
1355280,0.0,0.0,0.996555780951657,2154657.0226845187,0.0
1355340,0.0,0.0,0.996555780951657,2154525.623040316,0.0
1355400,0.0,0.0,0.996555780951657,2150241.5474536736,0.0
1355460,0.0,0.0,0.996555780951657,2153056.987073379,0.0
1355520,0.0,0.0,0.996555780951657,2156621.0052875853,0.0
1355580,0.0,0.0,0.996555780951657,2155194.8197058653,0.0
1355640,0.0,0.0,0.996555780951657,2154730.0358794336,0.0
1355700,0.0,0.0,0.996555780951657,2151267.539289471,0.0
1355760,0.0,0.0,0.996555780951657,2152922.746189314,0.0
1355820,0.0,0.0,0.996555780951657,2154132.424193273,0.0
1355880,0.0,0.0,0.996555780951657,2157967.348812444,0.0
1355940,0.0,0.0,0.996555780951657,2154491.0674273726,0.0
1356000,0.0,0.0,0.996555780951657,2153794.083022339,0.0
1356060,0.0,0.0,0.996555780951657,2151791.887970984,0.0
1356120,0.0,0.0,0.996555780951657,2153610.0762688066,0.0
1356180,0.0,0.0,0.996555780951657,2155747.4749392583,0.0
1356240,0.0,0.0,0.996555780951657,2155922.2658837563,0.0
1356300,0.0,0.0,0.996555780951657,2151278.3171801823,0.0
1356360,0.0,0.0,0.996555780951657,2152682.1804875913,0.0
1356420,0.0,0.0,0.996555780951657,2153470.3404333866,0.0
1356480,0.0,0.0,0.996555780951657,2154810.5127590634,0.0
1356540,0.0,0.0,0.996555780951657,2157508.1395349647,0.0
1356600,0.0,0.0,0.996555780951657,2153909.4694672315,0.0
1356660,0.0,0.0,0.996555780951657,2152504.3586412976,0.0
1356720,0.0,0.0,0.996555780951657,2152998.5108848633,0.0
1356780,0.0,0.0,0.996555780951657,2154432.6343663856,0.0
1356840,0.0,0.0,0.996555780951657,2156715.325875632,0.0
1356900,0.0,0.0,0.996555780951657,2152779.6923858947,0.0
1356960,0.0,0.0,0.996555780951657,2152676.3443789175,0.0
1357020,0.0,0.0,0.996555780951657,2152004.3326421217,0.0
1357080,0.0,0.0,0.996555780951657,2154268.350597115,0.0
1357140,0.0,0.0,0.996555780951657,2155411.593359187,0.0
1357200,0.0,0.0,0.996555780951657,2154334.176544646,0.0
1357260,0.0,0.0,0.996555780951657,2154606.9562704926,0.0
1357320,0.0,0.0,0.996555780951657,2150164.4632629203,0.0
1357380,0.0,0.0,0.996555780951657,2153143.3555195634,0.0
1357440,0.0,0.0,0.996555780951657,2156883.104788833,0.0
1357500,0.0,0.0,0.996555780951657,2155246.2247902635,0.0
1357560,0.0,0.0,0.996555780951657,2155472.9125684504,0.0
1357620,0.0,0.0,0.996555780951657,2151661.5824043346,0.0
1357680,0.0,0.0,0.996555780951657,2152425.225476101,0.0
1357740,0.0,0.0,0.996555780951657,2155098.4687909847,0.0
1357800,0.0,0.0,0.996555780951657,2155953.1246360475,0.0
1357860,0.0,0.0,0.996555780951657,2153595.3208848955,0.0
1357920,0.0,0.0,0.996555780951657,2153663.916791712,0.0
1357980,0.0,0.0,0.996555780951657,2151196.4945637747,0.0
1358040,0.0,0.0,0.996555780951657,2155002.840059842,0.0
1358100,0.0,0.0,0.996555780951657,2155267.504627043,0.0
1358160,0.0,0.0,0.996555780951657,2157002.844384887,0.0
1358220,0.0,0.0,0.996555780951657,2150361.5156252445,0.0
1358280,0.0,0.0,0.996555780951657,2152827.7068360215,0.0
1358340,0.0,0.0,0.996555780951657,2153751.982276394,0.0
1358400,0.0,0.0,0.996555780951657,2154702.367636801,0.0
1358460,0.0,0.0,0.996555780951657,2157721.486265873,0.0
1358520,0.0,0.0,0.996555780951657,2153812.4864254226,0.0
1358580,0.0,0.0,0.996555780951657,2152597.2112855464,0.0
1358640,0.0,0.0,0.996555780951657,2152624.991266053,0.0
1358700,0.0,0.0,0.996555780951657,2154465.880243535,0.0
1358760,0.0,0.0,0.996555780951657,2155635.904766608,0.0
1358820,0.0,0.0,0.996555780951657,2155560.1471656687,0.0
1358880,0.0,0.0,0.996555780951657,2150220.871872466,0.0
1358940,0.0,0.0,0.996555780951657,2152430.014672546,0.0
1359000,0.0,0.0,0.996555780951657,2154917.1335808407,0.0
1359060,0.0,0.0,0.996555780951657,2155260.140587114,0.0
1359120,0.0,0.0,0.996555780951657,2156939.5203195577,0.0
1359180,0.0,0.0,0.996555780951657,2149518.1379304044,0.0
1359240,0.0,0.0,0.996555780951657,2152268.059859058,0.0
1359300,0.0,0.0,0.996555780951657,2153191.060530057,0.0
1359360,0.0,0.0,0.996555780951657,2157376.1901003085,0.0
1359420,0.0,0.0,0.996555780951657,2155211.373684197,0.0
1359480,0.0,0.0,0.996555780951657,2155491.7290574783,0.0
1359540,0.0,0.0,0.996555780951657,2151647.464530132,0.0
1359600,0.0,0.0,0.996555780951657,2152514.6754644546,0.0
1359660,0.0,0.0,0.996555780951657,2155111.9450571886,0.0
1359720,0.0,0.0,0.996555780951657,2155880.5921927225,0.0
1359780,0.0,0.0,0.996555780951657,2153171.7231593393,0.0
1359840,0.0,0.0,0.996555780951657,2153780.470813364,0.0
1359900,0.0,0.0,0.996555780951657,2151288.3069664757,0.0
1359960,0.0,0.0,0.996555780951657,2153822.7588509405,0.0
1360020,0.0,0.0,0.996555780951657,2157491.10039943,0.0
1360080,0.0,0.0,0.996555780951657,2154916.581580363,0.0
1360140,0.0,0.0,0.996555780951657,2154188.7414609045,0.0
1360200,0.0,0.0,0.996555780951657,2151482.3592932005,0.0
1360260,0.0,0.0,0.996555780951657,2153159.998023805,0.0
1360320,0.0,0.0,0.996555780951657,2155686.5959415375,0.0
1360380,0.0,0.0,0.996555780951657,2156049.3756879196,0.0
1360440,0.0,0.0,0.996555780951657,2152761.6454715994,0.0
1360500,0.0,0.0,0.996555780951657,2150539.313687233,0.0
1360560,0.0,0.0,0.996555780951657,2152673.201379465,0.0
1360620,0.0,0.0,0.996555780951657,2157330.4519741554,0.0
1360680,0.0,0.0,0.996555780951657,2155137.753578084,0.0
1360740,0.0,0.0,0.996555780951657,2155653.6946252715,0.0
1360800,0.0,0.0,0.996555780951657,2149650.010757471,0.0
1360860,0.0,0.0,0.996555780951657,2152610.4903795533,0.0
1360920,0.0,0.0,0.996555780951657,2155103.0195089853,0.0
1360980,0.0,0.0,0.996555780951657,2155145.3495935434,0.0
1361040,0.0,0.0,0.996555780951657,2157097.7188045015,0.0
1361100,0.0,0.0,0.996555780951657,2152931.5512703396,0.0
1361160,0.0,0.0,0.996555780951657,2152045.63938989,0.0
1361220,0.0,0.0,0.996555780951657,2153665.93286631,0.0
1361280,0.0,0.0,0.996555780951657,2155227.835100158,0.0
1361340,0.0,0.0,0.996555780951657,2155092.322293035,0.0
1361400,0.0,0.0,0.996555780951657,2154927.3632819336,0.0
1361460,0.0,0.0,0.996555780951657,2149999.925849691,0.0
1361520,0.0,0.0,0.996555780951657,2152750.594969396,0.0
1361580,0.0,0.0,0.996555780951657,2156125.831954425,0.0
1361640,0.0,0.0,0.996555780951657,2155666.118505883,0.0
1361700,0.0,0.0,0.996555780951657,2155029.2011208953,0.0
1361760,0.0,0.0,0.996555780951657,2151713.1564863976,0.0
1361820,0.0,0.0,0.996555780951657,2152017.967745717,0.0
1361880,0.0,0.0,0.996555780951657,2153796.4667942165,0.0
1361940,0.0,0.0,0.996555780951657,2157869.209503004,0.0
1362000,0.0,0.0,0.996555780951657,2154758.9924195316,0.0
1362060,0.0,0.0,0.996555780951657,2154425.8158046645,0.0
1362120,0.0,0.0,0.996555780951657,2151559.3047130373,0.0
1362180,0.0,0.0,0.996555780951657,2153199.4227806902,0.0
1362240,0.0,0.0,0.996555780951657,2155643.9923682157,0.0
1362300,0.0,0.0,0.996555780951657,2155987.0967493723,0.0
1362360,0.0,0.0,0.996555780951657,2151910.750269979,0.0
1362420,0.0,0.0,0.996555780951657,2152989.3596089683,0.0
1362480,0.0,0.0,0.996555780951657,2152721.067276563,0.0
1362540,0.0,0.0,0.996555780951657,2154514.611202339,0.0
1362600,0.0,0.0,0.996555780951657,2157614.6053980472,0.0
1362660,0.0,0.0,0.996555780951657,2154301.979555862,0.0
1362720,0.0,0.0,0.996555780951657,2152987.5546707525,0.0
1362780,0.0,0.0,0.996555780951657,2152038.8392405664,0.0
1362840,0.0,0.0,0.996555780951657,2154077.4280891116,0.0
1362900,0.0,0.0,0.996555780951657,2156537.9100187477,0.0
1362960,0.0,0.0,0.996555780951657,2153692.3982244725,0.0
1363020,0.0,0.0,0.996555780951657,2153085.932847504,0.0
1363080,0.0,0.0,0.996555780951657,2151978.464353088,0.0
1363140,0.0,0.0,0.996555780951657,2153781.9936665734,0.0
1363200,0.0,0.0,0.996555780951657,2155129.412541684,0.0
1363260,0.0,0.0,0.996555780951657,2154790.6311572148,0.0
1363320,0.0,0.0,0.996555780951657,2154956.242642367,0.0
1363380,0.0,0.0,0.996555780951657,2149845.9468990583,0.0
1363440,0.0,0.0,0.996555780951657,2152876.765817063,0.0
1363500,0.0,0.0,0.996555780951657,2156421.1488142763,0.0
1363560,0.0,0.0,0.996555780951657,2155300.7000486553,0.0
1363620,0.0,0.0,0.996555780951657,2156034.492560346,0.0
1363680,0.0,0.0,0.996555780951657,2152019.155846433,0.0
1363740,0.0,0.0,0.996555780951657,2152175.995395816,0.0
1363800,0.0,0.0,0.996555780951657,2154699.9229828715,0.0
1363860,0.0,0.0,0.996555780951657,2155800.0709534064,0.0
1363920,0.0,0.0,0.996555780951657,2154152.4592326693,0.0
1363980,0.0,0.0,0.996555780951657,2154071.1639011763,0.0
1364040,0.0,0.0,0.996555780951657,2150679.8485223595,0.0
1364100,0.0,0.0,0.996555780951657,2154441.4298646157,0.0
1364160,0.0,0.0,0.996555780951657,2155036.5514516165,0.0
1364220,0.0,0.0,0.996555780951657,2157551.141315094,0.0
1364280,0.0,0.0,0.996555780951657,2150984.6442505685,0.0
1364340,0.0,0.0,0.996555780951657,2153112.6923384285,0.0
1364400,0.0,0.0,0.996555780951657,2152976.6147475997,0.0
1364460,0.0,0.0,0.996555780951657,2154447.8252309333,0.0
1364520,0.0,0.0,0.996555780951657,2157823.285036999,0.0
1364580,0.0,0.0,0.996555780951657,2154175.8915973417,0.0
1364640,0.0,0.0,0.996555780951657,2153047.696337841,0.0
1364700,0.0,0.0,0.996555780951657,2152188.269946723,0.0
1364760,0.0,0.0,0.996555780951657,2154076.347553691,0.0
1364820,0.0,0.0,0.996555780951657,2155755.4701428586,0.0
1364880,0.0,0.0,0.996555780951657,2155767.4226167127,0.0
1364940,0.0,0.0,0.996555780951657,2150697.540871672,0.0
1365000,0.0,0.0,0.996555780951657,2152445.908178652,0.0
1365060,0.0,0.0,0.996555780951657,2154250.6589795416,0.0
1365120,0.0,0.0,0.996555780951657,2155089.812204309,0.0
1365180,0.0,0.0,0.996555780951657,2157242.8702549916,0.0
1365240,0.0,0.0,0.996555780951657,2150190.8294664463,0.0
1365300,0.0,0.0,0.996555780951657,2152492.8516875673,0.0
1365360,0.0,0.0,0.996555780951657,2152665.5016950932,0.0
1365420,0.0,0.0,0.996555780951657,2157226.5912826224,0.0
1365480,0.0,0.0,0.996555780951657,2155250.613512177,0.0
1365540,0.0,0.0,0.996555780951657,2156078.0521304538,0.0
1365600,0.0,0.0,0.996555780951657,2151978.737276563,0.0
1365660,0.0,0.0,0.996555780951657,2152305.6413982897,0.0
1365720,0.0,0.0,0.996555780951657,2154754.849214597,0.0
1365780,0.0,0.0,0.996555780951657,2155734.564653801,0.0
1365840,0.0,0.0,0.996555780951657,2153747.8528102417,0.0
1365900,0.0,0.0,0.996555780951657,2154147.74918095,0.0
1365960,0.0,0.0,0.996555780951657,2150726.3808814003,0.0
1366020,0.0,0.0,0.996555780951657,2153500.1988803516,0.0
1366080,0.0,0.0,0.996555780951657,2157253.771315529,0.0
1366140,0.0,0.0,0.996555780951657,2155117.216106511,0.0
1366200,0.0,0.0,0.996555780951657,2154766.3984647533,0.0
1366260,0.0,0.0,0.996555780951657,2151445.034565046,0.0
1366320,0.0,0.0,0.996555780951657,2152790.268781061,0.0
1366380,0.0,0.0,0.996555780951657,2155462.236752721,0.0
1366440,0.0,0.0,0.996555780951657,2156051.226775303,0.0
1366500,0.0,0.0,0.996555780951657,2153578.514790138,0.0
1366560,0.0,0.0,0.996555780951657,2150637.3794573727,0.0
1366620,0.0,0.0,0.996555780951657,2152496.7645976124,0.0
1366680,0.0,0.0,0.996555780951657,2156762.8901720415,0.0
1366740,0.0,0.0,0.996555780951657,2155316.463411412,0.0
1366800,0.0,0.0,0.996555780951657,2155849.531948299,0.0
1366860,0.0,0.0,0.996555780951657,2150042.9821730168,0.0
1366920,0.0,0.0,0.996555780951657,2152653.6891895686,0.0
1366980,0.0,0.0,0.996555780951657,2154436.991324687,0.0
1367040,0.0,0.0,0.996555780951657,2154997.149176146,0.0
1367100,0.0,0.0,0.996555780951657,2157409.042670345,0.0
1367160,0.0,0.0,0.996555780951657,2153336.943776113,0.0
1367220,0.0,0.0,0.996555780951657,2152195.361494319,0.0
1367280,0.0,0.0,0.996555780951657,2153181.973332325,0.0
1367340,0.0,0.0,0.996555780951657,2154912.1092925495,0.0
1367400,0.0,0.0,0.996555780951657,2155408.5905545475,0.0
1367460,0.0,0.0,0.996555780951657,2155238.2443643534,0.0
1367520,0.0,0.0,0.996555780951657,2149995.6011609365,0.0
1367580,0.0,0.0,0.996555780951657,2152540.2721897047,0.0
1367640,0.0,0.0,0.996555780951657,2155596.1977524487,0.0
1367700,0.0,0.0,0.996555780951657,2155993.3016082137,0.0
1367760,0.0,0.0,0.996555780951657,2155245.7275476395,0.0
1367820,0.0,0.0,0.996555780951657,2152260.3383908407,0.0
1367880,0.0,0.0,0.996555780951657,2151226.0436235415,0.0
1367940,0.0,0.0,0.996555780951657,2153501.679541998,0.0
1368000,0.0,0.0,0.996555780951657,2157651.873538701,0.0
1368060,0.0,0.0,0.996555780951657,2154948.5922141406,0.0
1368120,0.0,0.0,0.996555780951657,2154992.231347583,0.0
1368180,0.0,0.0,0.996555780951657,2151498.1381539316,0.0
1368240,0.0,0.0,0.996555780951657,2152856.704605664,0.0
1368300,0.0,0.0,0.996555780951657,2155463.3018403957,0.0
1368360,0.0,0.0,0.996555780951657,2155983.8002087185,0.0
1368420,0.0,0.0,0.996555780951657,2152520.4545944827,0.0
1368480,0.0,0.0,0.996555780951657,2153306.0703199888,0.0
1368540,0.0,0.0,0.996555780951657,2152053.406057384,0.0
1368600,0.0,0.0,0.996555780951657,2154218.422117231,0.0
1368660,0.0,0.0,0.996555780951657,2157598.169202794,0.0
1368720,0.0,0.0,0.996555780951657,2154620.3800353846,0.0
1368780,0.0,0.0,0.996555780951657,2153490.2090709684,0.0
1368840,0.0,0.0,0.996555780951657,2151713.3099763175,0.0
1368900,0.0,0.0,0.996555780951657,2153631.7874968443,0.0
1368960,0.0,0.0,0.996555780951657,2158150.7776617357,0.0
1369020,0.0,0.0,0.996555780951657,2154634.843212875,0.0
1369080,0.0,0.0,0.996555780951657,2154882.083090519,0.0
1369140,0.0,0.0,0.996555780951657,2149611.7715371507,0.0
1369200,0.0,0.0,0.996555780951657,2153216.4560624254,0.0
1369260,0.0,0.0,0.996555780951657,2154966.3173821503,0.0
1369320,0.0,0.0,0.996555780951657,2155089.943321119,0.0
1369380,0.0,0.0,0.996555780951657,2155267.691869829,0.0
1369440,0.0,0.0,0.996555780951657,2149747.7467546845,0.0
1369500,0.0,0.0,0.996555780951657,2152672.067783642,0.0
1369560,0.0,0.0,0.996555780951657,2155862.8511047596,0.0
1369620,0.0,0.0,0.996555780951657,2155277.161814255,0.0
1369680,0.0,0.0,0.996555780951657,2156563.397584459,0.0
1369740,0.0,0.0,0.996555780951657,2152437.8601462943,0.0
1369800,0.0,0.0,0.996555780951657,2152025.625496692,0.0
1369860,0.0,0.0,0.996555780951657,2154229.573503189,0.0
1369920,0.0,0.0,0.996555780951657,2155570.9648631243,0.0
1369980,0.0,0.0,0.996555780951657,2154658.6687167124,0.0
1370040,0.0,0.0,0.996555780951657,2154485.7725638286,0.0
1370100,0.0,0.0,0.996555780951657,2150275.3839586787,0.0
1370160,0.0,0.0,0.996555780951657,2153804.0017695623,0.0
1370220,0.0,0.0,0.996555780951657,2154749.718621086,0.0
1370280,0.0,0.0,0.996555780951657,2158010.395996662,0.0
1370340,0.0,0.0,0.996555780951657,2151643.709453698,0.0
1370400,0.0,0.0,0.996555780951657,2153463.4360418883,0.0
1370460,0.0,0.0,0.996555780951657,2152185.791134384,0.0
1370520,0.0,0.0,0.996555780951657,2154153.8157219677,0.0
1370580,0.0,0.0,0.996555780951657,2157820.0120459404,0.0
1370640,0.0,0.0,0.996555780951657,2154502.5969072264,0.0
1370700,0.0,0.0,0.996555780951657,2153595.325900993,0.0
1370760,0.0,0.0,0.996555780951657,2151820.938667795,0.0
1370820,0.0,0.0,0.996555780951657,2153667.5629133834,0.0
1370880,0.0,0.0,0.996555780951657,2155771.315688053,0.0
1370940,0.0,0.0,0.996555780951657,2155915.369278102,0.0
1371000,0.0,0.0,0.996555780951657,2151263.6674997085,0.0
1371060,0.0,0.0,0.996555780951657,2152618.1753174113,0.0
1371120,0.0,0.0,0.996555780951657,2153539.363010391,0.0
1371180,0.0,0.0,0.996555780951657,2154856.450985634,0.0
1371240,0.0,0.0,0.996555780951657,2157459.5497045275,0.0
1371300,0.0,0.0,0.996555780951657,2153874.254916548,0.0
1371360,0.0,0.0,0.996555780951657,2152438.977284732,0.0
1371420,0.0,0.0,0.996555780951657,2153045.5899731484,0.0
1371480,0.0,0.0,0.996555780951657,2154475.494413519,0.0
1371540,0.0,0.0,0.996555780951657,2156724.6260753945,0.0
1371600,0.0,0.0,0.996555780951657,2152790.5748377014,0.0
1371660,0.0,0.0,0.996555780951657,2152636.1495473776,0.0
1371720,0.0,0.0,0.996555780951657,2151997.9802291696,0.0
1371780,0.0,0.0,0.996555780951657,2154303.53689409,0.0
1371840,0.0,0.0,0.996555780951657,2155446.4869014667,0.0
1371900,0.0,0.0,0.996555780951657,2154337.480825843,0.0
1371960,0.0,0.0,0.996555780951657,2154564.6538424795,0.0
1372020,0.0,0.0,0.996555780951657,2150207.231645818,0.0
1372080,0.0,0.0,0.996555780951657,2153158.1202562917,0.0
1372140,0.0,0.0,0.996555780951657,2156883.7475819793,0.0
1372200,0.0,0.0,0.996555780951657,2155256.6470707445,0.0
1372260,0.0,0.0,0.996555780951657,2155416.7382654794,0.0
1372320,0.0,0.0,0.996555780951657,2151640.8786521507,0.0
1372380,0.0,0.0,0.996555780951657,2152434.0611498766,0.0
1372440,0.0,0.0,0.996555780951657,2155116.508530656,0.0
1372500,0.0,0.0,0.996555780951657,2155967.861462769,0.0
1372560,0.0,0.0,0.996555780951657,2154479.3429033123,0.0
1372620,0.0,0.0,0.996555780951657,2151027.984016025,0.0
1372680,0.0,0.0,0.996555780951657,2152417.2084856187,0.0
1372740,0.0,0.0,0.996555780951657,2156045.4022122175,0.0
1372800,0.0,0.0,0.996555780951657,2155387.5559027623,0.0
1372860,0.0,0.0,0.996555780951657,2155997.3215361135,0.0
1372920,0.0,0.0,0.996555780951657,2150616.765666336,0.0
1372980,0.0,0.0,0.996555780951657,2152864.582157585,0.0
1373040,0.0,0.0,0.996555780951657,2153673.160148253,0.0
1373100,0.0,0.0,0.996555780951657,2154769.4802202936,0.0
1373160,0.0,0.0,0.996555780951657,2157663.0815651543,0.0
1373220,0.0,0.0,0.996555780951657,2153762.0433903635,0.0
1373280,0.0,0.0,0.996555780951657,2152537.3254288393,0.0
1373340,0.0,0.0,0.996555780951657,2152670.325710652,0.0
1373400,0.0,0.0,0.996555780951657,2154523.4174509402,0.0
1373460,0.0,0.0,0.996555780951657,2155642.2217668314,0.0
1373520,0.0,0.0,0.996555780951657,2155529.708619191,0.0
1373580,0.0,0.0,0.996555780951657,2150231.6754640806,0.0
1373640,0.0,0.0,0.996555780951657,2152414.304364537,0.0
1373700,0.0,0.0,0.996555780951657,2154960.208512751,0.0
1373760,0.0,0.0,0.996555780951657,2156208.1746569094,0.0
1373820,0.0,0.0,0.996555780951657,2155418.9004481942,0.0
1373880,0.0,0.0,0.996555780951657,2152962.651717116,0.0
1373940,0.0,0.0,0.996555780951657,2150455.6360643185,0.0
1374000,0.0,0.0,0.996555780951657,2153203.6128948117,0.0
1374060,0.0,0.0,0.996555780951657,2157315.9564442323,0.0
1374120,0.0,0.0,0.996555780951657,2155081.6195101175,0.0
1374180,0.0,0.0,0.996555780951657,2155601.624378191,0.0
1374240,0.0,0.0,0.996555780951657,2151638.7494182345,0.0
1374300,0.0,0.0,0.996555780951657,2152537.1415412296,0.0
1374360,0.0,0.0,0.996555780951657,2155177.8890376543,0.0
1374420,0.0,0.0,0.996555780951657,2155908.7151622083,0.0
1374480,0.0,0.0,0.996555780951657,2153146.039350753,0.0
1374540,0.0,0.0,0.996555780951657,2153684.8212059597,0.0
1374600,0.0,0.0,0.996555780951657,2151387.3971574022,0.0
1374660,0.0,0.0,0.996555780951657,2153879.924653162,0.0
1374720,0.0,0.0,0.996555780951657,2157480.9421925535,0.0
1374780,0.0,0.0,0.996555780951657,2154900.8148695063,0.0
1374840,0.0,0.0,0.996555780951657,2154075.3777741673,0.0
1374900,0.0,0.0,0.996555780951657,2151491.3520850227,0.0
1374960,0.0,0.0,0.996555780951657,2153213.714289178,0.0
1375020,0.0,0.0,0.996555780951657,2158069.9058487215,0.0
1375080,0.0,0.0,0.996555780951657,2154910.8000010476,0.0
1375140,0.0,0.0,0.996555780951657,2155332.108219823,0.0
1375200,0.0,0.0,0.996555780951657,2149075.3476804113,0.0
1375260,0.0,0.0,0.996555780951657,2152763.19574105,0.0
1375320,0.0,0.0,0.996555780951657,2154594.7227875637,0.0
1375380,0.0,0.0,0.996555780951657,2155377.010286639,0.0
1375440,0.0,0.0,0.996555780951657,2155512.7212583846,0.0
1375500,0.0,0.0,0.996555780951657,2149874.102726962,0.0
1375560,0.0,0.0,0.996555780951657,2152568.0790636977,0.0
1375620,0.0,0.0,0.996555780951657,2155245.843143361,0.0
1375680,0.0,0.0,0.996555780951657,2155192.887820216,0.0
1375740,0.0,0.0,0.996555780951657,2156983.532529152,0.0
1375800,0.0,0.0,0.996555780951657,2152856.247204288,0.0
1375860,0.0,0.0,0.996555780951657,2152004.3479871657,0.0
1375920,0.0,0.0,0.996555780951657,2153745.7307237214,0.0
1375980,0.0,0.0,0.996555780951657,2155298.5868184217,0.0
1376040,0.0,0.0,0.996555780951657,2155073.0336144543,0.0
1376100,0.0,0.0,0.996555780951657,2154852.6907388596,0.0
1376160,0.0,0.0,0.996555780951657,2150053.044256134,0.0
1376220,0.0,0.0,0.996555780951657,2153159.8797621597,0.0
1376280,0.0,0.0,0.996555780951657,2154446.067700223,0.0
1376340,0.0,0.0,0.996555780951657,2158319.074787189,0.0
1376400,0.0,0.0,0.996555780951657,2152288.731980033,0.0
1376460,0.0,0.0,0.996555780951657,2153820.6250139615,0.0
1376520,0.0,0.0,0.996555780951657,2151461.611912726,0.0
1376580,0.0,0.0,0.996555780951657,2153859.014612489,0.0
1376640,0.0,0.0,0.996555780951657,2157702.6355711594,0.0
1376700,0.0,0.0,0.996555780951657,2154765.945283482,0.0
1376760,0.0,0.0,0.996555780951657,2154161.9630256845,0.0
1376820,0.0,0.0,0.996555780951657,2151577.406017177,0.0
1376880,0.0,0.0,0.996555780951657,2153283.817508436,0.0
1376940,0.0,0.0,0.996555780951657,2155690.8996898127,0.0
1377000,0.0,0.0,0.996555780951657,2155993.2504368913,0.0
1377060,0.0,0.0,0.996555780951657,2151861.505187016,0.0
1377120,0.0,0.0,0.996555780951657,2152882.926240909,0.0
1377180,0.0,0.0,0.996555780951657,2152844.736912887,0.0
1377240,0.0,0.0,0.996555780951657,2154588.7159583657,0.0
1377300,0.0,0.0,0.996555780951657,2157564.6041041217,0.0
1377360,0.0,0.0,0.996555780951657,2154251.1293020844,0.0
1377420,0.0,0.0,0.996555780951657,2152868.841216722,0.0
1377480,0.0,0.0,0.996555780951657,2152151.5664234217,0.0
1377540,0.0,0.0,0.996555780951657,2154146.6641501402,0.0
1377600,0.0,0.0,0.996555780951657,2156570.977786361,0.0
1377660,0.0,0.0,0.996555780951657,2153659.0794150215,0.0
1377720,0.0,0.0,0.996555780951657,2153020.792445631,0.0
1377780,0.0,0.0,0.996555780951657,2151949.173881152,0.0
1377840,0.0,0.0,0.996555780951657,2153847.2664256883,0.0
1377900,0.0,0.0,0.996555780951657,2155190.430041022,0.0
1377960,0.0,0.0,0.996555780951657,2154780.989094029,0.0
1378020,0.0,0.0,0.996555780951657,2154896.7536298586,0.0
1378080,0.0,0.0,0.996555780951657,2149905.7168534184,0.0
1378140,0.0,0.0,0.996555780951657,2152895.2422672706,0.0
1378200,0.0,0.0,0.996555780951657,2156450.1769202137,0.0
1378260,0.0,0.0,0.996555780951657,2155319.300060501,0.0
1378320,0.0,0.0,0.996555780951657,2155943.714902743,0.0
1378380,0.0,0.0,0.996555780951657,2151974.895817071,0.0
1378440,0.0,0.0,0.996555780951657,2152186.045382176,0.0
1378500,0.0,0.0,0.996555780951657,2154740.6812945544,0.0
1378560,0.0,0.0,0.996555780951657,2155831.145010388,0.0
1378620,0.0,0.0,0.996555780951657,2155269.07756309,0.0
1378680,0.0,0.0,0.996555780951657,2151482.706396581,0.0
1378740,0.0,0.0,0.996555780951657,2152455.0138720204,0.0
1378800,0.0,0.0,0.996555780951657,2155285.0536510036,0.0
1378860,0.0,0.0,0.996555780951657,2155366.9341732613,0.0
1378920,0.0,0.0,0.996555780951657,2156066.538159722,0.0
1378980,0.0,0.0,0.996555780951657,2151221.275222967,0.0
1379040,0.0,0.0,0.996555780951657,2153117.559489962,0.0
1379100,0.0,0.0,0.996555780951657,2152965.4020407423,0.0
1379160,0.0,0.0,0.996555780951657,2154529.090120736,0.0
1379220,0.0,0.0,0.996555780951657,2157778.8961382704,0.0
1379280,0.0,0.0,0.996555780951657,2154120.1669027354,0.0
1379340,0.0,0.0,0.996555780951657,2152949.0256118854,0.0
1379400,0.0,0.0,0.996555780951657,2152242.519157896,0.0
1379460,0.0,0.0,0.996555780951657,2154151.1521431985,0.0
1379520,0.0,0.0,0.996555780951657,2155768.792557852,0.0
1379580,0.0,0.0,0.996555780951657,2155739.8627689797,0.0
1379640,0.0,0.0,0.996555780951657,2150686.4494248703,0.0
1379700,0.0,0.0,0.996555780951657,2152404.772089378,0.0
1379760,0.0,0.0,0.996555780951657,2154323.8015357996,0.0
1379820,0.0,0.0,0.996555780951657,2155136.1278913612,0.0
1379880,0.0,0.0,0.996555780951657,2157176.199186954,0.0
1379940,0.0,0.0,0.996555780951657,2150228.360481377,0.0
1380000,0.0,0.0,0.996555780951657,2152430.8959557647,0.0
1380060,0.0,0.0,0.996555780951657,2152727.802411842,0.0
1380120,0.0,0.0,0.996555780951657,2157203.9712629984,0.0
1380180,0.0,0.0,0.996555780951657,2155271.2068631384,0.0
1380240,0.0,0.0,0.996555780951657,2155976.8123968,0.0
1380300,0.0,0.0,0.996555780951657,2151936.6707504396,0.0
1380360,0.0,0.0,0.996555780951657,2152310.4133939706,0.0
1380420,0.0,0.0,0.996555780951657,2154792.9248683853,0.0
1380480,0.0,0.0,0.996555780951657,2155765.720497226,0.0
1380540,0.0,0.0,0.996555780951657,2153744.808306366,0.0
1380600,0.0,0.0,0.996555780951657,2154093.5267814873,0.0
1380660,0.0,0.0,0.996555780951657,2150777.258406692,0.0
1380720,0.0,0.0,0.996555780951657,2153526.6550609665,0.0
1380780,0.0,0.0,0.996555780951657,2157248.7498715175,0.0
1380840,0.0,0.0,0.996555780951657,2155120.13043045,0.0
1380900,0.0,0.0,0.996555780951657,2154701.546777263,0.0
1380960,0.0,0.0,0.996555780951657,2151435.9409996294,0.0
1381020,0.0,0.0,0.996555780951657,2152810.884401153,0.0
1381080,0.0,0.0,0.996555780951657,2157838.4736044765,0.0
1381140,0.0,0.0,0.996555780951657,2155109.2927152775,0.0
1381200,0.0,0.0,0.996555780951657,2155757.7058536764,0.0
1381260,0.0,0.0,0.996555780951657,2148722.723618236,0.0
1381320,0.0,0.0,0.996555780951657,2152338.282498424,0.0
1381380,0.0,0.0,0.996555780951657,2154184.0381769664,0.0
1381440,0.0,0.0,0.996555780951657,2155563.5600452963,0.0
1381500,0.0,0.0,0.996555780951657,2155708.329892668,0.0
1381560,0.0,0.0,0.996555780951657,2150270.9438502486,0.0
1381620,0.0,0.0,0.996555780951657,2152583.388182823,0.0
1381680,0.0,0.0,0.996555780951657,2154555.8212807095,0.0
1381740,0.0,0.0,0.996555780951657,2155040.4418457993,0.0
1381800,0.0,0.0,0.996555780951657,2157332.6517657787,0.0
1381860,0.0,0.0,0.996555780951657,2153288.2705402607,0.0
1381920,0.0,0.0,0.996555780951657,2152137.2223631316,0.0
1381980,0.0,0.0,0.996555780951657,2153235.584586792,0.0
1382040,0.0,0.0,0.996555780951657,2154968.063535287,0.0
1382100,0.0,0.0,0.996555780951657,2155406.886333839,0.0
1382160,0.0,0.0,0.996555780951657,2155193.4233936314,0.0
1382220,0.0,0.0,0.996555780951657,2150022.8587173834,0.0
1382280,0.0,0.0,0.996555780951657,2152544.5085035805,0.0
1382340,0.0,0.0,0.996555780951657,2155633.490926492,0.0
1382400,0.0,0.0,0.996555780951657,2155995.2273604213,0.0
1382460,0.0,0.0,0.996555780951657,2155231.147722889,0.0
1382520,0.0,0.0,0.996555780951657,2152206.4740558965,0.0
1382580,0.0,0.0,0.996555780951657,2151279.662725788,0.0
1382640,0.0,0.0,0.996555780951657,2153530.1776772947,0.0
1382700,0.0,0.0,0.996555780951657,2157638.2606082163,0.0
1382760,0.0,0.0,0.996555780951657,2154951.741726864,0.0
1382820,0.0,0.0,0.996555780951657,2154914.6757950094,0.0
1382880,0.0,0.0,0.996555780951657,2151489.79938856,0.0
1382940,0.0,0.0,0.996555780951657,2152878.7867036457,0.0
1383000,0.0,0.0,0.996555780951657,2155485.4006321263,0.0
1383060,0.0,0.0,0.996555780951657,2155995.516928221,0.0
1383120,0.0,0.0,0.996555780951657,2152526.9417770198,0.0
1383180,0.0,0.0,0.996555780951657,2153260.73015894,0.0
1383240,0.0,0.0,0.996555780951657,2152087.095036573,0.0
1383300,0.0,0.0,0.996555780951657,2154243.218220094,0.0
1383360,0.0,0.0,0.996555780951657,2157577.6033103797,0.0
1383420,0.0,0.0,0.996555780951657,2154615.9374502497,0.0
1383480,0.0,0.0,0.996555780951657,2153446.082772713,0.0
1383540,0.0,0.0,0.996555780951657,2151196.5942762815,0.0
1383600,0.0,0.0,0.996555780951657,2153750.4373063627,0.0
1383660,0.0,0.0,0.996555780951657,2156310.2867167946,0.0
1383720,0.0,0.0,0.996555780951657,2154542.277773161,0.0
1383780,0.0,0.0,0.996555780951657,2153447.284774264,0.0
1383840,0.0,0.0,0.996555780951657,2152061.6312952284,0.0
1383900,0.0,0.0,0.996555780951657,2153321.892958049,0.0
1383960,0.0,0.0,0.996555780951657,2154853.9035471044,0.0
1384020,0.0,0.0,0.996555780951657,2155163.3670326276,0.0
1384080,0.0,0.0,0.996555780951657,2155229.6601535534,0.0
1384140,0.0,0.0,0.996555780951657,2149759.483094827,0.0
1384200,0.0,0.0,0.996555780951657,2152676.6901081717,0.0
1384260,0.0,0.0,0.996555780951657,2155895.574975009,0.0
1384320,0.0,0.0,0.996555780951657,2155305.8363859938,0.0
1384380,0.0,0.0,0.996555780951657,2156475.8760180296,0.0
1384440,0.0,0.0,0.996555780951657,2152390.534051015,0.0
1384500,0.0,0.0,0.996555780951657,2152020.0367679857,0.0
1384560,0.0,0.0,0.996555780951657,2154273.465757422,0.0
1384620,0.0,0.0,0.996555780951657,2155609.56312142,0.0
1384680,0.0,0.0,0.996555780951657,2156062.7702692645,0.0
1384740,0.0,0.0,0.996555780951657,2152001.3578663734,0.0
1384800,0.0,0.0,0.996555780951657,2152656.8994577983,0.0
1384860,0.0,0.0,0.996555780951657,2154408.251999534,0.0
1384920,0.0,0.0,0.996555780951657,2155235.6278127623,0.0
1384980,0.0,0.0,0.996555780951657,2156068.3886956447,0.0
1385040,0.0,0.0,0.996555780951657,2151880.704645968,0.0
1385100,0.0,0.0,0.996555780951657,2153449.032456276,0.0
1385160,0.0,0.0,0.996555780951657,2152216.8177225296,0.0
1385220,0.0,0.0,0.996555780951657,2154232.902971767,0.0
1385280,0.0,0.0,0.996555780951657,2157804.729449657,0.0
1385340,0.0,0.0,0.996555780951657,2154458.747297493,0.0
1385400,0.0,0.0,0.996555780951657,2153481.570203288,0.0
1385460,0.0,0.0,0.996555780951657,2151861.378159815,0.0
1385520,0.0,0.0,0.996555780951657,2153739.450385205,0.0
1385580,0.0,0.0,0.996555780951657,2155795.255036489,0.0
1385640,0.0,0.0,0.996555780951657,2155902.095408612,0.0
1385700,0.0,0.0,0.996555780951657,2151243.6995932194,0.0
1385760,0.0,0.0,0.996555780951657,2152548.5964407576,0.0
1385820,0.0,0.0,0.996555780951657,2153620.4167218115,0.0
1385880,0.0,0.0,0.996555780951657,2154908.294082733,0.0
1385940,0.0,0.0,0.996555780951657,2157404.8042686414,0.0
1386000,0.0,0.0,0.996555780951657,2150970.2540153633,0.0
1386060,0.0,0.0,0.996555780951657,2152733.8783901683,0.0
1386120,0.0,0.0,0.996555780951657,2152221.513856843,0.0
1386180,0.0,0.0,0.996555780951657,2156913.3103894764,0.0
1386240,0.0,0.0,0.996555780951657,2155252.547578044,0.0
1386300,0.0,0.0,0.996555780951657,2156532.840398337,0.0
1386360,0.0,0.0,0.996555780951657,2152316.8063395033,0.0
1386420,0.0,0.0,0.996555780951657,2152176.0342314723,0.0
1386480,0.0,0.0,0.996555780951657,2154371.2379852477,0.0
1386540,0.0,0.0,0.996555780951657,2155562.3708322346,0.0
1386600,0.0,0.0,0.996555780951657,2154276.6002779356,0.0
1386660,0.0,0.0,0.996555780951657,2154467.4767267737,0.0
1386720,0.0,0.0,0.996555780951657,2150309.195289777,0.0
1386780,0.0,0.0,0.996555780951657,2153208.0183538147,0.0
1386840,0.0,0.0,0.996555780951657,2156917.5506736883,0.0
1386900,0.0,0.0,0.996555780951657,2155263.4900253303,0.0
1386960,0.0,0.0,0.996555780951657,2155281.912716019,0.0
1387020,0.0,0.0,0.996555780951657,2151586.6123946323,0.0
1387080,0.0,0.0,0.996555780951657,2152474.3326058397,0.0
1387140,0.0,0.0,0.996555780951657,2157459.3499539583,0.0
1387200,0.0,0.0,0.996555780951657,2155223.2443905715,0.0
1387260,0.0,0.0,0.996555780951657,2156106.2797915167,0.0
1387320,0.0,0.0,0.996555780951657,2148645.1698256135,0.0
1387380,0.0,0.0,0.996555780951657,2152001.6314090113,0.0
1387440,0.0,0.0,0.996555780951657,2153782.59540763,0.0
1387500,0.0,0.0,0.996555780951657,2155644.4833491915,0.0
1387560,0.0,0.0,0.996555780951657,2155836.8446936784,0.0
1387620,0.0,0.0,0.996555780951657,2150804.2076068274,0.0
1387680,0.0,0.0,0.996555780951657,2152732.005425169,0.0
1387740,0.0,0.0,0.996555780951657,2153852.6962892567,0.0
1387800,0.0,0.0,0.996555780951657,2154843.5997709697,0.0
1387860,0.0,0.0,0.996555780951657,2157570.2078043493,0.0
1387920,0.0,0.0,0.996555780951657,2153690.347495635,0.0
1387980,0.0,0.0,0.996555780951657,2152420.206880408,0.0
1388040,0.0,0.0,0.996555780951657,2152753.5518492055,0.0
1388100,0.0,0.0,0.996555780951657,2154614.366413628,0.0
1388160,0.0,0.0,0.996555780951657,2155641.3809629595,0.0
1388220,0.0,0.0,0.996555780951657,2155475.013236886,0.0
1388280,0.0,0.0,0.996555780951657,2150229.9475133996,0.0
1388340,0.0,0.0,0.996555780951657,2152401.4816010515,0.0
1388400,0.0,0.0,0.996555780951657,2155044.9456115183,0.0
1388460,0.0,0.0,0.996555780951657,2156207.508240943,0.0
1388520,0.0,0.0,0.996555780951657,2155406.848584905,0.0
1388580,0.0,0.0,0.996555780951657,2152849.9026499786,0.0
1388640,0.0,0.0,0.996555780951657,2150560.2955924687,0.0
1388700,0.0,0.0,0.996555780951657,2153241.7415625867,0.0
1388760,0.0,0.0,0.996555780951657,2157326.835104286,0.0
1388820,0.0,0.0,0.996555780951657,2155090.348033865,0.0
1388880,0.0,0.0,0.996555780951657,2155479.4453299427,0.0
1388940,0.0,0.0,0.996555780951657,2151599.2533142734,0.0
1389000,0.0,0.0,0.996555780951657,2152567.0366516295,0.0
1389060,0.0,0.0,0.996555780951657,2155221.880341605,0.0
1389120,0.0,0.0,0.996555780951657,2155935.694569374,0.0
1389180,0.0,0.0,0.996555780951657,2153129.567211867,0.0
1389240,0.0,0.0,0.996555780951657,2153612.4932167307,0.0
1389300,0.0,0.0,0.996555780951657,2151456.965984867,0.0
1389360,0.0,0.0,0.996555780951657,2153922.1528526894,0.0
1389420,0.0,0.0,0.996555780951657,2157468.140156179,0.0
1389480,0.0,0.0,0.996555780951657,2154891.0935682477,0.0
1389540,0.0,0.0,0.996555780951657,2153992.9999952335,0.0
1389600,0.0,0.0,0.996555780951657,2150399.067691151,0.0
1389660,0.0,0.0,0.996555780951657,2153393.6622807523,0.0
1389720,0.0,0.0,0.996555780951657,2156003.6689110883,0.0
1389780,0.0,0.0,0.996555780951657,2155297.43571725,0.0
1389840,0.0,0.0,0.996555780951657,2153813.1080291197,0.0
1389900,0.0,0.0,0.996555780951657,2152313.896150757,0.0
1389960,0.0,0.0,0.996555780951657,2152850.302471479,0.0
1390020,0.0,0.0,0.996555780951657,2154525.580162577,0.0
1390080,0.0,0.0,0.996555780951657,2155433.943131573,0.0
1390140,0.0,0.0,0.996555780951657,2155481.938001257,0.0
1390200,0.0,0.0,0.996555780951657,2149857.4681165656,0.0
1390260,0.0,0.0,0.996555780951657,2152554.2378993607,0.0
1390320,0.0,0.0,0.996555780951657,2155312.4779492854,0.0
1390380,0.0,0.0,0.996555780951657,2155236.7257178416,0.0
1390440,0.0,0.0,0.996555780951657,2156882.510238635,0.0
1390500,0.0,0.0,0.996555780951657,2152792.649435258,0.0
1390560,0.0,0.0,0.996555780951657,2151976.887499409,0.0
1390620,0.0,0.0,0.996555780951657,2153809.021709981,0.0
1390680,0.0,0.0,0.996555780951657,2155356.1592121967,0.0
1390740,0.0,0.0,0.996555780951657,2155059.598701667,0.0
1390800,0.0,0.0,0.996555780951657,2154789.2941756328,0.0
1390860,0.0,0.0,0.996555780951657,2150098.9217012096,0.0
1390920,0.0,0.0,0.996555780951657,2153217.948321201,0.0
1390980,0.0,0.0,0.996555780951657,2154500.0781929176,0.0
1391040,0.0,0.0,0.996555780951657,2158229.5313835954,0.0
1391100,0.0,0.0,0.996555780951657,2152299.231868235,0.0
1391160,0.0,0.0,0.996555780951657,2153746.884383893,0.0
1391220,0.0,0.0,0.996555780951657,2151536.985260232,0.0
1391280,0.0,0.0,0.996555780951657,2153897.0771765825,0.0
1391340,0.0,0.0,0.996555780951657,2157685.0856003123,0.0
1391400,0.0,0.0,0.996555780951657,2154757.979281919,0.0
1391460,0.0,0.0,0.996555780951657,2154078.9568983964,0.0
1391520,0.0,0.0,0.996555780951657,2151585.3646589587,0.0
1391580,0.0,0.0,0.996555780951657,2153318.122049043,0.0
1391640,0.0,0.0,0.996555780951657,2155711.8330717105,0.0
1391700,0.0,0.0,0.996555780951657,2155996.157907455,0.0
1391760,0.0,0.0,0.996555780951657,2151863.6771855857,0.0
1391820,0.0,0.0,0.996555780951657,2152834.033129825,0.0
1391880,0.0,0.0,0.996555780951657,2152883.8979275455,0.0
1391940,0.0,0.0,0.996555780951657,2154619.1990984194,0.0
1392000,0.0,0.0,0.996555780951657,2157536.1384437275,0.0
1392060,0.0,0.0,0.996555780951657,2151763.471633996,0.0
1392120,0.0,0.0,0.996555780951657,2153093.753206337,0.0
1392180,0.0,0.0,0.996555780951657,2151760.854127012,0.0
1392240,0.0,0.0,0.996555780951657,2156473.5948773157,0.0
1392300,0.0,0.0,0.996555780951657,2155164.0673381733,0.0
1392360,0.0,0.0,0.996555780951657,2157040.45259275,0.0
1392420,0.0,0.0,0.996555780951657,2152732.881101319,0.0
1392480,0.0,0.0,0.996555780951657,2152160.392593386,0.0
1392540,0.0,0.0,0.996555780951657,2153893.0959725073,0.0
1392600,0.0,0.0,0.996555780951657,2155294.3811857738,0.0
1392660,0.0,0.0,0.996555780951657,2154747.3855917137,0.0
1392720,0.0,0.0,0.996555780951657,2154832.0553597375,0.0
1392780,0.0,0.0,0.996555780951657,2149972.3286096244,0.0
1392840,0.0,0.0,0.996555780951657,2152917.8101435136,0.0
1392900,0.0,0.0,0.996555780951657,2156482.9062104775,0.0
1392960,0.0,0.0,0.996555780951657,2155336.768146787,0.0
1393020,0.0,0.0,0.996555780951657,2155848.6179023134,0.0
1393080,0.0,0.0,0.996555780951657,2151927.9725488885,0.0
1393140,0.0,0.0,0.996555780951657,2152199.5705905478,0.0
1393200,0.0,0.0,0.996555780951657,2154784.517959059,0.0
1393260,0.0,0.0,0.996555780951657,2155862.933759876,0.0
1393320,0.0,0.0,0.996555780951657,2155205.49848775,0.0
1393380,0.0,0.0,0.996555780951657,2151465.167350528,0.0
1393440,0.0,0.0,0.996555780951657,2152417.2609190885,0.0
1393500,0.0,0.0,0.996555780951657,2155303.505044002,0.0
1393560,0.0,0.0,0.996555780951657,2155396.518887036,0.0
1393620,0.0,0.0,0.996555780951657,2156070.206896529,0.0
1393680,0.0,0.0,0.996555780951657,2151232.350250291,0.0
1393740,0.0,0.0,0.996555780951657,2153063.1763227447,0.0
1393800,0.0,0.0,0.996555780951657,2153012.066754868,0.0
1393860,0.0,0.0,0.996555780951657,2154561.519099256,0.0
1393920,0.0,0.0,0.996555780951657,2157743.1820411882,0.0
1393980,0.0,0.0,0.996555780951657,2154104.950194149,0.0
1394040,0.0,0.0,0.996555780951657,2152896.579066108,0.0
1394100,0.0,0.0,0.996555780951657,2152259.7747214064,0.0
1394160,0.0,0.0,0.996555780951657,2154181.432932706,0.0
1394220,0.0,0.0,0.996555780951657,2155780.655454461,0.0
1394280,0.0,0.0,0.996555780951657,2155729.355941647,0.0
1394340,0.0,0.0,0.996555780951657,2150702.0113546783,0.0
1394400,0.0,0.0,0.996555780951657,2152382.4848441845,0.0
1394460,0.0,0.0,0.996555780951657,2154340.5669507384,0.0
1394520,0.0,0.0,0.996555780951657,2156295.450674644,0.0
1394580,0.0,0.0,0.996555780951657,2155529.2584137917,0.0
1394640,0.0,0.0,0.996555780951657,2153642.8247419875,0.0
1394700,0.0,0.0,0.996555780951657,2149894.0765708974,0.0
1394760,0.0,0.0,0.996555780951657,2152965.0894938046,0.0
1394820,0.0,0.0,0.996555780951657,2156883.8385810954,0.0
1394880,0.0,0.0,0.996555780951657,2155162.5755958455,0.0
1394940,0.0,0.0,0.996555780951657,2156084.6774316137,0.0
1395000,0.0,0.0,0.996555780951657,2151932.994120397,0.0
1395060,0.0,0.0,0.996555780951657,2152297.945321146,0.0
1395120,0.0,0.0,0.996555780951657,2154848.5016514095,0.0
1395180,0.0,0.0,0.996555780951657,2155793.842928128,0.0
1395240,0.0,0.0,0.996555780951657,2153735.7074735905,0.0
1395300,0.0,0.0,0.996555780951657,2154022.8563379943,0.0
1395360,0.0,0.0,0.996555780951657,2150845.0325703244,0.0
1395420,0.0,0.0,0.996555780951657,2153564.349805014,0.0
1395480,0.0,0.0,0.996555780951657,2157247.763306952,0.0
1395540,0.0,0.0,0.996555780951657,2155119.129376771,0.0
1395600,0.0,0.0,0.996555780951657,2154616.2250143234,0.0
1395660,0.0,0.0,0.996555780951657,2149646.8727103686,0.0
1395720,0.0,0.0,0.996555780951657,2153022.530008143,0.0
1395780,0.0,0.0,0.996555780951657,2155600.2597594364,0.0
1395840,0.0,0.0,0.996555780951657,2155998.861846689,0.0
1395900,0.0,0.0,0.996555780951657,2154176.926757733,0.0
1395960,0.0,0.0,0.996555780951657,2152741.1525754756,0.0
1396020,0.0,0.0,0.996555780951657,2152376.227005353,0.0
1396080,0.0,0.0,0.996555780951657,2154144.889152845,0.0
1396140,0.0,0.0,0.996555780951657,2155614.318725875,0.0
1396200,0.0,0.0,0.996555780951657,2155700.688858491,0.0
1396260,0.0,0.0,0.996555780951657,2150217.0813821256,0.0
1396320,0.0,0.0,0.996555780951657,2152540.678104323,0.0
1396380,0.0,0.0,0.996555780951657,2154636.6658719806,0.0
1396440,0.0,0.0,0.996555780951657,2155093.1144556752,0.0
1396500,0.0,0.0,0.996555780951657,2157244.220612985,0.0
1396560,0.0,0.0,0.996555780951657,2153227.8281472,0.0
1396620,0.0,0.0,0.996555780951657,2152081.613655894,0.0
1396680,0.0,0.0,0.996555780951657,2153298.6249365085,0.0
1396740,0.0,0.0,0.996555780951657,2155031.7586386944,0.0
1396800,0.0,0.0,0.996555780951657,2155400.634426863,0.0
1396860,0.0,0.0,0.996555780951657,2155139.7885588957,0.0
1396920,0.0,0.0,0.996555780951657,2150051.7186240396,0.0
1396980,0.0,0.0,0.996555780951657,2152560.5836855867,0.0
1397040,0.0,0.0,0.996555780951657,2154164.8284696876,0.0
1397100,0.0,0.0,0.996555780951657,2158427.863682578,0.0
1397160,0.0,0.0,0.996555780951657,2152925.766505239,0.0
1397220,0.0,0.0,0.996555780951657,2154128.381394734,0.0
1397280,0.0,0.0,0.996555780951657,2150860.681896101,0.0
1397340,0.0,0.0,0.996555780951657,2153589.2481463826,0.0
1397400,0.0,0.0,0.996555780951657,2157472.663243623,0.0
1397460,0.0,0.0,0.996555780951657,2154974.725377165,0.0
1397520,0.0,0.0,0.996555780951657,2154677.341569403,0.0
1397580,0.0,0.0,0.996555780951657,2151472.642508064,0.0
1397640,0.0,0.0,0.996555780951657,2152944.288251223,0.0
1397700,0.0,0.0,0.996555780951657,2155537.722665407,0.0
1397760,0.0,0.0,0.996555780951657,2156015.883662483,0.0
1397820,0.0,0.0,0.996555780951657,2152483.678557739,0.0
1397880,0.0,0.0,0.996555780951657,2153159.9234396517,0.0
1397940,0.0,0.0,0.996555780951657,2152195.187863045,0.0
1398000,0.0,0.0,0.996555780951657,2154309.9652775517,0.0
1398060,0.0,0.0,0.996555780951657,2157548.5328310216,0.0
1398120,0.0,0.0,0.996555780951657,2152546.9043049663,0.0
1398180,0.0,0.0,0.996555780951657,2153453.6098319385,0.0
1398240,0.0,0.0,0.996555780951657,2151404.6744704507,0.0
1398300,0.0,0.0,0.996555780951657,2155915.348888095,0.0
1398360,0.0,0.0,0.996555780951657,2155025.4439017233,0.0
1398420,0.0,0.0,0.996555780951657,2157436.431340649,0.0
1398480,0.0,0.0,0.996555780951657,2153135.422731509,0.0
1398540,0.0,0.0,0.996555780951657,2152279.292972285,0.0
1398600,0.0,0.0,0.996555780951657,2153412.0640825415,0.0
1398660,0.0,0.0,0.996555780951657,2154993.953066538,0.0
1398720,0.0,0.0,0.996555780951657,2155126.14676247,0.0
1398780,0.0,0.0,0.996555780951657,2155146.6087154252,0.0
1398840,0.0,0.0,0.996555780951657,2149827.906131888,0.0
1398900,0.0,0.0,0.996555780951657,2152692.842989137,0.0
1398960,0.0,0.0,0.996555780951657,2155976.508865008,0.0
1399020,0.0,0.0,0.996555780951657,2155341.891227398,0.0
1399080,0.0,0.0,0.996555780951657,2156341.046077599,0.0
1399140,0.0,0.0,0.996555780951657,2152309.8833336756,0.0
1399200,0.0,0.0,0.996555780951657,2152021.3945105523,0.0
1399260,0.0,0.0,0.996555780951657,2154352.8158695484,0.0
1399320,0.0,0.0,0.996555780951657,2155669.9016051567,0.0
1399380,0.0,0.0,0.996555780951657,2155944.6981545775,0.0
1399440,0.0,0.0,0.996555780951657,2151956.0083622765,0.0
1399500,0.0,0.0,0.996555780951657,2152573.4602310485,0.0
1399560,0.0,0.0,0.996555780951657,2154483.099991627,0.0
1399620,0.0,0.0,0.996555780951657,2155284.9174033795,0.0
1399680,0.0,0.0,0.996555780951657,2156086.140391123,0.0
1399740,0.0,0.0,0.996555780951657,2151865.0838339753,0.0
1399800,0.0,0.0,0.996555780951657,2153363.320398979,0.0
1399860,0.0,0.0,0.996555780951657,2152309.359890456,0.0
1399920,0.0,0.0,0.996555780951657,2154285.542461236,0.0
1399980,0.0,0.0,0.996555780951657,2157769.5742424056,0.0
1400040,0.0,0.0,0.996555780951657,2154433.8146943175,0.0
1400100,0.0,0.0,0.996555780951657,2153385.3556702435,0.0
1400160,0.0,0.0,0.996555780951657,2151889.9484275808,0.0
1400220,0.0,0.0,0.996555780951657,2153791.6276145456,0.0
1400280,0.0,0.0,0.996555780951657,2155813.89404938,0.0
1400340,0.0,0.0,0.996555780951657,2155891.591526625,0.0
1400400,0.0,0.0,0.996555780951657,2151237.7792496453,0.0
1400460,0.0,0.0,0.996555780951657,2152497.2133366354,0.0
1400520,0.0,0.0,0.996555780951657,2153673.6645431886,0.0
1400580,0.0,0.0,0.996555780951657,2156253.184137711,0.0
1400640,0.0,0.0,0.996555780951657,2155580.9384313202,0.0
1400700,0.0,0.0,0.996555780951657,2154384.819058703,0.0
1400760,0.0,0.0,0.996555780951657,2149471.8509878246,0.0
1400820,0.0,0.0,0.996555780951657,2152770.1291778735,0.0
1400880,0.0,0.0,0.996555780951657,2156376.585240091,0.0
1400940,0.0,0.0,0.996555780951657,2155172.103094906,0.0
1401000,0.0,0.0,0.996555780951657,2156565.9263978703,0.0
1401060,0.0,0.0,0.996555780951657,2152290.9891026043,0.0
1401120,0.0,0.0,0.996555780951657,2152134.8119110935,0.0
1401180,0.0,0.0,0.996555780951657,2154449.9353600494,0.0
1401240,0.0,0.0,0.996555780951657,2155611.154805791,0.0
1401300,0.0,0.0,0.996555780951657,2154255.9490101496,0.0
1401360,0.0,0.0,0.996555780951657,2154383.3818633733,0.0
1401420,0.0,0.0,0.996555780951657,2150390.4598249733,0.0
1401480,0.0,0.0,0.996555780951657,2153250.7465634886,0.0
1401540,0.0,0.0,0.996555780951657,2156937.8367499523,0.0
1401600,0.0,0.0,0.996555780951657,2155269.2955270535,0.0
1401660,0.0,0.0,0.996555780951657,2155170.676588493,0.0
1401720,0.0,0.0,0.996555780951657,2151546.995382633,0.0
1401780,0.0,0.0,0.996555780951657,2152508.465933944,0.0
1401840,0.0,0.0,0.996555780951657,2157433.4374323525,0.0
1401900,0.0,0.0,0.996555780951657,2155243.386353043,0.0
1401960,0.0,0.0,0.996555780951657,2156046.264562647,0.0
1402020,0.0,0.0,0.996555780951657,2148728.8026829753,0.0
1402080,0.0,0.0,0.996555780951657,2152026.0437036585,0.0
1402140,0.0,0.0,0.996555780951657,2153836.450641211,0.0
1402200,0.0,0.0,0.996555780951657,2155664.084877416,0.0
1402260,0.0,0.0,0.996555780951657,2155831.1127902577,0.0
1402320,0.0,0.0,0.996555780951657,2150809.5629003975,0.0
1402380,0.0,0.0,0.996555780951657,2152680.0977131366,0.0
1402440,0.0,0.0,0.996555780951657,2153901.5300200367,0.0
1402500,0.0,0.0,0.996555780951657,2154878.944801286,0.0
1402560,0.0,0.0,0.996555780951657,2157523.0161553733,0.0
1402620,0.0,0.0,0.996555780951657,2153664.5756534752,0.0
1402680,0.0,0.0,0.996555780951657,2152371.9359259787,0.0
1402740,0.0,0.0,0.996555780951657,2152780.612161465,0.0
1402800,0.0,0.0,0.996555780951657,2154650.8358745477,0.0
1402860,0.0,0.0,0.996555780951657,2155649.5095485975,0.0
1402920,0.0,0.0,0.996555780951657,2155453.1542487694,0.0
1402980,0.0,0.0,0.996555780951657,2150246.873857522,0.0
1403040,0.0,0.0,0.996555780951657,2151913.985735188,0.0
1403100,0.0,0.0,0.996555780951657,2153806.708083193,0.0
1403160,0.0,0.0,0.996555780951657,2158497.524107925,0.0
1403220,0.0,0.0,0.996555780951657,2153517.0441667023,0.0
1403280,0.0,0.0,0.996555780951657,2154520.2109412164,0.0
1403340,0.0,0.0,0.996555780951657,2150259.477465619,0.0
1403400,0.0,0.0,0.996555780951657,2153287.648808672,0.0
1403460,0.0,0.0,0.996555780951657,2157149.0294819586,0.0
1403520,0.0,0.0,0.996555780951657,2155128.766072693,0.0
1403580,0.0,0.0,0.996555780951657,2155293.580774081,0.0
1403640,0.0,0.0,0.996555780951657,2151552.4306061408,0.0
1403700,0.0,0.0,0.996555780951657,2152603.718895118,0.0
1403760,0.0,0.0,0.996555780951657,2155266.79148425,0.0
1403820,0.0,0.0,0.996555780951657,2155963.8314591944,0.0
1403880,0.0,0.0,0.996555780951657,2153107.284713146,0.0
1403940,0.0,0.0,0.996555780951657,2153536.1175966663,0.0
1404000,0.0,0.0,0.996555780951657,2151530.851307298,0.0
1404060,0.0,0.0,0.996555780951657,2153968.1391988047,0.0
1404120,0.0,0.0,0.996555780951657,2157455.045926435,0.0
1404180,0.0,0.0,0.996555780951657,2154878.633247336,0.0
1404240,0.0,0.0,0.996555780951657,2153906.071342474,0.0
1404300,0.0,0.0,0.996555780951657,2150475.433688791,0.0
1404360,0.0,0.0,0.996555780951657,2153430.207520629,0.0
1404420,0.0,0.0,0.996555780951657,2156038.7685522973,0.0
1404480,0.0,0.0,0.996555780951657,2155280.992449109,0.0
1404540,0.0,0.0,0.996555780951657,2153783.3756357995,0.0
1404600,0.0,0.0,0.996555780951657,2152260.640068634,0.0
1404660,0.0,0.0,0.996555780951657,2152882.5839647353,0.0
1404720,0.0,0.0,0.996555780951657,2154566.2242669063,0.0
1404780,0.0,0.0,0.996555780951657,2155443.5621440923,0.0
1404840,0.0,0.0,0.996555780951657,2155459.615284747,0.0
1404900,0.0,0.0,0.996555780951657,2149884.4318285566,0.0
1404960,0.0,0.0,0.996555780951657,2152542.1596028116,0.0
1405020,0.0,0.0,0.996555780951657,2155332.2844764693,0.0
1405080,0.0,0.0,0.996555780951657,2155259.2965897913,0.0
1405140,0.0,0.0,0.996555780951657,2156834.860121597,0.0
1405200,0.0,0.0,0.996555780951657,2152770.373317446,0.0
1405260,0.0,0.0,0.996555780951657,2151961.4419478877,0.0
1405320,0.0,0.0,0.996555780951657,2153828.122402314,0.0
1405380,0.0,0.0,0.996555780951657,2155380.204278904,0.0
1405440,0.0,0.0,0.996555780951657,2156681.7218533773,0.0
1405500,0.0,0.0,0.996555780951657,2152503.170472505,0.0
1405560,0.0,0.0,0.996555780951657,2152900.157225703,0.0
1405620,0.0,0.0,0.996555780951657,2153539.825430972,0.0
1405680,0.0,0.0,0.996555780951657,2155053.9200432873,0.0
1405740,0.0,0.0,0.996555780951657,2156022.9780827193,0.0
1405800,0.0,0.0,0.996555780951657,2152539.777427737,0.0
1405860,0.0,0.0,0.996555780951657,2153741.256788403,0.0
1405920,0.0,0.0,0.996555780951657,2151572.044758821,0.0
1405980,0.0,0.0,0.996555780951657,2153954.3912991025,0.0
1406040,0.0,0.0,0.996555780951657,2157695.3543473347,0.0
1406100,0.0,0.0,0.996555780951657,2154734.710149527,0.0
1406160,0.0,0.0,0.996555780951657,2153990.735636928,0.0
1406220,0.0,0.0,0.996555780951657,2151600.6610474694,0.0
1406280,0.0,0.0,0.996555780951657,2153366.3617059314,0.0
1406340,0.0,0.0,0.996555780951657,2155737.628262102,0.0
1406400,0.0,0.0,0.996555780951657,2155996.6248029186,0.0
1406460,0.0,0.0,0.996555780951657,2151853.605579099,0.0
1406520,0.0,0.0,0.996555780951657,2152772.7320339247,0.0
1406580,0.0,0.0,0.996555780951657,2152942.206303009,0.0
1406640,0.0,0.0,0.996555780951657,2156075.7085755826,0.0
1406700,0.0,0.0,0.996555780951657,2155564.514035687,0.0
1406760,0.0,0.0,0.996555780951657,2155193.74345797,0.0
1406820,0.0,0.0,0.996555780951657,2149243.0269787544,0.0
1406880,0.0,0.0,0.996555780951657,2152647.7479188396,0.0
1406940,0.0,0.0,0.996555780951657,2155752.5336694126,0.0
1407000,0.0,0.0,0.996555780951657,2155109.435492939,0.0
1407060,0.0,0.0,0.996555780951657,2157028.3709552977,0.0
1407120,0.0,0.0,0.996555780951657,2152705.1099287467,0.0
1407180,0.0,0.0,0.996555780951657,2152076.772738737,0.0
1407240,0.0,0.0,0.996555780951657,2153975.804578248,0.0
1407300,0.0,0.0,0.996555780951657,2155353.3544976134,0.0
1407360,0.0,0.0,0.996555780951657,2154732.0879004374,0.0
1407420,0.0,0.0,0.996555780951657,2154757.0965620074,0.0
1407480,0.0,0.0,0.996555780951657,2150040.2092555463,0.0
1407540,0.0,0.0,0.996555780951657,2152948.161707273,0.0
1407600,0.0,0.0,0.996555780951657,2156518.8932824694,0.0
1407660,0.0,0.0,0.996555780951657,2155353.919915182,0.0
1407720,0.0,0.0,0.996555780951657,2155740.469836204,0.0
1407780,0.0,0.0,0.996555780951657,2151873.9674374727,0.0
1407840,0.0,0.0,0.996555780951657,2152219.2993282294,0.0
1407900,0.0,0.0,0.996555780951657,2156929.5566330333,0.0
1407960,0.0,0.0,0.996555780951657,2155282.8784064217,0.0
1408020,0.0,0.0,0.996555780951657,2156352.309367151,0.0
1408080,0.0,0.0,0.996555780951657,2148932.5882822853,0.0
1408140,0.0,0.0,0.996555780951657,2151774.356484919,0.0
1408200,0.0,0.0,0.996555780951657,2153424.0064969296,0.0
1408260,0.0,0.0,0.996555780951657,2155646.3849073346,0.0
1408320,0.0,0.0,0.996555780951657,2155910.1629950004,0.0
1408380,0.0,0.0,0.996555780951657,2151402.8865605714,0.0
1408440,0.0,0.0,0.996555780951657,2152929.819293657,0.0
1408500,0.0,0.0,0.996555780951657,2153172.745392002,0.0
1408560,0.0,0.0,0.996555780951657,2154632.3017088072,0.0
1408620,0.0,0.0,0.996555780951657,2157676.5329512865,0.0
1408680,0.0,0.0,0.996555780951657,2154051.685855988,0.0
1408740,0.0,0.0,0.996555780951657,2152773.7983991164,0.0
1408800,0.0,0.0,0.996555780951657,2152322.873051818,0.0
1408860,0.0,0.0,0.996555780951657,2154262.4498066143,0.0
1408920,0.0,0.0,0.996555780951657,2155791.8299154337,0.0
1408980,0.0,0.0,0.996555780951657,2155694.162893804,0.0
1409040,0.0,0.0,0.996555780951657,2150698.72074099,0.0
1409100,0.0,0.0,0.996555780951657,2151360.5089406795,0.0
1409160,0.0,0.0,0.996555780951657,2153471.382298873,0.0
1409220,0.0,0.0,0.996555780951657,2158411.9551685834,0.0
1409280,0.0,0.0,0.996555780951657,2154034.3908618884,0.0
1409340,0.0,0.0,0.996555780951657,2154870.7596102757,0.0
1409400,0.0,0.0,0.996555780951657,2149814.064736484,0.0
1409460,0.0,0.0,0.996555780951657,2153031.7140403125,0.0
1409520,0.0,0.0,0.996555780951657,2156736.275087174,0.0
1409580,0.0,0.0,0.996555780951657,2155213.9973469446,0.0
1409640,0.0,0.0,0.996555780951657,2155853.6729474035,0.0
1409700,0.0,0.0,0.996555780951657,2151835.101743922,0.0
1409760,0.0,0.0,0.996555780951657,2152336.294170225,0.0
1409820,0.0,0.0,0.996555780951657,2154930.2617685767,0.0
1409880,0.0,0.0,0.996555780951657,2155849.9659299892,0.0
1409940,0.0,0.0,0.996555780951657,2153686.749525989,0.0
1410000,0.0,0.0,0.996555780951657,2153911.2514922763,0.0
1410060,0.0,0.0,0.996555780951657,2150958.6152614965,0.0
1410120,0.0,0.0,0.996555780951657,2153631.7580615296,0.0
1410180,0.0,0.0,0.996555780951657,2157257.2522560926,0.0
1410240,0.0,0.0,0.996555780951657,2155106.998208112,0.0
1410300,0.0,0.0,0.996555780951657,2154477.266451343,0.0
1410360,0.0,0.0,0.996555780951657,2149779.5969708497,0.0
1410420,0.0,0.0,0.996555780951657,2153075.266664375,0.0
1410480,0.0,0.0,0.996555780951657,2155671.276875222,0.0
1410540,0.0,0.0,0.996555780951657,2155944.56795165,0.0
1410600,0.0,0.0,0.996555780951657,2154133.233911754,0.0
1410660,0.0,0.0,0.996555780951657,2152637.330198267,0.0
1410720,0.0,0.0,0.996555780951657,2152429.73295673,0.0
1410780,0.0,0.0,0.996555780951657,2154211.0380249647,0.0
1410840,0.0,0.0,0.996555780951657,2155625.6602508174,0.0
1410900,0.0,0.0,0.996555780951657,2155674.71415692,0.0
1410960,0.0,0.0,0.996555780951657,2150222.445745049,0.0
1411020,0.0,0.0,0.996555780951657,2152507.3119709683,0.0
1411080,0.0,0.0,0.996555780951657,2154696.102568998,0.0
1411140,0.0,0.0,0.996555780951657,2155132.3017907096,0.0
1411200,0.0,0.0,0.996555780951657,2157176.2449828433,0.0
1411260,0.0,0.0,0.996555780951657,2153185.3031293256,0.0
1411320,0.0,0.0,0.996555780951657,2152041.667399401,0.0
1411380,0.0,0.0,0.996555780951657,2153341.8022202784,0.0
1411440,0.0,0.0,0.996555780951657,2155077.9278771617,0.0
1411500,0.0,0.0,0.996555780951657,2157238.1054611118,0.0
1411560,0.0,0.0,0.996555780951657,2152998.8153135227,0.0
1411620,0.0,0.0,0.996555780951657,2153254.5122614712,0.0
1411680,0.0,0.0,0.996555780951657,2152653.508430451,0.0
1411740,0.0,0.0,0.996555780951657,2154775.070495757,0.0
1411800,0.0,0.0,0.996555780951657,2155906.817661093,0.0
1411860,0.0,0.0,0.996555780951657,2153153.651671587,0.0
1411920,0.0,0.0,0.996555780951657,2154079.700127633,0.0
1411980,0.0,0.0,0.996555780951657,2150966.613909357,0.0
1412040,0.0,0.0,0.996555780951657,2153652.52020533,0.0
1412100,0.0,0.0,0.996555780951657,2157509.1182478284,0.0
1412160,0.0,0.0,0.996555780951657,2154956.652035774,0.0
1412220,0.0,0.0,0.996555780951657,2154553.5398442703,0.0
1412280,0.0,0.0,0.996555780951657,2151470.82937699,0.0
1412340,0.0,0.0,0.996555780951657,2152999.722338259,0.0
1412400,0.0,0.0,0.996555780951657,2155579.8676388087,0.0
1412460,0.0,0.0,0.996555780951657,2156028.476661246,0.0
1412520,0.0,0.0,0.996555780951657,2152455.2527407627,0.0
1412580,0.0,0.0,0.996555780951657,2153075.949977281,0.0
1412640,0.0,0.0,0.996555780951657,2152280.615569731,0.0
1412700,0.0,0.0,0.996555780951657,2154365.035974708,0.0
1412760,0.0,0.0,0.996555780951657,2157520.7288384815,0.0
1412820,0.0,0.0,0.996555780951657,2152555.9294404835,0.0
1412880,0.0,0.0,0.996555780951657,2153387.114997974,0.0
1412940,0.0,0.0,0.996555780951657,2151441.43101148,0.0
1413000,0.0,0.0,0.996555780951657,2155922.2020266023,0.0
1413060,0.0,0.0,0.996555780951657,2155065.304213922,0.0
1413120,0.0,0.0,0.996555780951657,2157355.4279039837,0.0
1413180,0.0,0.0,0.996555780951657,2153095.70042078,0.0
1413240,0.0,0.0,0.996555780951657,2152235.470297353,0.0
1413300,0.0,0.0,0.996555780951657,2153452.554666355,0.0
1413360,0.0,0.0,0.996555780951657,2155038.327786501,0.0
1413420,0.0,0.0,0.996555780951657,2155129.489059248,0.0
1413480,0.0,0.0,0.996555780951657,2155110.488391275,0.0
1413540,0.0,0.0,0.996555780951657,2149863.330399477,0.0
1413600,0.0,0.0,0.996555780951657,2152696.0027580876,0.0
1413660,0.0,0.0,0.996555780951657,2155995.108078056,0.0
1413720,0.0,0.0,0.996555780951657,2155361.4727106323,0.0
1413780,0.0,0.0,0.996555780951657,2156282.509006516,0.0
1413840,0.0,0.0,0.996555780951657,2152281.2551759235,0.0
1413900,0.0,0.0,0.996555780951657,2152018.096428682,0.0
1413960,0.0,0.0,0.996555780951657,2156287.90761954,0.0
1414020,0.0,0.0,0.996555780951657,2155234.5685293744,0.0
1414080,0.0,0.0,0.996555780951657,2156593.636177976,0.0
1414140,0.0,0.0,0.996555780951657,2149471.8440907574,0.0
1414200,0.0,0.0,0.996555780951657,2151664.266369212,0.0
1414260,0.0,0.0,0.996555780951657,2153017.7893836387,0.0
1414320,0.0,0.0,0.996555780951657,2155520.7363980673,0.0
1414380,0.0,0.0,0.996555780951657,2155922.360453962,0.0
1414440,0.0,0.0,0.996555780951657,2152038.6258163215,0.0
1414500,0.0,0.0,0.996555780951657,2153251.4612591644,0.0
1414560,0.0,0.0,0.996555780951657,2152427.779039966,0.0
1414620,0.0,0.0,0.996555780951657,2154339.0599690806,0.0
1414680,0.0,0.0,0.996555780951657,2157728.7401442877,0.0
1414740,0.0,0.0,0.996555780951657,2154407.0928058294,0.0
1414800,0.0,0.0,0.996555780951657,2153282.380121625,0.0
1414860,0.0,0.0,0.996555780951657,2151922.2667657374,0.0
1414920,0.0,0.0,0.996555780951657,2153847.701185752,0.0
1414980,0.0,0.0,0.996555780951657,2155832.329628559,0.0
1415040,0.0,0.0,0.996555780951657,2155878.303022539,0.0
1415100,0.0,0.0,0.996555780951657,2151228.153778215,0.0
1415160,0.0,0.0,0.996555780951657,2152446.4765480626,0.0
1415220,0.0,0.0,0.996555780951657,2153731.487287961,0.0
1415280,0.0,0.0,0.996555780951657,2156263.9679341437,0.0
1415340,0.0,0.0,0.996555780951657,2155593.3015493862,0.0
1415400,0.0,0.0,0.996555780951657,2154304.414833741,0.0
1415460,0.0,0.0,0.996555780951657,2149534.2009281963,0.0
1415520,0.0,0.0,0.996555780951657,2152771.373639887,0.0
1415580,0.0,0.0,0.996555780951657,2156393.1139983046,0.0
1415640,0.0,0.0,0.996555780951657,2155193.4944318617,0.0
1415700,0.0,0.0,0.996555780951657,2156495.7405754733,0.0
1415760,0.0,0.0,0.996555780951657,2152259.1894052527,0.0
1415820,0.0,0.0,0.996555780951657,2152130.4856025237,0.0
1415880,0.0,0.0,0.996555780951657,2154477.3480869364,0.0
1415940,0.0,0.0,0.996555780951657,2155638.2283107056,0.0
1416000,0.0,0.0,0.996555780951657,2154261.132472633,0.0
1416060,0.0,0.0,0.996555780951657,2154344.669228129,0.0
1416120,0.0,0.0,0.996555780951657,2150424.8899795054,0.0
1416180,0.0,0.0,0.996555780951657,2153265.4833490737,0.0
1416240,0.0,0.0,0.996555780951657,2156934.1861534594,0.0
1416300,0.0,0.0,0.996555780951657,2155277.807543874,0.0
1416360,0.0,0.0,0.996555780951657,2155124.016620997,0.0
1416420,0.0,0.0,0.996555780951657,2149160.9891268327,0.0
1416480,0.0,0.0,0.996555780951657,2152722.303497313,0.0
1416540,0.0,0.0,0.996555780951657,2155195.670148632,0.0
1416600,0.0,0.0,0.996555780951657,2156543.9055131446,0.0
1416660,0.0,0.0,0.996555780951657,2154474.047656328,0.0
1416720,0.0,0.0,0.996555780951657,2153184.796270533,0.0
1416780,0.0,0.0,0.996555780951657,2151997.7972013964,0.0
1416840,0.0,0.0,0.996555780951657,2153802.6003278163,0.0
1416900,0.0,0.0,0.996555780951657,2155706.348306131,0.0
1416960,0.0,0.0,0.996555780951657,2155847.637534056,0.0
1417020,0.0,0.0,0.996555780951657,2150758.4942571414,0.0
1417080,0.0,0.0,0.996555780951657,2152624.9582627025,0.0
1417140,0.0,0.0,0.996555780951657,2153962.7577451775,0.0
1417200,0.0,0.0,0.996555780951657,2154924.224820206,0.0
1417260,0.0,0.0,0.996555780951657,2157464.84804709,0.0
1417320,0.0,0.0,0.996555780951657,2153626.0518622864,0.0
1417380,0.0,0.0,0.996555780951657,2152312.515896434,0.0
1417440,0.0,0.0,0.996555780951657,2152821.4082307057,0.0
1417500,0.0,0.0,0.996555780951657,2154700.0036724606,0.0
1417560,0.0,0.0,0.996555780951657,2157726.2312983414,0.0
1417620,0.0,0.0,0.996555780951657,2153498.2370283357,0.0
1417680,0.0,0.0,0.996555780951657,2153706.3855094644,0.0
1417740,0.0,0.0,0.996555780951657,2151712.114300503,0.0
1417800,0.0,0.0,0.996555780951657,2154400.463697226,0.0
1417860,0.0,0.0,0.996555780951657,2155710.4248530916,0.0
1417920,0.0,0.0,0.996555780951657,2153752.667735071,0.0
1417980,0.0,0.0,0.996555780951657,2154448.730027566,0.0
1418040,0.0,0.0,0.996555780951657,2150406.463594771,0.0
1418100,0.0,0.0,0.996555780951657,2153337.188948732,0.0
1418160,0.0,0.0,0.996555780951657,2157211.5656806706,0.0
1418220,0.0,0.0,0.996555780951657,2155124.9104238423,0.0
1418280,0.0,0.0,0.996555780951657,2155166.4766539526,0.0
1418340,0.0,0.0,0.996555780951657,2151518.586941451,0.0
1418400,0.0,0.0,0.996555780951657,2152646.131774272,0.0
1418460,0.0,0.0,0.996555780951657,2155318.306654801,0.0
1418520,0.0,0.0,0.996555780951657,2155989.9713586234,0.0
1418580,0.0,0.0,0.996555780951657,2153077.9237636016,0.0
1418640,0.0,0.0,0.996555780951657,2153449.461216417,0.0
1418700,0.0,0.0,0.996555780951657,2151616.3977201083,0.0
1418760,0.0,0.0,0.996555780951657,2154022.1722308025,0.0
1418820,0.0,0.0,0.996555780951657,2157441.429734037,0.0
1418880,0.0,0.0,0.996555780951657,2153318.3320312337,0.0
1418940,0.0,0.0,0.996555780951657,2153765.4129217328,0.0
1419000,0.0,0.0,0.996555780951657,2151174.0396988573,0.0
1419060,0.0,0.0,0.996555780951657,2155256.667235175,0.0
1419120,0.0,0.0,0.996555780951657,2154873.5702850833,0.0
1419180,0.0,0.0,0.996555780951657,2157679.006973195,0.0
1419240,0.0,0.0,0.996555780951657,2153500.16309431,0.0
1419300,0.0,0.0,0.996555780951657,2152496.0300036953,0.0
1419360,0.0,0.0,0.996555780951657,2152960.578594074,0.0
1419420,0.0,0.0,0.996555780951657,2154694.6144303773,0.0
1419480,0.0,0.0,0.996555780951657,2155426.199322653,0.0
1419540,0.0,0.0,0.996555780951657,2155397.8949504825,0.0
1419600,0.0,0.0,0.996555780951657,2149919.1995288897,0.0
1419660,0.0,0.0,0.996555780951657,2152533.9509776086,0.0
1419720,0.0,0.0,0.996555780951657,2155415.4440842886,0.0
1419780,0.0,0.0,0.996555780951657,2155302.4395178487,0.0
1419840,0.0,0.0,0.996555780951657,2156726.3818876348,0.0
1419900,0.0,0.0,0.996555780951657,2152699.5155595774,0.0
1419960,0.0,0.0,0.996555780951657,2151939.0091017713,0.0
1420020,0.0,0.0,0.996555780951657,2155553.222290006,0.0
1420080,0.0,0.0,0.996555780951657,2155116.3264669017,0.0
1420140,0.0,0.0,0.996555780951657,2156742.6039658827,0.0
1420200,0.0,0.0,0.996555780951657,2150187.727810002,0.0
1420260,0.0,0.0,0.996555780951657,2151738.0552871698,0.0
1420320,0.0,0.0,0.996555780951657,2152665.9968270524,0.0
1420380,0.0,0.0,0.996555780951657,2155309.1229365724,0.0
1420440,0.0,0.0,0.996555780951657,2155872.0333560877,0.0
1420500,0.0,0.0,0.996555780951657,2152662.488438516,0.0
1420560,0.0,0.0,0.996555780951657,2153590.5245297197,0.0
1420620,0.0,0.0,0.996555780951657,2151739.6981427018,0.0
1420680,0.0,0.0,0.996555780951657,2154035.5844087913,0.0
1420740,0.0,0.0,0.996555780951657,2157666.873798108,0.0
1420800,0.0,0.0,0.996555780951657,2154701.862718278,0.0
1420860,0.0,0.0,0.996555780951657,2153825.1274205414,0.0
1420920,0.0,0.0,0.996555780951657,2151632.6189493877,0.0
1420980,0.0,0.0,0.996555780951657,2153449.286375639,0.0
1421040,0.0,0.0,0.996555780951657,2155775.6417032513,0.0
1421100,0.0,0.0,0.996555780951657,2155991.464747498,0.0
1421160,0.0,0.0,0.996555780951657,2151811.019220694,0.0
1421220,0.0,0.0,0.996555780951657,2152679.5883716745,0.0
1421280,0.0,0.0,0.996555780951657,2153050.414134687,0.0
1421340,0.0,0.0,0.996555780951657,2156105.039091422,0.0
1421400,0.0,0.0,0.996555780951657,2155593.150679916,0.0
1421460,0.0,0.0,0.996555780951657,2155051.6777790347,0.0
1421520,0.0,0.0,0.996555780951657,2149322.6965724425,0.0
1421580,0.0,0.0,0.996555780951657,2152634.5343364784,0.0
1421640,0.0,0.0,0.996555780951657,2155811.5108016357,0.0
1421700,0.0,0.0,0.996555780951657,2155146.9094631406,0.0
1421760,0.0,0.0,0.996555780951657,2156927.9988844106,0.0
1421820,0.0,0.0,0.996555780951657,2152648.6798632727,0.0
1421880,0.0,0.0,0.996555780951657,2152055.7658265224,0.0
1421940,0.0,0.0,0.996555780951657,2154030.6635458176,0.0
1422000,0.0,0.0,0.996555780951657,2155403.580871987,0.0
1422060,0.0,0.0,0.996555780951657,2154722.9968678323,0.0
1422120,0.0,0.0,0.996555780951657,2154699.543863769,0.0
1422180,0.0,0.0,0.996555780951657,2150092.667528523,0.0
1422240,0.0,0.0,0.996555780951657,2152970.335748351,0.0
1422300,0.0,0.0,0.996555780951657,2156539.0322044822,0.0
1422360,0.0,0.0,0.996555780951657,2155368.0676214863,0.0
1422420,0.0,0.0,0.996555780951657,2155660.6633841945,0.0
1422480,0.0,0.0,0.996555780951657,2148824.3407190274,0.0
1422540,0.0,0.0,0.996555780951657,2152464.515817754,0.0
1422600,0.0,0.0,0.996555780951657,2154725.5374342687,0.0
1422660,0.0,0.0,0.996555780951657,2156964.6967144315,0.0
1422720,0.0,0.0,0.996555780951657,2154735.7612707545,0.0
1422780,0.0,0.0,0.996555780951657,2153734.075492408,0.0
1422840,0.0,0.0,0.996555780951657,2151696.5632431735,0.0
1422900,0.0,0.0,0.996555780951657,2153442.0448361076,0.0
1422960,0.0,0.0,0.996555780951657,2155689.4876121776,0.0
1423020,0.0,0.0,0.996555780951657,2155943.343059575,0.0
1423080,0.0,0.0,0.996555780951657,2151331.4116509086,0.0
1423140,0.0,0.0,0.996555780951657,2152845.9118261645,0.0
1423200,0.0,0.0,0.996555780951657,2153269.7004012074,0.0
1423260,0.0,0.0,0.996555780951657,2154693.993152311,0.0
1423320,0.0,0.0,0.996555780951657,2157619.768278892,0.0
1423380,0.0,0.0,0.996555780951657,2154005.7397700087,0.0
1423440,0.0,0.0,0.996555780951657,2152679.5410389355,0.0
1423500,0.0,0.0,0.996555780951657,2152374.085439543,0.0
1423560,0.0,0.0,0.996555780951657,2154329.077622086,0.0
1423620,0.0,0.0,0.996555780951657,2155801.4919844363,0.0
1423680,0.0,0.0,0.996555780951657,2155663.1382096754,0.0
1423740,0.0,0.0,0.996555780951657,2150686.3502879357,0.0
1423800,0.0,0.0,0.996555780951657,2151416.255908357,0.0
1423860,0.0,0.0,0.996555780951657,2153515.012536355,0.0
1423920,0.0,0.0,0.996555780951657,2158355.362036724,0.0
1423980,0.0,0.0,0.996555780951657,2154044.4249648834,0.0
1424040,0.0,0.0,0.996555780951657,2154812.7315278384,0.0
1424100,0.0,0.0,0.996555780951657,2149880.926388494,0.0
1424160,0.0,0.0,0.996555780951657,2153048.456624687,0.0
1424220,0.0,0.0,0.996555780951657,2156752.0347830374,0.0
1424280,0.0,0.0,0.996555780951657,2155228.3643729324,0.0
1424340,0.0,0.0,0.996555780951657,2155771.48456612,0.0
1424400,0.0,0.0,0.996555780951657,2151800.78814413,0.0
1424460,0.0,0.0,0.996555780951657,2152347.2365718368,0.0
1424520,0.0,0.0,0.996555780951657,2154960.8384400066,0.0
1424580,0.0,0.0,0.996555780951657,2155873.708192316,0.0
1424640,0.0,0.0,0.996555780951657,2153685.7681224206,0.0
1424700,0.0,0.0,0.996555780951657,2153861.9637397835,0.0
1424760,0.0,0.0,0.996555780951657,2151000.288241159,0.0
1424820,0.0,0.0,0.996555780951657,2153656.630713382,0.0
1424880,0.0,0.0,0.996555780951657,2157249.2901310427,0.0
1424940,0.0,0.0,0.996555780951657,2154043.748794933,0.0
1425000,0.0,0.0,0.996555780951657,2154147.052290139,0.0
1425060,0.0,0.0,0.996555780951657,2151043.1777846836,0.0
1425120,0.0,0.0,0.996555780951657,2154482.6343842647,0.0
1425180,0.0,0.0,0.996555780951657,2154626.0108554265,0.0
1425240,0.0,0.0,0.996555780951657,2157909.463494764,0.0
1425300,0.0,0.0,0.996555780951657,2153890.1021585893,0.0
1425360,0.0,0.0,0.996555780951657,2152904.147245408,0.0
1425420,0.0,0.0,0.996555780951657,2152482.480749693,0.0
1425480,0.0,0.0,0.996555780951657,2154310.2917528804,0.0
1425540,0.0,0.0,0.996555780951657,2155627.115084926,0.0
1425600,0.0,0.0,0.996555780951657,2155640.1721711615,0.0
1425660,0.0,0.0,0.996555780951657,2150235.1304045003,0.0
1425720,0.0,0.0,0.996555780951657,2152476.281622987,0.0
1425780,0.0,0.0,0.996555780951657,2154760.9206800573,0.0
1425840,0.0,0.0,0.996555780951657,2155172.538335557,0.0
1425900,0.0,0.0,0.996555780951657,2157104.673151647,0.0
1425960,0.0,0.0,0.996555780951657,2153138.880814508,0.0
1426020,0.0,0.0,0.996555780951657,2152002.567946084,0.0
1426080,0.0,0.0,0.996555780951657,2153389.0777761443,0.0
1426140,0.0,0.0,0.996555780951657,2155126.791105817,0.0
1426200,0.0,0.0,0.996555780951657,2157166.1119377725,0.0
1426260,0.0,0.0,0.996555780951657,2152981.144790676,0.0
1426320,0.0,0.0,0.996555780951657,2153181.3957928726,0.0
1426380,0.0,0.0,0.996555780951657,2152707.114693876,0.0
1426440,0.0,0.0,0.996555780951657,2154812.8395861657,0.0
1426500,0.0,0.0,0.996555780951657,2155934.707535416,0.0
1426560,0.0,0.0,0.996555780951657,2153157.771008032,0.0
1426620,0.0,0.0,0.996555780951657,2154026.996490478,0.0
1426680,0.0,0.0,0.996555780951657,2151017.8142672777,0.0
1426740,0.0,0.0,0.996555780951657,2153678.4336581104,0.0
1426800,0.0,0.0,0.996555780951657,2157496.9942066544,0.0
1426860,0.0,0.0,0.996555780951657,2154957.818153927,0.0
1426920,0.0,0.0,0.996555780951657,2154490.8411745355,0.0
1426980,0.0,0.0,0.996555780951657,2151467.841269784,0.0
1427040,0.0,0.0,0.996555780951657,2153020.25147566,0.0
1427100,0.0,0.0,0.996555780951657,2155597.317819841,0.0
1427160,0.0,0.0,0.996555780951657,2156035.7644506223,0.0
1427220,0.0,0.0,0.996555780951657,2152464.044265498,0.0
1427280,0.0,0.0,0.996555780951657,2153036.671702087,0.0
1427340,0.0,0.0,0.996555780951657,2152305.7678952287,0.0
1427400,0.0,0.0,0.996555780951657,2155800.6978324354,0.0
1427460,0.0,0.0,0.996555780951657,2155513.6171175973,0.0
1427520,0.0,0.0,0.996555780951657,2155862.82010363,0.0
1427580,0.0,0.0,0.996555780951657,2149375.465346123,0.0
1427640,0.0,0.0,0.996555780951657,2152605.3276105365,0.0
1427700,0.0,0.0,0.996555780951657,2155102.3391457465,0.0
1427760,0.0,0.0,0.996555780951657,2155019.374065967,0.0
1427820,0.0,0.0,0.996555780951657,2157335.790783384,0.0
1427880,0.0,0.0,0.996555780951657,2153088.9530470925,0.0
1427940,0.0,0.0,0.996555780951657,2152125.582064428,0.0
1428000,0.0,0.0,0.996555780951657,2153512.7610257287,0.0
1428060,0.0,0.0,0.996555780951657,2155085.9417658085,0.0
1428120,0.0,0.0,0.996555780951657,2155129.1321330345,0.0
1428180,0.0,0.0,0.996555780951657,2155061.9664502814,0.0
1428240,0.0,0.0,0.996555780951657,2149903.207553295,0.0
1428300,0.0,0.0,0.996555780951657,2152705.651759657,0.0
1428360,0.0,0.0,0.996555780951657,2156026.1239113854,0.0
1428420,0.0,0.0,0.996555780951657,2155383.734820282,0.0
1428480,0.0,0.0,0.996555780951657,2156206.246564788,0.0
1428540,0.0,0.0,0.996555780951657,2148708.716358696,0.0
1428600,0.0,0.0,0.996555780951657,2152282.9813190144,0.0
1428660,0.0,0.0,0.996555780951657,2154179.93570048,0.0
1428720,0.0,0.0,0.996555780951657,2157271.7106739036,0.0
1428780,0.0,0.0,0.996555780951657,2154956.4589867787,0.0
1428840,0.0,0.0,0.996555780951657,2154381.345031985,0.0
1428900,0.0,0.0,0.996555780951657,2151509.2668523965,0.0
1428960,0.0,0.0,0.996555780951657,2153071.958502956,0.0
1429020,0.0,0.0,0.996555780951657,2155564.7707296168,0.0
1429080,0.0,0.0,0.996555780951657,2155976.99812803,0.0
1429140,0.0,0.0,0.996555780951657,2151963.7091858895,0.0
1429200,0.0,0.0,0.996555780951657,2153158.38685177,0.0
1429260,0.0,0.0,0.996555780951657,2152532.0721047674,0.0
1429320,0.0,0.0,0.996555780951657,2154402.9951659087,0.0
1429380,0.0,0.0,0.996555780951657,2157688.9003718663,0.0
1429440,0.0,0.0,0.996555780951657,2154370.72180553,0.0
1429500,0.0,0.0,0.996555780951657,2153173.595865673,0.0
1429560,0.0,0.0,0.996555780951657,2151962.5256492067,0.0
1429620,0.0,0.0,0.996555780951657,2153913.326582244,0.0
1429680,0.0,0.0,0.996555780951657,2155851.1242039045,0.0
1429740,0.0,0.0,0.996555780951657,2155860.046864732,0.0
1429800,0.0,0.0,0.996555780951657,2151300.2173312735,0.0
1429860,0.0,0.0,0.996555780951657,2150951.2664581873,0.0
1429920,0.0,0.0,0.996555780951657,2153184.0577330682,0.0
1429980,0.0,0.0,0.996555780951657,2158146.846580981,0.0
1430040,0.0,0.0,0.996555780951657,2154494.4397701407,0.0
1430100,0.0,0.0,0.996555780951657,2155150.2831135537,0.0
1430160,0.0,0.0,0.996555780951657,2149580.5678231665,0.0
1430220,0.0,0.0,0.996555780951657,2152828.790866302,0.0
1430280,0.0,0.0,0.996555780951657,2156254.663585392,0.0
1430340,0.0,0.0,0.996555780951657,2155253.918015768,0.0
1430400,0.0,0.0,0.996555780951657,2156304.9829200534,0.0
1430460,0.0,0.0,0.996555780951657,2152166.4378129495,0.0
1430520,0.0,0.0,0.996555780951657,2152145.3478756845,0.0
1430580,0.0,0.0,0.996555780951657,2154555.191068289,0.0
1430640,0.0,0.0,0.996555780951657,2155699.3965991694,0.0
1430700,0.0,0.0,0.996555780951657,2154225.6699717534,0.0
1430760,0.0,0.0,0.996555780951657,2154250.5759518505,0.0
1430820,0.0,0.0,0.996555780951657,2150513.7796450034,0.0
1430880,0.0,0.0,0.996555780951657,2153317.1476483834,0.0
1430940,0.0,0.0,0.996555780951657,2156956.7381408825,0.0
1431000,0.0,0.0,0.996555780951657,2154679.847041538,0.0
1431060,0.0,0.0,0.996555780951657,2154484.725642508,0.0
1431120,0.0,0.0,0.996555780951657,2151085.8980577174,0.0
1431180,0.0,0.0,0.996555780951657,2153667.496697702,0.0
1431240,0.0,0.0,0.996555780951657,2154357.928325911,0.0
1431300,0.0,0.0,0.996555780951657,2158012.5421029283,0.0
1431360,0.0,0.0,0.996555780951657,2154228.294805382,0.0
1431420,0.0,0.0,0.996555780951657,2153383.0589307416,0.0
1431480,0.0,0.0,0.996555780951657,2152077.6787689994,0.0
1431540,0.0,0.0,0.996555780951657,2153928.4052828387,0.0
1431600,0.0,0.0,0.996555780951657,2155724.784975352,0.0
1431660,0.0,0.0,0.996555780951657,2155814.998418451,0.0
1431720,0.0,0.0,0.996555780951657,2150736.80569495,0.0
1431780,0.0,0.0,0.996555780951657,2152544.1781113152,0.0
1431840,0.0,0.0,0.996555780951657,2154085.5274397284,0.0
1431900,0.0,0.0,0.996555780951657,2154992.179997275,0.0
1431960,0.0,0.0,0.996555780951657,2157376.7456317306,0.0
1432020,0.0,0.0,0.996555780951657,2153555.4565956215,0.0
1432080,0.0,0.0,0.996555780951657,2152221.779563317,0.0
1432140,0.0,0.0,0.996555780951657,2152898.635226936,0.0
1432200,0.0,0.0,0.996555780951657,2154782.015531122,0.0
1432260,0.0,0.0,0.996555780951657,2157617.3165309317,0.0
1432320,0.0,0.0,0.996555780951657,2153461.1012122766,0.0
1432380,0.0,0.0,0.996555780951657,2153588.991276892,0.0
1432440,0.0,0.0,0.996555780951657,2151830.1235217825,0.0
1432500,0.0,0.0,0.996555780951657,2154466.8392846314,0.0
1432560,0.0,0.0,0.996555780951657,2155763.682227874,0.0
1432620,0.0,0.0,0.996555780951657,2153735.9539926085,0.0
1432680,0.0,0.0,0.996555780951657,2154372.6854066653,0.0
1432740,0.0,0.0,0.996555780951657,2150490.327638278,0.0
1432800,0.0,0.0,0.996555780951657,2153375.3779855017,0.0
1432860,0.0,0.0,0.996555780951657,2157219.6642388073,0.0
1432920,0.0,0.0,0.996555780951657,2155128.457065833,0.0
1432980,0.0,0.0,0.996555780951657,2155061.969216146,0.0
1433040,0.0,0.0,0.996555780951657,2151495.2714184574,0.0
1433100,0.0,0.0,0.996555780951657,2152677.773019013,0.0
1433160,0.0,0.0,0.996555780951657,2155354.5777880917,0.0
1433220,0.0,0.0,0.996555780951657,2156008.9899691036,0.0
1433280,0.0,0.0,0.996555780951657,2153064.3584965714,0.0
1433340,0.0,0.0,0.996555780951657,2153384.069782894,0.0
1433400,0.0,0.0,0.996555780951657,2151675.315427159,0.0
1433460,0.0,0.0,0.996555780951657,2155417.432321407,0.0
1433520,0.0,0.0,0.996555780951657,2155391.1889412934,0.0
1433580,0.0,0.0,0.996555780951657,2156528.8588348343,0.0
1433640,0.0,0.0,0.996555780951657,2149788.98271385,0.0
1433700,0.0,0.0,0.996555780951657,2152692.575667594,0.0
1433760,0.0,0.0,0.996555780951657,2154400.0044731647,0.0
1433820,0.0,0.0,0.996555780951657,2154859.5882753236,0.0
1433880,0.0,0.0,0.996555780951657,2157600.232419364,0.0
1433940,0.0,0.0,0.996555780951657,2153479.9789898475,0.0
1434000,0.0,0.0,0.996555780951657,2152332.4050072026,0.0
1434060,0.0,0.0,0.996555780951657,2153036.814186271,0.0
1434120,0.0,0.0,0.996555780951657,2154763.846896042,0.0
1434180,0.0,0.0,0.996555780951657,2155425.5677454965,0.0
1434240,0.0,0.0,0.996555780951657,2155347.058898648,0.0
1434300,0.0,0.0,0.996555780951657,2149944.646653003,0.0
1434360,0.0,0.0,0.996555780951657,2152530.966942653,0.0
1434420,0.0,0.0,0.996555780951657,2155476.044821746,0.0
1434480,0.0,0.0,0.996555780951657,2155338.052137678,0.0
1434540,0.0,0.0,0.996555780951657,2156635.354587703,0.0
1434600,0.0,0.0,0.996555780951657,2152642.244215806,0.0
1434660,0.0,0.0,0.996555780951657,2151923.264120792,0.0
1434720,0.0,0.0,0.996555780951657,2155573.60071095,0.0
1434780,0.0,0.0,0.996555780951657,2155157.4378089756,0.0
1434840,0.0,0.0,0.996555780951657,2156718.1633850643,0.0
1434900,0.0,0.0,0.996555780951657,2150226.5144072017,0.0
1434960,0.0,0.0,0.996555780951657,2151709.0111148413,0.0
1435020,0.0,0.0,0.996555780951657,2152699.6104949536,0.0
1435080,0.0,0.0,0.996555780951657,2155344.2642882797,0.0
1435140,0.0,0.0,0.996555780951657,2155894.0935905688,0.0
1435200,0.0,0.0,0.996555780951657,2152657.6119234045,0.0
1435260,0.0,0.0,0.996555780951657,2153528.1438614163,0.0
1435320,0.0,0.0,0.996555780951657,2151798.1033280464,0.0
1435380,0.0,0.0,0.996555780951657,2154070.6018635347,0.0
1435440,0.0,0.0,0.996555780951657,2157646.064158475,0.0
1435500,0.0,0.0,0.996555780951657,2154693.130801507,0.0
1435560,0.0,0.0,0.996555780951657,2153757.1059053233,0.0
1435620,0.0,0.0,0.996555780951657,2151642.191753947,0.0
1435680,0.0,0.0,0.996555780951657,2153480.5306123933,0.0
1435740,0.0,0.0,0.996555780951657,2155792.6014600913,0.0
1435800,0.0,0.0,0.996555780951657,2155990.680797556,0.0
1435860,0.0,0.0,0.996555780951657,2152053.302339321,0.0
1435920,0.0,0.0,0.996555780951657,2150627.8078345275,0.0
1435980,0.0,0.0,0.996555780951657,2152882.852951162,0.0
1436040,0.0,0.0,0.996555780951657,2157797.610660053,0.0
1436100,0.0,0.0,0.996555780951657,2154861.324922033,0.0
1436160,0.0,0.0,0.996555780951657,2155455.4205539804,0.0
1436220,0.0,0.0,0.996555780951657,2149476.7998030004,0.0
1436280,0.0,0.0,0.996555780951657,2152682.545137328,0.0
1436340,0.0,0.0,0.996555780951657,2155663.09455289,0.0
1436400,0.0,0.0,0.996555780951657,2155208.3807516927,0.0
1436460,0.0,0.0,0.996555780951657,2156794.498647367,0.0
1436520,0.0,0.0,0.996555780951657,2152578.18427413,0.0
1436580,0.0,0.0,0.996555780951657,2152047.9653811445,0.0
1436640,0.0,0.0,0.996555780951657,2154087.8680091333,0.0
1436700,0.0,0.0,0.996555780951657,2155457.3357419823,0.0
1436760,0.0,0.0,0.996555780951657,2154709.5416195584,0.0
1436820,0.0,0.0,0.996555780951657,2154637.1349140652,0.0
1436880,0.0,0.0,0.996555780951657,2150147.9160380657,0.0
1436940,0.0,0.0,0.996555780951657,2152996.4661237714,0.0
1437000,0.0,0.0,0.996555780951657,2156561.213893322,0.0
1437060,0.0,0.0,0.996555780951657,2155381.341041186,0.0
1437120,0.0,0.0,0.996555780951657,2155575.9585365593,0.0
1437180,0.0,0.0,0.996555780951657,2148906.5282737,0.0
1437240,0.0,0.0,0.996555780951657,2152475.480596749,0.0
1437300,0.0,0.0,0.996555780951657,2154776.462881868,0.0
1437360,0.0,0.0,0.996555780951657,2156934.6114806673,0.0
1437420,0.0,0.0,0.996555780951657,2154726.0864574625,0.0
1437480,0.0,0.0,0.996555780951657,2153652.871548737,0.0
1437540,0.0,0.0,0.996555780951657,2151709.8413571073,0.0
1437600,0.0,0.0,0.996555780951657,2153475.4033852466,0.0
1437660,0.0,0.0,0.996555780951657,2155708.5372736747,0.0
1437720,0.0,0.0,0.996555780951657,2155944.028734721,0.0
1437780,0.0,0.0,0.996555780951657,2151341.383160875,0.0
1437840,0.0,0.0,0.996555780951657,2152800.7588252863,0.0
1437900,0.0,0.0,0.996555780951657,2153303.509742158,0.0
1437960,0.0,0.0,0.996555780951657,2154721.9128469634,0.0
1438020,0.0,0.0,0.996555780951657,2157587.2639445565,0.0
1438080,0.0,0.0,0.996555780951657,2153992.423593645,0.0
1438140,0.0,0.0,0.996555780951657,2152638.3917427957,0.0
1438200,0.0,0.0,0.996555780951657,2152388.202242304,0.0
1438260,0.0,0.0,0.996555780951657,2154354.76886017,0.0
1438320,0.0,0.0,0.996555780951657,2157992.8195327846,0.0
1438380,0.0,0.0,0.996555780951657,2153935.967979676,0.0
1438440,0.0,0.0,0.996555780951657,2154094.5698087686,0.0
1438500,0.0,0.0,0.996555780951657,2150904.5049220854,0.0
1438560,0.0,0.0,0.996555780951657,2154023.815690591,0.0
1438620,0.0,0.0,0.996555780951657,2155501.13006361,0.0
1438680,0.0,0.0,0.996555780951657,2154287.3061091653,0.0
1438740,0.0,0.0,0.996555780951657,2154745.5797839263,0.0
1438800,0.0,0.0,0.996555780951657,2150033.3983261236,0.0
1438860,0.0,0.0,0.996555780951657,2153071.6430964423,0.0
1438920,0.0,0.0,0.996555780951657,2156819.5112376944,0.0
1438980,0.0,0.0,0.996555780951657,2155235.876362655,0.0
1439040,0.0,0.0,0.996555780951657,2155679.1820585504,0.0
1439100,0.0,0.0,0.996555780951657,2151757.8873666907,0.0
1439160,0.0,0.0,0.996555780951657,2152365.555535825,0.0
1439220,0.0,0.0,0.996555780951657,2155003.0150639513,0.0
1439280,0.0,0.0,0.996555780951657,2155902.095582741,0.0
1439340,0.0,0.0,0.996555780951657,2153672.9089759053,0.0
1439400,0.0,0.0,0.996555780951657,2153797.3757169875,0.0
1439460,0.0,0.0,0.996555780951657,2151058.300821608,0.0
1439520,0.0,0.0,0.996555780951657,2154909.0828365823,0.0
1439580,0.0,0.0,0.996555780951657,2155193.3328206525,0.0
1439640,0.0,0.0,0.996555780951657,2157183.6838470288,0.0
1439700,0.0,0.0,0.996555780951657,2150374.9824379114,0.0
1439760,0.0,0.0,0.996555780951657,2152930.5397167476,0.0
1439820,0.0,0.0,0.996555780951657,2153612.392989095,0.0
1439880,0.0,0.0,0.996555780951657,2154632.107065748,0.0
1439940,0.0,0.0,0.996555780951657,2157796.069142919,0.0
